Estimate	Est.Error	Q2.5	Q97.5
abar1238	-0.31126228	2.68647298277914	-6.02540025	4.705757
abkh1244	-0.185181081031835	2.8681106889664	-5.8800065	5.60414125
abun1252	-0.879910658518	2.80181968317357	-6.54763425	4.3998035
acha1249	-0.165979369965	2.79269314694373	-5.72342925	5.13508475
achi1257	-1.077500356017	2.40915885398286	-6.2265585	3.1288665
acol1236	0.129343760295	2.67067060636416	-4.9820455	5.486602
adze1240	-2.648465697763	2.57021236494503	-8.02089675	1.73404275
aeky1238	-0.7742923349525	2.76474924638997	-6.54213525	4.57377825
afar1241	-0.524286708025	2.73190155413288	-6.03773975	4.534975
aghe1239	-0.3179322749715	2.71274795510547	-5.8744515	4.57276549999999
aghu1255	-0.5130636292665	2.90632881609777	-7.05361275	4.93348
agob1244	-0.690920453415	2.79225041346234	-6.703237	4.7818995
agua1253	-0.4567687028535	2.79059156094467	-6.5123635	4.89868149999999
aheu1239	-0.46105480103	2.67746606809578	-6.18205975	4.587148
aime1238	-0.92907949984	2.77291563614633	-6.90196925	4.30831425
ainu1240	-0.115220543105	2.97035188703974	-5.91878375	6.00722624999999
ajab1235	-0.0505119969	2.7012569354846	-5.45428475	5.40649075
ajie1238	2.579951699402	1.71305811298964	-0.638289525	6.10373675
akoo1248	-0.209400982741	2.88650315401624	-6.06203	5.518634
akun1241	-0.32697353123995	2.66330063668326	-5.75717325	4.7228215
alab1237	-0.432692152925	2.67496165551044	-5.770539	4.702584
alab1254	-0.65874381062435	2.60741981730722	-6.01785025	4.30392274999999
alac1244	0.808837999445	2.17297151458204	-3.48037075	5.33352124999999
alag1248	-0.2676598824136	2.62695875595659	-5.7002195	4.7879895
aleu1260	-0.5288195685305	2.5448518300169	-5.90167925	4.250089
alor1247	-1.155828311245	2.58439065268918	-6.85879975	3.5620205
aluk1238	-0.1072796758635	2.87394401214728	-6.20659125	5.64843
amap1240	-1.176534222885	2.81537043991011	-7.6718365	3.9582435
amdo1237	-0.023990138455	2.92876204361185	-6.1871285	5.87848349999999
anei1239	-2.004594660145	2.46210487621769	-7.504552	2.51737775
anta1255	-1.0154992003	2.52987589726828	-6.66607975	3.59642575
anuf1239	-0.163078916635	2.90141930700401	-6.19331325	5.87351475
anuu1241	-0.057177232465	2.95326835388335	-6.065099	5.93059174999999
aona1235	-0.0722380514025	2.78854379420746	-5.75799925	5.47333675
apat1240	-0.014521877035	2.88208352126903	-5.69215525	5.99529949999999
apin1244	-0.471957227235	2.72271791451948	-6.11974525	4.83212899999999
apma1240	-3.78106446006	2.50887840865681	-9.39864625	0.237186699999996
arak1252	-3.419987544975	2.40259776960309	-8.74163	0.520696849999999
arao1248	0.09153629788	2.72606324673095	-5.60278075	5.30586375
arap1274	-1.39794998232525	2.52489645672511	-6.7069495	3.07773725
area1240	-0.986937669275	1.93288999308145	-5.14444	2.6761855
argo1244	-0.659943446495	2.75958441625669	-6.83708875	4.4721155
arom1237	-0.402007739515	2.70446365731781	-6.18220475	4.61519725
arop1242	-1.615749560125	2.57650580895652	-7.54615025	2.7011525
arop1243	-2.446076255844	2.58842558763098	-8.217865	1.993661
arta1239	3.906034723185	2.49208069366888	-0.321493675	9.569896
ashe1272	3.074470212195	2.61361304731303	-1.317537	8.987436
assi1247	-1.098190937951	2.54765393638005	-6.440052	3.538383
asut1235	-0.1677344051649	2.87606010956705	-6.02936625	5.7949945
atam1240	2.89889789089	2.65310186707054	-1.609571	8.40805475
athp1241	-0.321011552385	2.89376131705672	-6.75351525	5.1435475
aton1241	-0.172152992482	2.8238404781961	-5.78521675	5.84990275
aulu1238	-3.93692855835	2.40145003030913	-9.3497795	0.0252720549999989
auye1238	-0.7529019645645	2.71076699147535	-6.178369	4.429762
awad1243	-0.2016517448	2.77748075529269	-6.035906	5.150513
awad1244	-2.6871238135995	2.61914149436937	-8.5018295	1.756804
awar1248	-2.754305615248	2.67562374447001	-8.45856675	1.75309825
awet1244	-0.730294992715	2.64864395033992	-6.7769845	4.3123935
awji1241	2.257337706	2.6285481233698	-2.3278045	7.8101635
awtu1239	-1.4776915961659	2.60694281052151	-7.30555775	2.98867149999999
axam1237	-3.8528211029	2.3977879940083	-9.33315825	0.0248172249999992
axiy1235	-0.1794424465115	2.88884422776648	-5.982639	5.54932974999999
azha1235	-0.21902464308	2.7913987256103	-5.76925825	5.43816175
baba1266	-0.350995206524	2.68133434973191	-5.9737935	4.7258115
baba1268	1.0922909704215	2.20049092214529	-3.43843925	5.41080775
babi1235	0.522035260605	2.61216739510723	-4.54852075	5.85665574999999
bafi1243	-0.329900300576	2.95176526540579	-6.441525	5.9545705
bafu1246	-0.354142686933	2.69073374593494	-5.958958	4.671182
bahi1252	-0.360786375095	2.8185344175832	-6.40439825	5.10593499999999
baim1244	-0.0011830801445	2.90447970524944	-5.941936	5.88272325
baki1244	-3.636940644695	2.42145368299497	-9.00349225	0.328414974999995
bala1311	3.20757031077	2.5786626264057	-1.0489305	9.1817505
bala1315	-1.228235628755	2.41365966257864	-6.49164225	3.2340095
bala1316	4.060071598005	2.51519853235211	-0.195937375	9.67845475
balu1257	-1.93289583273	2.31504592898899	-7.12285575	2.0818415
bamu1253	-0.3580801776	2.77527153097352	-5.97171675	5.29426925
band1344	-0.06487267849	2.90543294613941	-6.04106775	5.415245
bant1288	2.6214174155735	2.54878106049264	-1.44670425	8.62926424999999
bara1369	2.91244960602	2.56662211555563	-1.37588	8.42415575
bari1286	-2.10384617207	2.66035793554925	-7.969138	2.34983825
baro1253	-1.186856369404	2.15624880331507	-5.699786	2.59653625
bata1289	2.6493779690025	2.31592360674399	-1.24410975	7.95496474999999
bebe1248	-0.248910144775	2.9220852364118	-6.2573335	5.31392725
beka1241	-1.2941274303725	2.56394842227541	-6.7987875	3.28196974999999
bela1254	-0.2545004398398	2.83262795832886	-6.38015125	5.51822325
belh1239	-0.317981345575	2.87461868023216	-6.735618	5.351445
bell1243	1.4002564666338	2.52806013871718	-3.054761	7.12567475
bemb1257	0.009022826715	2.76136759644806	-5.53670575	5.58716125
bhoj1244	-0.355724704615	2.84757596755114	-6.26419325	5.06589224999999
bian1252	-2.560274279556	2.62376426547631	-8.49748425	1.853121
biao1253	-0.005116892565	2.76845222797767	-5.40603225	5.46201825
biao1254	0.012600655535	2.88553081132668	-5.82239425	5.5409315
biao1256	-0.025517028635	2.90028589513466	-5.79956975	5.56352825
bier1244	-3.6821428316	2.41529359866005	-9.15019925	0.221439624999992
bign1238	-3.74254862555	2.4153699499801	-9.19826925	0.161816075
biha1246	-0.801253294725	2.67846054998792	-6.61981375	4.05878399999999
bini1246	4.997344442895	3.2195741205089	-0.274752725	12.0555625
bisu1244	-0.256380867035	2.84456598108457	-6.143926	5.32441075
bitt1240	-0.360008276515	2.79217384516811	-6.1239585	5.045118
biwa1243	-1.495285909125	2.81144780468146	-7.40982625	3.6813275
boht1238	-0.6557125461865	2.60533321011989	-6.38049	4.3210785
bola1250	-1.904986374285	2.52997089984695	-7.6847835	2.29161325
boly1239	-0.1057802841795	2.79731476609968	-5.52178975	5.5233865
boro1277	-0.18528598544	2.86910181938635	-6.11237375	5.44121775
boro1282	-0.049994182565	2.67658963962839	-5.36569375	4.94920825
boto1242	3.046594702215	2.57292344689936	-1.35071975	9.05846025
boun1243	-0.13568517579	2.90557940967623	-6.27535125	5.62039174999999
bret1244	3.792979662635	2.80462215347362	-0.9237052	9.9348135
budu1265	-1.2764897543385	2.63504308384292	-7.444519	3.5441915
buga1247	-0.218549004015	2.76495097176912	-5.81902475	5.36146125
buga1250	-2.688768167	2.64326416164036	-8.56870825	1.749748
bugi1244	-0.76628015977	2.47030570884967	-6.21447	3.89652575
bujh1238	-0.332854200245	2.89672136794004	-6.23857925	5.28883699999999
bull1247	-0.09226665005	2.99671021739692	-6.2433155	5.79243749999998
bulo1242	-0.5078405332645	2.74682461059226	-6.345354	4.86383675
bumt1240	-0.076767821002	2.83321259537043	-5.6368065	5.76276175
buna1276	-1.155874505615	2.35562671342977	-6.15826375	3.01331475
bund1253	-0.17569255898	2.8543514078007	-6.14113875	5.2202595
buol1237	-1.9242510656275	2.24443315498915	-6.93837425	2.14219975
bure1242	-0.678414520165	2.44789802677359	-5.85007675	3.78061575
burj1242	-0.6502348054415	2.66026609589192	-6.305127	4.22131225
busa1253	-0.395278336842	2.83726515837117	-6.40866425	5.16289225
bush1247	-0.0325273180605	2.79359866136221	-5.848968	5.677459
buwa1243	-2.020433865345	2.67889461881734	-7.79773825	2.62510025
bwai1242	-1.120466851565	2.17666479289651	-5.714501	2.7129615
bwat1240	3.11870056261	1.99283803761867	-0.40618615	7.5772895
byan1241	0.032182071585	2.96125625212291	-6.1138435	5.62625849999999
caac1237	3.99440081735	2.43042114741014	-0.1159121	9.38133974999998
cacu1241	-1.00956902461115	2.55538086896585	-6.534339	3.74708175
cahu1264	-0.744190544775	2.63611686330131	-6.21942175	4.27211425
cakf1236	0.9776982744815	2.19167165172959	-3.26420625	5.50189575
caml1239	-0.34931232061	2.88093915423648	-6.36676125	5.12560099999999
camp1261	-0.21103587592	2.79971860113755	-6.22123175	5.02419475
cane1242	-0.426776389255	2.71707610625881	-6.22123325	4.61232675
caom1238	-0.048662706056	2.78315247272076	-5.715322	5.45779999999999
capa1241	-0.56380549502	2.69803416115405	-6.27932	4.685675
carn1240	5.0907613969	3.21989552881848	-0.164583825	12.06975
caro1242	-0.0104056350675	2.44432971188231	-5.3107125	4.46414649999999
cash1251	-0.033621836041	2.68857643975241	-5.6797	5.53547
casi1235	3.672070781982	2.55344660502383	-0.60171905	9.7214885
cemu1238	3.399085183225	2.07319229409607	-0.1749982	7.77486775
cent1992	-0.712530077509	2.71527569457349	-6.6643535	4.282737
cent2084	2.627288320755	2.43016482624564	-1.413441	8.0825935
cent2100	3.6198030095	2.4838795864856	-0.401276775	9.07401324999999
cent2127	-0.56398181183245	2.80784546028932	-6.844554	4.413893
cent2131	0.194536192055	2.3768035572303	-4.51645775	4.88875999999999
cent2140	-1.09934222865205	2.67209511595617	-6.8073055	3.891296
cent2292	1.440895103399	1.75455611290564	-1.88233825	5.23265925
cent2314	-0.21982683234	2.71559883318231	-5.7623475	5.01509199999999
chak1270	-0.031778405145	2.91890138742997	-5.8249555	5.80888749999999
chak1271	-0.2018353521137	2.87616026077735	-6.18014875	5.40170124999999
cham1312	2.32883316213	2.47477702441024	-1.70284875	8.17410125
cham1315	0.953802927553	2.5463678973617	-4.01211075	6.43025225
chan1313	-0.04863755686	2.81124014385589	-5.63700975	5.7481295
char1269	-0.360695877625	2.91322643800395	-6.46696725	5.25181724999999
chas1234	-0.129703414495	2.83528805333571	-5.900248	5.62700999999999
chek1238	1.1675513809045	1.90961867898176	-2.49980075	4.94133925
chen1255	-0.0763264869465	2.87209403133463	-5.90811225	5.5843135
chep1245	-0.33785239108045	2.78427939073238	-6.2064195	5.01444275
cher1273	-0.40777135225	2.56635176796179	-5.6885515	4.47610475
chey1247	-1.659764725155	2.4893387913108	-6.93348925	2.72368
chic1270	-0.78610805894	2.85674757872567	-6.59558475	4.5830395
chil1280	0.53237040339	2.63862977238169	-4.7204045	6.07117899999999
chip1241	2.1937121351345	2.47319959007459	-2.06316425	7.53671424999999
chip1261	-0.3132475225041	2.74410113137033	-6.0309185	4.73548449999999
choc1276	-0.597275743645	2.80184974952365	-6.49915925	4.59363049999999
chon1284	-0.254450975145	2.8144448308242	-6.00952775	5.051742
chot1239	-0.082171000809	2.97049458238296	-6.130958	5.77889049999999
chug1252	-0.057998639092	2.94532289166197	-5.958951	6.01428
chuk1273	-0.354512755365	2.87356680756879	-6.27207825	4.92406625
chuv1255	-0.14531637748535	2.78483166859051	-5.925004	5.418853
chuw1238	-0.04421048454	3.01085418792831	-6.11754475	6.22933849999999
cici1237	-0.28101740482	2.80277167439969	-5.9669235	5.264932
coat1243	3.42575952251	2.77648380576346	-1.21002675	9.285368
coca1259	-0.472684958891	2.6593498882188	-6.09252625	4.71502625
coeu1236	1.458005819895	2.56106056564349	-2.9165035	6.9088005
colu1241	0.8108594763069	2.4462236474326	-3.676775	5.9208935
coma1245	-0.489874925449	2.66930840059141	-6.40299225	4.424593
como1259	1.9952680838535	2.72174264255118	-2.870291	8.03837874999999
cosa1234	-0.333581329625	2.78181873938496	-5.873533	5.2835415
cota1241	3.89252964607	2.57723611524864	-0.323169075	9.71020975
cree1270	-0.549562381045	2.67301635432592	-6.2613195	4.4937315
crim1257	-0.073567283585	2.87664812305716	-5.818966	5.76682649999997
crow1244	-1.649494506973	2.52385527628363	-7.2321865	2.765496
cube1242	-0.80590817841	2.61748083303842	-6.7054695	4.197866
culi1244	-0.615058494247	2.68655243619235	-6.3236305	4.50713724999999
czec1258	-0.169394218325	2.78813384996621	-5.90270275	5.08093874999998
daai1236	-0.037684405724	2.9742717053901	-6.251089	6.1685715
daas1238	-0.63593373487	2.5988116699737	-6.17763675	4.18625625
dadi1250	-1.470881318795	2.69672861950747	-7.14371375	3.57504125
dagb1246	-0.179282101478	2.93052811925515	-6.30962625	5.59564424999998
daka1243	-3.97328244441	2.40355981510871	-9.5191135	0.0275923349999979
damp1237	-1.766472652085	2.39989091817368	-7.1812135	2.38421425
dana1252	-0.212736807345	2.89582681403801	-6.29093425	5.55265049999999
dani1285	-0.2933592800165	2.82759326527221	-6.03625775	5.12480675
daza1242	-0.46104078418	2.75918171924103	-6.0392845	4.97869225
dege1246	0.720568371783	2.71796889417931	-4.42156625	6.233401
desa1247	-1.0008110098365	2.59990031000376	-6.282111	3.67709524999999
dhao1237	0.41726263970335	2.21028228209057	-4.1664295	4.6505095
dhim1246	-0.1487631809985	2.84894766665838	-6.15954575	5.66558249999999
digo1243	-0.1246511093515	2.97553747688055	-6.1026375	6.03899025
dima1251	-0.067701355445	2.84585420948489	-5.92071425	5.824326
djam1255	-0.348910124305	2.74325201724746	-5.72331075	4.991195
djee1236	-0.458397763725	2.81834939089936	-6.3806905	4.71471474999999
djin1251	-0.2293256872	2.80178532472462	-6.002379	5.404732
dobe1238	-1.21703809478	2.51124208524595	-7.01063275	3.02748025
dobu1241	-0.882270122315	2.12501489549583	-5.239709	3.03292525
doro1266	-2.133920918835	2.60768151449974	-8.064381	2.4095775
drun1238	-0.104271943915	2.8774707301882	-6.1563635	5.70026524999999
dual1243	-0.23725016585	2.72008281380378	-5.97519525	5.10335024999999
dumi1241	-0.3380703036505	2.90512885869788	-6.527753	5.214079
dutc1256	-0.2287436014145	2.65525200508251	-5.6865715	4.68555
dyul1238	-0.46789798514	2.7474901121922	-6.3652565	4.90862475
dzao1238	0.030840818917305	2.9730112050913	-6.06820725	5.90001125
dzon1239	-0.08689490925	2.86086221288083	-5.70854525	5.59588925
east2328	-0.141757373591	2.78473889457808	-5.7488335	5.47075225
east2332	-0.4120160663585	2.83130762993113	-6.25274125	5.23661924999999
east2443	-3.57572951175	2.58688141608435	-9.578778	0.755667699999999
east2447	-1.48642080838	2.27685307654851	-6.5897655	2.58238525
east2516	-1.37409869625	2.70927644129954	-7.35455075	3.50789975
east2555	-0.046546208661	2.68603872593946	-5.448257	5.211573
east2690	3.813413454801	2.75063542338543	-0.7935875	10.22209
east2773	-0.346978415133	2.89751290289115	-6.4910655	5.5170135
egaa1242	-0.10676611541	2.86069927177046	-5.927831	5.39224224999999
eipo1242	-0.638413965905	2.8968471280272	-7.07146625	4.6428685
ekar1243	-0.793437985243	2.67079133615525	-6.13132675	4.37335349999999
elna1235	3.0691970656	2.37064677401564	-0.9870779	8.36565299999999
emai1241	2.975520503385	2.65497776847778	-1.5310835	8.7958335
enuu1235	-0.213477241355	2.90322693725301	-6.14768525	5.44523674999999
ersu1241	-0.108688517035	2.96678244626954	-6.07538025	5.8950785
erzy1239	-0.11629108267	2.81177514747863	-6.05525675	5.270432
esto1258	-0.163832447375	2.79629147265218	-5.9398595	5.29298425
even1259	-0.178954804575	2.76092025939243	-5.94529	5.2828215
even1260	-0.24321783736	2.77800804972084	-6.035165	5.02577349999998
fala1243	-0.1295973039485	2.93506404579488	-6.03330975	5.615591
fare1241	-0.0869173467705	2.86786982333102	-5.8570555	5.47137774999999
faro1244	-0.10863709294	2.75343825687886	-5.6434155	5.1039555
fass1245	-1.4027632136	2.64274855866332	-7.4488545	3.36357225
fiji1243	-0.337397622265	2.08071129122339	-4.645764	3.62989875
fili1244	2.4078135653225	2.64995620728562	-1.93165025	8.36876699999999
fina1242	2.088886955045	1.83867875709201	-1.3995505	5.94531075
finn1318	-0.018755960855	2.95604725030895	-5.96246825	5.92375675
fonn1241	-0.0622458563945	2.67791408866694	-5.35173475	5.33436175
fore1265	-0.11652805027	2.92446153051971	-6.09743625	5.5783765
fuln1247	-0.5938004310955	2.56866424824487	-5.8734275	4.34238525
furr1244	-0.332601786965	2.8359201459831	-6.09614225	5.53304075
futu1245	-2.634384750205	2.40506834518542	-8.18301175	1.560748
fuyu1242	-2.163214890472	2.63444242080442	-7.8659905	2.36628725
gada1258	2.42452039643	2.10596745957894	-1.29221175	6.99296574999999
gaga1249	-0.026747263755	2.95190826313042	-6.1836675	5.81654075
gahr1239	0.03877917109	2.88793150780644	-6.0509575	5.87344049999999
gali1258	-0.227031876523	2.7565390116813	-5.884366	4.84276025
gali1262	-0.4531033866	2.84493298379159	-6.424182	4.87061375
galo1242	0.09452651593	2.98302734283813	-5.7700455	6.16725124999999
gami1243	-0.2881812550055	2.883915571133	-6.41784425	5.45227975
gamo1243	-0.6760391300295	2.76712752826112	-6.609881	4.55287149999999
gang1266	-0.062474074195	2.95175083750764	-6.03794325	5.9063385
gant1244	-1.803703403043	2.77141339397925	-8.2245005	3.24825049999999
gapa1238	-1.57423355934	2.40651527146818	-6.88706825	2.58318274999999
gayo1244	-1.0640090412835	2.4277001003879	-6.397992	3.49521425
geba1237	-0.131412428615	2.85047970421184	-6.19765225	5.44049225
gebe1237	-1.1165202368365	2.47565943337656	-6.5341905	3.2920235
geda1237	-2.38814531421	2.57801485380048	-7.9564435	1.885736
gela1263	1.3543716476075	1.8405631586182	-1.97955775	5.05341825
ghan1242	3.188108981325	2.33799655699881	-0.78003595	8.59298725
gheg1238	-0.3596833299963	2.7425074408808	-5.89149825	4.90244025
gilb1244	-0.62889915717	2.62638670577738	-6.51027875	4.07964924999999
gily1242	-0.19005400439	3.03960802187031	-6.35459975	5.49977249999999
gogo1265	-0.732950643375	2.92089978323798	-6.636211	4.7887515
gola1255	0.00220226469	3.01140412655634	-5.867255	6.12132975
guan1266	-0.1211346754035	3.00712791039411	-6.51057375	5.83194575
guat1253	2.884326057555	2.72061441389522	-1.9417435	8.842565
gube1234	-0.1079856833625	2.66873812587923	-5.41086575	5.5063575
gude1246	-1.741900778045	2.63841800501292	-7.64863825	2.9581185
guhu1244	-2.26680279361	2.61989824306574	-8.15369275	2.28170325
guiq1238	-0.134598575962	2.99585228219833	-6.37974125	5.67230975
guma1254	-0.165481806685	1.98184190754876	-4.42753175	3.65056875
gunw1252	-0.4519957801825	2.71282479640736	-6.0867785	4.85211475
guny1241	-0.32390394002	2.73111135986167	-6.04003425	5.03764125
guru1271	0.104589961623	2.35212392182316	-4.48014825	4.65218675
gusi1247	-0.253335072828	2.82133474052484	-6.07299075	5.18933775
gyel1242	-0.068653460695	2.91082920054086	-5.9071775	5.981474
haaa1252	-0.12023073569	2.93662164927005	-6.1908355	5.71391325
hadi1240	-0.630370275058	2.65839306051434	-6.207862	4.38960175
haka1240	-0.04185570294	3.01824321123059	-6.2620415	6.37776024999999
hala1252	-0.62646891011	2.81866244393709	-6.793864	4.79381499999999
halh1238	-0.21576472058045	2.76835493964747	-6.0489695	5.07766575
hali1244	-1.86598318621	2.45500678831938	-7.327708	2.31521725
halk1245	1.877605432052	2.59890303682759	-2.8047175	7.69780324999999
hame1242	-0.86119876277	2.77057899586704	-6.627472	4.37392424999999
hang1263	-1.451133053855	2.78823178429342	-7.549829	3.53823975
hani1248	-0.2671593831715	2.80715583839987	-5.98800425	5.385592
hano1246	-3.57070973726	2.56972179923328	-9.39540475	0.52900465
haro1237	-0.7338667458	2.64069007997775	-6.46016975	4.302199
haru1245	-1.5877652149995	2.83328877883034	-7.96705975	3.56850224999999
hela1238	-0.3187205725105	2.83519848219094	-6.1716575	5.19890575
here1253	-0.0188758584595	2.85315455067055	-5.614743	5.653988
high1276	1.7942472252223	2.14053135677154	-2.35332625	6.31627875
hind1269	-0.1979940093805	2.7262003379843	-5.723736	4.85747524999999
hixk1239	-0.325400146715	2.68295501967367	-5.667832	4.97994775
hoaa1235	-0.39029313283	2.85022305895994	-6.3956515	5.1583395
hoav1238	4.31550231765	2.33677280282271	0.157661025	9.6154195
honi1244	-0.19757271325	2.9294324360202	-5.920751	5.52300325
hopi1249	-0.80229037323	2.63216968921881	-6.4706555	4.151986
horp1239	-0.12714148748305	3.035597894419	-6.363495	5.75310925
hote1245	-2.665926050985	2.53794669831527	-8.296483	1.60435225
hual1241	0.520776831275	2.6340399702712	-5.082999	5.68023575
huam1247	-0.5093208414	2.72369462405192	-6.2441175	4.68246925
huar1255	-0.2315904576405	2.58478998869545	-5.614432	4.86565199999999
huas1242	-1.62857204704	2.37384582733914	-6.927945	2.851902
huic1243	1.39933244551	2.17792656703979	-2.70654075	5.86487574999999
hula1244	-0.313098035815	2.68572098032731	-6.17477725	4.74260575
huli1244	-1.1320215711	2.89815302994611	-7.56433025	4.22593775
hung1274	0.0352175995	2.8547587910548	-5.678349	5.67414625
hung1275	-0.41005410292	2.72328595512407	-6.1512135	4.8499135
huuu1240	-0.305472899187	2.70733318710176	-5.62115675	5.0635375
iaai1238	3.355654471175	2.30574543027454	-0.3965677	8.52334975
iatm1242	-1.381943390125	2.78681706907231	-7.621694	3.70155349999999
ibal1244	3.53880569316	2.3210824669869	-0.3885198	8.67382875
iban1267	2.894373988269	2.41685037717679	-1.2622705	8.399489
ibat1238	2.433541254443	2.40874780155214	-1.6074735	8.0315505
icel1247	-0.12998443886	2.88100847254188	-6.28395725	5.57682975
idii1243	-0.797510791055	2.86757972666165	-7.20454575	4.5727265
idom1241	0.5296489419175	2.74456794999246	-5.01516925	5.90268425
iliu1237	-1.50085286435	2.5937966243102	-7.052497	3.14380375
imba1240	-0.2744864066972	2.80057520784611	-6.065898	5.43803875
ingr1248	-0.01284425903	2.90365000040397	-5.85359275	6.03813524999999
irar1238	-1.424961093861	2.42293405167796	-7.020498	2.750447
iris1253	0.24847895214	2.66714689584371	-5.45747	5.58216725
isco1239	-0.433063984948	2.71684401159708	-6.34243225	4.92312824999999
isin1239	3.9886390787	2.44405728896519	-0.13903505	9.50884049999999
isth1240	1.119563347677	2.01265001881811	-2.904973	5.16415325
ital1282	-0.19913263943	2.77911145071184	-5.95343175	5.2918805
iton1250	3.725102045885	2.75957285927183	-1.027636	9.610913
itza1241	1.9000982871005	2.70074435434351	-2.9513395	7.73562349999999
iwal1237	-2.60312316081	2.57066648300896	-8.57758425	1.79733725
iyoo1238	-2.62816173941202	2.64267610612352	-8.64438675	1.896138
jalk1242	-0.505252362195	2.76852375349407	-6.59817725	4.68882425
jama1261	-0.63818451988	2.66201303451761	-6.38193275	4.3128295
jamb1236	-0.8531779952775	2.55097819554214	-6.49985025	3.78792099999999
japh1234	-0.0328116558085	2.91161460332823	-6.26191475	5.3429035
jara1266	-0.80614676435	2.65282111006373	-6.4723995	4.01162449999999
jina1244	-1.699700955489	2.64683719418104	-7.597028	3.156637
juku1254	-0.167389180545	2.77116394333727	-5.95485825	5.116065
kaba1278	-0.27949209275	2.91881267870477	-6.1816325	5.71985099999999
kach1280	-0.10250960543	2.84237505273239	-6.0276165	5.26323999999999
kach1284	-0.63550128081	2.78385861598808	-6.32919925	5.01685175
kado1242	-0.284337832641	2.72992461537068	-5.8974575	4.89940025
kagu1239	-0.17896408744	2.84761194806942	-6.05285575	5.40440025
kaik1246	-0.181680082595	2.83990188236912	-6.11668925	5.30223875
kala1388	3.72966717681	2.6568136287947	-0.644854875	9.60632125
kala1399	-0.400019946455	2.73175080293444	-5.98424775	4.966894
kamb1299	-0.445369334255	2.39040569031366	-5.5544985	4.01810675
kamm1249	-0.014631525225	2.78425824086258	-5.5810725	5.58143249999999
kana1291	-0.6340070001245	2.68400864976756	-6.235927	4.4118325
kani1286	-2.1167853251095	2.86028998493979	-8.26262825	3.01569525
kank1243	2.289618933005	1.95921651196392	-1.219482	6.5684695
kaqc1270	2.3308496118215	2.72757893304586	-2.30719225	8.589113
kara1486	-0.540754329745	2.00144636423652	-4.55051975	3.24142525
kara1500	-0.5650055250715	2.63350613964104	-6.1167665	4.356489
karb1241	-0.06469333059	2.81129972820266	-5.58065475	5.93318299999999
kare1335	-0.06611039865	2.81358788168144	-5.999942	5.6996355
kari1311	-0.1839082355865	2.59860701293709	-5.58005475	4.730847
karn1252	-2.464326925525	2.49898820179126	-8.18256275	1.67404074999999
karo1304	-0.7192268314895	2.64391464487195	-6.07883125	4.05433525
kash1277	-0.159642318051	2.77998402206069	-5.8231305	5.199111
katb1237	-3.89758571545	2.44413479760649	-9.36907025	0.0672662799999992
kats1235	-0.192355522875	2.90827795261136	-5.962163	5.54477149999999
kava1241	1.69506245313	2.18433402134322	-2.17255925	6.25458374999999
kaya1315	-0.111711533545	2.83656354804463	-6.15344125	5.32344349999999
keap1239	-1.8962774217315	2.58456928781944	-7.68845575	2.5731265
kele1258	-1.9375329765455	2.32676080003268	-6.89340825	2.06554325
kele1259	3.238646063255	2.11436892616652	-0.50242645	8.11287425
kemb1249	-1.5389630967255	2.48206357250929	-7.13252825	2.7301905
keme1240	-0.3143211263105	2.639210842208	-6.10088525	4.555573
kenu1236	-0.143503722315	2.86557802184286	-5.914989	5.51668149999999
keoo1238	-0.7874722807349	2.43519261048658	-6.08664475	3.67656099999999
kera1255	-1.695476269368	2.49048215353673	-7.20639	2.7844565
kesa1244	-2.31377369279	2.75296331619594	-8.554886	2.46728075
kett1243	-0.0789954359845	2.88224120085273	-5.94112625	5.7954855
khal1275	-0.2609686641715	2.97334819749346	-6.41465075	5.55513
kham1282	-0.0532913235425	2.82505290950436	-5.5946735	5.81094725
khan1274	-0.32108961491	2.89786073204073	-6.38121125	5.35309025
khan1277	-0.051560920905	2.9322967169262	-5.789965	6.22813725
khan1278	0.2963788241075	2.63842501083098	-4.91577725	5.5656435
khas1269	-0.1792661561885	2.79636900149253	-6.03131	5.4901705
khez1235	-0.0378140604015	2.94095638863075	-5.8101025	6.25313324999998
khmu1256	-0.245841513585	2.75984002218411	-5.69175475	5.3850375
kich1262	2.435286147173	2.74074004134519	-2.27975925	8.68999025
kile1243	-0.2140541058825	2.9152277044706	-6.2298695	5.38315824999998
kili1267	1.872986021884	2.07295723853845	-2.04703575	6.04502025
kimm1245	-0.180102483996	2.66961109377324	-5.707255	5.2591355
kiow1266	-0.27285276084	2.50311862986331	-5.54904175	4.59995925
koda1255	-0.0988846537775	2.90170577782665	-6.1900975	5.42208699999999
koho1244	-0.558588461615	2.79639728084369	-6.43480325	4.84907425
koir1240	-0.036389405499	2.88199447129226	-5.97133525	5.77206025
koka1244	-0.2025992635113	2.68259974771194	-5.7796465	4.8746715
koko1269	2.4826607126745	2.0512290986629	-1.15656925	6.74060275
kola1285	-1.304223256138	2.57145992028881	-7.29815675	3.266535
kolb1240	-0.569505560419	2.77412341429681	-6.57473675	4.71528499999999
kolc1235	-0.196938782091	2.8384841812806	-5.87144975	5.68119099999998
komb1274	-0.54175555918	2.85901414698445	-6.9085095	4.66154174999999
komc1235	-0.354544468675	2.72340831136319	-6.04244525	4.72615325
komi1268	-0.133962318975	3.01818162517753	-6.28496075	6.10805124999999
komi1269	-0.06765268259	2.91740216604185	-5.90289425	5.78144675
kona1242	-0.946903060115	2.94287063965653	-7.27020275	4.558423
konk1267	-0.13357098131	2.83920604113552	-6.254208	5.13273175
koon1245	-0.1544583881345	2.83471661771665	-5.9071455	5.60579125
koor1239	-0.66228907366315	2.75124895535719	-6.64809225	4.50138725
kore1280	-0.2923417315285	2.55453859325404	-5.6909505	4.49907375
koro1298	1.50052779862	2.58349392344929	-3.2451895	7.08735425
kosa1249	-0.6416697415175	2.82545539496405	-6.818709	4.7252305
kosr1238	-0.6126505093835	2.53320830575896	-6.1131975	3.98963749999999
kuan1247	-0.1154512633725	2.8683932666225	-5.805731	5.43767449999999
kuku1273	-0.3180532358925	2.83553045370645	-6.136087	4.8369765
kulo1237	1.153923588709	2.10812996576381	-2.93735825	5.42862674999999
kulu1253	-0.2830647716415	2.92057822172739	-6.76882775	5.40919524999999
kuma1276	4.06452684426	2.49084714176035	-0.0808319275	9.41697324999999
kuma1280	-1.84983373567	2.86320423568095	-8.00607925	3.314495
kumb1268	-0.223454819387	2.82438593727172	-6.18787775	5.1083145
kunb1251	-0.4899261264	2.74490268593393	-6.097242	4.78349975
kuot1243	-0.01341599556	1.95657472066637	-3.79426875	3.88661575
kurr1243	4.839787831585	3.05214702570691	-0.19707495	11.6943525
kusa1251	4.115139990315	2.30812689037775	0.0860527025	9.27825574999999
kusu1250	-0.2527580161785	2.70740606188401	-5.935398	4.9106305
kuvi1243	-0.052393576235	2.76010700017136	-5.797778	5.5747445
kuyy1240	-0.452846811415	2.94473111325685	-6.63105975	5.3974835
kwai1243	-1.063374391566	1.87967811547396	-4.7727295	2.447486
kwam1249	-0.0968437613	2.85654116862601	-5.9319025	5.571512
kwam1252	-2.6228949204605	2.3131109573299	-7.63880325	1.31906425
kwar1239	-1.00915976339	1.89068585395117	-4.82117625	2.48725725
kwin1241	-0.1492137800935	2.83668338544414	-6.01485125	5.47958725
kwom1262	-1.43393208471445	2.81474107499121	-7.5127575	3.34617624999999
kxoe1243	-0.1652797785	2.82558311441176	-6.12911475	5.45252849999998
kyer1238	-0.35408735694785	2.79248941690286	-6.1631885	5.0801355
lagw1237	-1.629927284215	2.71411987655134	-7.8701445	3.08963
lahu1253	-0.2805176783	2.75771834236413	-5.89980775	5.1503125
lala1268	-2.014522582545	2.49833430519879	-8.00571775	2.33276175
lama1277	-1.167316999875	2.5308248615342	-6.61288625	3.1690675
lamk1238	-0.1002938516985	2.92816840397505	-6.1347965	5.724549
land1256	-0.036733078401	3.01189024436161	-6.36190325	5.65812275
lash1243	-0.113157198005	2.84397450025324	-5.97631875	5.71183849999999
latv1249	-0.301544905305	2.70608513904395	-5.927062	4.94119325
lega1250	0.0031664087995	2.87493709537265	-6.00780925	5.67504549999999
lele1267	-2.723233093605	2.59513272035181	-8.57484525	1.71582625
lele1270	-1.943461926935	2.32401728897335	-7.089407	2.05943249999999
lele1276	-1.231641937063	2.6640918039123	-6.947648	3.5889395
lemb1266	-1.446217729005	2.83490909190036	-7.49508875	3.695297
leme1238	-2.66506546356	2.49154507422205	-8.44497025	1.467053
lena1238	-2.55844368044	2.36085275903638	-7.94113	1.38162725
leng1259	1.4936301110885	1.6905654391535	-1.50540425	4.98985175
lepc1244	-0.142596308395	2.91855539913227	-6.28524275	5.65011174999999
leti1246	-1.6261163887025	2.52799392609089	-7.09939325	2.707212
lewo1242	-3.517977431282	2.4379070157524	-8.855167	0.410209375
lewo1244	-1.125576672032	2.47436723442018	-6.7205725	3.144571
lezg1247	-0.151794398225	2.82112159732094	-5.8176905	5.38746649999999
liji1238	0.246698711776	2.51554857490099	-4.94008375	5.388708
lill1248	1.21689221177	2.54169148359674	-3.3040865	6.63875925
limb1266	-0.226929661925	2.92278199330764	-6.5806715	5.4604065
lipo1242	-0.11056473414005	2.89994203355457	-5.80728975	5.67455825
lish1245	-0.408458332722	2.49833673135251	-5.935997	4.43542225
lisu1250	-0.132243227727	2.92412108235588	-6.0018435	5.81527175
lith1251	-0.2494236786845	2.79988079203523	-6.0426505	5.1252705
litz1237	-3.91835675545	2.39837834653311	-9.20718475	0.0444215374999979
livv1243	0.073729486203	2.96753396653205	-5.84642475	6.00877975
loka1252	0.29856955296029	2.7239956594029	-5.25187525	5.9519165
lolo1259	-0.0969114887375	2.91281983282821	-6.03564925	5.65844499999999
lomb1257	-0.341059971978	2.91778414700169	-6.449761	5.23537999999999
long1395	1.35722935966	1.77788435539498	-1.81797475	4.97443999999999
loni1238	-1.921237507907	2.38037262078048	-7.39643425	2.1617265
lote1237	-1.5186114191295	2.47175703642013	-6.83733125	2.720523
louu1245	-1.95398766176	2.33401307434349	-7.0245255	2.14811525
luan1263	-1.49357350431	2.55619447876846	-7.115807	2.97650575
lubu1243	0.80404708973	1.80293028371698	-2.77163525	4.45073225
ludi1246	-0.0151128039625	2.99359137640868	-5.82410425	6.03172999999999
lule1254	-0.0606935306195	2.76372790871294	-5.567833	5.52655375
lumu1239	-0.0199009676265	2.74429222547754	-5.44184825	5.24166425
luok1236	-0.249411482065	2.80047863468602	-6.07976	5.26677749999999
lush1249	-0.08678577294	2.91164939994753	-5.9912155	5.99140825
lush1252	1.725444433665	2.53913862388343	-2.747446	7.031282
luva1239	-0.0882490699495	2.84344991168628	-5.8257555	5.56634375
luya1241	-0.1111506100395	2.88506787605778	-6.07561925	5.49044574999999
maan1238	-1.320398782775	2.41927192053439	-6.547825	2.9575085
mace1250	-0.40594425883	2.80916461586096	-6.49751125	5.04165725
macu1260	-0.8094432413975	2.71151340354665	-6.42268525	4.14194575
madi1260	0.095508870875	2.80021666988473	-5.45548425	5.72840375
madn1237	-0.412952792915	2.75362929845686	-6.11078025	5.0124195
maee1241	-3.83262981621	2.39732667461903	-9.13830025	0.0564879349999995
magd1235	3.335731628305	2.80366252618668	-1.4183435	9.533368
maib1239	-0.9384620053335	2.71649526650512	-6.5623545	4.15700225
mail1248	-1.568347405305	2.77587458141277	-7.582039	3.3080675
mais1250	-1.842027648175	2.55004344081408	-7.60199225	2.5453815
mait1250	-0.3587998964365	2.84545302652376	-6.17551825	5.1739565
maja1242	0.609269837905	2.80595575725343	-4.615041	6.785694
maka1304	-0.2218946321705	2.90661204419471	-6.16350625	5.7349575
makc1235	-0.0146425833555	3.02531596787671	-6.638786	5.86767825
makh1264	-0.043245232675	2.91004691067297	-5.83444925	6.1679615
mala1464	-0.1246061479005	2.90126402765169	-6.23843875	5.31230674999999
male1284	-0.7110315848215	2.79833151941337	-6.5544635	4.68296575
male1297	-0.915164357926	2.60237876860949	-6.2376115	4.19166599999999
mali1285	0.68993524591	2.12428696191188	-3.44019475	5.116756
malo1243	-3.682726127585	2.38115493950967	-9.08108725	0.0704033824999988
malu1245	-3.74576333496	2.39847453480011	-9.080457	0.0811286624999993
mama1275	-1.1426654312215	2.16870921252449	-5.83546575	3.060911
mamb1294	-1.498893544657	2.74262373666602	-7.6047105	3.7448555
mana1288	-0.233057103465	2.80413968688595	-5.854811	5.031683
mana1295	-1.79552136623	2.66825577781115	-7.78246075	2.7288955
mana1298	-1.38414235051	2.84248720771681	-7.80165825	3.73587525
mand1415	-0.014861866399	2.75655989679062	-5.497899	5.59050225
mand1440	-0.51231695949	2.07587491190549	-4.6914425	3.45968999999999
mang1378	-0.34638523912	2.7863997065251	-6.38171325	5.0136595
mang1401	1.6497923485015	2.40635928203142	-2.479783	7.28645875
mang1403	-1.684270444675	2.43629962623105	-6.95355975	2.3698875
mans1262	2.82590745923	2.63610839135462	-1.48569425	8.705709
maor1246	1.75553244923	2.418471532183	-2.2621565	7.22273625
mapo1242	-2.73212921757	2.52549081681529	-8.4163195	1.50410225
mapu1245	-0.54722208391	2.68502904982748	-6.01779925	4.600374
mara1378	-0.192453753585	2.81282400101315	-6.047004	5.0882595
mara1379	-0.040787598265	2.91888806854592	-6.163395	5.8490795
mara1382	-0.085308966395	3.0145364726417	-5.965765	5.88541325
mara1386	-0.385664051395	2.7349908682305	-6.30786175	5.000179
mara1399	-3.861429963677	2.39554081663379	-9.17532625	0.0825926524999988
marg1265	-1.63977582345	2.67926107192204	-7.3269055	3.1027555
mari1416	-0.090714034725	2.96793279160462	-5.8757455	5.73747825
mari1440	-1.14643349576	2.61341200073471	-6.62797025	3.649052
mars1254	-0.683493035735	2.58043204644714	-5.985303	3.88103325
mart1255	2.2451778758315	2.52526797422748	-2.30042025	7.49113425
maru1249	-0.143598464935	2.9052909309852	-6.202714	5.804935
masa1322	-1.6386071852535	2.53383498422535	-7.115952	3.04234875
mask1242	-3.8625549856	2.38952331755596	-9.09708475	0.032250869999999
mati1250	3.220927002465	2.58644457829215	-1.18990525	8.9825415
mato1252	-2.763429122525	2.58789290131181	-8.57816225	1.5346375
mats1244	-0.3689493171845	2.83830755073729	-6.06927725	4.97247849999999
matu1259	-0.03615156426	2.79231521193734	-5.52186125	5.429679
matu1261	-2.2600862705613	2.56283230017758	-8.2673985	2.1108655
maun1240	-0.464007033085	2.76393884634529	-6.6314865	4.86799074999999
mayo1261	-0.0243234828	2.84790868263409	-5.8230505	5.39276425
mbol1247	-0.08821437806	2.99255406411696	-6.4014375	5.86503025
mbul1263	-2.387717048965	2.50327901406027	-7.8028835	1.93211199999999
mehe1243	-1.50013583313	2.69528339333913	-7.53488875	3.20342725
meke1243	-2.20728009790307	2.49041265153345	-7.829449	1.97182075
melp1238	-1.57071618138	2.80733456937901	-8.0023045	3.48353925
mere1242	-3.2735809514	2.45181668313127	-9.04795275	0.768548149999996
meta1238	-0.2897225388705	2.80910305562192	-6.15476575	5.29849375
mezo1235	2.9658142200075	2.74907065697971	-1.55075875	9.19114974999999
mezq1235	-1.760193449365	2.44772814695774	-7.1163635	2.5678725
mich1245	-0.98731305161	2.62567092695359	-6.80183525	3.69502475
miju1243	-0.03405185876	2.83955809063054	-5.819668	5.76966149999999
mikm1235	-1.362523465165	2.5126553085004	-6.90235	3.1556685
mila1245	0.04488039384	3.02997364456547	-5.85589525	6.221581
mina1276	-1.9655653919145	2.65475362124816	-7.69945325	2.67939425
mini1251	-1.59237848334	2.39212936226517	-6.9443605	2.5109895
minn1241	0.287685978795	2.82920801176364	-5.0178515	6.042177
misi1243	-1.32297966183	2.43237248498084	-6.71218975	2.97555725
mixt1426	3.36491570482	2.82268973366916	-1.2266075	9.7125185
miya1259	-0.294325228125	2.60465632911796	-5.867424	4.56380025
miya1266	-0.614887192417	2.50837402746474	-5.90945375	4.15339499999999
moco1246	-0.373613116328	2.80665588343473	-6.307897	5.02843475
mode1248	-0.2103221593925	2.78715027696983	-5.95689625	5.11082249999999
moki1238	-0.8743203657125	2.52786047829201	-6.212281	3.63451425
mokl1243	-0.516202583398	2.64035855078196	-6.34250425	4.32110825
mokp1239	-0.175465137479	2.75073779368929	-5.7835415	5.144228
moks1248	-0.0537814015955	2.78697124671026	-5.77239275	5.75303975
mose1249	-0.23362540162925	2.60017681435262	-5.31743	4.974892
motl1237	-2.479865761105	2.51188598850459	-8.11964725	1.824567
motu1246	-2.019300551792	2.61549396108643	-7.9785255	2.40363275
moun1252	-2.08444227549565	2.62240836577091	-7.7601315	2.53951775
movi1243	2.98097372858	2.75519188067767	-1.81771425	9.441842
moyo1238	-0.090356248569	2.93851740725075	-6.23070025	5.641805
mpad1242	-1.480233419227	2.64640465728269	-7.23726675	3.2851115
mpii1239	-0.118905255075	2.92182416544632	-6.1150035	5.61140625
mpot1240	-0.102530916055	2.99322426037784	-6.31887025	5.761372
mpur1239	-0.9780898429065	2.83238674205502	-7.08753275	4.22351325
mual1241	-1.3501525516633	2.52282751924836	-7.1008805	3.1310635
mudu1242	-1.8381434490925	2.7295310246252	-8.01708275	2.94126399999999
mull1237	-0.403716781485	2.80234552789997	-6.1648525	5.12179975
munc1235	0.0373140101005	2.8235556546026	-5.75982575	5.5968345
mund1325	-1.65298222374975	2.62084757436587	-7.4350265	2.901171
mund1328	-0.3164031896755	2.68034572246447	-5.93385325	4.68676025
mund1330	-0.3402372145705	2.66011364890967	-5.90026825	4.74275275
murl1244	0.81170845227	2.83068937903556	-4.41554175	6.61426075
muru1266	-0.30770504565	2.72818057874977	-5.8598435	5.13714075
muru1274	-0.4125214334765	2.81790342521299	-6.29392575	4.8474615
musa1266	-2.10104710186	2.70149056626996	-8.09452925	2.72448125
muyu1244	-0.80078288274	2.39454860319582	-6.31982975	3.33829275
mwag1236	0.64910284972	2.25099303713135	-3.67180225	5.26110175
mwan1247	0.00956727846	2.79834864360081	-5.51740875	5.70254449999999
nama1268	-3.219708348055	2.52413966548083	-8.994748	0.972290349999999
namb1293	-0.749450647986	2.86766004678496	-6.82293	4.8274445
namu1246	-0.113959034786	2.86515375033072	-6.07269975	5.63238524999999
nana1257	-0.17864015458	2.79267916151469	-5.704375	5.15838025
nang1262	-2.093091491659	2.46607420586795	-7.41055675	2.216474
naru1238	-0.300738823629	2.85637259545915	-6.42079975	5.35148725
naue1237	-1.5563704174	2.59981476412679	-7.1652685	3.33027525
naur1243	-0.66920786406	2.56210476839999	-6.581272	3.69946375
nava1243	-0.7498001750985	2.75513042358309	-6.5080405	4.54451099999999
nawu1242	-0.1910291898995	2.7703496507425	-5.8661955	5.21402075
naxi1245	-0.0794993091815	2.94330344288296	-6.1873515	5.92128249999999
ncan1245	-0.323485831523	2.67833938430175	-6.16183	4.85619525
ndam1239	-0.104941649288	2.96016745924558	-6.02958325	5.5977665
nege1240	-0.552707460122	2.53343238367765	-5.8948555	4.12012
neha1247	-1.65654141428	2.51351118811117	-6.92937325	2.76595449999999
nend1239	-1.88967574325	2.71752324252664	-7.836932	2.8851665
nene1249	-0.098333856025	2.92027452083029	-5.8063575	5.7112935
neng1238	2.582192670505	2.37070620819777	-1.3445925	7.846869
nenn1238	-0.770088322675	2.85890066948285	-6.9548645	4.57869925
nepa1254	-0.3412851796665	2.76613893095381	-6.18135575	5.09360775
nese1235	-3.766981695915	2.38852387641704	-9.13115675	0.0728947374999993
newa1246	-0.3489435452995	2.77207589051328	-5.93620775	5.17052475
nezp1238	0.294994143165	2.44430182526338	-4.71931025	5.35625624999999
ngal1292	-0.331655561605	2.78147104112375	-5.9326715	5.1332935
ngan1291	-0.028229753345	2.79810335257844	-5.85025675	5.534446
ngar1284	-0.192694933589	2.82869808338552	-5.9491925	5.17680375
ngas1240	1.777001761993	2.33933593708749	-2.38138425	6.68848674999999
ngba1284	-0.160916571939	2.92660244906485	-6.39005025	5.47510999999999
ngeq1245	-0.4870447717	2.78390111769732	-6.15551775	4.88006174999999
ngit1239	-0.031681978556	2.96114964165649	-6.3030595	5.861101
nhan1238	-0.3046777821167	2.75763709968227	-6.13357025	5.15419799999999
nhen1239	-0.50917134993	2.6948679110773	-6.281877	4.75501625
nisg1240	2.1637169133615	2.6349658847677	-2.497705	7.95901
niua1240	1.939971205925	2.27284131355576	-1.87993325	7.3226015
niue1239	1.9297329992505	2.3690522499411	-2.03424625	6.87381075
niva1238	2.68856636172	2.67123508692841	-1.963239	8.61452449999999
njan1240	-0.2646762956255	2.79991850460474	-6.20983325	5.33749399999999
nkon1248	-0.092644035895	2.73485822489595	-5.8155515	5.35468225
noct1238	0.020635533152	2.89845274254694	-5.88877325	5.89364199999999
noku1237	-2.79645850076	2.49923140854826	-8.3627575	1.35186675
noon1242	-0.105583491665	2.90828119579714	-6.14396075	5.42934899999999
noon1243	-0.320233199289	2.68575588514487	-5.95453125	4.82517575
nort2684	-0.3423209517995	2.83683672845335	-6.07937	5.3601285
nort2690	-0.038081016295	2.91075558665514	-5.77605525	5.95979275
nort2722	-0.0710647750305	2.89095087386747	-6.0973375	5.39561849999999
nort2723	-0.1372774942285	2.91550556088257	-6.11666875	5.500689
nort2732	0.03240205931	2.7890788716831	-5.603134	5.53695475
nort2745	-0.30452464799	2.75909630200458	-6.0897775	4.98769325
nort2747	-0.045036931845	2.79445318040073	-5.77009525	5.61625875
nort2839	-3.913694616477	2.46067803307781	-9.3424735	0.0146848974999961
nort2845	1.65947449108	2.45790849553442	-2.391376	7.24852349999999
nort2885	2.604098177375	2.64740783645242	-1.80705175	8.4853565
nort2930	-1.2828666671275	2.85503012177961	-7.03855775	4.30761225
nort2938	-0.0073408873	2.6894214263632	-5.671385	5.22213625
nort2942	-0.11458774306	2.70287983241021	-5.57128275	5.362848
nort2951	-0.96510761421	2.61186284443343	-6.79143675	3.92718724999999
nort2954	-0.9800032809995	2.64295276364956	-6.440168	3.93910549999999
nort2959	2.49483198162	2.42662418613103	-1.54096875	7.8734305
nort2961	-1.46785337099	2.47153117593584	-6.6810935	3.20090725
nort3047	-2.024165895095	2.6852559361548	-7.9816905	2.687448
nots1237	-0.1665062397705	1.93888881327824	-4.08257075	3.60667975
nucl1235	-0.4809844822571	2.8072379697429	-6.433784	4.91956675
nucl1301	-0.04153725487	2.91692905687469	-5.81986275	5.934703
nucl1302	-0.4531239209675	2.81892628692139	-6.31993175	4.9831555
nucl1305	-0.03953778087355	2.68773495880382	-5.5636645	5.56254575
nucl1310	-0.03366732169	2.93286624937355	-6.147557	5.87352225
nucl1417	0.350862579295	2.60179292458706	-4.908343	5.645016
nucl1593	-1.300772291745	2.72131477737393	-7.54427525	3.61742775
nucl1622	-0.41629822981	2.81179415527374	-6.331014	4.91902649999999
nucl1630	-2.11741256143	2.62105508288984	-7.7840375	2.418369
nucl1643	-0.517231199534	2.89691109982465	-6.802328	4.75867349999998
nuer1246	0.111225920544	2.81705812036753	-5.32845975	5.9903645
nugu1242	-0.321550359748	2.95134889350111	-6.56834025	5.88476225
nukn1238	-2.77115038863	2.63245761925314	-8.716511	1.67339675
nuku1260	-1.6514648446082	2.31564648834555	-6.686774	2.4827505
nupe1254	-0.035420534035	2.92849624617466	-6.03849025	5.41240425
nuuc1236	1.923675721955	2.64377454854824	-2.64165175	7.44740675
nyah1249	-0.5615990343	2.76057366748762	-6.438673	4.88653474999999
nyah1250	-0.117535541335	2.79662639096707	-5.68067125	5.59652799999999
nyal1254	3.2415211151565	2.47143080938364	-0.839643925	8.69603175
nyan1307	-0.148003592924	2.95434667627888	-6.0948315	5.794652
nyat1246	-0.145329912315	2.8230986198449	-5.75724075	5.5471025
nyor1246	-0.015745370885	2.85562710378788	-5.59901225	5.59571675
obok1239	-0.854221721022	2.82295447770315	-6.61978925	4.73577274999999
occi1239	-0.3100391281135	2.80843509626271	-6.28686575	5.15633749999999
okan1243	-2.00518573903	2.41864325695144	-7.32569075	2.32255975
okin1246	-0.33468398862	2.68940909180741	-5.9972065	4.78289375
oksa1245	-1.0328677215	2.85741160462811	-7.2229125	4.1220605
oloo1241	-1.577344888655	2.57035992575875	-7.366445	2.946576
olut1240	1.2607306715865	2.03336029575665	-2.704759	5.380529
onon1246	-0.791031616235	2.62853960477896	-6.5218875	3.89263175
oriy1255	-0.11707261218	2.7085457405565	-5.69161675	5.42437675
orok1265	-0.1331229738125	2.89026744115095	-6.0877175	5.83155275
orow1242	2.847246675415	1.80751905296968	-0.411261725	6.53389675
otta1242	2.226878985515	2.49204953733701	-2.0234845	7.61233625
paam1238	-3.756305326985	2.44770205380945	-9.305439	0.121930999999998
paas1238	-0.17375246651	2.82158339783908	-5.9332855	5.31712899999999
paco1243	-0.386477577835	2.89700276388504	-6.5797275	5.1808985
pagi1243	-0.09608560783	2.86094141431212	-5.908752	5.46107474999998
pagu1249	-0.51839138671395	2.74189272721972	-6.38654775	4.57602075
pahn1237	-0.158415569755	2.67317975508128	-5.439246	4.99042849999999
pait1244	-0.149410319995	2.97379666792723	-5.98117875	5.9088785
pana1307	-0.63249517813	2.63712994955805	-6.112565	4.394858
pang1287	-0.06505624047	2.97970818153385	-6.0180035	6.03326849999999
pang1290	3.50165446016	2.45521181265398	-0.616772175	9.11397874999999
panj1256	-0.20768785067	2.9008706324837	-6.31838	5.167018
pany1241	1.25951426373	2.63180089022613	-3.69979325	7.05368125
papa1265	-1.611033945524	2.60666183947316	-7.47042975	2.792328
para1301	-0.295489959355	2.74589114106232	-5.73128325	5.16304225
para1302	-0.04724180923	2.86312610883146	-5.7837585	5.91073474999999
pate1247	-2.67963935694	2.50490592824887	-8.2994495	1.51171074999999
patp1243	-1.63172432555	2.20764462969711	-6.493302	2.192668
pawn1254	2.328531668355	2.54480065809937	-1.93703925	7.913836
pela1242	-0.189625336825	2.82584860529277	-5.90076875	5.29815275
pemo1248	-0.458010737185	2.6575708481959	-6.44740175	4.6493425
pend1242	-1.401142124605	2.3073681545254	-6.29096525	2.677649
phai1238	-0.189150239952	2.75887160564363	-5.92081225	5.05897925
phom1236	-0.029859448606	2.77677939621711	-5.3848745	5.71331575
pila1245	-0.05546194006	2.71245025232014	-5.81913225	4.93618874999999
pile1238	-2.1415207705915	2.37305007068439	-7.4911105	1.7391455
ping1243	-0.77055293817	2.57562619240261	-6.43190425	3.96066975
pite1240	-0.06361518654	2.75596504947647	-5.92053425	5.3390965
pohn1238	-0.81845372117	2.69420529513481	-6.59903	3.9451975
poli1260	-0.173612426274	2.71304182804367	-5.6186645	4.93770824999999
popt1235	2.8437831471165	2.74515062528037	-1.781995	8.9224275
port1283	-0.174190996015	2.91191424325566	-6.416422	5.47594025
port1285	-3.864832310715	2.39503842752372	-9.230349	0.0531671374999987
psik1239	-1.92115558418	2.61899738748186	-7.6023515	2.8408965
puka1242	2.00705332048856	2.35625282340972	-1.86310975	7.20616949999999
pulu1242	-0.545806683597	2.62805375605662	-6.5205975	4.1123965
puoc1238	-0.269550423084	2.97231922650973	-6.3653025	5.51091325
pura1257	-1.35908596263	2.7292417980108	-7.194331	3.95566525
pure1242	-1.762735985525	2.53994825014053	-7.53896275	2.904978
puri1258	-0.129780904965	2.93896212985798	-5.94796725	5.76697325
qima1242	-0.46752765125	2.71871026266754	-6.0966315	4.69327625
quer1236	-2.00353618184	2.42008395724749	-7.53107575	2.22063075
rabh1238	-0.1704312821505	2.95751674879898	-6.32469025	5.62650375
raji1240	-0.128738153795	2.77006796109291	-5.678947	5.41033224999999
rapa1245	1.63519332309	2.44776221659183	-2.72759725	7.09380925
raro1241	1.723869029129	2.34609931610262	-2.16506475	7.04104375
raut1239	-0.06638491849	2.86146534540782	-6.31755925	5.641577
reja1241	-0.983869817965	2.54596786855469	-6.65364175	3.6980805
roma1326	-0.2509269751125	2.74429132779874	-5.66191325	4.971834
romb1245	2.80872527184	2.61005296272341	-1.484364	8.49503374999999
rong1266	-0.0197850212145	2.84159750861606	-5.6994285	5.810807
roto1249	-1.622438292	2.57937345504331	-7.24396125	2.82090375
rotu1241	-1.534246192685	2.36634954363926	-6.8247985	2.57634425
rovi1238	4.39437839429	2.33157413088412	0.190646025	9.54557225
ruch1235	-0.248956530425	2.89146413936113	-6.30230375	5.659762
ruka1240	1.98139925562	2.24028522722649	-1.97748325	6.7903075
ruma1248	-0.215306760094	2.75818958126888	-5.95549225	5.374925
russ1263	-0.18425423763	3.00277133055279	-6.2309355	5.5788105
saaa1240	-0.86556195969	2.13221028617015	-5.36169825	3.13481924999999
saaa1241	-3.794826565125	2.48229219504119	-9.39062225	0.233894799999999
saar1237	2.13679050856	2.18993775377696	-1.767239	6.95506125
sabu1255	2.1247399729185	2.24365582165196	-1.83125225	6.857431
sais1237	0.889628081915	2.09616896499566	-3.186334	5.1955855
saka1289	-3.294102566645	2.49020227079371	-9.020265	0.697483524999995
saka1291	-0.8349521771925	2.53740037316273	-6.17108525	4.0152265
saki1248	0.130032653125	2.56573051108331	-5.103198	5.28746649999999
samo1305	1.80811849713	2.37876245897766	-2.2368855	7.26470124999999
sani1269	-0.18950464706	2.84549780060163	-5.921278	5.636738
sanj1284	3.8864701442825	2.82921960574958	-0.771631725	10.5207575
sanm1289	-0.44307948141	2.67909802640145	-5.95072975	4.60522025
sanm1295	3.17948547407	2.77747089800568	-1.5489495	9.378556
sant1436	2.41336499811	2.58591297391328	-2.020825	8.49917
sant1451	3.1153427885825	2.74859267653369	-1.4626505	9.00910124999998
sanu1240	-0.459437804729	2.6654874426303	-6.06379675	4.66688925
sars1236	-0.4135331158	2.78637309726849	-6.44167775	4.85254475
sauk1252	-2.842262820605	2.62309741386276	-8.64608125	1.6032975
saur1249	-0.207165088985	2.8260034087408	-6.27465975	5.09984474999999
savo1255	1.588186580235	2.06096761880627	-2.209994	5.91152824999999
seda1262	-0.542422760055	2.81217646969502	-6.46664	4.9191275
seim1238	-1.12739855604	2.5344551154208	-6.4238615	3.47273249999999
seke1241	-3.788168692365	2.49633178934172	-9.41580925	0.251294899999999
sela1260	-0.90189045387	2.53450772239781	-6.68523525	3.59769325
selk1253	-0.0389857033895	2.83182150261015	-5.6657805	5.65428849999999
sema1265	-0.40076458608	2.72614685487062	-6.05518625	4.85343575
sema1266	-0.3075785882565	2.67176711116812	-5.93798075	4.88958775
seme1247	-0.5188297344265	2.62837579882574	-6.0354185	4.6689895
sene1264	-0.7105302435405	2.75150040963012	-6.43983625	4.7218475
seri1257	-0.95684966932	2.63841301597099	-6.6528385	3.93429875
shab1252	0.48595968731	2.82373044328578	-4.9574245	6.54479725
sham1280	-0.168281201955	2.86363173785853	-6.12057525	5.7872455
shan1283	-0.2666624571185	2.73805547577865	-5.90434375	5.21701299999999
shaw1249	2.60359011158	2.45676786237131	-1.64290675	8.0196625
ship1254	-0.588042809155	2.71172000704706	-6.357686	4.50560175
shix1238	-0.077596696825	2.85490000879773	-5.88156125	5.81243525
shol1240	-0.121759592695	2.89971938130338	-6.368434	5.47803574999999
shon1251	-0.092482648109	2.91071277359911	-6.3074665	5.65733225
shos1248	-0.444927408505	2.73730033228533	-6.29693425	4.66062249999999
shua1257	-0.5049268150565	2.80745610425477	-6.70411125	4.75372975
shwe1236	-0.210272177998	2.79856978313091	-6.17615375	5.2067335
sich1238	-0.10981249132	2.8901737035116	-6.31126725	5.63713225
sici1248	-0.1984728358542	2.75154838894271	-5.8182605	4.87019425
sici1249	-0.44596158546	2.91258562231519	-6.6361605	5.3560775
siee1239	-2.6649751199495	2.44718918003134	-8.27446375	1.2578265
sier1250	3.954384925155	2.77698926463503	-0.6545739	10.2306325
sika1261	-1.954316180695	2.36512973439241	-7.41558925	1.92452875
siks1238	-0.825323461015	2.48567568043172	-6.0995825	3.68274824999999
sile1255	-2.0864867929455	2.62424217722139	-7.915622	2.5992735
sina1266	-2.1093355224	2.57023530027864	-7.86134275	2.42209324999999
sing1264	0.007901205805	2.95480801825647	-5.91471	5.965593
sioo1240	-2.66753764059	2.57934642233492	-8.5759755	1.67986
situ1238	-0.038283413451	2.99916050161591	-6.473514	5.90685324999999
skol1241	0.005642769955	2.98087640497157	-6.03718225	5.92699874999999
slov1268	-0.214634339265	2.80151990196586	-6.2115555	4.89604349999999
soch1239	3.863077099	2.7349385891985	-0.735074125	10.093215
soga1242	-0.149550378865	2.83504323572707	-6.00003375	5.5508795
sons1242	-0.5764594693975	2.46171298003633	-6.06975325	3.812258
sooo1254	-0.42463957821685	2.80119080895392	-6.384174	4.90690975
sout1528	-0.247500516925	2.78017100933796	-5.6047425	5.14899825
sout2649	-0.2226405485	2.91805810958135	-6.411016	5.49893025
sout2674	0.04647173585	2.94243882591678	-5.65924325	5.99563775
sout2679	-0.1433276065275	2.83949447827664	-6.00330025	5.351902
sout2728	-0.00411564652	2.86511004145024	-6.013044	5.6716615
sout2729	-0.0623181256445	2.93198749325697	-6.05095275	5.80901524999999
sout2797	-0.483640080755	2.63012764275741	-5.931029	4.600912
sout2807	0.010440548085	2.86926902489638	-5.89235425	5.66316075
sout2856	-2.676459113345	2.60960288653705	-8.533064	1.55186325
sout2857	-3.67430801924	2.45971813756409	-9.26195	0.411503574999995
sout2859	-3.8364242979859	2.4376468891526	-9.40457075	0.205324999999997
sout2869	-2.57849007188	2.33840884481467	-7.5901135	1.4579945
sout2895	-0.9923191617924	2.48096036336844	-6.38903825	3.427693
sout2954	-0.421594850245	2.67766283813415	-6.12825475	4.71680499999999
sout2956	-0.10655231785	2.68427746070099	-5.5276855	5.17537375
sout2959	-0.2297322926885	2.73092251947477	-5.8755975	5.10404375
sout2976	3.292445893635	2.42672541140502	-0.7909652	8.7635075
sout2985	-1.136358433931	2.70425737869575	-6.9975305	3.7701245
sout2994	-0.668563525425	2.70339544146752	-6.338911	4.7236705
sout2996	-0.50567246689	2.71863489026895	-6.53524625	4.83334125
stan1289	-0.066272109755	2.66232469537094	-5.50185825	5.16158825
stan1290	-0.1127877819205	2.8079580786747	-5.8528225	5.282643
stan1293	0.5570733283615	2.67048702503594	-4.909293	5.6682215
stan1306	-0.4432363882295	2.59087635920508	-5.86452725	4.42993175
sude1239	-1.14514862274925	2.44719170713653	-6.49233725	3.06717575
sumi1235	-0.06606038326	2.81052962351335	-5.7860555	5.54442675
sunw1242	-0.3480935599335	2.89784807363668	-6.467669	5.27940225
supy1237	-0.2746488762785	2.84845354097243	-6.19945275	5.4040565
surs1246	-1.7373268489295	2.33479268154796	-6.66721025	2.36313975
swah1253	-0.054766717583	2.96715318838696	-6.22114875	5.7077155
swed1254	-0.2306367986273	2.83055932228887	-6.32646325	5.2716545
taba1263	-0.43496314641815	2.82841468324676	-6.28129925	4.97421375
taga1272	3.840628772435	2.63383875579021	-0.704884625	9.76274224999999
tahi1242	1.732182842465	2.51340038501018	-2.6355215	7.32831524999999
taia1239	-1.615453406185	2.74098582035837	-7.89484125	3.23571475
taji1246	-1.2098033066985	2.29111061913315	-5.82555275	2.8725555
taku1257	-1.713654295718	2.37354031608945	-6.91867175	2.26071049999999
tali1259	1.211045278645	1.71528449808279	-1.98125425	4.8004805
tama1365	1.889340668155	2.44955370882972	-2.40341225	7.46309475
tami1289	-0.11479980813	2.91941339825148	-6.05032075	5.86869724999999
tane1237	-2.0799620023945	2.49457199383886	-7.9532565	2.018111
tara1313	-0.081711232305	2.98198301702789	-6.001529	5.84300975
tari1263	2.00321270219	2.66337937557044	-2.38807225	8.24184274999999
tata1255	-0.166813580475	2.81703772590778	-6.248956	5.31103875
tata1257	3.392457276155	2.46962977859273	-0.672392925	8.82905374999998
taul1251	-1.62082510043	2.43022401898661	-6.97804025	2.55267975
taus1251	2.144304768435	2.56073862999585	-2.0835395	8.0069005
tbol1240	3.6787139548	2.53955367575601	-0.580290575	9.25956524999999
tean1237	-2.10944719018	2.5224040981563	-7.985022	2.16604075
tedi1235	-0.107542353442	2.98762028236861	-5.92991575	5.901237
tekt1235	2.715460231005	2.62798707715371	-1.50333675	8.580882
temi1246	-0.282617798475	2.71858269925233	-5.68592075	5.09577275
tenn1246	0.71764371571	2.78664199828306	-4.43218375	6.45908225
teop1238	-1.83010544614	2.49663440856677	-7.37812275	2.286157
tern1247	-0.4132520615095	2.76933840970005	-6.10426525	5.04061325
tete1251	-0.1990048210605	2.32163767134938	-5.3203325	4.386695
tezo1238	2.5785096755975	2.60830168976401	-2.14551175	8.30578724999999
thad1238	-0.146371128132	2.98758867233787	-6.04198275	5.93737175
thak1245	-0.2265073684143	2.88611067702045	-6.20626	5.46876925
than1259	-0.31960621129	2.94008687263449	-6.455805	5.18058249999998
thul1246	-0.224747260975	2.96254587586958	-6.2293045	5.58828575
tibe1272	-0.0386315300865	2.88443892265586	-5.90821025	5.91030375
tief1244	-0.443721463495	2.65630895717268	-6.12208375	4.6326335
tiga1245	-0.8261823616505	2.05145758344051	-4.98211875	3.001379
tika1246	-0.26515216839	2.81409498240502	-5.9716015	5.3079395
tiri1258	2.585894634085	1.86641842124558	-0.737801925	6.48523425
tiru1241	3.986712113	2.62877604848849	-0.291125125	10.0085025
tita1241	-1.871438116207	2.37529621189736	-6.92002275	2.2115405
toab1237	-0.9295307759245	2.16026281799123	-5.59482275	3.07181299999999
toba1268	2.8627711984515	2.77827616967447	-1.742525	9.00856999999999
tobe1252	-0.553056912876	2.72693811438488	-6.5366845	4.638395
toho1245	-1.176465457735	2.53057854896002	-6.8389585	3.492992
tojo1241	2.51704103253	2.72882158305754	-2.134366	8.71896175
toke1240	1.7132927125445	2.45275803132778	-2.3761115	7.4091685
tong1318	-0.0471356630855	2.8843645200269	-6.0614945	5.6973295
tong1325	1.93951725827755	2.4066390870417	-2.2010945	7.354525
toor1238	-0.097201167245	2.88433846482347	-5.935	5.780804
tosk1239	-0.36449120658	2.76143684699184	-6.1032995	4.845854
tote1238	-0.14464134066	2.97521430840889	-5.93777575	5.66360625
toto1302	-0.136065873754	2.80221718807724	-5.67591475	5.0481725
trin1274	0.00238782951	2.43912956018399	-5.004225	4.62078875
trio1238	-0.50561700476	2.63652215083705	-6.1857855	4.52573349999999
trum1247	-0.81516152159	2.60708064332224	-6.527652	4.04008099999999
tsha1245	-0.101308228395	2.9478660330798	-6.22338625	6.0456305
tsis1238	-0.35841742361	2.8383801954337	-6.384547	4.89377924999999
tsix1234	-0.1164405637885	2.85496604746151	-5.85576725	5.82092075
tson1249	-0.083454412355	2.84337045026046	-6.020032	5.5976355
tswa1253	-0.371889348854	2.81165007846191	-6.273133	5.21729499999999
tuba1278	-0.672635104033	2.74987482098888	-6.29537925	4.43831925
tugu1245	-1.59630203516	2.53827380398408	-7.115139	2.74996375
tuka1248	-0.0789314902	2.25052700060384	-4.5888425	4.17189925
tuki1240	-0.292793897315	2.95020520669644	-6.5877265	5.61955149999999
tula1252	-0.5292357857015	2.6745332947852	-6.0994945	4.5715695
tune1261	-0.3200638086795	2.81748008190714	-5.93710825	5.27524025
tung1290	-1.108855495727	2.32544266997992	-6.1937225	2.994285
tunn1238	-0.46590808186	2.70122157816687	-6.34920375	4.7409115
turk1303	-0.06446494203	2.83599512516325	-5.84931575	5.56898774999998
tusc1257	-0.51266315373	2.71789096859611	-6.13855725	4.701183
tutu1241	-3.738793396825	2.40650374385139	-9.2340355	0.140823299999995
tuva1244	1.723277745653	2.41167528462499	-2.5732905	6.84624325
tuwa1243	3.455912079365	2.20039323619589	-0.462363425	8.44239124999998
tuwu1238	-0.1181257831705	2.76096360932244	-5.957044	5.3636985
udih1248	-0.188934216605	2.84020738656988	-5.98470225	4.9604265
ughe1237	4.352688679039	2.39562670482749	0.0221087775	9.66290499999999
ugon1239	-0.037682211885	2.83523850782816	-5.81726925	5.93718225
ulit1238	0.354709335135	2.33117007387501	-4.5554985	5.06592825
umaa1242	1.79579917543	2.2545005622851	-2.22264975	6.6528615
umbu1258	-1.4053474896075	2.74390806307772	-7.39869125	3.68191175
umes1235	-0.0997060669535	2.84542895976749	-5.9310495	5.47258174999999
unua1237	-3.9550328783665	2.41031543321808	-9.437871	0.0144658924999996
uppe1275	1.745212695295	2.48418511532239	-2.77036875	6.93832
urar1246	-0.617661901206	2.67166496589084	-6.11794475	4.30930125
urav1235	-2.599424552055	2.52006510386431	-8.47194375	1.6496965
urim1252	-1.5296946202655	2.69569861697124	-7.488783	3.2161825
urni1239	-0.428273985987	2.91643662261088	-6.4698485	5.38878925
utes1238	-0.49349343587	2.74435515212241	-6.3822755	4.5609755
vano1237	-2.13054690953	2.52790945968538	-7.555457	2.177711
veps1250	-0.052676985205	3.02874232780111	-6.021719	6.149995
vera1241	-2.7474276211685	2.49224552592348	-8.55775125	1.33942174999999
vinm1237	-3.885786841325	2.42915428033492	-9.4874995	0.0507749399999926
vunj1238	-0.168952098005	2.90579143790084	-6.06232975	5.6761585
vure1239	-2.755438887335	2.49993869530371	-8.54536175	1.3599265
wage1238	-0.3888726152	2.73657799763929	-5.6563475	5.135878
waig1244	-1.211763661435	2.40050777899966	-6.4634245	3.11005825
waim1251	-2.058909067975	2.49121981772656	-7.57129975	2.194147
wala1266	-0.749488541208	1.84813383640658	-4.50716725	2.8109585
wall1257	1.669935074029	2.33068274307828	-2.375818	6.619424
wamb1257	-0.3841492837405	2.79070549660191	-6.42593475	4.814386
wand1267	-1.5331469472705	2.5770233516137	-7.23769125	2.92758675
wand1278	-1.871762560605	2.73775122116758	-7.6930825	3.181226
wara1294	-0.66964734873	2.92598646753668	-6.56338075	4.86549324999999
wara1303	-0.52222905047	2.66108585828249	-5.99085725	4.5415345
ward1246	-0.4027443935465	2.73445606918811	-6.118392	5.03720125
ware1253	-1.19443325579	2.46879930037467	-6.6456755	3.22670475
ware1255	-0.77490577349	2.69096191725941	-6.2976805	4.20784724999999
wash1253	-1.1503001133692	2.70537031347206	-6.885784	3.6722225
waya1269	-0.4948755487	2.64945434569731	-5.96296425	4.617905
wayu1241	-0.352027301245	2.80263328216254	-6.20157925	5.0546765
wels1247	3.794267473565	2.84112423425973	-0.88115985	9.76576799999999
west2354	-0.321676787715	2.71330937498115	-5.93788675	4.79956725
west2369	-0.185729777929	2.71954131245099	-6.2332535	4.981022
west2396	-0.219894900589	2.79880553769785	-6.1166495	5.0496485
west2397	-0.451549392095	2.88544448738027	-6.61244225	5.11727325
west2415	-0.3345382979135	2.75031962320055	-6.123657	5.0771975
west2418	-0.31295403235	2.78342488370207	-6.22096475	5.0321075
west2430	-0.037545286465	2.81406882035997	-5.7066105	5.5731
west2516	3.24563581475	2.37828685878779	-0.5457592	8.71208475
west2519	1.25103910978035	2.10255093528672	-2.49838225	5.73338875
west2557	2.9555134872435	2.6079118129513	-1.4345245	8.945673
west2560	3.780506671825	2.44377810070272	-0.2967023	9.35674449999999
west2594	-0.68277056673	2.85984297669594	-6.717187	4.73898625
west2615	-0.87864297077	2.75011587737477	-6.56223425	4.30208824999999
west2635	2.85830205007	2.68885608255027	-1.4959925	8.7474715
west2644	3.0943698550295	2.76646599767181	-1.54535875	9.15710524999999
west2650	-0.563603230545	2.72148901722987	-6.30069575	4.50454825
whit1269	-2.661645565635	2.3317421435595	-7.923816	1.2972325
wiru1244	-1.4500631793315	2.63347987287785	-6.88416925	3.50857599999999
woii1237	-1.2749587697285	2.66723638159969	-6.91244025	3.41480525
wola1242	-0.65634821632	2.76965308213682	-6.5018815	4.74845049999999
wole1240	-0.543949380147	2.57913808623359	-6.06493075	4.18110274999999
woli1241	1.57154799043155	2.192676192098	-2.3628275	6.31834374999999
wuch1236	-0.016301914906	2.95945773449463	-6.14283675	5.84293749999999
wusa1235	-0.13398176088	2.80424827642793	-5.88177325	5.75058125
wutu1241	-0.01276878191	2.82892211674519	-5.86094825	5.6476175
wuvu1239	-1.370792430108	2.70495321667849	-7.23841775	3.48935775
xamt1239	-0.6230610242815	2.68604486719179	-6.0478485	4.25737975
xara1244	2.152298553175	1.83250342883896	-1.29413675	6.10797225
xava1240	-0.5278821973175	2.72200559120723	-6.2077255	4.92926025
xish1235	-0.12105881337	2.93729009103807	-6.1442425	5.81000625
yaka1277	3.540805581588	2.50319069615802	-0.65888775	8.89348375
yaki1237	-0.2412683979815	2.67222638894252	-5.95949075	4.9426235
yako1252	-0.1008761136925	3.07327807744405	-6.43022575	6.22579875
yaku1245	-0.0766796381	2.89142634435615	-6.095211	5.5732955
yale1246	-1.27540325375	2.75278349521222	-7.60572175	3.54994025
yami1254	-0.5785568377	2.04158478230359	-4.84629625	3.41961325
yami1256	-0.26641737934	2.70420695872054	-5.73811	4.9758235
yamp1242	-0.271794537793	3.04682687822221	-6.59781	5.56342625
yano1261	-0.443185812045	2.52456881229332	-5.51138875	4.40440175
yape1248	2.83187632711	2.35099184691353	-1.34842825	8.187602
yaqu1251	-0.967642589898	2.61078458854164	-6.537155	4.04697275
yare1248	-1.9270303475005	2.50035004542753	-7.511857	2.340185
yatz1235	3.66118461463	2.76773236847241	-1.03964425	9.70219699999999
yaul1241	-1.52665351613	2.88792445506157	-7.5089745	3.56294125
yaum1237	-2.8030129764795	2.64880622807087	-8.60903925	1.60605975
yawu1244	-0.127649923045	2.81045330241886	-5.87846625	5.476021
yecu1235	2.599324764264	2.65547705396113	-1.9819925	8.39082124999999
yems1235	-0.4919798472035	2.72727578447454	-6.14025375	4.74279
yind1247	4.6434765911955	2.98659656317513	-0.43024155	11.224775
yoga1237	3.6533964675	2.46902991483595	-0.6516139	9.10355375
yona1241	0.392022073381	2.61103084954099	-4.86795375	5.6245055
yong1280	-0.644083219662	2.91883883634743	-6.712093	4.89655225
yora1241	-0.029007341035	2.78598336366452	-5.728127	5.64420025
youl1235	-0.297604716885	2.73387864951342	-5.806233	5.16960824999999
youn1235	0.081770003418	2.95381322346147	-6.03281925	6.0422205
yuca1254	1.89014654164	2.67537388548405	-2.60418275	8.110403
yuch1247	-1.12950183876	2.61372961241551	-6.649621	3.42819849999999
yuec1235	0.048024768965	2.82686539571538	-6.01496425	5.706311
yuqu1240	-0.817695008057	2.66583576283911	-6.99083675	3.90140475
yura1255	-0.8264766575585	2.70038946312404	-7.147261	4.01409425
zaiw1241	-0.1482533397	2.98542807741773	-6.24257675	5.65303099999998
zakh1243	-0.054104559995	2.83193576796191	-5.73628425	5.6481
zarm1239	-0.071567034125	2.88640896830204	-6.139593	5.9065555
zaye1235	-0.1760789565405	2.95271900301379	-6.33550425	5.66288724999999
zays1235	-0.722524213985	2.78256217758752	-6.69431425	4.41630725
zuni1245	-0.904513081312	2.74127042031711	-6.4973905	4.44265074999999
