Estimate	Est.Error	Q2.5	Q97.5
abar1238	-0.5478404087948	1.64889767023845	-4.01839275	2.4597255
abee1242	-0.145933039985	1.65156766281476	-3.55774825	2.9676705
abkh1244	0.632267590442	1.68924404433387	-2.42983825	4.18511875
abun1252	-0.629816258785	1.57385370299009	-4.0601745	2.3986925
acha1249	0.979855588915	1.51165011701578	-1.68700025	4.27152675
acha1250	-0.596335157369	1.62798430568456	-4.047684	2.30376274999999
achi1256	-0.9146579829	1.68457239248632	-4.63388125	2.220098
achi1257	-0.148349036535	1.67358761031404	-3.44342175	3.12580475
achu1248	-0.33120252807365	1.63776492195298	-3.7770875	2.7954705
acol1236	0.77692098170695	1.60987747697924	-2.3571935	4.154358
adan1251	-0.3688099693165	1.64808625011768	-3.80721	2.689206
adny1235	1.6787811162765	1.63063583760582	-1.2765185	5.2768925
adon1237	-0.2569322422645	1.71970018158753	-3.7066075	3.11184175
adze1240	0.66353026944	1.39434288437599	-1.93474975	3.55054825
afar1241	1.3002348625205	1.51793151311397	-1.393777	4.560684
aghe1239	-0.5267748073505	1.66111486657544	-4.048248	2.49585175
aghu1255	0.0669430768845	1.52824922584938	-3.10559075	3.19981875
agob1244	1.6191867228	1.61254983061331	-1.1506015	5.16936075
agut1237	-0.07598067681115	1.69650194006073	-3.57657625	3.0857105
aheu1239	-0.4127062628485	1.67156248627681	-3.9086875	2.72044225
aime1238	2.26882480021	1.61017492679692	-0.52107135	5.65316075
ainu1240	0.391105934126	1.67399490284157	-2.94394075	4.15455624999999
ajab1235	-0.125816006673	1.68646880812104	-3.5740055	3.19090549999999
ajie1238	-0.21931146496	1.67179661038254	-3.55582575	2.92103775
akha1245	0.1811472867565	1.34273430029309	-2.36479925	2.926827
akoo1248	-0.3606120878775	1.71722455797072	-3.9329265	2.891388
alab1237	-0.7807188264775	1.56342172777549	-3.9927745	2.00059225
alab1254	1.519303701465	1.48800269472182	-1.06402975	4.84916725
alag1248	-0.6278205460975	1.61786921167794	-4.14905775	2.49226749999999
aleu1260	-0.37466611578	1.644546824178	-3.87229775	2.8435155
alor1247	-0.3503129925565	1.63280940618503	-3.76910075	2.8427205
aluk1238	0.26694312607	1.64455195767322	-2.87525325	3.68881375
amah1246	-1.580088729621	1.60746290216826	-5.210542	1.305719
amap1240	1.839808199276	1.5166329067912	-0.904109025	5.06011875
amdo1237	1.051982797265	1.60249939450394	-1.884949	4.58954625
amii1238	-0.49281228843	1.65688922790941	-3.90335775	2.58487375
amis1246	-0.437197523582	1.58081859916938	-3.85249675	2.450041
anei1239	-0.105944480877	1.60538535960239	-3.2812525	2.84980625
anfi1235	1.125668855001	1.58119069394897	-1.73198525	4.58039874999999
anga1288	1.01862909786	1.26706659274125	-1.2591015	3.6821105
anta1255	-0.06208621943	1.69574128113545	-3.376988	3.29981224999999
anut1237	-0.045090109717	1.63321692211081	-3.336445	3.1097575
anuu1241	0.549903960695	1.37343418460224	-1.97163275	3.600137
aoua1234	-0.766524782365	1.56925069754431	-4.15189	2.08960375
apat1240	0.87904106087	1.51376342472671	-1.80843525	4.14255275
apin1244	-0.348402825007	1.65035680516094	-3.77217625	2.746731
apma1240	-0.488069236378	1.65273241244898	-4.074687	2.616692
arak1252	-0.41943897879	1.6939967802884	-3.93237075	2.69384625
arao1248	-0.003381348535	1.43662345907113	-2.7819625	2.97168925
arap1274	0.6087689284313	1.61202775893672	-2.36859075	4.02676575
araw1276	1.452652525745	1.56969929183532	-1.3179915	4.84683925
arbo1245	-0.05173433523	1.36280062583295	-2.771596	2.60029175
arch1244	1.698303053285	1.61696978640007	-1.084088	5.37556975
area1240	-0.024551678534	1.691608456057	-3.492577	3.2784015
aree1239	0.29120293833	1.4933121141339	-2.78371975	3.44108375
argo1244	1.4426783100222	1.6718929101765	-1.435181	5.28462975
arhu1242	1.2174787575655	1.41084748230428	-1.37764325	4.08099124999999
arig1246	-0.112074593345	1.58610138627525	-3.44498475	3.025042
arop1242	1.009679444532	1.41520542575118	-1.62866975	4.1885945
arop1243	-0.133939566048	1.57801410414076	-3.298569	3.17871625
aros1241	-0.07005770855	1.65322605912005	-3.42042725	3.16841225
arta1239	-0.38018584641	1.63069038698335	-3.6576325	2.899735
ashe1272	-0.65725425969	1.4370824847919	-3.59375675	2.00871825
assi1247	-0.15756694519	1.6489375387182	-3.656016	3.01723925
asut1235	-0.2861069869	1.69355291095985	-3.82510875	3.13835425
athp1241	0.00953966704265	1.33770562955351	-2.791303	2.594905
aton1241	0.40216563601315	1.44115325168656	-2.30357625	3.547763
auuu1241	1.34308808385	1.34585790426925	-1.04733925	4.1466455
auye1238	0.650379104265	1.49176586880524	-2.10321625	3.83252824999999
avok1242	-0.4865611311425	1.53121031731623	-3.833376	2.411696
awac1239	1.176233573857	1.59035934883782	-1.727008	4.60775425
awad1243	0.8555597179632	1.49352662399209	-2.03050075	4.089175
awar1248	0.6298787890275	1.37108934663166	-1.9187825	3.5387925
awar1249	0.7858017673205	1.37544677238351	-1.8307005	3.7574
awji1241	-0.2092949889	1.56579276358702	-3.50106025	2.74460575
axam1237	-0.4779863844565	1.6315511146994	-4.06869875	2.705556
axiy1235	-1.27438382088	1.43028424591233	-4.3108665	1.31874775
ayac1239	0.644044572265	1.52981086516178	-2.19222625	3.880876
ayiw1239	-0.08656750551	1.67472328385949	-3.59295175	3.25460025
baba1264	-0.53333711424	1.65173472660112	-3.99627975	2.44654175
baba1266	-0.51010076948	1.62792351224707	-4.02552125	2.5782625
bafa1247	-0.324142048245	1.76263373180162	-4.06716725	3.1593875
bafi1243	-0.3124085439985	1.6318264730778	-3.80645325	2.72288074999999
bafu1246	-0.516223609913	1.61568324474188	-4.11256625	2.4725725
baga1272	1.86095703013	1.69038881251349	-0.952286975	5.55288749999999
bagi1246	-0.888430171395	1.554911632297	-4.25446375	2.010386
bagv1239	1.798738128297	1.58967200601994	-0.991759425	5.298233
baim1244	0.98665611039	1.572344948441	-1.80600075	4.502489
baka1272	-0.18180684941	1.59027311819899	-3.5849525	2.92821825
bala1311	-0.098288513665	1.66524661170521	-3.49313275	3.056715
bala1315	-0.0730859744	1.74488336671895	-3.72383825	3.3250565
bala1316	-0.23216526066	1.67492233602785	-3.7793605	2.919455
bali1278	-0.05988348216345	1.73294465794324	-3.67192825	3.27930325
balu1257	-0.11619126704	1.71985370007414	-3.71937475	3.2749005
bamb1270	-0.19886100119	1.69290111363802	-3.66307175	2.9940355
bamu1253	-0.43454104679	1.60910169705812	-3.698377	2.53932025
band1344	2.25104349718	1.7290842435029	-0.75629455	5.8849175
bang1354	-0.051771909045	1.76591373686622	-3.63537625	3.43028275
bang1369	0.650398532504	1.49520663879738	-2.1102995	3.80396375
bant1281	0.38101510241505	1.3219556161676	-2.19990975	3.15827099999999
bara1357	-0.720604158138	1.29109420344567	-3.40451175	1.738213
bari1286	-0.33042620203	1.7040314709865	-3.933651	2.92079525
baro1253	-0.721565988605	1.51228295950703	-4.02549525	2.11477
basq1248	0.65995511768	1.58392246324313	-2.31186475	4.09007025
bata1285	-0.0789503326885	1.65225219150549	-3.43372175	3.134844
bats1242	1.636317443015	1.66526797899465	-1.26064525	5.3075455
baur1253	-1.012802954845	1.54505194643901	-4.33609	1.737589
bawm1236	-0.562863681551	1.25772058724017	-3.154848	1.82762625
bebe1248	-0.229331386265	1.61065529743825	-3.507161	2.96704125
beka1241	-0.07436141583	1.75452310826953	-3.61966475	3.32222925
bela1254	1.523967991055	1.6563310625968	-1.34103175	5.08504075
beli1257	-0.55298736419	1.61491407091934	-4.1511615	2.41214549999999
bell1243	-0.25794292471	1.59728763547513	-3.714599	2.78175825
bemb1257	-0.009788851818	1.77941239942853	-3.7600475	3.34257175
beng1282	-0.092508597258	1.64235516469941	-3.41565475	3.118755
bent1238	-0.2963555441395	1.58099973676058	-3.492333	2.6833245
bert1248	0.305035555688	1.50515945399482	-2.7423645	3.36248025
bezh1248	1.80083898384	1.63419323606836	-1.001288	5.2933
bhoj1244	0.529362440266	1.55771231369375	-2.37183075	3.700542
biao1253	-0.578195758125	1.46453134696398	-3.689978	2.17729175
biao1254	-0.70666376266	1.58229950339216	-4.166772	2.21582774999999
biao1256	-0.720855921565	1.59871506574362	-4.08729725	2.27600475
bier1244	-0.45215781230585	1.62880727533631	-3.9823435	2.565347
bign1238	-0.490468705228325	1.62588288563622	-3.8599935	2.57896725
biha1246	-0.510720869405	1.62574858723481	-3.99341375	2.479559
bilb1241	0.63423105662145	1.48693542442159	-2.2276785	3.55615575
bimi1240	2.71255318875	1.58639183676747	-0.064259675	6.09634575
bini1246	-0.1280483978145	1.64348226477821	-3.4883385	3.162626
bira1253	0.1852471416485	1.30510653262816	-2.45971425	2.82194625
bisu1244	-1.432665324098	1.39962244665456	-4.3234645	1.12216725
biwa1243	0.8896794210025	1.35915185439541	-1.55478925	3.84452325
blab1237	-0.018592784695	1.51699120391973	-3.02975725	2.94500025
bodo1267	1.409795354742	1.55804763695055	-1.39443325	4.8378525
boka1249	-0.0427229562395	1.38947090363538	-2.97580575	2.78238375
bola1250	-0.3393724894695	1.71843205948913	-3.922863	2.92185624999999
boly1239	-0.6869037032105	1.6380047409376	-4.2089995	2.3232175
bona1250	1.168027861286	1.54511107288642	-1.58035625	4.7335255
bong1289	-0.071783118739	1.65884097682187	-3.3988	3.2219005
bora1263	-0.165670134564	1.45835579311205	-3.206848	2.60494825
bord1248	-0.7833296999	1.51908879721436	-3.99342275	1.991151
boro1277	0.607861416151	1.44684982450224	-2.10178975	3.66670625
boro1282	1.069421860791	1.55995298189142	-1.71100175	4.342308
boto1242	-0.189732223365	1.71422635266438	-3.813264	3.304163
boun1243	0.19745256372	1.56247259071645	-2.7894635	3.373754
boun1245	2.428923891311	1.49568375055548	-0.037483135	5.51138975
brah1256	0.3066551959055	1.62739243236828	-2.79201625	3.75262975
bret1244	-0.30014592285	1.6107086992948	-3.75684625	2.671364
brib1243	-0.146811136229	1.62663176470178	-3.61448325	2.96774999999999
budu1248	1.285790323525	1.6079806701013	-1.61918625	4.67829975
budu1265	-0.51267912265	1.68879879323812	-4.085773	2.766722
budz1238	-0.0879183236435	1.69421452609426	-3.45193675	3.12420924999999
buga1247	0.188190483616	1.44598780245559	-2.7286145	3.05090225
buga1250	-0.07862526891	1.50262906744972	-3.14860625	2.8478165
bugh1239	0.10858605387	1.54935828576733	-2.999237	3.31137225
bugi1244	-0.2716014130585	1.68874950260887	-3.8486815	2.80011025
bugl1243	-0.26193664107	1.67955534939144	-3.7559305	2.93576299999999
bujh1238	-0.375808175217	1.27740646243792	-2.94244075	2.1101
bull1247	0.048002909716	1.62455512729526	-3.21612875	3.30391075
bulo1242	-0.56577660235	1.67326386287685	-4.10405725	2.52716825
bumt1240	0.8998543060465	1.62095651997938	-2.01097375	4.3733405
buol1237	-0.04854462097	1.68026956592519	-3.54069475	3.2369005
bura1292	-0.865205682975	1.62730375527656	-4.30751225	2.1993325
bure1242	-0.700527155907	1.60425821429364	-4.034747	2.25805325
burj1242	1.20713511767	1.57740131863704	-1.77861025	4.689496
buru1296	0.34675074366	1.68545996989331	-2.9299855	3.87149875
buru1320	-0.593156135845	1.6409664651632	-4.21183625	2.60507475
busa1253	1.3909180420285	1.65638475549696	-1.49582425	5.0725255
bush1247	-0.041463311037	1.76491951768828	-3.697987	3.5299935
buwa1243	-1.0375029480481	1.59717937876232	-4.4701825	1.893415
bwat1240	-0.2138824313875	1.71700236656154	-3.77240425	3.27488875
byan1241	0.7862393954735	1.62417509236364	-2.15279625	4.407863
caac1237	-0.24405984626	1.70279978426033	-3.7516015	3.17160225
cahu1264	-0.942671184219	1.52843712777571	-4.110954	1.7572615
cakf1236	-0.674510537653	1.62732404366644	-4.194051	2.365863
cane1242	-0.35797589963	1.58746705002672	-3.8528645	2.64456325
caom1238	-0.828087503528	1.5361911439666	-3.94080625	2.040571
capa1241	1.417844241395	1.5331267983916	-1.39354475	4.563347
carn1240	-0.501170626283	1.57623832129043	-3.80036275	2.45252175
caro1242	-0.0493641164185	1.72877654469818	-3.71689125	3.41720575
cash1251	1.5776652445555	1.4984676629323	-1.04213525	4.86529075
cavi1250	0.036922516996	1.40859173475695	-2.712186	2.92511975
cemu1238	-0.223152675844	1.67581737467359	-3.76985975	3.09173625
cent1989	-0.390871276815	1.58152459259749	-3.73682575	2.64750875
cent1990	-0.5181500019495	1.63261325712462	-3.902205	2.58630575
cent1992	-0.60101081071	1.62980412348319	-4.19613425	2.457988
cent2004	0.191467197855	1.35446958815456	-2.6248035	2.82644725
cent2050	-0.814984976004	1.6800819031665	-4.4443075	2.2990315
cent2090	-0.066038341095	1.65064628833627	-3.45586375	3.21256999999999
cent2127	-0.3504383004979	1.61207084921836	-3.7488915	2.869125
cent2131	1.38910992901	1.53575658889522	-1.308907	4.70589725
cent2142	-0.5708230242267	1.63544835775814	-4.105057	2.48778725
cent2150	-0.208486226599	1.67460111416846	-3.659323	3.1349465
cent2292	-0.4321794191085	1.63891818009077	-3.694464	2.673976
cent2314	-0.4053691311795	1.64636951744824	-3.832382	2.6681895
cent2322	0.100323699025	1.75790083922447	-3.36605225	3.79030325
chac1251	-0.9745703216	1.46250006276792	-4.248963	1.6345735
chad1249	-0.21483531989	1.70230244714393	-3.66091425	3.08254724999999
chak1270	0.4502307722085	1.42648098335483	-2.0915445	3.54834099999999
chal1275	-0.7020048756705	1.59699865261228	-4.12485	2.22932075
cham1309	1.76698005563	1.59021349599264	-1.00725375	5.28707375
cham1312	-0.15238579173	1.61913153623937	-3.40976725	3.0647895
chan1313	0.34322676871	1.24002218189242	-2.15585775	2.924596
chas1234	1.17818354506	1.40739863187436	-1.3878685	4.13129625
chec1245	1.2548519445255	1.61821800994445	-1.73757225	4.71091774999999
chek1238	0.032243233425	1.5545697458341	-3.0532175	3.13982625
chen1255	0.329558679656	1.75115596058699	-3.18411475	4.1866575
chep1245	-0.602368177308	1.27793842191842	-3.26881175	1.84282275
cher1273	1.0166321703725	1.5600683512155	-1.681168	4.45497825
chhi1245	0.2067007260123	1.32771647527118	-2.36536875	2.913885
chil1280	-0.529450516765	1.61149968153445	-4.150273	2.420582
chim1302	1.0727734450845	1.55892230686725	-1.64127075	4.44120624999999
chip1241	-1.050137540516	1.53302005360119	-4.40654525	1.648311
chip1261	-0.350751563422	1.64233070357498	-4.0302295	2.97839
chiq1248	-0.59399019378	1.64753902236631	-3.94931875	2.47918375
choc1276	-0.095155503645	1.53949677010306	-3.30140075	2.8511085
chon1284	-0.425585809241	1.62623066519541	-3.8342145	2.5625
chot1239	-0.363077606175	1.30781405054397	-3.11856325	2.06263775
chra1242	-0.419333733855	1.6231306772845	-3.91834625	2.66789025
chuj1250	-0.8674823787181	1.64829011830983	-4.37501475	2.11118125
chuk1273	-0.971746195626	1.65482385151027	-4.667891	2.0680585
chuv1255	0.1975510376935	1.71657664354941	-3.13945	3.854646
chuw1238	-0.0221361675	1.79784260325202	-3.72920825	3.725563
cici1237	0.4891457619871	1.67204632601831	-3.089479	3.7321525
coat1243	-0.842769712268	1.65029084309765	-4.295553	2.09978374999999
coca1259	0.94640852936	1.56350994265158	-1.92390175	4.2311065
colo1256	1.346229288685	1.56701332848672	-1.424784	4.733756
colu1241	-0.2783695526415	1.54441975332197	-3.3690075	2.7309855
coma1245	0.9923785971755	1.57730352612402	-1.90258175	4.29821825
como1259	-0.4889579653075	1.68309864359336	-3.925896	2.70536975
cong1236	-0.009684359555	1.61721802650604	-3.35112875	3.20333575
copa1237	-0.885227518867	1.61993375251665	-4.5099595	2.3147305
cori1240	-0.44930294565515	1.6625877670616	-3.892656	2.74323075
cors1241	-0.468594085606635	1.59072048317441	-3.77853525	2.570149
cosa1234	0.52150243751	1.4525891396174	-2.280916	3.5543015
cree1270	0.94832249029	1.54447187757502	-1.87066775	4.27347275
crim1257	0.08155790085	1.62855979131958	-3.18012375	3.46531275
crow1244	-0.191389972875	1.54821730649943	-3.456945	2.79735225
cube1242	-0.12633108493715	1.4420538463184	-3.10077225	2.759345
culi1244	-1.0199866961745	1.66136753099023	-4.622994	2.0846265
czec1258	-0.6382922727395	1.48541377216142	-3.827467	2.11196425
daai1236	1.1216802599745	1.46067823254166	-1.413839	4.42208225
daas1238	-0.255112336259	1.53339334519174	-3.499402	2.630944
dagb1246	0.369710235935	1.56100435728707	-2.8421425	3.57291175
dagi1241	-0.3948463875051	1.61684320507025	-3.8358675	2.64146125
daka1243	-0.5076744886085	1.6276029017247	-4.11780175	2.53716825
damp1237	-0.116171011825	1.72403743009086	-3.75088375	3.234915
dana1252	-1.2647221234495	1.60457569807725	-4.57173275	1.649194
dani1285	1.11721142708	1.57437528966056	-1.70426325	4.57132899999999
dara1250	-0.0221896002145	1.3307385579164	-2.65090725	2.748868
darg1241	1.500020523934	1.62093375943069	-1.35802125	5.026119
darm1243	0.783123299385	1.60453429220891	-2.08018075	4.1984195
daur1238	0.05171400835	1.67028382270365	-3.276147	3.44943525
dawr1236	1.344209747655	1.5171870878678	-1.4371245	4.51939599999999
daza1242	-0.179000669835	1.71273535493482	-3.684814	3.04382425
dege1246	-0.199751322568	1.70332703786561	-3.67140725	3.12206449999999
dera1248	-0.8580247453635	1.6118687261057	-4.28891225	2.11794075
desa1247	0.869329672765	1.38757223413337	-1.62950825	3.8236865
dhao1237	-0.130594440309	1.66564252774867	-3.6201395	3.28771175
dhim1246	-1.1015194163715	1.41090575103299	-4.04552425	1.456779
dibo1245	-0.0040295517715	1.74036985898282	-3.50952675	3.43143575
dido1241	1.77569789912	1.6201560316277	-1.201703	5.23508574999999
diga1241	0.052698460637	1.26575767933502	-2.35725275	2.67133925
digo1243	-0.14415742634	1.7245531275931	-3.67639275	3.185342
dima1251	0.684308584218	1.37296116163487	-1.9842465	3.50795775
djee1236	-0.9367424236855	1.64916536967062	-4.28529175	2.12898975
djin1251	-0.34496281194	1.75735680418453	-3.8706685	3.01036925
dobe1238	-0.0213548711945	1.68428965857947	-3.64502475	3.4065865
domm1246	1.989317721755	1.46500103892126	-0.666834275	5.10445375
dong1285	0.6682286588125	1.64765680971698	-2.34914425	4.39374874999999
doro1266	1.97762175821	1.37215927495535	-0.480632375	4.79305
drun1238	0.7327915497315	1.49763942549011	-2.08320825	3.87182424999999
dumb1241	-0.13657503648	1.61453376081774	-3.43973475	3.17578799999999
dupa1235	-0.2951954467355	1.63591409043307	-3.70268625	2.99895675
dusn1237	-0.0745860019795	1.6883519230232	-3.512623	3.4306365
dutc1256	0.8314820373435	1.51357188822944	-2.0303655	3.941898
dzao1238	-0.701695389753	1.61150819180242	-4.082404	2.38757625
dzon1239	0.367646136745	1.44242881965167	-2.36030625	3.29263849999999
east2328	0.20072632499	1.6490927188664	-2.879738	3.8409185
east2332	-0.48739714655	1.67218631711856	-4.17153	2.54961525
east2342	-2.0342516951575	1.58935298950941	-5.64340325	0.57136935
east2443	-0.43192545818	1.68210100652358	-4.074032	2.84480575
east2516	2.78506808821	1.63362130759878	-0.00228698624999999	6.3662765
east2555	0.7228794356635	1.555760377534	-2.16451625	4.0268305
east2690	-0.340378383065	1.64546664842035	-3.84706975	2.740853
east2773	0.4116359555615	1.33371493908627	-2.096735	3.08520975
east2782	-0.061392971147	1.68806896135322	-3.48256775	3.37513625
egaa1242	-0.15235740121125	1.72499973704785	-3.656245	3.19684775
egyp1253	-0.170663612354	1.64965892314627	-3.53803275	3.02068975
eipo1242	1.70624726753	1.64356588467423	-1.12406425	5.1903645
elem1253	-0.23383645472	1.6409017295413	-3.67695175	2.94415925
elna1235	0.625676802358	1.42887439500343	-2.10983675	3.5145915
emae1237	-0.367315064695	1.64474224480382	-3.6209485	2.7959295
emai1241	-0.136449884773	1.64335681944844	-3.53992425	2.93863675
embe1260	-0.725136869738	1.50857221957792	-3.95431925	1.99343275
embe1262	-0.50001508848	1.61946939670005	-4.05448575	2.6649325
enap1235	1.044991770835	1.58378079497925	-1.90543125	4.4216825
enuu1235	0.75353338051	1.39743603775553	-1.8846635	3.62460425
epen1239	-0.421443758825	1.62622373684356	-3.8575105	2.76110175
ersu1241	0.8419924874544	1.60870378824866	-2.12821625	4.361912
erzy1239	0.1242749094725	1.6922608655321	-3.30560225	3.64059125
esee1248	-0.888114241568	1.42789767976039	-4.01598675	1.74657825
esim1238	-0.49046597343	1.70223841642178	-4.15310525	2.670613
esto1258	0.331965801973	1.67139840334049	-2.777076	3.69778125
even1259	0.077154315755	1.63689073934444	-3.12360125	3.39690175
ewee1241	-0.1803024176985	1.7486598866478	-3.76224525	3.29834
fare1241	0.4120331911875	1.65696472988592	-2.91803	3.9871665
faro1244	-0.78417107611	1.50326020960357	-4.11589275	1.897303
fiji1243	-0.069163041395	1.80710315573881	-3.9864075	3.2957145
fina1242	-0.4384713350485	1.62883690120755	-3.79467	2.50305425
finn1318	0.01425838914815	1.61370263849435	-3.18909775	3.111602
fonn1241	-0.1171471088	1.69220392938876	-3.68053325	3.18101725
fore1265	0.087000125445	1.68277847619688	-3.3708655	3.44527225
fuln1247	-0.5335383996005	1.60779349930957	-4.01729	2.5033195
furr1244	-0.49385720821	1.69841293405461	-4.01776825	2.83477475
furu1242	1.8828746608495	1.54693282809719	-0.752050775	5.1058395
futu1245	-0.11237331737	1.64405788798003	-3.42295475	3.27608625
fuyu1242	1.36279697197635	1.33546304862272	-1.08889875	4.25354025
gaaa1244	-0.1548913192205	1.7079677036758	-3.7231725	3.16495075
gaan1243	-0.917411991612	1.61638933868958	-4.36689925	2.034944
gaga1249	0.04329596372	1.61592362306545	-3.10783025	3.42377525
gahr1239	0.5420564678335	1.61619557909774	-2.291538	3.94610775
gali1258	-0.4355877759	1.64419131947122	-3.9612595	2.6681
gali1262	1.41812647764	1.54162066093409	-1.25076975	4.8579225
galo1242	0.673851154684	1.37463046540534	-1.8177275	3.6850345
gami1243	-0.247931624415	1.64030746350991	-3.6886815	3.03923275
gamo1243	0.79237247669	1.40179362667905	-1.7740585	3.6900485
gang1266	-0.20032146691	1.27662033235826	-2.90167575	2.2496785
gant1244	1.1457356185575	1.3577273204266	-1.3378875	4.14817699999999
gapa1238	0.44363498298	1.51073873200404	-2.5298085	3.71859075
garo1247	0.3701681417515	1.44415787631986	-2.37978525	3.47806825
gata1239	1.521170104855	1.53900847948439	-1.194341	4.954989
gayo1244	-0.14728739545	1.73122394982592	-3.740877	3.20261474999999
geba1237	-1.583012162519	1.57684543251574	-5.1663495	1.15704325
geda1237	0.5926556479185	1.50627085955111	-2.31455775	3.58090799999999
gela1263	0.24167755277	1.56455039520484	-2.777182	3.50382675
ghad1239	-0.1352678823551	1.6394801545071	-3.53592325	2.96866025
ghan1242	-0.14452822528	1.69025537803887	-3.74184925	3.16935
ghar1239	0.261730051876	1.53345203013875	-2.79382525	3.267297
gheg1238	-1.1336310598385	1.56607411133791	-4.43248175	1.63693875
ghod1238	1.6585564900845	1.6155697248428	-1.161988	5.30294725
ghom1257	-0.2873524063715	1.69707289451152	-3.82131775	3.00912325
gilb1244	-0.039935149657	1.71512104844544	-3.40015525	3.40971075
gily1242	0.5239239514725	1.70358231521498	-2.67042925	3.92971625
glav1244	-1.03253136232	1.58438836033213	-4.4114885	1.81534925
gofa1235	1.083880433565	1.43970717019919	-1.57708625	4.11629825
gogo1265	1.807440662825	1.59944473452124	-0.899447975	5.28857
gola1255	-0.1195008807545	1.67286287296017	-3.6134505	3.14221975
guah1255	1.217812837495	1.61407070466616	-1.6642635	4.8271305
guan1266	1.097416652331	1.46720533545911	-1.523632	4.29022875
guan1269	0.119359920942	1.40143989921498	-2.5632005	2.92333075
guat1253	-0.2238464816515	1.58028935938735	-3.4727275	2.90170625
gube1234	-0.0508542972235	1.66080210395071	-3.3156965	3.20423075
guer1243	-0.8351029939925	1.62879030713308	-4.24652225	2.285976
guiq1238	0.825281013595	1.51837056673504	-1.99134775	3.95479675
gulf1241	-0.4311320908895	1.61868920413922	-3.718011	2.547449
guma1254	-0.14794548587	1.55416986196213	-3.513567	2.91173475
gumu1244	0.562080463375	1.52419458585618	-2.3246605	3.945562
gunw1252	-0.8584658719775	1.63784635366785	-4.326986	2.17473975
guny1241	-0.128364531075	1.5528904075092	-3.211644	2.99518675
gura1251	-0.91242652894	1.49831428987581	-4.10263425	1.85199925
guru1261	0.64872184826	1.37645756810937	-1.92293525	3.50052275
guru1271	-0.73468577568	1.62490540199143	-4.091922	2.2501245
gyel1242	-0.119931393527	1.78565642629983	-3.624703	3.41474025
haaa1252	-0.1406787495765	1.65495423804528	-3.33350225	3.029851
hadi1240	1.2632173543295	1.35640312107752	-1.1987355	4.40713475
hadz1240	-0.6746214319623	1.68386848318369	-4.216538	2.643595
haka1240	-1.15563151721	1.36306619474611	-4.0875285	1.26804975
halh1238	0.138698060043	1.59438158460373	-3.0465235	3.606574
hali1244	0.1043272384635	1.5736896699902	-3.00842175	3.18431975
halk1245	-0.658660143045	1.6937489898238	-4.30843625	2.49531
hame1242	-0.1642475143125	1.31565824858544	-2.8989015	2.33736575
hang1263	1.167749234845	1.36566156212674	-1.308057	4.1523945
hani1248	0.77128156174775	1.4850010698441	-2.01592825	3.847379
hano1246	-0.445854951495	1.69588507975016	-3.91979325	2.84358675
haru1245	1.40954198584	1.29434840648959	-0.94014815	4.17498124999999
hass1238	-0.06354193938	1.71417175542579	-3.548457	3.34894125
hava1248	-0.112329153089	1.62076341747067	-3.32567375	3.103472
hawa1245	-0.034768214251	1.69755992128125	-3.4246675	3.341184
hebr1245	-0.2347224331501	1.64734034073517	-3.55882225	3.10978975
hehe1240	-0.153691925849	1.75230424311661	-3.8424485	3.10489825
heil1246	-0.239884401155	1.66735249889397	-3.7270545	2.9779125
hela1238	-0.29077335269	1.27689857694748	-2.723485	2.16690425
here1253	0.029743646663	1.74115000706843	-3.52093725	3.528464
hida1246	-0.1522556336615	1.66799488216672	-3.5831235	3.16830875
high1276	0.879440079605	1.36028663063399	-1.82709475	3.64460175
hind1269	0.5063856882115	1.52050260241351	-2.26581575	3.567017
hoaa1235	-0.8038266384205	1.62103397906313	-4.1731375	2.235362
hoav1238	-0.164562550874	1.57324329004567	-3.37271575	2.91947225
holo1240	-0.03490815865	1.7099040996901	-3.55653375	3.25514225
hone1235	-0.76108933921	1.61093888757565	-4.10504425	2.26681725
hooo1248	0.9898056030085	1.52821292651346	-1.76936125	4.2861055
hopi1249	1.29048524314	1.52485969824859	-1.3933695	4.63373675
horp1239	0.96130449531	1.52152914909079	-1.7565915	4.17349975
hual1241	0.9532387613515	1.44156131487284	-1.77705075	4.01891425
huam1247	-0.47096351646	1.61802443083661	-3.7326155	2.53337075
huar1255	1.3070634506555	1.50263055139532	-1.3584695	4.55015825
huba1236	-0.96484234584	1.63366711639824	-4.59368475	2.08807725
hula1244	-0.3897110220085	1.62256658867661	-3.68978025	2.6454825
humb1243	-0.281946328165	1.66997353866285	-3.71871875	2.94967925
hung1274	-0.00047637361	1.66388802316105	-3.36446775	3.36577349999999
hunz1247	1.796151511355	1.64578217726411	-1.03025225	5.2600695
hupd1244	1.13488783281	1.45456330841742	-1.3894625	4.34971224999999
hyam1245	-0.417316934901	1.662988654852	-3.76117725	2.785754
iaai1238	-0.16661747428	1.80923333567672	-3.9956445	3.280567
iatm1242	1.275507956458	1.37504922995163	-1.1391645	4.0980425
ibal1244	-0.417960739922	1.60095304941986	-3.601339	2.641107
iban1264	-0.1130146327235	1.73793254111194	-3.831248	3.3308575
ibat1238	-0.2431879737226	1.62233948047607	-3.47911375	2.94715575
ibib1240	-0.27483546	1.70160028916208	-3.81919125	2.93828425
idum1241	0.531606976119	1.38436871127401	-2.1084525	3.41015575
idun1242	0.008949064699	1.5084059493317	-3.13874525	2.92893225
ikkk1242	-0.059111804545	1.66579160497451	-3.379195	3.19332675
ilaa1246	-0.009723832865	1.69089991449315	-3.3775545	3.412305
iliu1237	-0.2658811083545	1.65339105212881	-3.71809975	2.77015
imba1240	1.444273677767	1.55882842322813	-1.349626	4.84095975
indo1316	2.339420435625	1.81774136078205	-0.782435325	6.43047675
ingr1248	-0.101471794946125	1.65773090897637	-3.48022175	3.23951925
ingu1240	1.370999649886	1.64340118273377	-1.5649265	5.05870575
iris1253	-0.354193550787	1.61075339403357	-3.861792	2.675961
irul1243	0.281025351123	1.61279898296731	-2.7036415	3.7637215
isco1239	1.628155927831	1.55626581421799	-1.14462075	4.92939175
isin1239	-0.4327595428875	1.62712126740185	-3.8889625	2.64658274999999
isir1237	-0.169547213345	1.5617189578731	-3.34642475	2.69432349999999
isna1241	-0.2911630668535	1.64743761643723	-3.63644	2.9239235
isth1240	0.681422968521	1.31643106415701	-1.97346275	3.38958875
ital1282	-0.4727554736225	1.57819269766864	-3.95852875	2.4563435
iton1250	-1.20215891449	1.54374625424629	-4.41817075	1.63550049999999
itza1241	-0.38707991788	1.67486448319937	-3.8251575	2.9573195
iwal1237	0.3753276331245	1.46557494204637	-2.499945	3.45827125
iyoo1238	0.6460381717635	1.35111653483306	-1.846676	3.55661875
jahh1242	-0.462016733656	1.52323621756343	-3.6788035	2.43828525
jalk1242	0.034056343825	1.47748584783819	-2.8848835	3.07373199999999
jama1261	-0.3609258371595	1.62803487522139	-3.85561375	2.86214425
jamb1236	-0.1451946495945	1.70270990899401	-3.66308525	3.17135675
jams1239	0.12223311632855	1.51526474736678	-2.9740245	3.079457
japh1234	1.232194681994	1.43342120120004	-1.24351625	4.347388
jaqa1244	-0.31085544139	1.59658663049327	-3.62039025	2.8035575
java1254	1.74423327587	1.75043169094424	-1.332594	5.5402165
jede1239	-0.514439871207	1.60710024106687	-4.02372375	2.5235665
jeha1242	-0.538737824265	1.64757550937437	-3.9513265	2.64475975
jina1244	-0.8822002828525	1.53656902393001	-4.22188975	1.86390925
juan1238	1.268349481939	1.57378885355692	-1.4633725	4.7072525
juku1254	-0.57625712085	1.6922561198965	-4.154791	2.6527295
jurm1239	-0.5620033132735	1.58706861528206	-3.94380775	2.5127425
kaba1278	0.912609919022	1.71395418284335	-2.17515225	4.60662399999999
kaba1281	-0.5008235342649	1.57611860604825	-3.72955925	2.54494325
kach1280	1.2236794547445	1.55825807600354	-1.6027235	4.6579155
kado1242	-0.40945115968485	1.47846238245655	-3.33613125	2.63926375
kafa1242	1.804208080824	1.65610538161009	-0.96473585	5.48136425
kaga1256	-0.0979939143743	1.71254575336526	-3.671997	3.146109
kagu1239	-0.2215034380485	1.78816416754332	-4.0866105	3.325457
kaik1246	0.4587602849585	1.46100336888538	-2.27007825	3.45076375
kaki1249	1.877796650568	1.49430866889801	-0.636647325	5.13834574999999
kala1399	-0.2164017071165	1.69608344688383	-3.68998225	2.97055375
kalm1243	0.1869592138065	1.68879569187455	-3.128641	3.66236
kamb1297	-0.3028708451	1.66599583922674	-3.78896925	2.930642
kamb1299	-0.1161064995714	1.70209848867768	-3.7006545	2.99391425
kamm1249	-0.750261940754	1.67746600501162	-4.22555475	2.36664275
kamu1260	1.6462224129545	1.52830608325988	-1.23518025	4.83885
kana1286	-0.505406915981	1.57759519560093	-3.82735475	2.44796624999999
kana1291	-0.7179684599525	1.59233835633355	-4.01132275	2.41715825
kani1286	1.0084118454455	1.40022741776767	-1.55974625	4.08571575
kaqc1270	-0.894612337589	1.61799852452593	-4.286393	2.10545525
kara1486	-0.6145053197335	1.64870217686705	-4.1914945	2.37386125
kara1487	-0.458025408762	1.58277620923503	-3.79721	2.60499125
kara1500	-0.29824536177095	1.65453771846787	-3.86529725	2.83464775
kare1335	-0.001258186981	1.57612023050851	-2.96767325	3.03826375
kare1338	-0.4399100345615	1.62162020273396	-3.81747425	2.7295445
kari1311	-0.696505777737	1.54643721444224	-4.07211125	2.204137
karn1252	-0.362716457285	1.58149454441887	-3.7632805	2.71574225
kash1277	0.6676051008065	1.65128766510261	-2.2908695	4.20673675
katb1237	-0.5063707565585	1.60643040924318	-3.967298	2.54025425
kats1235	0.71217554148	1.41065661806137	-1.89562	3.64333475
kaya1315	-1.8471080519605	1.6104680818825	-5.52846875	0.872979424999999
keap1239	2.3224508165	1.53827381565175	-0.2055729	5.731458
keig1242	-0.295471479405	1.70175824889772	-3.877101	2.869508
kele1255	-0.1631234699573	1.65210413701586	-3.58075075	3.12448374999999
kele1258	-0.124054587795	1.72878998902197	-3.655091	3.33473725
kemb1249	-0.082990188605	1.78212949337497	-3.76304175	3.56676625
keng1240	-0.5345827198583	1.65495422327098	-4.17066875	2.59889225
kens1248	-0.4640656167	1.64734428805865	-3.94332975	2.64767075
kenu1236	-0.4194820749675	1.62111098154718	-3.670478	2.62276925
keoo1238	-0.168537278405	1.62713533172236	-3.41479325	2.9602455
kera1255	-0.88702697289815	1.65531498568966	-4.494485	2.11841275
keri1250	-0.13807600543	1.66087170512037	-3.566359	3.1730225
kesa1244	1.12252393207	1.42330039605531	-1.52372725	4.0576545
kett1243	0.346373906413	1.65936817099739	-3.00309425	3.686033
kgal1244	-0.1971516897125	1.73929417742163	-3.76775	3.380212
khak1248	0.137953356049	1.65320013009978	-3.23286925	3.675703
khal1275	-0.0791893907545	1.33055053720361	-2.69335925	2.66642525
kham1282	0.699179181555	1.56786889354427	-2.247957	4.17322475
khan1278	-0.22974477734	1.67098160892939	-3.649673	2.90288049999999
khar1287	1.139450253874	1.57783078108457	-1.83482225	4.5121145
khar1288	0.934783920205	1.23465369941813	-1.3644505	3.52243125
khas1269	-0.298910005365	1.36333389886342	-3.1445835	2.23641925
khez1235	0.76956206803242	1.19934337378034	-1.5848405	3.21344375
khin1240	1.3586049474895	1.63003522983654	-1.53485525	4.9866415
khmu1256	-0.3631028568315	1.49974596255762	-3.41283425	2.67161825
khum1248	-1.0449717058415	1.38119566861716	-4.01033025	1.46122125
khva1239	1.8097354695405	1.61234184085557	-1.083824	5.41050775
kich1262	-0.9117933954665	1.61965990571019	-4.412386	1.9959315
kiku1240	-0.4413639914475	1.68269673904531	-3.9703615	2.81477075
kile1243	0.122932175305	1.77095676248352	-3.4233015	3.7063405
kili1267	-0.228792854948	1.58247552531357	-3.314803	2.97958175
kimm1245	0.9763943827945	1.40851474958588	-1.598873	3.95530125
kinn1249	0.61841428734	1.66703405218646	-2.4921725	4.16151225
kiow1266	1.166497175395	1.65515743009148	-1.89468775	4.79203425
kips1239	-0.4520558545065	1.65698320615754	-3.8437515	2.7591065
koho1244	-0.471480319335	1.66359152063037	-3.93706925	2.595804
koit1244	2.15944805461	1.44152708578586	-0.33261055	5.319823
koko1269	-0.0494788954165	1.51266610560774	-3.1986655	2.954109
kola1285	0.02077433973	1.63635947959872	-3.3306965	3.42105
kolb1240	-0.6269767605225	1.66945256656934	-4.23408975	2.56744049999999
kolc1235	-0.188709539395	1.61810521534487	-3.37019425	2.97858425
kolu1245	-0.04881311338	1.56779970278789	-3.3501	2.9540345
komb1274	0.3165125571745	1.48312948835717	-2.65298075	3.262781
komc1235	-0.5391815852615	1.64324289236641	-4.21380675	2.41549225
komi1268	0.07808939294	1.76317106363921	-3.3754595	3.6583615
komi1269	-0.0043820156535	1.68589384579357	-3.24431575	3.592956
komi1270	0.685669460335	1.28949306711202	-1.7388845	3.204975
kona1242	2.60155988002	1.59429786967311	-0.257011425	5.916371
konk1267	0.484987426425	1.6610551096362	-2.56532925	4.05093674999999
koon1244	-0.067025962915	1.77159623560323	-3.6363475	3.6097405
kore1280	0.3559853325515	1.60369063351174	-2.7663845	3.59505974999999
kork1243	-0.8909428446825	1.54170600990335	-4.23222825	1.8660195
koro1298	-0.04509559902425	1.56266203843369	-3.25484575	2.8318605
korr1238	0.384245628555	1.61016064366092	-2.60649025	3.74114475
kosa1249	1.6490966067	1.60278254014883	-1.1377985	5.070191
kosr1238	-0.0100811312045	1.71123352956009	-3.560553	3.48449925
kota1263	0.3211726919905	1.64905945949104	-2.793657	3.736559
koti1238	-0.06568424588185	1.71331381956555	-3.60469725	3.45741075
kove1237	-0.3175847028105	1.64588951123954	-3.644551	2.75874725
koyr1240	-0.1836546858915	1.78919306061735	-3.777077	3.2168665
koyr1242	-0.15352783818	1.67092960338469	-3.66793425	3.19689675
koys1242	-0.753294193265	1.63505125457588	-4.28189225	2.3025065
kryt1240	1.323651694165	1.60779402263909	-1.62581775	4.8691575
kuan1248	-0.712456778709	1.53519438047196	-4.03627475	2.200486
kuii1252	1.3987775533393	1.56567346730511	-1.43663125	4.85485674999999
kuik1246	1.6972718804585	1.62655386916634	-0.9225177	5.3480775
kuku1280	-0.1221071432225	1.65298727876461	-3.7183645	3.17596575
kulu1253	-0.3500220851136	1.29305122989521	-2.99373725	2.107201
kuma1276	-0.2553280014255	1.69904900204948	-3.82590025	2.99677225
kumb1268	-0.3012031329535	1.6615810038754	-3.69467525	2.82759425
kumz1235	-1.0062666796125	1.4967738506557	-4.24127325	1.76869025
kuna1268	0.0440165477765	1.67103771512059	-3.1880555	3.374686
kuni1267	1.0717414181275	1.35567682380043	-1.42465775	4.05478725
kunj1245	-0.1816766567675	1.66333943436387	-3.4767955	3.05776
kuot1243	-0.790210821929	1.55957264169779	-4.16550125	2.10647975
kusa1251	-0.15912373426925	1.5793894846786	-3.35014175	2.92219925
kusu1250	0.894637339855	1.47786698834632	-1.83174075	4.04748975
kute1248	-0.5591455575428	1.71166625034554	-4.3499785	2.6066005
kuvi1243	1.4078896538155	1.52319180363089	-1.25824625	4.90357175
kuyy1240	-0.58363048948	1.59895265506897	-3.87469175	2.347538
kwai1243	0.021997417095	1.67463496907881	-3.36849975	3.378502
kwam1249	0.234776455407	1.55089112991336	-2.72648375	3.285432
kwam1252	-0.169486494575	1.59346579817886	-3.42007975	2.90925575
kwar1239	0.05953602928485	1.6776010527048	-3.209885	3.367554
kwaz1243	-0.6372780466905	1.59427688319765	-3.92440575	2.31766875
kweg1241	0.0384871516115	1.39866752095347	-2.925656	2.82488075
kwom1262	1.252285862295	1.34896640539042	-1.24041675	4.08401175
kxoe1243	0.448078830053	1.69423669032544	-2.71846775	3.93814574999999
kyer1238	-0.78343558081	1.3030697023913	-3.624257	1.6768475
laal1242	-0.59098466498	1.65367882262924	-3.99112975	2.56846349999999
labo1244	-0.4667720158695	1.62315586991584	-4.04654975	2.574453
labu1248	0.167565644092	1.3958257917783	-2.72448725	2.8885285
lakk1252	1.688692403525	1.63619408302794	-1.141294	5.32581325
lala1268	2.5201519612735	1.51324328255796	-0.0967197775	5.753526
lama1277	-0.23296836481545	1.71657270549458	-3.62594375	3.0392345
lamb1272	-0.062301115095	1.74054945402586	-3.67297975	3.33770475
lamb1273	-0.1329367609675	1.72632869354424	-3.656351	3.21823375
lame1260	-0.4609565119485	1.63292690434326	-3.978953	2.615451
land1256	1.2430265310705	1.58503811210443	-1.6899735	4.5890975
lash1243	1.27369600918	1.44742780713188	-1.26712525	4.33563475
latv1249	1.29526393859	1.64495490619176	-1.52374775	4.91644925
lauu1247	0.030915014359	1.66561955481443	-3.410808	3.1644025
lave1248	-0.57962653775	1.59064334217591	-3.8920595	2.39352499999999
lavu1241	0.096690785615	1.52845285315428	-2.94340675	3.081979
lazz1240	0.7295985874875	1.68257813656605	-2.5376135	4.21220125
lega1249	-0.1095991069437	1.71007745752027	-3.70667125	3.23252225
lega1250	-0.096206007483	1.70594645244698	-3.7741425	3.215792
lele1267	-0.3423936529446	1.64192795022495	-3.56836775	2.7920775
lele1270	-0.134008204859	1.71630393488339	-3.61401775	3.343711
lele1276	-0.790844201298	1.6952031500292	-4.63126675	2.38461425
lemb1266	1.343320971265	1.30489119083925	-1.0817155	4.0129515
leme1238	-0.24829223466	1.65146881626211	-3.68062175	2.94761475
lena1238	-0.1729189956955	1.61883226462254	-3.51337525	2.90678724999999
leng1259	0.1470682235975	1.62533758348882	-3.083051	3.2731905
leti1246	-0.149592492139	1.6876887714307	-3.5975265	3.06859525
lewo1242	-0.42463409053	1.62922940844365	-3.8161235	2.69990425
lewo1244	-0.230616314204	1.72091995572904	-3.6306445	2.93557825
lezg1247	1.4573386772335	1.65865148226287	-1.38063	5.124876
libi1244	0.168171438213	1.61918093790008	-3.1129885	3.557624
liby1240	-0.0965488229065	1.66603473541341	-3.5735935	3.145731
liji1238	-0.4336225353095	1.7407023325802	-4.235783	2.7670795
lika1243	-0.386433069846	1.59333342086239	-3.50772275	2.497967
lill1248	-0.60176377957695	1.67558555911243	-4.1379705	2.49501125
ling1265	-0.5145545167855	1.60322618828474	-3.93924575	2.52157475
lipo1242	1.13762887251	1.39960714687053	-1.37000675	4.1003075
lish1245	-0.824563539456	1.57917197623263	-4.21449725	2.0775275
lisu1250	1.169384234739	1.481661228997	-1.4769095	4.30694825
lith1251	1.41169581152	1.62543383972369	-1.48280625	5.087993
litz1237	-0.512716868657	1.61902194274944	-3.96561	2.495148
livv1243	-2.2717109128665	1.87164805630045	-6.43336675	0.862958749999999
loba1239	0.27106106816775	1.55389092803408	-2.67053425	3.4442475
logo1259	-0.4084943486845	1.52129440070172	-3.6212785	2.5490025
loka1252	-0.2829849217	1.62241083342896	-3.60089425	3.0372125
lolo1259	1.0959136689963	1.39218296579775	-1.35126325	4.0940645
lomb1257	-0.496631401836	1.5997380033699	-3.8711295	2.43290775
long1395	0.0594440399945	1.64009816858243	-3.22392575	3.20470425
loni1238	-0.148455722897	1.70087152279557	-3.59445325	3.18714975
lonw1238	-0.51000277188	1.6307778419242	-4.135627	2.568366
lote1237	-0.33550691098	1.73589989875707	-3.87251975	2.94952475
louu1245	-0.137114022625	1.71140385449128	-3.645914	3.22914825
lowl1260	-0.8379554243495	1.50715974695081	-4.06141525	1.983656
lowl1265	1.413694182775	1.51605087030341	-1.29852225	4.724526
lozi1239	0.216787219326	1.72591323004509	-3.4259295	3.7833705
luan1263	-0.1300218580575	1.72701409798799	-3.76364025	3.11892775
luch1239	0.010164666195	1.72424395299859	-3.59961425	3.37953975
ludi1246	-0.1924663078959	1.67553533070576	-3.6784645	3.13040825
lugb1240	0.2757060944515	1.58123284848644	-2.8542675	3.50441925
lugu1238	-0.109932752165	1.7060589347067	-3.765939	3.27926775
lule1254	0.132526823026	1.67540316898915	-3.18702575	3.797436
lumb1249	0.012460284115	1.79092254822958	-3.578405	3.6357935
lumu1239	-0.3703578217665	1.68155631623373	-3.92842775	3.0157495
lund1266	0.03686987892	1.70635330687988	-3.3300735	3.6851845
luok1236	-0.357192120165	1.63113757810991	-3.88746475	2.78294225
lush1249	-0.9941359148155	1.32375644000752	-3.815465	1.43035325
lush1252	-0.658863524655	1.72796288987796	-4.349816	2.582169
luva1239	-0.04789835394	1.72808628950593	-3.6412055	3.3393245
luya1241	0.098841057728	1.7748011445595	-3.443541	3.57414699999999
maan1238	-0.007281559673	1.72150460349627	-3.37015375	3.60282325
maba1277	-0.7863773502185	1.58554202126096	-4.24515625	2.148334
mace1250	-1.1021843180565	1.59551473074351	-4.392859	1.7632505
maco1239	-0.4777367468605	1.57569455881364	-3.873608	2.35820275
macu1260	1.539411364647	1.61024346257666	-1.449425	4.89243524999998
mada1285	-0.78547971864	1.55413781527279	-4.09375775	2.19464575
madi1260	1.3033377018735	1.55569360380603	-1.6538195	4.66282675
maee1241	-0.501544715389	1.61103790245393	-3.86620725	2.6184715
maib1239	-0.6783570268915	1.52460730241059	-4.00899	2.25717325
mail1248	1.135988435384	1.59436072879615	-1.664703	4.58867375
mais1250	1.160649031505	1.49457171632413	-1.4181165	4.3695075
mait1250	0.752922921085	1.46349479949767	-1.9616075	3.76944425
maja1242	1.601460227667	1.62343607043006	-1.327795	4.983381
maka1304	-0.18729870314	1.61270281815102	-3.47941575	3.0532595
makh1264	-0.076948241025	1.760078896053	-3.71106725	3.4409455
makh1266	-0.049962215595	1.75846329413302	-3.6332045	3.2944215
mako1251	-0.0994944956985	1.7513555452499	-3.6690445	3.58039624999999
mala1463	-1.85960052536815	1.68332395556516	-5.60073625	1.04358049999999
mala1464	-0.84763387773	1.54864909838861	-4.066002	1.92253425
mala1522	1.019390544708	1.41847646881037	-1.55977275	3.95587375
male1284	0.199913010883	1.35490902047945	-2.48153175	2.813564
male1289	-0.3443208551605	1.67480554973772	-3.94461275	2.908154
male1297	0.20665854827	1.54934217692112	-3.06192825	3.39033075
malg1251	-0.9005995436885	1.60735929196718	-4.34965375	2.10788175
mali1285	-0.782318938183	1.66691959160193	-4.43620575	2.39300525
malo1243	-0.4642796820605	1.64504061006806	-4.00112125	2.62932625
malt1254	-0.298548409395	1.59950731201269	-3.66526225	2.79215075
malu1245	-0.491491108938	1.61116569303351	-3.903586	2.62363575
mamb1294	-0.9261606374	1.60323305748077	-4.46251075	2.01183575
mamb1296	-0.029489565294	1.72760758387572	-3.52190025	3.46928575
mamm1241	-0.9483332582035	1.53869335483666	-4.257017	1.84153275
mamv1243	-0.3562377221361	1.58627464962647	-3.77389425	2.6378165
mana1288	-0.4461825196841	1.33569267204686	-3.22503375	2.066643
mana1295	0.958612922381	1.42024028881175	-1.733748	4.009597
mana1298	1.3270080070695	1.36893620297157	-1.18961475	4.25761675
mand1415	-1.470785193579	1.49608826415052	-4.93790325	1.20636175
mand1440	-0.704329149085	1.59820185106285	-4.01952275	2.27797524999999
mang1378	0.350519944526	1.54453430004927	-2.70475525	3.43513775
mang1381	-0.69244999308	1.63757401911311	-4.2591815	2.33071425
mang1394	-0.47545858609	1.6067300109912	-3.90829275	2.601476
mang1401	0.000907657369999999	1.80582032689866	-3.76410225	3.46257499999999
mang1403	-0.3413367807425	1.72180445188778	-3.9373415	2.85563475
mang1405	-0.158661050885	1.66142194665335	-3.5601055	3.0824615
maor1246	-0.038127707858	1.72180894922929	-3.51673575	3.2929465
mapo1242	0.311401102309	1.38058525864	-2.464567	3.02736175
mapu1245	0.858237962675	1.5594543333875	-1.93913075	4.0461015
mara1378	0.515685193525	1.53698271908894	-2.32027575	3.65996075
mara1379	0.947595994629	1.2126937886123	-1.30934175	3.45096625
mara1382	-0.2552682534525	1.24493992603428	-2.7419455	2.18816475
mara1399	-0.5083579206695	1.61826898713043	-3.8886805	2.57606025
marg1265	-0.94824739738	1.6904581000903	-4.6363435	2.14627675
mari1426	-0.371279875684	1.67884792656461	-3.75505925	2.806688
mari1440	0.3021880847805	1.59850098306726	-2.93760625	3.65101525
mart1255	-0.3346896176424	1.63710301688979	-3.90797175	2.71727025
maru1249	0.655192130554	1.41749274664597	-1.92125275	3.53641725
masa1322	-0.848273248155	1.63372972134617	-4.3704595	2.1956705
masb1238	-0.126826831075	1.63880089611842	-3.446919	3.08100475
mask1242	-0.482538661865	1.62965404459301	-4.0316465	2.63297699999999
mati1250	-0.1435330306325	1.75872353873587	-3.783556	3.15939975
mato1252	-0.0551494919535	1.36389540605869	-2.77381375	2.55233575
mats1244	1.30424532532465	1.58481639762308	-1.55956325	4.63611625
matu1261	0.51484724236	1.5594912349642	-2.45281125	3.699785
maun1240	-0.8689765042235	1.65916149093849	-4.53364375	2.181121
maxa1247	-0.475420093309	1.54048578814765	-3.611581	2.60222
maya1285	-0.24036673764325	1.73238518496347	-3.826037	3.13121724999999
mayo1261	-0.464609933508	1.56290885986175	-3.6494285	2.5204045
mayo1264	-0.30644046828825	1.46174445724838	-3.24611375	2.49464675
maza1304	-0.993189072445	1.59780793083926	-4.4689985	1.97562175
mbaa1245	-0.247324067164	1.5875483554235	-3.55741075	2.70290225
mban1263	0.892891350484	1.5155846209177	-2.05015475	3.9895155
mbar1260	-0.772855968683	1.62949004400388	-4.209244	2.24438724999999
mbay1241	-0.781123969455	1.582365327163	-4.287359	2.191748
mboc1235	-0.3923076073425	1.67895284524756	-3.88135825	2.9083525
mbol1247	-0.1081817029585	1.80261107610994	-3.63968225	3.825827
mbul1263	-0.3644574176535	1.58375964771651	-3.74269675	2.7379615
mbya1239	0.79201574507	1.54235281902803	-1.985599	4.20644575
meen1242	2.05273956576	1.74243793652919	-0.91292585	5.84000075
mehe1243	1.2575510167365	1.35321174714387	-1.15301175	4.212785
meke1243	1.586736697075	1.33402686615534	-0.89573835	4.4499325
melp1238	1.87264083033	1.36669995832643	-0.5665808	4.85185375
mere1242	-0.37778096203	1.65322242243778	-3.734482	2.689308
mezq1235	-0.929703134608	1.68631319638103	-4.59441675	2.12502675
mich1245	-0.809901773895	1.52952191162439	-4.11468175	1.97932375
miju1243	0.16466134194	1.26111688553955	-2.3079915	2.7156855
mila1245	0.179965804392	1.27662687505945	-2.3225255	2.8394895
mina1268	-0.14195273702	1.67091027059059	-3.65120525	3.0043825
mina1276	-1.013714134475	1.60226261125421	-4.57735175	1.94394525
mini1251	-0.718519518034	1.53691906143862	-4.11031375	2.06067325
mini1256	0.768109282275	1.56800581883958	-2.22300025	3.922984
minn1241	-1.4824335828505	1.57679598147453	-4.7092515	1.30711525
misk1235	-0.4713317857275	1.66092271138224	-3.73487025	2.9183065
miya1259	0.299185416021	1.55234090192673	-2.7315815	3.517071
miya1266	-0.6502327092655	1.52645974795234	-3.807418	2.19158875
mlab1235	-1.067596086353	1.61333397587351	-4.71976325	1.85144175
moba1244	0.081282273129	1.62394550146641	-3.15056275	3.2902215
moch1257	-0.941455661966	1.55482023542404	-4.19623325	1.95552675
moco1246	-0.563778391005	1.64124884624243	-4.0954765	2.63549875
mode1248	-0.56935690494	1.65763595457867	-4.061898	2.47612525
moke1242	-0.0708341473465	1.6895345552707	-3.5246405	3.16818675
moki1238	-0.0398385811875	1.69930298127756	-3.398641	3.400948
mokl1243	-0.12418480982	1.66401006793789	-3.604481	3.291617
mokp1239	-0.294158855777	1.75583476279073	-3.93493325	3.0062125
moks1248	0.137860135601	1.66778739662807	-3.28108075	3.643344
mono1270	1.16848553444	1.46776345065958	-1.5803505	4.19813225
mono1273	-0.0195103735965	1.5305678861387	-3.042659	3.0883375
mono1275	0.8220223995905	1.455306724384	-1.90124975	3.801872
mont1268	-0.695767703035	1.62306284985969	-3.99691825	2.24244325
more1259	-1.24372579346	1.54479757354006	-4.67360725	1.427711
morm1235	0.35145038988	1.53721431247575	-2.69316025	3.39180025
moro1287	-0.21931362519045	1.65112747757453	-3.6541085	3.12359425
mort1237	-0.026117844089	1.69019404704978	-3.45591275	3.27559974999999
mose1249	-0.894862668214	1.59650153923751	-4.41932775	2.1256695
motl1237	-0.2461355938225	1.65877036940729	-3.665625	2.95192175
motu1246	2.3432050347625	1.47029948908552	-0.203704925	5.445701
moun1252	1.75552373336	1.3485335608245	-0.647924425	4.50253375
movi1243	-0.628333640245	1.61082004476596	-3.9604265	2.4873695
mpad1242	-0.653333697455	1.71014886941314	-4.3119735	2.62438274999999
mpii1239	-1.571223150645	1.58254745347026	-5.11035025	1.196721
mpot1240	-0.0409158242415	1.72736491795684	-3.4935345	3.45296225
mpur1239	-0.6374889769465	1.59504463024864	-4.06343725	2.73814575
mual1241	-0.1060953207905	1.78924463153181	-3.58005625	3.44366675
mudu1242	-0.32151289502	1.70132882543637	-3.8134995	2.819426
mull1237	-0.583913800805	1.64466097895437	-3.95351725	2.5847715
munc1235	0.7522507584545	1.55079719724947	-2.02727375	4.20087824999999
mund1325	-0.95809803411185	1.65614027457653	-4.665785	1.990065
mund1326	-0.4689992515285	1.53845044291692	-3.76623325	2.44717675
mund1328	-0.5507893403446	1.64779613390157	-4.03270075	2.41682375
murl1244	0.444321142835	1.66361805337183	-2.905127	3.79029475
muso1238	0.0665203561	1.39382747088665	-2.71089725	2.79095149999999
mwag1236	-0.7089411089315	1.60803956660611	-4.15001975	2.3083345
mwan1247	-0.029074317014	1.7446876262962	-3.4238375	3.45310375
naka1262	-0.379473504292	1.65927669789804	-3.94704125	2.64571075
nali1244	-0.717482111794	1.61544231463912	-3.99426925	2.26100025
nama1268	-0.374342658035	1.65632159947382	-3.72020825	2.7739075
nana1257	0.087669992742	1.73501985611542	-3.14269675	3.76090399999999
nand1266	-0.4923738198966	1.64655113998937	-3.901355	2.6597945
nang1262	-0.09824760156	1.68904719418227	-3.43032625	3.1596085
nant1250	-0.749964370605	1.5500124747167	-4.10842975	2.12244225
nara1262	-0.2034532938515	1.67223452243779	-3.5628875	3.0681145
naue1237	-0.1566685056965	1.67765009412486	-3.4596475	3.18487
naur1243	-0.03094066819005	1.67787970882257	-3.4937865	3.1863835
nava1243	1.70020170169	1.58529508260178	-0.9545044	5.16341625
nawu1242	0.02649840877	1.65758659644963	-3.38023925	3.251315
ndam1239	-0.121900114655	1.69084953974014	-3.4761935	3.12039925
ndog1248	-0.293386430475	1.55890344421851	-3.57250775	2.76648875
ndun1249	-0.068368838905	1.56639253048331	-3.3222255	2.934783
neha1247	-0.11400519607	1.65097485232893	-3.34377025	3.23651799999999
nend1239	0.817698889507	1.325501567676	-1.7027145	3.6790515
nene1249	0.06345381373	1.67047529849832	-3.34740025	3.4387905
neng1238	-0.1327038999705	1.67246626564328	-3.50464875	3.080563
nenn1238	0.913125663261598	1.45857881864047	-1.734813	4.06128025
nese1235	-0.493891428735	1.60952148484313	-3.9151835	2.62992125
newa1246	-0.3005920229428	1.26802089009934	-2.958277	2.205355
nezp1238	1.408209179225	1.63576340344753	-1.468633	4.93222625
ngaa1240	-0.11876753759	1.64521520595797	-3.578728	3.2402865
ngab1239	-0.309867213113	1.63998729051317	-3.80499825	2.940449
ngal1292	-0.6289734179165	1.70190754374313	-4.1645605	2.55040425
ngam1268	-0.856224641867	1.64831449800313	-4.43705	2.09445825
ngan1291	0.0471463014	1.76303965194602	-3.3609075	3.52120875
ngar1235	-0.4636374743041	1.60593846452105	-3.85156875	2.73215825
ngar1283	-0.300917375119	1.68265633396311	-3.759003	2.969133
ngar1284	-0.17109485834	1.65680443121099	-3.56272575	3.25945924999999
ngas1240	-0.736615284405	1.53270861015064	-3.9800425	2.02797925
ngba1284	1.874406115845	1.68908885657974	-1.07009525	5.544034
ngba1285	0.54040339618505	1.53888593590295	-2.53915375	3.7419545
ngit1239	0.890586322565	1.58456239281483	-2.18892475	4.17975475
ngom1268	0.0057393327827	1.70483920545547	-3.39698	3.472859
nhen1239	-1.0815844175129	1.5819924441817	-4.40965925	1.81980175
nila1242	-0.413399385294	1.66668770605741	-3.9512465	2.74846725
niua1240	-0.05572928606435	1.7703091035998	-3.62024675	3.501385
niue1239	0.000618923809999999	1.72361168373396	-3.4471625	3.5539945
njan1240	-0.497448412997	1.70972471250237	-4.138601	2.77269849999999
noct1238	0.826114939543	1.30674630602175	-1.55207075	3.64488825
noma1260	-0.308950394085	1.65966613633772	-3.8573925	2.94409025
noon1242	-0.1275937036755	1.67485285143724	-3.702477	3.18625625
noon1243	-0.555462668625	1.6770222344248	-4.07144575	2.53227925
nopa1235	-0.81403335163855	1.66295620261826	-4.319641	2.323874
nort2671	0.135369735665	1.77646325808111	-3.40607575	3.7082045
nort2684	-0.4898949508	1.68210243489971	-3.913225	2.75607925
nort2690	0.055743216377	1.70928603919653	-3.34762825	3.40421725
nort2697	1.3400787623945	1.70758923914135	-1.64360725	4.88460625
nort2702	0.651274364714	1.63803663974109	-2.42263425	4.07323474999999
nort2722	1.019461546135	1.39508596122216	-1.66172825	3.920528
nort2723	0.732991313525	1.47542144780306	-2.00947075	3.7377945
nort2732	0.462875288424	1.63547832491832	-2.5133755	3.9448105
nort2745	0.363760101932	1.68965543775008	-2.92704475	3.92850075
nort2747	-0.535581367089	1.65894239046865	-4.0826785	2.64617375
nort2774	0.31529359129	1.55926067820283	-2.95986575	3.535639
nort2839	-0.5035873973355	1.65178622228718	-4.215851	2.56976125
nort2845	-0.0009306304225	1.76222993641909	-3.6665055	3.63522949999999
nort2847	-0.1810538080295	1.62990348227318	-3.50728	2.97310775
nort2885	-0.079133896453	1.77665066305109	-3.60089975	3.43929225
nort2930	1.91134551765	1.58210531223208	-0.883832425	5.24041024999999
nort2938	1.51092349829	1.68850628066815	-1.51858525	5.00720624999999
nort2942	-0.3218793961115	1.64291361446918	-3.85977875	2.95389025
nort2954	0.94403471531	1.62056600121657	-1.982757	4.44960999999999
nort2961	-1.037680731692	1.58793576258766	-4.35047	1.8466605
nort2972	-0.727072426115	1.634411358954	-4.16668125	2.5034875
nort3047	-1.03142829514	1.59412606845538	-4.575359	1.8844695
nort3139	-0.22194984059	1.58640349237298	-3.57441925	2.88862775
nots1237	-0.799806488795	1.54845754731021	-4.2225815	2.10291475
nucl1235	1.09896427562	1.56332935647752	-1.72774525	4.3760055
nucl1240	-0.831029402405	1.62655869326272	-4.22728275	2.1982505
nucl1301	0.0796014091735	1.65422067569771	-3.073383	3.49502475
nucl1302	1.15278531747	1.67418957797529	-1.98608075	4.97072425
nucl1305	0.365175858845	1.62705014257513	-2.71945975	3.9240125
nucl1310	1.061306658495	1.46918984205546	-1.583805	4.34025225
nucl1417	-0.224875380787491	1.66990554265471	-3.7469825	2.9147385
nucl1458	0.81675180568	1.36908341320098	-1.731142	3.75478374999999
nucl1593	1.87746276205	1.51807684119227	-0.788322275	5.19842325
nucl1595	-0.1545243528975	1.55809154030515	-3.255041	2.951696
nucl1622	1.256069813885	1.67690621871959	-1.706226	4.94027375
nucl1633	1.2105940812165	1.63531472902807	-1.79949775	4.64860825
nucl1643	0.353423323142	1.7324026325002	-2.84562075	3.84389199999999
nucl1706	-0.3715299636865	1.61686225416289	-3.77221775	2.75212875
nukn1238	-0.141101428473	1.34386562841128	-2.8193865	2.55200925
nupe1254	0.514676732455	1.59889936098913	-2.69212375	3.897701
nusu1239	1.212226066617	1.43568188195348	-1.425059	4.347493
nyah1250	-0.3907882923135	1.64440458385714	-3.80136225	2.623471
nyak1260	-0.097314831676	1.7685104342737	-3.66907	3.40215475
nyam1285	-0.785591848575	1.6686546120187	-4.24296625	2.31293225
nyan1307	0.195912975815	1.62667237585575	-3.10575225	3.52927775
nyat1246	-0.3984001941695	1.69115435432321	-3.841207	2.75730324999999
nyor1246	0.46538045691	1.68400940796857	-2.866037	3.983694
obok1239	-0.167122661775	1.55094942899452	-3.391706	2.84482
occi1239	-0.504830497653	1.58017413091825	-3.81070025	2.4849835
ocot1244	-0.8283950515065	1.57696690287911	-4.2354585	2.08198425
okan1243	-0.4674297519375	1.69166182947029	-3.94864425	2.73734424999999
okin1246	0.366976003537	1.61479230451776	-2.7460255	3.63834725
oksa1245	2.7002145737495	1.56755597274951	0.000113637275000022	5.986512
oloo1241	1.1427386766475	1.36115324343052	-1.38618375	4.0483145
olut1240	0.7363565266354	1.34493483867743	-1.899965	3.555365
omie1241	1.575394912425	1.46800110506306	-1.06330625	4.63916975
onon1246	-0.8773960511355	1.61659994910133	-4.2366355	2.19252175
onto1237	-0.065876728308	1.7337920405451	-3.5914235	3.353857
oriy1255	1.2239957654105	1.60858006810244	-1.6860255	4.73460025
orma1241	-0.339271831305	1.68194637950005	-3.93412925	2.937692
oroc1248	0.136484531679	1.80405870914447	-3.41754675	3.899441
oroh1237	-0.074469325265	1.64619861774972	-3.477948	3.18045125
orok1265	0.1037014424845	1.74079416215372	-3.40149475	3.68609625
orok1266	-0.3275272637075	1.6896773478182	-3.77315225	2.9560375
orok1267	1.6881233804975	1.50807496180974	-0.977133125	4.95941625
orow1242	-0.1955025499685	1.63916312050951	-3.54523075	3.01523025
otta1242	0.7386287682325	1.59983441664171	-2.205331	4.251504
paaa1242	-0.560157489989	1.55652578117086	-3.71322	2.38772425
paas1238	1.7705006461975	1.68008489499298	-1.1607025	5.4080195
paco1243	-0.4515798668515	1.63699924905683	-3.9648785	2.697391
pagi1243	0.038069482476	1.57066003860146	-3.09289525	3.04612499999999
pagu1249	-0.5300769950735	1.57176415815683	-3.7326315	2.43866525
pahn1237	0.910645972735	1.41014777726872	-1.6678185	3.85790824999999
pala1344	-0.1814396708855	1.72050994170622	-3.76599225	3.10474875
pali1279	-0.669368467348	1.58192250468551	-3.9355345	2.437416
pana1307	1.648566840657	1.66945534907983	-1.263111	5.33239725
pang1287	-0.091262097665	1.73746606578835	-3.4773725	3.35794375
panj1256	0.5525280278365	1.63782971166221	-2.54343325	4.075057
pany1241	-0.30685770786	1.67142288891838	-3.81638475	3.0295645
papa1265	0.300712545335	1.48059351987424	-2.55371375	3.277608
para1301	0.0398817277445	1.60129166849619	-3.173501	3.25006875
para1302	0.5286066598245	1.26281989451924	-1.84154925	3.07327525
pare1266	1.358571105885	1.49518650180207	-1.320187	4.6909345
pare1272	1.2858165087804	1.55564129618763	-1.4250055	4.6273445
pate1247	0.436708461505	1.37352018612307	-2.3113365	3.12248475
patp1243	-0.6459960202851	1.50160231885954	-3.70683675	2.273982
paul1238	-0.074893285735	1.7018448309753	-3.52760175	3.3979475
payn1244	0.744241829624	1.31069603782066	-1.67388125	3.55694475
pech1241	-0.553778267855	1.58288424091822	-3.91197475	2.26292825
peer1241	-0.672220644043	1.66801516425012	-4.32285075	2.3608255
pela1242	0.894552302915	1.52519346486185	-1.9041865	4.17914549999999
pemo1248	0.482725317635	1.54092881573427	-2.44396725	3.80654925
pend1242	-0.16526748866015	1.63646396273653	-3.5533865	2.99791675
peng1244	1.3519636334535	1.56131687516608	-1.4140175	4.877221
phai1238	-0.9528123620645	1.61575159597354	-4.5284565	2.05985
phom1236	0.430516168389	1.24614836674711	-2.1224285	2.94167049999999
pila1245	-0.523121898547	1.67796132598738	-4.1888625	2.61542775
pile1238	-0.0771336317	1.68315978994665	-3.608714	3.24685425
pina1252	1.504276244925	1.3185716440738	-0.86053825	4.2082
ping1243	1.72409549999991e-05	1.63315237627978	-3.307336	3.15095475
pipi1250	-0.898043245289	1.51359475086968	-3.94317	1.973201
pite1240	0.1133539731285	1.78275995706709	-3.27177075	3.844368
plai1258	0.6547210315215	1.49271311307899	-2.11202225	3.89006725
pnar1238	-0.372257173915	1.40002778877164	-3.25262475	2.268324
pohn1238	-0.07506560817	1.73080702498247	-3.5743715	3.40102975
poko1263	-0.347353156917	1.58386570470592	-3.7145005	2.745587
poli1260	-0.545739690715	1.55157286664103	-3.76428825	2.36085375
popt1235	-0.94817216383	1.63738526059091	-4.54093675	2.00069274999999
port1283	-0.4213379526785	1.5945389059736	-3.839885	2.534242
port1285	-0.48207735228	1.62883085267596	-4.017994	2.66844125
psik1239	-1.0324651854923	1.61137633212636	-4.629811	1.9074735
puka1242	-0.0517501139005	1.71097344596448	-3.4148955	3.35336375
pulu1242	-0.030850893215	1.693763202487	-3.44292275	3.2770635
puma1239	0.5764362696299	1.31289594997705	-1.90070325	3.396158
pume1238	1.3920272228135	1.65652553225918	-1.43344025	5.08798249999999
puoc1238	-0.005492797563	1.59666383686944	-3.339208	3.14124425
pura1257	1.56627060572	1.46593602600831	-0.97945725	4.6826735
pure1242	-0.841292119995	1.68991703997938	-4.3110335	2.379854
puri1258	0.546380294325	1.6015914076082	-2.4701745	4.08444275
qanj1241	-0.900023060135	1.68986850964014	-4.36563775	2.22546825
qima1242	1.52740565211	1.63566684454111	-1.34711625	5.11759649999999
quer1236	-0.87049595695	1.69637966475474	-4.509892	2.1689105
quio1240	-0.6310990218505	1.60534853876654	-3.93311925	2.41753375
rabh1238	0.486094895537005	1.4327832614714	-2.13623575	3.37528674999999
raji1240	0.89795966443	1.61803531436262	-2.125104	4.22493125
rama1270	1.56390251623	1.57788099259609	-1.27713375	4.9477375
rapa1245	-0.09111880972125	1.65609037018618	-3.42873325	3.1463235
raro1241	-0.09698030441	1.6408669563138	-3.4523705	3.152479
rata1244	-0.085458995065	1.76489529184673	-3.6655635	3.428569
remb1250	-0.147222363038	1.63628953707787	-3.60764675	2.96912025
reng1252	-0.572770605247	1.63275484112237	-3.947639	2.388687
renn1242	-0.10116409568	1.7350212988518	-3.72253925	3.31705825
reye1240	-1.147586054042	1.46349664512526	-4.22182175	1.39817099999999
rong1264	0.67825825422	1.63737086213663	-2.3149	4.19631525
ronn1241	-0.7126972988705	1.59193532489606	-4.099571	2.40310975
roto1249	0.32735162266	1.47600660519974	-2.50352975	3.263666
rotu1241	-0.0209144955685	1.78876715309709	-3.57443775	3.43234049999999
rovi1238	-0.165052316677	1.5844401918562	-3.30636	2.914382
ruch1235	-0.76897903089	1.61359070227734	-4.099499	2.19728949999999
ruka1240	-0.460623570331	1.62564338017931	-3.8892965	2.599077
ruma1248	0.3640396891966	1.53194716773849	-2.63468225	3.51591
rung1258	-0.738205769411	1.56975601399825	-3.9720175	2.2949895
russ1263	-0.618751169388	1.51379379798725	-3.89646025	2.18310675
russ1264	0.170341964077	1.65045041807687	-3.014613	3.5890945
saaa1240	-0.061992574585	1.66653896768256	-3.6321095	3.137614
saaa1241	-0.490209561319	1.67497222113006	-4.12337575	2.63839075
saar1237	-0.523090798885	1.60605237181515	-3.97640325	2.627063
saga1262	-0.227873403636	1.69890649029698	-3.6830365	3.22035625
sais1237	-0.3559011545475	1.61349676600623	-3.59605225	2.73528375
saka1289	-0.370920413655	1.66674686079184	-3.751652	2.71131025
saka1291	-0.0993810756725	1.69776847587475	-3.57647775	3.32107925
samb1305	-0.750013604417	1.64822834478666	-4.38194	2.2766965
samb1311	-0.734089454692	1.66284617845673	-4.5049595	2.231651
samo1305	-0.024499830715	1.74041473750016	-3.43671025	3.44032625
sana1295	-0.1035646567975	1.58460637211881	-3.37185575	3.05381175
sanb1242	-0.5351857942165	1.57984827910118	-3.8130785	2.41860525
sand1278	-0.414725103455	1.53798124821643	-3.72290225	2.4083445
sang1331	-0.0326931011935	1.83274837892801	-3.804093	3.65408275
sani1269	-1.33693620944	1.43873755433941	-4.49668875	1.33176375
sanm1289	-0.610700844953	1.45224087649261	-3.63633925	2.16124975
sanm1295	-0.90780304854	1.58201893338058	-4.29142225	2.02601075
sant1436	-0.862306032555	1.61236292278753	-4.3268995	2.17170025
sant1451	-0.85021879539	1.5811578975862	-4.24773675	2.18231475
sanu1240	-0.49161072307	1.6247288571797	-3.792585	2.594353
sapo1253	0.194000260255	1.52653009240127	-2.827224	3.204259
sara1321	-0.5742712441845	1.55381969196035	-3.77222675	2.296631
sars1236	-0.26678902774175	1.62106626126514	-3.5021725	2.88030774999999
sasa1249	-0.0703161236295	1.69720994145504	-3.480569	3.25129975
sata1237	-0.041251711715	1.73408234712397	-3.60736325	3.36723275
sauk1252	0.1354898785	1.34487976784378	-2.48247425	2.8958585
saur1249	0.50466082416	1.61932397359673	-2.53727825	4.0211325
savo1255	0.33397894016	1.46904781357171	-2.5242305	3.316816
seda1262	-0.5508311799	1.60528132546319	-3.94321375	2.44054275
seim1238	-0.04313017703	1.6249958665531	-3.36412775	3.11765925
seke1241	-0.487654155925	1.65723647193945	-4.12976125	2.652119
sela1259	-0.031202428445	1.72650494395962	-3.4419135	3.458435
selk1253	0.08655642342	1.73951274438785	-3.22403525	3.82098225
sema1265	-0.4114176530042	1.56253474460692	-3.75371675	2.5445315
seme1247	-0.39558123437535	1.56217137090415	-3.593738	2.61309825
sene1264	-0.94901833482	1.61014315058277	-4.44027375	1.9476215
seri1257	0.09664913311625	1.68807465316267	-3.2786555	3.5904865
seve1240	0.6957667828865	1.46317212520536	-2.0058905	3.86933775
sgaw1245	-1.26899277751	1.55650187882654	-4.80183725	1.44061025
shab1252	1.844037616167	1.66379097378763	-1.08097325	5.498345
sham1280	-0.228522244655	1.67670681766857	-3.825037	2.85810575
shan1283	-0.360660096735	1.41064880165145	-3.2883305	2.41846975
shaw1249	0.74687247836	1.51600459555254	-2.15498875	3.9694005
shil1265	-0.2051933481375	1.62242800785174	-3.59032375	2.94450774999998
ship1254	1.581037758853	1.54726252794954	-1.20775875	5.045953
shix1238	0.053268917515	1.35115506831908	-2.59183875	2.7912225
shol1240	0.3738323911	1.65043020808627	-2.79584125	3.74456775
shon1251	0.0131280497325	1.74502120936266	-3.475785	3.5205155
shos1248	0.8911452546905	1.52443941908582	-2.0521085	4.00214375
shua1257	-0.336940573836	1.59354950445122	-3.5038955	2.7218915
siam1242	0.37763113729	1.4469843656402	-2.41567	3.2940145
sich1238	1.068204649971	1.55867430871777	-1.736522	4.5637455
siee1239	-0.177352454695	1.69593785224042	-3.402317	3.2052345
sier1250	-0.6861944873935	1.58860307287955	-3.990064	2.25453299999999
sika1261	-0.0944737765994	1.76626488133126	-3.72023725	3.33019599999999
sile1255	0.6613083942275	1.40172393542752	-1.96074425	3.61340925
sina1266	2.30460440453	1.43723370290852	-0.158834275	5.2998435
sing1264	0.803088191682	1.35451920426561	-1.72254775	3.58795275
sioo1240	-0.290072060351	1.45824378999619	-3.2074195	2.5847125
siri1274	1.37475111171425	1.53382489705364	-1.31485725	4.63395775
situ1238	0.90171301064	1.33426189875841	-1.48074775	3.9023215
siwi1239	-0.47733557769	1.59752135552653	-3.91159025	2.5940435
skol1241	0.05938089382975	1.675433316943	-3.1659365	3.512579
slov1268	-0.653389940436	1.5503166590814	-4.04410675	2.129173
sobe1238	-0.106699193877	1.57058583967342	-3.39705675	2.9803155
soch1239	-0.5425626239375	1.61102602199478	-3.876047	2.67432875
soga1242	-0.097611240069	1.73465724227343	-3.7296775	3.428379
sons1242	-0.024937432955	1.72092890282935	-3.4837925	3.528714
sooo1254	-0.567047753173	1.5919213703638	-4.0141705	2.282894
sout1528	-0.7317707094115	1.60915190580325	-4.26439975	2.1661075
sout2649	0.78569964267	1.58158044295438	-2.12678225	4.30434399999999
sout2674	0.0706159042	1.63492466541951	-3.0769465	3.4474895
sout2679	0.4239162665975	1.70387353888887	-2.8412395	3.9549215
sout2728	0.1462456579795	1.35188043650918	-2.643572	2.76338325
sout2729	0.66576405517	1.34266370950428	-1.76698675	3.529464
sout2730	0.2060129643985	1.36042466507391	-2.51511	2.87299375
sout2797	0.6193480796355	1.38901413448134	-2.05137525	3.52436125
sout2807	-0.0401126315915	1.65480663051028	-3.502596	3.2214815
sout2856	-0.31705164442	1.64609650989707	-3.540111	2.81624524999999
sout2857	-0.45522080561	1.62760549993654	-3.9806205	2.57585824999999
sout2859	-0.49406727329	1.66521156199543	-4.110162	2.656718
sout2869	-0.1676484483695	1.59823035487754	-3.43183825	2.871382
sout2954	0.34656714204	1.61129951495175	-2.7363305	3.5889305
sout2956	1.449036824305	1.61280264588274	-1.3824235	4.938088
sout2959	-0.3822488277765	1.65064968645547	-3.95624175	2.66674175
sout2976	-0.22329791602	1.43011475131757	-3.1452205	2.44146225
sout2994	-0.085097639385	1.57673842075897	-3.315366	3.06764225
sout2996	-0.4251790258045	1.58232491769445	-3.6498875	2.59595275
sout3236	0.486155665133	1.49274144586621	-2.322334	3.5659435
sout3261	1.56756518497	1.64612824888918	-1.21803025	5.206515
stan1289	-0.119552109278	1.71438849141188	-3.679685	3.22976525
stan1290	-0.1515064962635	1.70113711392922	-3.68775475	3.2687445
stan1293	-0.7126877399005	1.50719869440754	-4.09800275	2.05938825
stan1306	-0.3520251576675	1.69628223183999	-4.06539875	3.08378525
stan1318	-0.294455954642	1.59318888614907	-3.657759	2.73607275
sude1239	-0.5237724519675	1.56298364055816	-3.74226775	2.42216475
suku1259	-0.112863130275	1.67216474807382	-3.3800555	3.220766
sumi1235	0.730974230149	1.21554812976464	-1.67923125	3.22546575
sund1252	0.247462104747	1.63423714686966	-3.100024	3.720453
sunw1242	0.565443155185	1.37145332826883	-1.945713	3.399123
supy1237	-0.02438827408045	1.68181560950098	-3.417306	3.2325855
surg1248	0.12710258916	1.64615906340884	-3.00937675	3.42759799999999
surs1246	-0.54852752136	1.56055039055529	-3.74795425	2.46960725
swah1253	-0.0823909412995	1.73527265052338	-3.642889	3.3719975
taba1263	-0.490385798365	1.55985920939155	-3.591718	2.5145825
tabo1241	2.026959775505	1.68226948164081	-0.826757425	5.8447285
tagw1240	-0.156974557569	1.65717739897176	-3.565071	2.9413855
taha1241	-0.250056703803	1.661997933311	-3.71590075	2.901892
tahi1242	-0.0308323761335	1.74018440447596	-3.49686275	3.635411
taia1239	0.6448675414385	1.39744168535211	-2.02964475	3.45537625
taji1246	-0.1648973187	1.65055011496758	-3.63642575	2.98007775
taku1257	-0.015226485296	1.71561246394939	-3.37561625	3.36486025
tali1259	0.154685233895	1.58903418317251	-2.932604	3.2810255
tama1365	0.034096641149	1.4905258218898	-3.05350175	2.8641415
tami1289	0.026873839695	1.65151508973633	-3.3583755	3.524636
tane1237	-0.16772321775	1.63848843758668	-3.557893	2.99968925
tang1336	0.838015852845	1.24423689707628	-1.53953975	3.36493325
tang1347	-0.4104681396725	1.68766183736135	-3.942033	2.71822475
tang1348	-0.25393322592	1.60527192632099	-3.4208475	2.93961925
tang1377	0.421417107822	1.33082145457477	-2.14177925	3.191514
tari1256	0.10259671327	1.39308272379775	-2.68706975	2.7753335
tari1263	-0.287507475302	1.66718146931146	-3.631141	2.87162399999999
tata1255	0.17510528532612	1.70648012885841	-3.1608775	3.840651
tata1257	-0.11405030454135	1.65029529725916	-3.4694755	3.0087085
tata1258	-0.828339095065	1.58621093417747	-4.208872	2.28282675
taul1251	-0.688992106567	1.53200185255605	-3.9943675	2.12488825
tawa1286	1.926849095355	1.75496503499965	-1.133233	5.95038775
taya1257	-0.594981870982	1.6032325016232	-4.045168	2.45437825
tbol1240	-0.08192362364	1.64070725987255	-3.360391	3.113165
tean1237	-0.1702416880785	1.62572297633777	-3.57085975	2.99556225
teda1241	-0.0918375259485	1.64447713254605	-3.401152	3.22542549999999
tedi1235	-1.197266387235	1.51195335607315	-4.4593325	1.52379925
teke1275	-0.08173098772	1.71478767652188	-3.44808225	3.2760475
tekt1235	-0.953187591175	1.55688460043228	-4.28071625	2.01728475
telu1262	0.36470870245	1.70278063762477	-2.94632175	3.9315155
tene1248	0.359624464026	1.58393050119539	-2.61699325	3.64254875
tenn1246	0.1202743492705	1.62405391159796	-3.2036505	3.36697425
teop1238	0.252543751706	1.49783212883651	-2.71239475	3.2166
tera1251	-0.71096803384735	1.69665799079497	-4.28845775	2.359042
teri1250	-0.24854817418	1.61382354717994	-3.88622475	2.99897775
tern1247	-0.515491427195	1.63444331420594	-3.877419	2.587705
tete1251	-1.267063048729	1.52737078266954	-4.61572375	1.39797525
thad1238	-0.629519829235	1.41439687225208	-3.44781175	2.2166675
thak1245	0.021333320015	1.37320088341305	-2.77899275	2.6361395
than1259	-0.380984453375	1.38864844208557	-3.056245	2.3523155
thao1240	-0.4900479299195	1.5982196217431	-3.88629025	2.662696
thul1246	-0.0304023878325	1.36800487502074	-2.76059325	2.82686325
tibe1272	0.918035536025	1.48844737850499	-1.657741	4.1964345
tief1242	0.563290480814	1.38041006079845	-2.1171995	3.2931655
tief1244	0.624360643715	1.3910143385	-2.025412	3.47557075
tien1242	-0.0249584082565	1.71599789147646	-3.43298025	3.3789515
tiga1245	-0.52255385725	1.70030703520691	-4.22999625	2.6628105
tigo1236	-0.5903487724815	1.7337176876716	-4.267563	2.622206
tika1246	-0.406792449238	1.65939510582446	-3.8753705	2.76202625
tiko1237	-0.095645536674	1.68750190093161	-3.674581	3.23168725
timn1235	-0.116072468006	1.66006523253803	-3.50353225	3.1515805
tiri1258	-0.1852938545695	1.58029964955159	-3.4777905	3.02628575
toab1237	0.0473532429578	1.6376229250995	-3.2490775	3.14048724999999
toar1246	1.779690427415	1.42863916073617	-0.651432	4.928829
toba1268	-0.3095054008395	1.63527680968548	-3.64127075	2.968272
tobe1252	-0.505772867189	1.63874180526172	-3.905867	2.5487265
toho1245	1.50862554477	1.59355791701583	-1.30903375	5.08271975
tojo1241	-0.68867318089	1.69188428503238	-4.28046175	2.4942615
toke1240	-0.031379696618	1.75405965803657	-3.69808475	3.54241675
tond1249	-0.348154320058	1.60977847763315	-3.555994	2.872223
tong1308	-0.32132645671215	1.6045070903051	-3.7428615	2.685684
tong1318	0.0104030014725	1.79481322844513	-3.5797775	3.6957345
tong1325	-0.052977991436	1.85627021720789	-3.87273475	3.738716
toor1238	0.520052419755	1.57055561483996	-2.619327	3.78051125
tosk1239	-1.01104067389845	1.53232629900097	-4.1881985	1.7787345
toto1302	-0.95930044231	1.3464798491749	-3.70359475	1.541023
trio1238	0.21978561871	1.56910158193383	-2.671581	3.4161025
trum1247	1.8866970339	1.68447154468234	-0.8620096	5.508236
tsam1247	0.096418689512	1.29415639320359	-2.55934275	2.61487775
tsat1238	-0.232493487105	1.72400781539202	-3.82282175	3.1286415
tsha1245	0.8628644606265	1.68799941505918	-2.27019625	4.56630575
tsis1238	0.851588395757	1.64266436763604	-2.335007	4.2464495
tsix1234	0.798174133115	1.61053613568403	-2.2158025	4.38302375
tsog1243	-0.0022953816321	1.68052656310386	-3.36320625	3.36592649999999
tson1249	-0.039189848041	1.75691590717503	-3.47671025	3.44416525
tswa1253	-0.649028532395	1.68605562063806	-4.1633305	2.48338075
tswa1255	-0.000926760170000004	1.70089319845534	-3.4288015	3.2742955
tuge1241	-0.493517442128	1.62660043695079	-3.77170325	2.722397
tugu1245	-0.2137997013295	1.73350427019878	-3.8455575	3.228609
tuka1248	-0.1551329621064	1.74574134647225	-3.80790525	3.27142825
tuki1240	-0.301314159545	1.65026264953515	-3.8826945	2.9509675
tula1252	-0.8255002938075	1.58698383222011	-4.2890655	2.27152175
tulu1258	0.394718867066	1.60173158414487	-2.6161355	3.72281875
tung1290	-0.303909844025	1.74516604403336	-3.99692325	3.1167035
tunn1238	-0.32007212765	1.59169451030822	-3.59754375	2.66732675
turk1303	-0.016092242635	1.73461600658855	-3.36402275	3.56274
turk1304	0.081505515115	1.69572158384272	-3.33949575	3.63324275
tusc1257	-0.7227580825155	1.64833537555236	-4.32377025	2.216066
tutu1241	-0.46503092856	1.62574727932898	-3.85011125	2.53146425
tuva1244	0.035359340792	1.77274886592912	-3.5834985	3.58620675
tuwa1243	-0.459641102585	1.57500744919071	-3.7337835	2.4561605
tuwu1238	-0.1246303536795	1.66757984875013	-3.394404	3.22086225
udih1248	0.076808945255	1.73931462230854	-3.32878325	3.629798
udii1243	1.261914291725	1.62268595205781	-1.59658225	4.73548375
ughe1237	-0.15955376259	1.6354706732593	-3.617245	2.99463025
ukra1253	-0.621871973471	1.58289478202651	-3.867449	2.52590975
ulit1238	-0.04235652445	1.70499505298072	-3.60077225	3.4080365
ulwa1239	0.3717298019025	1.64213098916177	-2.817522	3.6505935
umbu1257	-0.008506257895	1.70662594916204	-3.4993715	3.50268175
umbu1258	2.583718490935	1.52573932511391	0.048124505	5.8257855
umes1235	0.082160358215	1.70860151364747	-3.176861	3.59212625
unua1237	-0.5131657704285	1.60845491991423	-4.07124575	2.6516425
uppe1275	-1.096979229691	1.50260451873537	-4.43735675	1.58195225
urar1246	-0.12260664501	1.47354308704217	-3.149533	2.82688049999999
urav1235	-0.1898268643755	1.7115315745766	-3.393504	3.20784625
urim1252	1.0955619542032	1.37774373477104	-1.417039	3.980195
urip1239	-0.5117285033045	1.60364775932756	-3.840611	2.585684
utes1238	-0.9740442639825	1.5100487514256	-4.2128715	1.83250175
uuuu1243	0.6604191580705	1.37999614497352	-1.9601885	3.58378825
vano1237	-0.16269655569	1.64472598480949	-3.54503575	3.03646425
veps1250	0.205410231465	1.65474663975175	-2.955556	3.7091325
vera1241	-0.253905412541	1.6494448488258	-3.619916	2.93939275
viem1243	0.5671987773185	1.55169396433258	-2.42071025	3.71048375
viet1252	-0.070022223975	1.64166079769985	-3.43867025	3.15108025
voti1245	-0.06592788440115	1.59568497297176	-3.15717075	3.21144524999999
vunj1238	-0.304036533015	1.7040827787484	-3.8417065	3.0388965
vure1239	-0.255222895265	1.65021405469583	-3.623698	2.884911
vwan1235	-0.097368063733	1.80970469002256	-3.90327875	3.439936
waga1260	-0.141310061095	1.69274442704633	-3.58298	3.1013075
wage1238	-0.7191442507995	1.66530177062507	-4.32115275	2.44225125
waig1244	-0.265464203765	1.73367688667438	-3.859965	3.1261525
waim1251	2.458875440315	1.52739949190207	-0.2787633	5.66676375
wala1266	0.07066969052	1.67382414095911	-3.19765875	3.54267525
wall1257	-0.06990126473335	1.7308169260463	-3.68490625	3.2429395
wamb1257	0.746819072411	1.34545795465286	-1.749708	3.58632975
wand1267	-0.2590909461035	1.65464784815868	-3.6726705	3.05117875
wand1278	-1.005761793554	1.57350941694402	-4.40931525	1.84705825
wara1294	0.547139479369	1.50662740419271	-2.3638335	3.55934825
wara1303	-0.2061472897342	1.62067053109345	-3.561302	2.85534625
ware1253	-0.196457087965	1.64012989240483	-3.54600075	2.88192074999999
wari1268	-0.8052503604575	1.67689059713382	-4.38294625	2.3765565
warj1242	-0.146804313344	1.36612670866382	-2.985403	2.533793
waru1265	-0.17706413518	1.69924987248923	-3.75949675	3.10919424999999
wawa1246	-0.5085760460665	1.71652847589311	-4.162846	2.81352475
waya1269	-1.073722791931	1.5559071829973	-4.28279575	1.78562075
wayu1241	0.641724472235	1.33908459357004	-1.859387	3.36246675
wayu1243	1.299184777085	1.53346362608811	-1.589747	4.5442665
wels1247	-0.4422720314825	1.65502510627841	-3.84637375	2.7009945
west2354	-0.1944923646415	1.4680241422014	-3.1934035	2.7032085
west2369	-1.0467307295315	1.49179324189451	-4.16665525	1.6474205
west2392	0.1713929189445	1.72766416124235	-3.2299205	3.7993695
west2396	-1.758471760055	1.64820694955512	-5.4159015	1.07622325
west2397	-0.582018826095	1.5713528638039	-3.8877385	2.29917525
west2415	-0.65850146645	1.23523030504605	-3.24680725	1.75039775
west2418	0.35117167161	1.35076440490028	-2.26190125	3.10085425
west2466	0.401434678505	1.40848518872956	-2.320896	3.21215575
west2516	-0.16772983887605	1.80394946824088	-3.862213	3.61887325
west2519	-0.0532943560335	1.80738009898886	-3.761538	3.3949015
west2548	-0.1189113907255	1.74525995564085	-3.730641	3.31038875
west2557	-0.0889439444615	1.76009984349007	-3.851467	3.38209275
west2560	-0.145166368055	1.64240276489734	-3.32048325	3.019821
west2594	0.037041474815	1.53089723395642	-3.01437875	3.103937
west2600	-0.5078108149085	1.67153487163826	-3.95458225	2.6259305
west2618	-0.36780884553	1.60072371355648	-3.591037	2.633609
west2632	0.070230609275	1.53390838278315	-3.00419	3.01194575
west2635	-0.96051643896	1.58905763884588	-4.41293625	1.9283315
west2644	-0.83604088564	1.60216194587842	-4.233424	2.30098775
west2650	-0.375908940781	1.64428197581425	-3.61992825	2.91254775
west2763	-0.2495621242835	1.6387718863125	-3.5759985	2.84542625
whit1269	-0.17602260285	1.60176979278538	-3.53557575	2.8859775
wiru1244	2.75613899469	1.6107059959112	0.0390953725	6.19262825
woii1237	-0.0745302034325	1.65768236893699	-3.4321425	3.27029675
wola1242	1.077385563726	1.47064106323355	-1.61768775	4.20451275
wola1253	1.822918453245	1.4904891927835	-0.732584425	5.136465
wood1236	0.703390764995	1.58988349516072	-2.20108775	4.18942725
wotu1240	-0.140756769379	1.67404749065338	-3.534545	3.2154005
wuch1236	0.456822804667	1.5492113308885	-2.43399575	3.73972125
wudi1238	1.0320921871795	1.41974645032744	-1.47743175	4.15936124999999
wusa1235	1.1108710417005	1.43881334146899	-1.33909025	4.4753835
wutu1241	1.302334332135	1.51849508262174	-1.26884075	4.7821655
wuvu1239	0.094921059725	1.63428751263358	-3.29367675	3.28378725
xamt1239	1.3586720843705	1.62812052148083	-1.575637	4.84616225
xara1244	-0.193549373825	1.58172252380574	-3.469752	3.003033
xhos1239	-0.0823048090515	1.68207835427289	-3.59817225	3.21366975
xish1235	0.831603240316	1.46225197979465	-1.88780625	3.91402424999999
yaak1241	-0.44029872644945	1.59890858470258	-3.7043885	2.68839525
yaey1239	0.343478902355	1.69355748394883	-2.981992	3.94310425
yagu1244	-0.199019738183	1.66134543336035	-3.6501645	3.03470375
yaka1272	1.042363314045	1.62237609545377	-1.8299845	4.5427595
yaka1277	-0.10597727062	1.74131451343263	-3.54348525	3.32078924999999
yaki1237	-0.73534564745	1.54975657339577	-4.23029625	1.9969125
yakk1236	-0.36114383927645	1.32073358076719	-3.1243095	2.204243
yaku1245	0.040834408535	1.81921992968611	-3.4484565	4.08107349999999
yale1246	1.94916782429	1.50098200754788	-0.6701381	5.19987575
yami1254	-0.2382270574875	1.6569144467961	-3.67952425	3.02140125
yami1256	-1.679826073075	1.58908342860346	-5.01114225	1.15276475
yane1238	-0.372883560364	1.39687962972969	-3.315009	2.319875
yano1261	-0.471249662286	1.66056191814016	-4.02867625	2.680692
yaoo1241	-0.006001073765	1.84161271356979	-3.577495	3.64756975
yapu1240	1.1120062204215	1.3608651725645	-1.336539	3.90866575
yaqu1251	1.3225069517871	1.53148614141935	-1.338401	4.7587795
yasa1242	-0.1058991717075	1.83299586046956	-3.94043425	3.5695285
yatz1235	-0.5582234273985	1.57464123148231	-3.93810625	2.340959
yaum1237	-0.017086525102	1.33033955934517	-2.61358375	2.69204675
yawa1260	-1.54058949028	1.57397864284947	-5.015397	1.09299
yawu1244	-0.332756527879	1.58331522816568	-3.5608735	2.74249525
yele1255	-0.650495115045	1.59383136997063	-3.98940975	2.44651
yems1235	1.355605176861	1.43311158052938	-1.17457125	4.5543945
yind1247	-0.3255948961679	1.66493718093359	-3.700525	2.97305149999999
yoga1237	-0.39525068289	1.58069203311518	-3.63125875	2.65822975
yona1241	0.2326859155585	1.6226668043426	-2.90131225	3.550438
yong1270	0.858892431353	1.38068399164837	-1.6795565	3.834119
yong1280	0.7467942971105	1.51145762299998	-2.11720325	3.870815
youl1235	0.530683624072	1.51105840268667	-2.3919785	3.80586875
youn1235	-0.7726879979655	1.55579657910365	-4.08809025	2.15139549999999
yuca1254	-0.20732621491175	1.64294255380225	-3.48866325	3.1230075
yuec1235	-0.064436125766	1.43440848624139	-2.84926925	2.863081
yura1255	-0.703262471291	1.55921471468039	-3.9813305	2.2539395
zaba1237	-0.102619290135	1.56032137387825	-3.17541725	2.995718
zaca1241	-1.1613413722375	1.50919596045526	-4.598578	1.52513475
zaca1242	-0.795164981555	1.680015247871	-4.2450465	2.34530625
zagh1240	-0.047956794669	1.69041622467734	-3.55716975	3.27669075
zamb1245	0.065090829886	1.64587650490347	-3.15348675	3.468709
zani1235	-0.884599012965	1.56557987056457	-4.16755325	2.11374125
zarm1239	0.308835338145	1.7078083962773	-2.850315	3.713697
zaye1235	-1.4370993664305	1.58214976669316	-4.77179725	1.375207
zays1235	0.502590008399	1.41264602883024	-2.26863675	3.35158875
zeme1240	0.86569877837	1.30342871748862	-1.58185475	3.619753
zinz1238	-0.087324152441	1.76739670640958	-3.8333365	3.4071625
zoog1238	-0.5856927530185	1.57322989034676	-3.86012925	2.335654
