Estimate	Est.Error	Q2.5	Q97.5
abar1238	-0.5459100329685	1.44961905922104	-3.749998	2.140715
abee1242	-0.1578666153165	1.42287716957499	-3.20627525	2.5891175
abkh1244	0.3545292530097	1.55240347277943	-2.65298125	3.74591425
abun1252	-0.5402886072555	1.47932799470232	-3.63184175	2.41156625
acha1249	0.6700150830755	1.37938682984719	-1.737882	3.93880474999999
acha1250	-0.57558884043475	1.44418363252355	-3.70141925	2.15100074999999
achi1256	-0.576940341632	1.49815431659765	-3.9195735	2.181927
achi1257	-0.05481547037635	1.43076294021718	-3.01444375	2.89209375
achu1248	-0.25326298792	1.48465978368442	-3.4441845	2.7436225
acol1236	0.5700671097695	1.41091233675827	-2.08412775	3.684055
adan1251	-0.354218137414	1.44994256423308	-3.5585645	2.48462899999999
adny1235	1.2904404340695	1.51411093509654	-1.11489175	4.657914
adon1237	-0.2272098133615	1.45738519155687	-3.32797625	2.794458
adze1240	0.57057958841175	1.28526539535454	-1.75937775	3.37042375
afar1241	1.005793148655	1.48840203811853	-1.51725475	4.41421425
aghe1239	-0.5234290168925	1.46023155273524	-3.76503425	2.29710075
aghu1255	0.145913034869285	1.39654952724142	-2.81599025	2.96013775
agob1244	0.958943573872	1.43288250600127	-1.514555	4.2030545
agut1237	-0.0881727834426	1.45834134502779	-3.12433775	2.84516725
aheu1239	-0.198060264097	1.51037663736235	-3.3594175	2.8371895
aime1238	1.86740507565	1.6468657712491	-0.5980919	5.64735924999999
ainu1240	0.330832583279	1.43823967751937	-2.51114475	3.249602
ajab1235	-0.22083600927275	1.51797466343276	-3.6151795	2.70683175
ajie1238	-0.22016542773	1.46190851728795	-3.4112965	2.558032
akha1245	0.05166526026461	1.29878612637474	-2.521004	2.795256
akoo1248	-0.37380647766	1.41365930467835	-3.41307475	2.23942725
alab1237	-0.416703287863	1.4635967813997	-3.534403	2.27980025
alab1254	1.1364308355035	1.41023595932619	-1.1593935	4.221877
alag1248	-0.58349924262015	1.43338086479562	-3.7422705	2.17041125
aleu1260	-0.296136361685	1.37636873576307	-3.287906	2.33465825
alor1247	-0.3466541086515	1.46202399519825	-3.5608525	2.53893074999999
aluk1238	0.25670265415735	1.45405003174531	-2.52594	3.44497175
amah1246	-1.093980418264	1.4273702964332	-4.28547825	1.28461525
amap1240	1.497579594539	1.48941910655505	-0.913338025	4.8502285
amdo1237	0.764575576097	1.49215594389746	-1.835993	4.13146275
amii1238	-0.35337019881155	1.52162915871912	-3.761958	2.6001165
amis1246	-0.420980298372	1.40037888762963	-3.40451925	2.326609
anei1239	-0.18090299626	1.45891911555623	-3.2522995	2.670612
anfi1235	0.75190843424	1.39879232443821	-1.76845525	3.78109
anga1288	0.5154230754426	1.13518166755268	-1.576639	2.94642325
anta1255	-0.078821420811	1.53320148652763	-3.36053725	3.0661835
anut1237	-0.0832948140335	1.52074364826607	-3.327464	3.03075974999999
anuu1241	0.4037748384565	1.23668481142346	-1.87502675	3.1873715
aoua1234	-0.3993052569265	1.42854189851114	-3.626567	2.36221125
apat1240	0.82767146114	1.30146033931975	-1.44903475	3.66862
apin1244	-0.246083630249	1.48797788506552	-3.369973	2.59948725
apma1240	-0.431142203932	1.43850148033841	-3.3293285	2.24237675
arak1252	-0.3910394754165	1.4790195073597	-3.6025565	2.48046725
arao1248	0.1216358565135	1.31764071570849	-2.46301625	2.8990655
arap1274	0.535477048512	1.4194590198536	-2.21811225	3.7315615
araw1276	1.1604372762565	1.37171490104295	-1.049315	4.30223775
arbo1245	-0.0028493460909395	1.23215067149671	-2.62615825	2.42437675
arch1244	0.85260149137	1.48847014936665	-1.82345025	4.301721
area1240	-0.049796607569	1.44881685581382	-3.08406925	2.95464375
aree1239	0.0345596446945	1.32067104513476	-2.77235075	2.64348025
argo1244	1.14321568683955	1.59439812583579	-1.56664225	4.71314025
arhu1242	0.8191383123	1.33687973513274	-1.4214215	3.88657475
arig1246	-0.12234595226305	1.35837250717908	-2.9567765	2.44340375
arop1242	0.771538995723	1.3989202289009	-1.86368025	3.768376
arop1243	-0.12948346804525	1.41172128347986	-3.12425425	2.628112
aros1241	-0.035270129544	1.48844253552196	-3.1759255	3.16598425
arta1239	-0.3449133401505	1.48637154245621	-3.567858	2.430925
ashe1272	-0.373220462908	1.35556596375658	-3.44050725	2.213762
assi1247	-0.0665402136965	1.52152415307756	-3.18625425	2.95423175
asut1235	-0.22168320825	1.47351199083456	-3.3335	2.72643925
athp1241	-0.338214822102	1.20130114230505	-2.81826225	2.040445
aton1241	0.2195942637335	1.34746222793211	-2.3794845	3.248596
auuu1241	1.07488174444	1.31790738668172	-1.1109675	3.9206145
auye1238	0.412096662092485	1.35653119563205	-2.07761375	3.28601574999999
avok1242	-0.5574769993705	1.43096059499951	-3.72021175	2.07667425
awac1239	0.9612207816677	1.43569226566456	-1.40872	4.29038625
awad1243	0.6160396747685	1.38854360406647	-1.917833	3.5906835
awar1248	0.51036781688705	1.29283227740059	-1.87906575	3.44775999999999
awar1249	0.506115581215	1.27286859740824	-1.89255275	3.20312975
awji1241	-0.1511272295975	1.40896985510953	-3.33667425	2.71248625
axam1237	-0.463240194175	1.35756415423648	-3.38350525	2.04742699999999
axiy1235	-1.2213364888411	1.36011876394517	-4.218544	1.063065
ayac1239	0.463396731213	1.38711732250588	-2.08700275	3.5066545
ayiw1239	-0.1216768609565	1.58611632703025	-3.334265	3.0020805
baba1264	-0.53322847153375	1.44894126089031	-3.865606	2.26290325
baba1266	-0.5020708662655	1.47670269936342	-3.77959775	2.3702035
bafa1247	-0.322652823509	1.48557034964946	-3.62860125	2.47158825
bafi1243	-0.324381157245	1.49224264309947	-3.55358175	2.7243735
bafu1246	-0.5043427929195	1.4667597058998	-3.73710625	2.25839824999999
baga1272	1.31653312155	1.56391641742429	-1.16440925	5.06883774999999
bagi1246	-0.71491514464945	1.41937957237553	-3.85130925	1.7003865
bagv1239	0.9060219735595	1.47403072324006	-1.67453125	4.23905325
baim1244	0.6636943579155	1.3507079802501	-1.83911225	3.51750499999999
baka1272	-0.176051444627	1.49183908407151	-3.3426275	2.7017155
bala1311	-0.08992750305	1.48356300079945	-3.12872425	2.738504
bala1315	-0.0212528595525	1.46580091439565	-2.940697	2.9575235
bala1316	-0.2121384903175	1.43148623349884	-3.1657235	2.7395
bali1278	-0.0275500325492	1.5399148267899	-3.16754025	3.14942775
balu1257	-0.0480044026395	1.45442037706943	-3.27006475	3.003973
bamb1270	-0.1564761256745	1.44240289623007	-3.27557075	2.8066245
bamu1253	-0.45308270195	1.49618094367858	-3.7980735	2.35057875
band1344	1.790943727164	1.62132912538256	-0.773110225	5.37354125
bang1354	-0.02203176786	1.50823797466514	-3.175213	3.1479785
bang1369	0.740457854965	1.37147772036745	-1.672845	3.824185
bant1281	-0.044818553494	1.21596573253795	-2.54180925	2.4304905
bara1357	-0.9278540534055	1.30657144778715	-3.942246	1.38921075
bari1286	-0.270740783965	1.4355687858056	-3.3478355	2.523352
baro1253	-0.70926820534122	1.42791529743769	-3.89320325	1.88605125
basq1248	0.5990093692141	1.45680351325705	-2.12222525	3.790749
bata1285	-0.0991212990675	1.43403461672001	-3.2702765	2.74299525
bats1242	0.85702621823105	1.5094530330002	-1.75661	4.26486999999999
baur1253	-0.7071879295513	1.38424911472698	-3.7354715	1.8049585
bawm1236	-0.537297457492	1.15323585668477	-2.97705775	1.610278
bebe1248	-0.184313384604	1.51386449934637	-3.41320825	2.8758355
beka1241	-0.05847425283195	1.44828553625853	-3.2168025	2.89124624999999
bela1254	1.2319752412615	1.44458610015872	-1.0932905	4.61659624999999
beli1257	-0.557006460475	1.44326067086147	-3.836879	2.12448975
bell1243	-0.147249717575	1.4104842064673	-3.28008325	2.52890925
bemb1257	-0.0740273089	1.51878689258419	-3.1933045	2.90378874999999
beng1282	-0.1003975582665	1.45974978751739	-3.28923475	2.8039005
bent1238	0.63416464481	1.36405051095055	-1.86079925	3.5239605
bert1248	0.355654452215	1.34828945489669	-2.264218	3.2575585
bezh1248	0.9235646648635	1.48015516470073	-1.56246	4.32679699999999
bhoj1244	0.26297320551035	1.4395324358152	-2.4738005	3.375427
biao1253	-0.4640194180985	1.35406265056814	-3.37737525	2.09613524999999
biao1254	-0.995409085703	1.48294535521861	-4.40180525	1.5024865
biao1256	-0.86183965773375	1.39753565507341	-3.78613675	1.57071725
bier1244	-0.444624819861284	1.44061581331859	-3.55061	2.1637365
bign1238	-0.4431759876245	1.40891342042875	-3.4840155	2.3557675
biha1246	-0.1825517252285	1.40907350119203	-3.10656725	2.5378885
bilb1241	0.3878640349695	1.27007591243494	-1.89005825	3.122813
bimi1240	2.481677507785	1.78643513020157	-0.201091825	6.44653
bini1246	-0.1064327764065	1.42060043041817	-3.10109025	2.74281299999999
bira1253	0.166008051015	1.25690057509625	-2.3033565	2.74207975
bisu1244	-1.21686694410755	1.44588849049958	-4.48344325	1.1870395
biwa1243	0.513663861233	1.31381809978495	-2.060426	3.530436
blab1237	-0.05129373088	1.35667160362516	-2.7852025	2.632928
bodo1267	1.213138529607	1.4389730544833	-1.03676575	4.5299355
boka1249	0.278444714031	1.24566338980304	-2.26134425	3.05862775
bola1250	-0.3242248236905	1.50721220058029	-3.634615	2.64732149999999
boly1239	-0.67846692749	1.4499077510371	-3.9414585	1.87195325
bona1250	0.856263760034	1.47922987970267	-1.81121825	4.16186575
bong1289	-0.0389590857185	1.4083066735435	-3.0653775	2.701215
bora1263	0.11642392823355	1.43535614554553	-2.78682425	2.9336295
bord1248	-0.6341835076785	1.44398485632114	-3.946194	1.97152025
boro1277	0.613038972044	1.38541709178845	-1.85905275	3.7103135
boro1282	0.8787917002265	1.45708817086264	-1.61927525	4.30767075
boto1242	-0.1211697291785	1.51242014813717	-3.3239455	2.80685325
boun1243	0.17562217691	1.50163229354392	-2.847878	3.32862975
boun1245	1.377728273879	1.40161376768165	-0.915080075	4.48566225
brah1256	0.19420665832	1.433858024977	-2.6914085	3.21495674999999
bret1244	-0.263604951191	1.45398646289145	-3.4108615	2.5614565
brib1243	-0.118203039973	1.3701601003039	-2.98513625	2.649036
budu1248	0.6041891405205	1.47702472407619	-2.05932825	3.768447
budu1265	-0.3318129613	1.45408657126969	-3.46360925	2.4988895
budz1238	-0.1056599307135	1.47833172232352	-3.1660905	2.777721
buga1247	-0.26761736005835	1.32011671631512	-3.1209125	2.29596
buga1250	-0.077204969835	1.33182947603682	-2.73860325	2.6187015
bugh1239	0.02058081536	1.30640522321445	-2.61063775	2.71242075
bugi1244	-0.2067498447735	1.48195600273115	-3.26246175	2.6501105
bugl1243	-0.2030900427235	1.49294125150247	-3.30070525	2.6610915
bujh1238	-0.6161270672275	1.17706858212209	-3.12573925	1.60389725
bull1247	0.0365484310275	1.43284446237557	-2.96729925	2.95448575
bulo1242	-0.195623911265	1.47048465202389	-3.4114645	2.6552675
bumt1240	0.574122283752	1.43537122611766	-2.00967075	3.8507985
buol1237	-0.069235019267	1.57668577405237	-3.3308695	3.19129125
bura1292	-0.6704265993825	1.47510120147784	-3.99824725	2.004231
bure1242	-0.5435341836825	1.45896087150057	-3.68812625	2.218285
burj1242	0.90866359989	1.43825678512536	-1.6072995	4.12820175
buru1296	0.378093155813	1.41514186241833	-2.3647275	3.40085775
buru1320	-0.58374237854835	1.37889618319139	-3.61729825	2.070875
busa1253	0.9936783334125	1.49948843557346	-1.53540425	4.27003975
bush1247	-0.014260102721	1.53049958368222	-3.042664	3.164263
buwa1243	-0.8019299852385	1.4553688054172	-4.18972175	1.82500225
bwat1240	-0.211016584774	1.52190402622273	-3.61562	2.7088845
byan1241	0.56669113259035	1.42188248786639	-2.08330175	3.70557825
caac1237	-0.238484932126	1.42413777441656	-3.378109	2.5107765
cahu1264	-0.8631294965115	1.4134185045349	-4.1484615	1.66616775
cakf1236	-0.49409835446	1.41354151030778	-3.57645025	2.16334625
cane1242	-0.2280608343265	1.46345685722731	-3.31586625	2.65056975
caom1238	-0.69770753894	1.50143210933556	-4.01776375	2.04833325
capa1241	1.20435529885	1.47474787042798	-1.33288375	4.5241785
carn1240	-0.245734763863	1.4363909327204	-3.287527	2.6580205
caro1242	-0.0516232713375	1.49849281382813	-3.28049325	2.99197674999999
cash1251	1.269754181055	1.42715330752642	-1.128301	4.43327425
cavi1250	0.06651994553825	1.33206648320824	-2.679258	2.78772375
cemu1238	-0.2446039202	1.47606643397352	-3.4402685	2.480493
cent1989	-0.1352851929981	1.41820046749092	-3.1032325	2.68324325
cent1990	-0.223282929967	1.36107041035885	-3.1142945	2.4905765
cent1992	-0.22505485381	1.44840101569074	-3.29180825	2.5760215
cent2004	0.218481254483	1.18277958439881	-2.2575755	2.56772625
cent2050	-0.567295244761	1.42812593091936	-3.64038225	2.07906925
cent2090	-0.081304047488	1.46712961775306	-3.2100915	2.8818665
cent2127	-0.270685070277	1.44227816905255	-3.4674755	2.562978
cent2131	0.964704229267	1.41300282531794	-1.398812	4.16829049999999
cent2142	-0.5122451368084	1.55558663051041	-3.95725475	2.39290724999999
cent2150	-0.2027491498145	1.48652920717491	-3.37633825	2.6287285
cent2292	-0.400561143495	1.56393034410228	-3.9763485	2.5215255
cent2314	-0.1792739327305	1.57920284265904	-3.60121925	2.92131025
cent2322	0.055977997786	1.51378405085402	-3.00873725	3.332563
chac1251	-0.577890693529	1.3059319169862	-3.4684125	1.699182
chad1249	-0.138645840846	1.44872927794	-3.257115	2.80618125
chak1270	0.3013978932925	1.27342771583048	-1.9829235	3.14772399999999
chal1275	-0.575038114481	1.4464701781415	-3.78653725	2.09414625
cham1309	0.8839145108451	1.48925785700748	-1.68175525	4.14676175
cham1312	-0.1024244082735	1.47243140438406	-3.3330635	2.7775595
chan1313	0.1115350041205	1.12196620267643	-2.232138	2.39681075
chas1234	0.82720011139	1.26283846660694	-1.3361595	3.63797525
chec1245	0.591551365616	1.50286570082402	-2.15571825	3.9952655
chek1238	-0.0312462720605	1.32487669561749	-2.74163	2.651817
chen1255	0.25568105615	1.47490173034038	-2.66668375	3.40402099999999
chep1245	-0.8076445395755	1.25490955400915	-3.5391945	1.44304625
cher1273	0.9814218300935	1.46362825974377	-1.54093575	4.39300575
chhi1245	-0.183325159566	1.19745091990129	-2.64981825	2.291676
chil1280	-0.37505483783	1.36383705677229	-3.34637925	2.20874875
chim1302	0.888762533648	1.4557409121916	-1.7048225	4.2452415
chip1241	-0.8179848567855	1.40559487332525	-4.0990615	1.68363225
chip1261	-0.2436770484965	1.45176432291763	-3.37133025	2.5096095
chiq1248	-0.377511205545	1.47753121731332	-3.66371275	2.678117
choc1276	0.119547973499	1.45589805225451	-2.89709625	3.27039
chon1284	-0.1859828751445	1.5630940728612	-3.58054575	2.84901075
chot1239	-0.41674892980455	1.17478793853563	-2.81277625	1.797342
chra1242	-0.1615226836995	1.44956320751094	-3.26445125	2.70119225
chuj1250	-0.570056447225	1.55919110546152	-3.95944525	2.34838525
chuk1273	-0.8140747049575	1.51380087344683	-4.41091425	1.76940325
chuv1255	0.188301819735	1.47691481126198	-2.72602125	3.374258
chuw1238	-0.040892991482	1.5166691586322	-3.049325	2.9672495
cici1237	0.3284744696705	1.50224756625725	-2.6127085	3.4635915
coat1243	-0.9804833833145	1.4392231031183	-4.27007875	1.53007975
coca1259	0.7266685426468	1.3981316395508	-1.76801375	3.8045315
colo1256	1.1189846160665	1.4805535793506	-1.32949975	4.44724625
colu1241	-0.14315529666	1.43120493890477	-3.0868095	2.66208675
coma1245	0.7081332938495	1.43741690950038	-1.8221065	3.89628275
como1259	-0.288938602187	1.49872997237438	-3.63629625	2.55811725
cong1236	0.0563451826875	1.49480573517302	-3.024383	3.18074
copa1237	-1.131305091924	1.51455863656936	-4.592386	1.35941275
cori1240	-0.33499366105	1.43953105262474	-3.35842925	2.51099399999999
cors1241	-0.3575736385982	1.43283069319412	-3.54288875	2.5064945
cosa1234	0.3822063239865	1.33469676040105	-2.12943025	3.2915385
cree1270	0.977900258185	1.41547034348763	-1.5729885	3.9979995
crim1257	0.11691797019	1.5818654396006	-2.9453075	3.501855
crow1244	-0.0944567165835	1.49479602062493	-3.462088	2.81613124999999
cube1242	-0.291818894312	1.30448469928835	-3.01037475	2.19933475
culi1244	-0.862851219858	1.41956963967875	-3.998877	1.57805975
czec1258	-0.497614742248	1.46536131682974	-3.884802	2.1599135
daai1236	0.821688649535	1.36068820390892	-1.500411	3.97032125
daas1238	-0.210288792205	1.42496583259819	-3.14408125	2.614926
dagb1246	0.2515308865675	1.46410092762634	-2.52962775	3.33593275
dagi1241	-0.348052828994	1.56085124682035	-3.68589675	2.67068
daka1243	-0.4687180473535	1.43637765830607	-3.6133405	2.23476725
damp1237	-0.07860363329	1.47858232242555	-3.16306625	2.88949299999999
dana1252	-0.8677871021295	1.48713859849512	-4.358318	1.71336025
dani1285	0.860395788148	1.34771944343231	-1.5975335	3.67984275
dara1250	-0.27845650280615	1.20290745754137	-2.721088	2.15073775
darg1241	0.7336691591805	1.4944675430492	-1.99072525	3.96326825
darm1243	0.5687657994	1.43009291166021	-2.06992725	3.7831735
daur1238	0.0613153415665	1.42031069987997	-2.80862475	2.968694
dawr1236	0.9949889541195	1.44383248796588	-1.407612	4.24328
daza1242	-0.086334100835	1.52420060961675	-3.24149325	2.9839085
dege1246	-0.223354255435	1.53292679653214	-3.54525325	2.920957
dera1248	-0.6729634647985	1.44046313225303	-3.95415575	1.99570025
desa1247	0.51013889975275	1.26751027028505	-1.81617175	3.26282675
dhao1237	-0.07470331017	1.49433993310226	-3.16577925	3.03503275
dhim1246	-1.0283534494115	1.28920707874057	-4.0001045	1.151046
dibo1245	0.01189211115	1.53353693124869	-3.211734	3.1085465
dido1241	0.9036685392485	1.47325753014875	-1.6206715	4.32882125
diga1241	0.221848994507	1.1888055598392	-2.12377575	2.65773625
digo1243	-0.109182521589	1.43812677661698	-3.07642625	2.75682025
dima1251	0.360061042512	1.3019545715682	-2.10392225	3.26491549999999
djee1236	-0.4788265222805	1.44586586752616	-3.73688075	2.29480849999999
djin1251	-0.2837366887155	1.45051587066728	-3.40745175	2.56125225
dobe1238	-0.07699833289265	1.53292635166159	-3.33693175	3.1102435
domm1246	1.177410760152	1.35725326955408	-1.0048555	4.08681075
dong1285	0.4701620803985	1.54229457131461	-2.54581825	3.97310175
doro1266	1.57385360072	1.35167991377348	-0.598102275	4.61779225
drun1238	0.5377949518155	1.33164425021349	-1.96864675	3.44486675
dumb1241	-0.163714768107	1.46834337727132	-3.23320125	2.71598924999999
dupa1235	-0.25814699099885	1.55923066534866	-3.6437555	2.7364185
dusn1237	-0.0788887562715	1.42993561966298	-3.16333275	2.82738375
dutc1256	0.64701127975	1.32987515229166	-1.77372925	3.58353149999999
dzao1238	-0.990451317988	1.47918757993966	-4.25760775	1.4892025
dzon1239	0.134245776465	1.28656046277341	-2.33184925	2.84073975
east2328	0.1830899190415	1.4604625640133	-2.710224	3.3870625
east2332	-0.2076735842635	1.55094827638248	-3.73105025	2.849429
east2342	-1.4180771791555	1.48697711155258	-4.826184	0.997290875
east2443	-0.4048651378645	1.46190420562882	-3.5681805	2.4526415
east2516	1.827550703375	1.57800953377365	-0.5924463	5.477807
east2555	0.52821124852205	1.45885192668859	-2.14237275	3.86580425
east2690	-0.350189639579	1.44458665587026	-3.560985	2.30806275
east2773	-0.0359651082697	1.21265604950836	-2.39494975	2.45567925
east2782	-0.06613854185	1.58124394542455	-3.43958625	3.050607
egaa1242	-0.151626031851	1.43567363165216	-3.21503025	2.924974
egyp1253	-0.1211071578195	1.57433477532363	-3.4935025	3.22708275
eipo1242	1.26974118887	1.50160898625328	-1.02852	4.7069055
elem1253	-0.253437495345	1.54113467487806	-3.4934625	2.91496975
elna1235	0.37214884877625	1.28566478652131	-1.9546185	3.29748725
emae1237	-0.40932889143	1.44215532323435	-3.65512275	2.3832935
emai1241	-0.131810804764	1.36477365596385	-2.93407025	2.5571305
embe1260	-0.526793934575	1.42685614152615	-3.6892415	2.04603925
embe1262	-0.2948748972205	1.45670526553434	-3.43261675	2.4624265
enap1235	0.8741116701765	1.42608272423047	-1.623283	4.0976395
enuu1235	0.5844535455125	1.30619914090811	-1.7691605	3.46932025
epen1239	-0.21721275589	1.42491933026323	-3.1309195	2.5747795
ersu1241	0.6037738741025	1.40907737460127	-1.995389	3.90811875
erzy1239	0.06945372385	1.48250954909939	-2.92043075	3.235054
esee1248	-0.47822516569095	1.33126409037982	-3.356223	2.04645175
esim1238	-0.489686332195	1.46241607762025	-3.60829425	2.1704085
esto1258	0.278303834517	1.52247833974334	-2.60544175	3.6403525
even1259	0.053863821435	1.5073231530689	-2.88042925	3.31314625
ewee1241	-0.27483370231	1.47659600725142	-3.466256	2.52164275
fare1241	0.375350895951	1.38970937980056	-2.3697465	3.33387825
faro1244	-0.58223427617345	1.43662581975529	-3.8382615	2.157623
fiji1243	-0.02195906286	1.45774485755613	-2.995464	2.9107115
fina1242	-0.4157137588715	1.56783673414004	-4.04294225	2.46931775
finn1318	0.0507946991935	1.44150095479861	-2.9141995	3.05266975
fonn1241	-0.209878808436	1.51189015987406	-3.5025275	2.68861399999999
fore1265	0.062512417647	1.55916222725296	-2.991439	3.31076775
fuln1247	-0.392466230401	1.42062984754599	-3.567945	2.24517025
furr1244	-0.174923153798	1.44267122393058	-3.1142765	2.6023385
furu1242	1.404359474561	1.47885292835768	-1.0802765	4.62509375
futu1245	-0.156704478276	1.44511809760982	-3.19909975	2.71713075
fuyu1242	1.095164530105	1.30952012502823	-1.296503	3.9723505
gaaa1244	-0.20505860739065	1.52212599945661	-3.5092165	2.86794825
gaan1243	-0.716517103059	1.48614060136571	-4.07435475	2.066563
gaga1249	0.0640425580915	1.48166534113132	-2.7839375	3.10122425
gahr1239	0.408260812036	1.49794821314039	-2.38369175	3.44622725
gali1258	-0.2825875189495	1.40641612967033	-3.41628775	2.40138325
gali1262	1.1333385292507	1.37564204240924	-1.0865045	4.28484025
galo1242	0.83125210984	1.31920501139197	-1.524451	3.70129675
gami1243	-0.187204115475	1.43048386765325	-3.11640225	2.66752275
gamo1243	0.585371835253	1.33551941948835	-1.94777875	3.38068825
gang1266	-0.298346328205	1.14299076094789	-2.6664155	1.95626325
gant1244	0.41790572827115	1.1737491422547	-1.83129475	2.89210575
gapa1238	0.1383815434425	1.32972522805286	-2.522049	2.90810525
garo1247	0.1973726571445	1.34726137088512	-2.4700655	3.15119674999999
gata1239	1.299202757716	1.49490648097634	-1.04522775	4.79920399999999
gayo1244	-0.039325011959	1.52318875585202	-3.32877475	3.058848
geba1237	-1.0333098935474	1.44870371125156	-4.1282195	1.387523
geda1237	0.3514670834295	1.28230955741909	-2.00759075	3.0005525
gela1263	0.10798448914865	1.29835166245945	-2.473846	2.91590725
ghad1239	-0.1293963579715	1.44819626061235	-3.097464	2.717997
ghan1242	-0.0710340270777	1.4234002683534	-3.0359465	2.91238725
ghar1239	0.1358775649945	1.355987919122	-2.48447925	3.02749225
gheg1238	-0.85932279259615	1.47401408552028	-4.38500925	1.638613
ghod1238	0.812183431231	1.48002894189075	-1.86129025	4.16826575
ghom1257	-0.19348660989	1.46885731461369	-3.36882	2.61708875
gilb1244	-0.0217891488295	1.53454903301624	-3.35847375	3.10089925
gily1242	0.433822688157	1.50860461504637	-2.489882	3.76872575
glav1244	-0.767426164007	1.45895753192958	-4.18572925	1.773451
gofa1235	0.8081055302185	1.35188768515743	-1.60463775	3.76891625
gogo1265	1.36741332427495	1.44361139344549	-0.890967475	4.62044525
gola1255	-0.182395953325	1.44726044775034	-3.265976	2.61627274999999
guah1255	0.655170099683	1.45845527139178	-1.9473275	3.9397565
guan1266	0.741723156882	1.38515834452022	-1.7258565	3.80402475
guan1269	-0.0963328040065	1.25495110739222	-2.69917425	2.488022
guat1253	-0.254768128078	1.42801396134736	-3.359702	2.44614075
gube1234	-0.0936122279185	1.47010858404983	-3.28841425	2.9317505
guer1243	-1.060205701028	1.47806580613844	-4.424312	1.47333125
guiq1238	0.56104817145385	1.34559562472851	-1.83707975	3.58652999999999
gulf1241	-0.37505124706	1.41076141371115	-3.4159665	2.34635325
guma1254	-0.2070268539255	1.3897649192858	-3.2175045	2.56348225
gumu1244	0.623346376359	1.45440829702215	-2.082041	3.8320945
gunw1252	-0.503813836205	1.43987278351715	-3.7584505	2.18028949999999
guny1241	-0.105416314905	1.46588592095845	-3.0828875	2.7999295
gura1251	-0.719699766508	1.37852239526505	-3.84724325	1.81451725
guru1261	0.172317327766	1.2282534998859	-2.1704345	2.87813825
guru1271	-0.566945738095	1.49154771443174	-3.914699	2.25096324999999
gyel1242	-0.115766483145	1.57722071031638	-3.33827525	2.886426
haaa1252	-0.08677846994795	1.53949313959836	-3.2304005	3.15623225
hadi1240	0.902104541622	1.28098981463849	-1.373099	3.59931974999999
hadz1240	-0.332638841487	1.49632964495943	-3.44874425	2.55206575
haka1240	-1.02478836827	1.24505219123538	-3.780012	1.1722045
halh1238	0.0813939831805	1.49637826865618	-3.0412045	3.145223
hali1244	0.274800539805	1.41330239026734	-2.454678	3.19321425
halk1245	-0.4603427143955	1.48960507363479	-3.87416775	2.2427425
hame1242	-0.09948984537175	1.26131281966581	-2.71157325	2.41259975
hang1263	1.03863123006685	1.32356377747837	-1.29351225	3.959417
hani1248	0.46121653839265	1.29305758891716	-1.85517825	3.234245
hano1246	-0.408655233754	1.44967082716765	-3.312367	2.2815005
haru1245	0.5425915695669	1.18620543133211	-1.59940025	2.999117
hass1238	-0.077355843942	1.50614345122001	-3.13770725	2.994586
hava1248	-0.17862712251015	1.38537905467858	-3.1407725	2.500419
hawa1245	-0.0098765379785	1.49238508334991	-3.262607	3.08816075
hebr1245	-0.263065405891	1.44893699662694	-3.401216	2.49466899999999
hehe1240	-0.0843105526175	1.56957800229741	-3.57562625	3.04618325
heil1246	-0.150910034398	1.43608501457137	-3.3532795	2.861654
hela1238	-0.60152799436	1.22300470291044	-3.35120975	1.664644
here1253	-0.02987475897	1.53243946450944	-3.299013	3.12248724999999
hida1246	-0.1147638362035	1.53251822053924	-3.36526875	2.99124899999999
high1276	0.19759265787	1.1912064556124	-2.2205055	2.6030705
hind1269	0.31769570076	1.45348366607792	-2.55812475	3.32590925
hoaa1235	-0.577061438886	1.40389305063524	-3.76775	1.956486
hoav1238	-0.1356607520225	1.4418188458145	-3.2097995	2.76644875
holo1240	-0.042947134941	1.48947624758514	-3.14450625	2.866021
hone1235	-0.632867581103	1.42416749818507	-3.740271	1.94620225
hooo1248	0.841899721825	1.43451006231996	-1.609456	4.173733
hopi1249	0.9697670050075	1.4617448400909	-1.5021735	4.346008
horp1239	0.6314055401135	1.37563783342728	-1.77986125	3.85339
hual1241	0.821830910947	1.34769117166389	-1.43861175	3.93601425
huam1247	-0.38957520293	1.46745135752107	-3.5973525	2.3173115
huar1255	0.953590720839	1.3703989812533	-1.35677475	4.11639724999999
huba1236	-0.746331154215	1.43023193124303	-3.9128245	1.86831675
hula1244	-0.3299994906985	1.4486442416088	-3.535003	2.3687695
humb1243	0.141712835089	1.44070821892423	-2.82597125	3.00917175
hung1274	-0.015417380879	1.53824224433538	-3.0381405	3.098758
hunz1247	0.920874153707	1.48785949361339	-1.55595525	4.36296975
hupd1244	0.7290364725564	1.2735883485186	-1.44045675	3.55129225
hyam1245	-0.320161660575	1.43190682517085	-3.24731675	2.527854
iaai1238	-0.1843030381515	1.44588967083247	-3.20609575	2.56266925
iatm1242	0.9603636504333	1.37188877636586	-1.5281415	3.92873975
ibal1244	-0.36468401447915	1.44021560249533	-3.3554445	2.51887875
iban1264	-0.04845219521	1.54186936550279	-3.324165	3.1238725
ibat1238	-0.221846934755	1.58049257721917	-3.54070825	2.8395535
ibib1240	-0.264302462445	1.54118120274804	-3.45259975	2.79850174999999
idum1241	0.6348901903385	1.26718242061809	-1.71100875	3.38554
idun1242	-0.15236764286	1.34710718071578	-3.05690925	2.5162065
ikkk1242	-0.024681182291	1.46912700010784	-3.1076945	2.9159255
ilaa1246	-0.0492466605555	1.56234501277621	-3.35583475	3.13218375
iliu1237	-0.18779702335	1.49689514061471	-3.271021	2.789975
imba1240	1.133084635406	1.46819904372133	-1.240686	4.43045325
indo1316	1.8829081835	1.69659387678862	-0.8616357	5.4893245
ingr1248	-0.085219283565	1.46787384350871	-3.178598	2.8108315
ingu1240	0.679479359158	1.50514440835967	-2.06749025	4.1345155
iris1253	-0.294891142185	1.48461145170639	-3.58758075	2.50097449999999
irul1243	0.161555942201	1.52482707042348	-2.8410985	3.2412155
isco1239	1.397882579537	1.52989010184702	-1.0482665	4.79431
isin1239	-0.37373098633	1.45961615025823	-3.4792635	2.550602
isir1237	-0.1009661202135	1.35810734146321	-3.0103805	2.8586325
isna1241	-0.273750467985	1.62994042356091	-3.736472	2.91534775
isth1240	0.0779489467375	1.1514764049488	-2.319414	2.49265225
ital1282	-0.4028113067425	1.4010557649225	-3.54913375	2.20845425
iton1250	-0.8951673490405	1.4756534528844	-4.26259275	1.6308975
itza1241	-0.235884980208	1.46631995657349	-3.34190625	2.57772925
iwal1237	0.2979198850658	1.31072674244837	-2.3397585	2.98193825
iyoo1238	0.500512110427	1.26556957804981	-1.75796	3.23413375
jahh1242	-0.26327107663265	1.47321276916168	-3.56632325	2.61190425
jalk1242	0.190165891813	1.32353034963371	-2.49282475	2.8725175
jama1261	-0.33652165542985	1.44334832268055	-3.4605465	2.40349
jamb1236	-0.07578649564645	1.46339053185868	-3.1639135	2.995825
jams1239	1.0336029474165	1.34432288014123	-1.224306	3.93286725
japh1234	0.83825238637	1.29174432840651	-1.410921	3.72061075
jaqa1244	-0.2129078113001	1.47568711708118	-3.30163525	2.81549925
java1254	1.440563203781	1.58920590239471	-1.146284	4.99881649999999
jede1239	-0.226167954585	1.43438193065496	-3.22878475	2.52984849999999
jeha1242	-0.2105058287805	1.46402341896738	-3.37084575	2.7547245
jina1244	-0.7041344856857	1.4630070196221	-4.00408025	1.78374125
juan1238	1.0615897508485	1.44604210334041	-1.24119625	4.32656475
juku1254	-0.546647374598	1.43210475321078	-3.78156975	2.0391615
jurm1239	-0.572630608528	1.44666431887227	-3.8192925	2.11344
kaba1278	0.425824462355	1.47247759211831	-2.31273025	3.71868
kaba1281	-0.547636419981	1.44753104543985	-3.81136225	2.2480335
kach1280	0.8197433212175	1.38434513083434	-1.571108	3.9907015
kado1242	-0.411709386911	1.33016333850875	-3.17946775	2.17785775
kafa1242	1.24044150845755	1.53976573060495	-1.39392225	4.986268
kaga1256	-0.0822833529695	1.49668585258502	-3.281223	2.87259775
kagu1239	-0.187883002369	1.50920126687775	-3.30807125	2.87625375
kaik1246	0.177611446745	1.29805252601853	-2.46293025	2.9369035
kaki1249	1.6313701787985	1.46199449566972	-0.653083225	5.09425225
kala1399	-0.0938295823905	1.41295892224052	-3.18216575	2.67477275
kalm1243	0.1269607372115	1.54933820892401	-2.939924	3.3934405
kamb1297	-0.2225365598855	1.53311082906218	-3.45487925	2.8632585
kamb1299	-0.167294756087	1.48003039027147	-3.4301985	2.80973125
kamm1249	-0.6262563396395	1.48562546066571	-3.912601	2.11222825
kamu1260	1.332328563635	1.4668343625317	-1.103481	4.68677825
kana1286	-0.528394655005	1.44560231880964	-3.7496785	2.19461975
kana1291	-0.5168446055505	1.47023839002178	-3.80003875	2.17432425
kani1286	0.798882925283	1.2828354245926	-1.47388375	3.64594175
kaqc1270	-0.551657999165	1.52849210020366	-3.8746685	2.3140405
kara1486	-0.63019134852365	1.43436714013731	-3.865783	1.98055
kara1487	-0.4048255488225	1.43731882453457	-3.5346	2.38760675
kara1500	-0.178947392404	1.38726234287511	-2.970037	2.59413224999999
kare1335	0.0387959648139	1.48708944898436	-3.148867	3.1653485
kare1338	-0.4145224545055	1.38680799564309	-3.436414	2.2564735
kari1311	-0.615719631075	1.47174410148621	-3.9175785	2.10867075
karn1252	-0.311706687358	1.43236706981666	-3.36246275	2.3660535
kash1277	0.474358761646	1.3708592627254	-2.16482075	3.35086175
katb1237	-0.453386307006	1.32995948353862	-3.18842425	2.1460995
kats1235	0.3741257011315	1.27565348096778	-2.045894	3.0743015
kaya1315	-1.22854178704875	1.49204835941875	-4.50529225	1.20015625
keap1239	1.82476477719	1.48962879918368	-0.484608525	5.143098
keig1242	-0.39669959786175	1.50178442147989	-3.728101	2.56968775
kele1255	-0.166651390279	1.51184869502355	-3.24611875	2.95384875
kele1258	-0.0974218830065	1.45873761495465	-3.27349675	2.81142675
kemb1249	-0.0602901349905	1.43373243913742	-3.0470135	2.984941
keng1240	-0.573216160157	1.56824455046288	-4.08210925	2.370044
kens1248	-0.21259400158925	1.49539871100791	-3.464548	2.77955225
kenu1236	-0.117548839108	1.50021410185354	-3.0920625	2.9881115
keoo1238	-0.1819375963605	1.5235729749203	-3.40951725	2.84346425
kera1255	-0.760861275247	1.4632235097198	-4.007813	1.83685575
keri1250	-0.1040821325915	1.43502369634931	-3.04914675	2.8080135
kesa1244	0.749247061331	1.25414386144726	-1.4915265	3.427936
kett1243	0.1680336544535	1.45973389345834	-2.9050455	3.37528999999999
kgal1244	-0.1569060599188	1.52089436498862	-3.21455225	3.06664725
khak1248	0.1531329609055	1.48077416114234	-2.6403905	3.38048525
khal1275	-0.409330440758	1.20866290225809	-2.89750375	1.92838125
kham1282	0.4346059621405	1.41230712148159	-2.2776895	3.5555215
khan1278	-0.2558663867455	1.53339594921311	-3.52299625	2.7807415
khar1287	0.981720751734	1.48288805377803	-1.49855975	4.3740535
khar1288	0.4735165947373	1.16428751851277	-1.73400225	2.91429225
khas1269	-0.2077744943685	1.32800480708169	-2.992887	2.441818
khez1235	0.2662970498015	1.11397419124498	-1.927056	2.6065575
khin1240	0.6593479799697	1.49659634075769	-1.98834575	3.846339
khmu1256	-0.2642115695695	1.44539415619132	-3.330992	2.75246025
khum1248	-0.9331526526745	1.22150407190589	-3.6496425	1.222516
khva1239	0.92170364269845	1.47489556287232	-1.58408625	4.36297125
kich1262	-0.5718892870605	1.5245752759504	-4.02981975	2.32098275
kiku1240	-0.24424263787	1.54105993774311	-3.66953025	2.6508365
kile1243	0.11446546572	1.47112272044251	-2.754071	3.207463
kili1267	-0.2384613285875	1.3584645955363	-3.05801975	2.422861
kimm1245	0.157408567993	1.26167351081384	-2.41912175	2.756042
kinn1249	0.44614382908	1.39740118468516	-2.138408	3.42283725
kiow1266	0.787400183678	1.4718415462835	-1.733381	4.1614165
kips1239	-0.22623261585	1.56257033014041	-3.5318235	2.8748165
koho1244	-0.1486492860255	1.46166263190183	-3.2817345	2.772847
koit1244	1.70009134106	1.44703373433063	-0.61115365	4.969476
koko1269	-0.0639527141275	1.39911432987627	-2.9095245	2.864605
kola1285	-0.0255208125392	1.47043307925868	-3.10784675	2.868127
kolb1240	-0.54663246503845	1.4488460252299	-3.82324275	2.11611425
kolc1235	-0.1863284704735	1.53550160529601	-3.5004915	2.84881775
kolu1245	-0.18404813777	1.34510530151443	-3.06420425	2.48310875
komb1274	0.31906816442885	1.34176446037144	-2.28796225	3.25539125
komc1235	-0.5414545303717	1.4357550624453	-3.69145975	2.08234224999999
komi1268	0.106989564792	1.50186657211045	-2.85074	3.27563725
komi1269	0.017606657789	1.48932463365824	-3.0387015	3.0787705
komi1270	0.318655892444	1.17146359439276	-1.86098975	2.84208325
kona1242	2.415651674735	1.76751285872606	-0.288622575	6.35233249999999
konk1267	0.362977368731	1.36669472531736	-2.20217575	3.340196
koon1244	-0.04624850945	1.52537038508593	-3.361476	2.99397475
kore1280	0.60165491994	1.46822167793382	-2.07336125	3.87530125
kork1243	-0.7276620068423	1.43148216607283	-4.0451705	1.91964925
koro1298	0.5443299835485	1.34181931649536	-2.0904815	3.45839474999999
korr1238	0.306038751965	1.44437138524726	-2.50671325	3.389622
kosa1249	1.2134353788645	1.49139655893007	-1.29915625	4.73657124999999
kosr1238	-0.04687879722	1.51169484615069	-3.28873025	2.98695725
kota1263	0.283118966459	1.44883972430466	-2.473375	3.418063
koti1238	-0.0578139714625	1.48340953764412	-3.13414175	3.026456
kove1237	-0.300439130099	1.41818760022281	-3.31222475	2.5220855
koyr1240	0.1071529833	1.58644094956881	-3.11705225	3.4888495
koyr1242	-0.0524905387715	1.48417133497349	-3.1881645	2.96149574999999
koys1242	-0.695546820365	1.39616791693576	-3.85168325	1.788035
kryt1240	0.635916872414	1.48001139299464	-2.00528325	3.7990305
kuan1248	-0.6793393910155	1.37090398117026	-3.63472475	1.738126
kuii1252	1.2316186325271	1.54971527173163	-1.21016175	4.96319599999999
kuik1246	1.406077306166	1.5041875042535	-1.03489475	4.7862605
kuku1280	-0.097325190285	1.4960316485598	-3.4175355	3.0214925
kulu1253	-0.5895818012165	1.21538947296101	-3.118121	1.73262925
kuma1276	-0.2110892090295	1.45077854453497	-3.3051705	2.65067399999999
kumb1268	-0.1839608706053	1.4630036548289	-3.2293315	2.799404
kumz1235	-0.649381424482	1.36900262821292	-3.73250325	1.9058025
kuna1268	-0.2012782848335	1.43831837811594	-3.23994425	2.6160435
kuni1267	0.912154531706	1.23219251274489	-1.44388125	3.43577475
kunj1245	-0.123913278635	1.50878661858246	-3.3071595	3.033784
kuot1243	-0.772828450615	1.40645839183969	-3.96763625	1.7903795
kusa1251	-0.124576095278	1.43496221713612	-3.12436275	2.820603
kusu1250	0.54663094703	1.35145974483419	-1.851972	3.55371574999999
kute1248	-0.536731299697	1.44217543883148	-3.687454	2.07508775
kuvi1243	1.229440944543	1.51818974769044	-1.17787225	4.65851975
kuyy1240	-0.232601825075	1.49969436452767	-3.52233025	2.77069424999999
kwai1243	-0.0401499606535	1.38625406900235	-2.93884175	2.7112825
kwam1249	0.30885142449563	1.45422621989307	-2.5336935	3.43041225
kwam1252	-0.2192363780815	1.44907935937593	-3.333753	2.58166675
kwar1239	-0.0319583564605	1.33696882436368	-2.82036875	2.72316125
kwaz1243	-0.509088545355	1.43460516357944	-3.68614675	2.13164975
kweg1241	0.008876984918	1.36220594622396	-2.78565725	2.71803725
kwom1262	1.138396172498	1.31369521851423	-1.0745955	3.94550275
kxoe1243	0.250995828644	1.45307896956531	-2.57571175	3.259882
kyer1238	-0.996866051114	1.28861226224714	-3.781217	1.236348
laal1242	-0.9014797076785	1.6007493978212	-4.49110875	1.94399425
labo1244	-0.43866095600265	1.32596235994049	-3.27526375	2.0838055
labu1248	0.134686964874	1.28432263873293	-2.47889725	2.79196225
lakk1252	0.833850043944	1.49523963020105	-1.840441	4.25421
lala1268	1.9776882300635	1.5166879257004	-0.38026035	5.5696255
lama1277	-0.1850217738075	1.44251948608858	-3.22553075	2.787085
lamb1272	-0.035913982646	1.50550409948938	-3.06521475	3.07369299999999
lamb1273	-0.1584880186255	1.48690763799102	-3.375629	2.86425825
lame1260	-0.4444053047725	1.44668619212734	-3.53991525	2.26114999999999
land1256	0.8530977088065	1.51125848516407	-1.86823225	4.12282199999999
lash1243	0.892193068239	1.31658076112544	-1.31623175	3.95176775
latv1249	0.9704426520685	1.44200691449511	-1.4472725	4.149897
lauu1247	-0.03867914592595	1.36303775660355	-2.84026175	2.842117
lave1248	-0.2385623984274	1.5025834702392	-3.538683	2.52992625
lavu1241	-0.063143528539405	1.35700505177634	-2.78066175	2.79903775
lazz1240	0.411882403549	1.56566698216987	-2.57772625	3.81993199999999
lega1249	-0.07681395801415	1.48013117541862	-3.2409835	3.012348
lega1250	-0.101913480896	1.46041367938151	-3.07470975	2.8164235
lele1267	-0.3481901371523	1.42876593147936	-3.5028105	2.27879425
lele1270	-0.105793370178	1.45704772406227	-3.20266025	2.774968
lele1276	-0.756149300925	1.4759619333238	-3.964217	1.897131
lemb1266	0.6779559502675	1.30420745559634	-1.68669925	3.68557775
leme1238	-0.2138042084685	1.47405381678857	-3.48803125	2.72525275
lena1238	-0.247155048018	1.45021538726609	-3.37702275	2.48166075
leng1259	0.052704380189	1.39025209635411	-2.7945515	2.97095825
leti1246	-0.1755570157365	1.55537195235843	-3.4303335	2.761483
lewo1242	-0.41850426441	1.46475837553496	-3.654709	2.33468225
lewo1244	-0.17393341162735	1.4587327400158	-3.3718935	2.89951975
lezg1247	0.7213200756285	1.46267934731175	-1.86698	3.98962349999999
libi1244	0.126985256416	1.49516362860912	-2.9323285	3.15564075
liby1240	-0.0867466900415	1.52863319890165	-3.27142625	3.0666125
liji1238	-0.3602154248675	1.4704728909078	-3.6105925	2.4612775
lika1243	-0.4481208492785	1.46052930179524	-3.552067	2.2519175
lill1248	-0.418117551945	1.50253774093198	-3.93712925	2.513832
ling1265	-0.46268481121	1.33703013845854	-3.22930275	2.13100475
lipo1242	0.84407025988	1.32488024130948	-1.44692	3.83814774999999
lish1245	-0.714370715103	1.37801559073054	-3.84169825	1.7262635
lisu1250	0.803937954663	1.24048543522264	-1.50037825	3.54598625
lith1251	1.0682271425685	1.49009982687951	-1.602621	4.57774325
litz1237	-0.4544614804325	1.35549965970366	-3.3096625	2.09331425
livv1243	-1.769865696127	1.69400428664382	-5.60157275	0.829421849999999
loba1239	0.179212188814	1.48181037430505	-2.8094725	3.35410575
logo1259	-0.480991748042	1.40958888556537	-3.51160725	2.3155515
loka1252	-0.295310936558	1.50879822720797	-3.33172375	2.63404875
lolo1259	0.840936705591	1.31014634021125	-1.40109	3.67191175
lomb1257	-0.3567078232335	1.46041813420361	-3.701787	2.35606175
long1395	0.0074662579335	1.41234592861633	-2.75978775	3.0779835
loni1238	-0.09796973432	1.4521030822343	-3.18456925	2.79864475
lonw1238	-0.4679018938485	1.44106544279214	-3.55222125	2.26005999999999
lote1237	-0.277023178904	1.50580444488825	-3.56595575	2.59982625
louu1245	-0.07209660237315	1.44231942576877	-3.163054	2.9265215
lowl1260	-0.72590304032	1.45174747183004	-4.0541	1.82240475
lowl1265	0.983279082053	1.36150393254809	-1.33231575	4.05220725
lozi1239	0.09161414848895	1.50329625222521	-3.174105	3.17504825
luan1263	-0.1418248656055	1.52583683240506	-3.38182925	2.8501805
luch1239	-0.03853157153	1.53933884491716	-3.046673	2.79687324999999
ludi1246	-0.149891793222	1.49722192194195	-3.18143	2.98518775
lugb1240	0.0147164925985	1.3287417066943	-2.60256475	2.74331925
lugu1238	-0.102198278205	1.49408730065557	-3.3774815	3.051947
lule1254	0.1227987427465	1.45812941239577	-2.859903	3.13825024999999
lumb1249	-0.0904200934425	1.56352236213398	-3.362562	3.0430375
lumu1239	-0.32802812661	1.55047078007446	-3.67426	2.72042374999999
lund1266	-0.0433276764935	1.50912373526897	-3.20357175	3.11444725
luok1236	-0.1217669053945	1.56427699892557	-3.4729435	2.94498274999999
lush1249	-0.8913773923227	1.18651091660845	-3.5051835	1.183295
lush1252	-0.402747198215	1.51671284201486	-3.78530125	2.48574925
luva1239	-0.05958421829	1.56901782933314	-3.38417125	2.940415
luya1241	0.0412817127315	1.50142485022853	-3.06397825	3.0074225
maan1238	-0.069853998795	1.44738985971503	-3.051621	2.85927525
maba1277	-0.14823097892025	1.46802400046698	-3.34056375	2.72467775
mace1250	-0.8629216400185	1.44173879289448	-4.1306515	1.7198795
maco1239	-0.377838733390245	1.45600261361221	-3.4307385	2.467035
macu1260	1.1015156648055	1.47346078197201	-1.33140775	4.562673
mada1285	-0.7445786401065	1.39392764330292	-3.7311085	1.88394999999999
madi1260	0.84652228517	1.36273327292615	-1.49253025	3.914343
maee1241	-0.45078509767075	1.41654317976967	-3.49997925	2.34130225
maib1239	-0.50711558205	1.45909435370174	-3.59526325	2.24935725
mail1248	0.63693334870195	1.40590375510493	-2.00680425	3.79198025
mais1250	0.886282298005	1.39781736037922	-1.6856405	3.91828175
mait1250	0.397728019235	1.38917905405861	-2.15210625	3.43285575
maja1242	0.9383455881015	1.37913086189659	-1.4752195	3.99326325
maka1304	-0.147247488844	1.52544275208007	-3.49233275	2.747963
makh1264	-0.030723780729	1.5694777513296	-3.313801	3.14104125
makh1266	-0.023599393219	1.56292050694433	-3.261092	3.0749465
mako1251	-0.05465856512	1.53231154164701	-3.14895275	3.0987535
mala1463	-1.4111004476275	1.58257382704358	-5.00982525	1.26044125
mala1464	-0.6247665104175	1.48556785578257	-3.756342	2.360003
mala1522	0.66035880282875	1.31017935441837	-1.708905	3.5800275
male1284	0.131493744438	1.23710700552383	-2.4058515	2.732061
male1289	-0.265889831215	1.45020077388365	-3.35291575	2.64361175
male1297	0.30721228875	1.3392315015815	-2.309619	3.15676525
malg1251	-0.632655830396	1.40286577885964	-3.73158	1.8659375
mali1285	-0.96212504157	1.44055726192461	-4.13103025	1.48394275
malo1243	-0.4282279530065	1.44447511953003	-3.55413675	2.4780855
malt1254	-0.288157707431	1.44599870111294	-3.34142275	2.490589
malu1245	-0.4396960982679	1.4423879629166	-3.59268875	2.425893
mamb1294	-0.73899139467	1.4607234919238	-3.95726725	1.8019695
mamb1296	-0.056335081545	1.48219700416619	-3.1470205	2.9244955
mamm1241	-0.578376812922	1.51314398184449	-3.9733225	2.32703475
mamv1243	-0.48112519062	1.41439005284409	-3.4392775	2.10153375
mana1288	-0.6434400575995	1.21532086091411	-3.20729675	1.55887075
mana1295	0.654695141514	1.30635067307076	-1.66783925	3.46487574999999
mana1298	1.1571669061	1.33867066702282	-1.1159275	4.002552
mand1415	-1.09901941568	1.50481765475895	-4.6263835	1.41115725
mand1440	-0.6635554409135	1.42061214288817	-3.75236925	1.874243
mang1378	0.28080194464	1.40992047351525	-2.46476275	3.32939725
mang1381	-0.464006121735	1.50236543336185	-3.74141725	2.4685105
mang1394	-0.52603189962	1.41097605766675	-3.6006685	2.0517695
mang1401	-0.0201424737275	1.47978483763008	-3.25344525	3.105442
mang1403	-0.295264771795	1.52233585620007	-3.51568675	2.68773649999999
mang1405	-0.166967780325	1.45892698920854	-3.27352025	2.70226225
maor1246	-0.010397234216	1.48714585194166	-3.16196575	2.978846
mapo1242	0.263679203112	1.30802486490144	-2.389756	2.951765
mapu1245	0.704557879433	1.50183972832253	-2.0143845	4.14915525
mara1378	0.3909119270205	1.39520086981389	-2.1591315	3.57050825
mara1379	0.448262949991	1.13483010814472	-1.70019675	2.81845025
mara1382	-0.27977658491	1.14799918757944	-2.746369	1.97299
mara1399	-0.44963429638	1.38335355812905	-3.407252	2.24350875
marg1265	-0.690062223145	1.45088151544025	-3.8568765	2.04757675
mari1426	-0.3399170660735	1.52416432231845	-3.48616475	2.72331274999999
mari1440	0.106188854285	1.40794056624443	-2.6946705	3.031422
mart1255	-0.290106544488	1.45659073136429	-3.375835	2.57254875
maru1249	0.4765180665907	1.31998846137049	-2.0479265	3.26149724999999
masa1322	-0.72317245822615	1.52222321011329	-4.13714525	1.992922
masb1238	-0.08345041952	1.56199135941565	-3.3688955	2.981841
mask1242	-0.46798059832	1.36904216872506	-3.5254675	2.0724735
mati1250	-0.11204657724009	1.55096407917025	-3.47376	3.111187
mato1252	-0.057368843786	1.31733079169247	-2.65054525	2.59585949999999
mats1244	1.096064692319	1.50158445877984	-1.456649	4.35481525
matu1261	0.28697487158435	1.32532470676484	-2.190649	3.0520135
maun1240	-0.4782474587685	1.46735913626419	-3.64216275	2.1806535
maxa1247	-0.27571332800655	1.4080676559823	-3.25627025	2.42765774999999
maya1285	-0.2726388992665	1.45362470607037	-3.5561735	2.61735775
mayo1261	-0.5584815127795	1.40423182478106	-3.67279575	1.90392025
mayo1264	-0.339190081923	1.33464692884451	-3.27028375	2.17638375
maza1304	-0.782127573405	1.43265909059537	-4.06618725	1.73233875
mbaa1245	-0.22212190162125	1.40375869219902	-3.19246825	2.69305375
mban1263	0.70571383115	1.38547051439974	-1.87733625	3.64556675
mbar1260	-0.676146031985	1.54055464592476	-4.127466	2.00420625
mbay1241	-0.767397089344785	1.45695865716582	-3.97068625	1.81438174999999
mboc1235	-0.414358353075	1.38763610136872	-3.50438	2.2144915
mbol1247	-0.09707872963	1.50292804818658	-3.27172375	2.91369425
mbul1263	-0.307794735665	1.44251091490028	-3.37853825	2.4950365
mbya1239	0.6098093569435	1.44345635188984	-2.07977775	3.83647425
meen1242	1.4190275149675	1.55253690187889	-1.0450375	4.93068725
mehe1243	1.100572007024	1.32248869574662	-1.15222075	3.945232
meke1243	1.3318323649684	1.2932458243794	-0.8901858	4.15453325
melp1238	0.86645454428565	1.23948331980885	-1.36542225	3.52707275
mere1242	-0.347576770935	1.43917596516616	-3.5599565	2.40926
mezq1235	-0.8862137785725	1.53089260172695	-4.47979375	1.6556935
mich1245	-0.628796301195	1.33717039938813	-3.4992125	1.881663
miju1243	0.3084688868576	1.21025321667508	-2.0701545	2.7978955
mila1245	0.4710824992565	1.22142564642016	-1.8111455	3.05002225
mina1268	-0.078645692495	1.48878056899912	-3.164437	2.7488345
mina1276	-0.8021241866202	1.44546118808368	-4.13104475	1.8032045
mini1251	-0.67989197406665	1.36904632616481	-3.64460825	1.7259475
mini1256	0.5014236657075	1.47142832342053	-2.51306975	3.655939
minn1241	-1.15141821300945	1.48308624038231	-4.50011625	1.37183675
misk1235	-0.4465414549005	1.45518252036017	-3.54423075	2.2910795
miya1259	0.639201022288	1.38833340098584	-1.8764105	3.870309
miya1266	-0.474285202355	1.45566291890951	-3.82481325	2.22068675
mlab1235	-0.7859094963565	1.5505807742619	-4.42006875	2.06408225
moba1244	0.044965200515	1.53790154459286	-3.1482725	3.21870025
moch1257	-0.573199494477	1.5932021261029	-4.203385	2.2955725
moco1246	-0.3934660475	1.42245859920319	-3.5881025	2.24246974999999
mode1248	-0.407580027504	1.47517356051336	-3.72611325	2.25934675
moke1242	-0.136187419885	1.44920281607596	-3.2021895	2.73181
moki1238	-0.0458081056295	1.43993283545041	-2.94777975	2.82641025
mokl1243	-0.16669580594	1.44002651285085	-3.170504	2.78022425
mokp1239	-0.269409205492	1.50936298831361	-3.40993825	2.750825
moks1248	0.1049671614505	1.40899765922103	-2.654607	3.10102625
mono1270	0.9132631428834	1.35021407852151	-1.4392015	3.9476135
mono1273	0.100501299487	1.42657247343423	-2.75358925	3.1593945
mono1275	0.57941373079	1.38311798292572	-2.0433625	3.553397
mont1268	-0.4740274875305	1.40746120939609	-3.83920325	2.043532
more1259	-1.110218632061	1.43362164527144	-4.4150525	1.34333275
morm1235	0.191404259111	1.38468104724311	-2.567644	3.24784274999999
moro1287	-0.195294515435	1.52783757971117	-3.68563625	2.79986
mort1237	-0.0499536333545	1.54258635975853	-3.26638375	3.09517175
mose1249	-0.7442371410025	1.42765740083222	-3.965141	1.80983175
motl1237	-0.190432124384	1.48769237221226	-3.3512955	2.7510065
motu1246	1.866504612695	1.45191406834234	-0.397848125	5.01581075
moun1252	1.3755884820355	1.35117578741204	-0.84175415	4.4610425
movi1243	-0.4656231884995	1.39325394178151	-3.40300425	2.06833225
mpad1242	-0.44815520484	1.4300018762304	-3.53401775	2.2157635
mpii1239	-1.246732437807	1.45355170098483	-4.460845	1.172974
mpot1240	-0.005376069741	1.57533242050664	-3.22673775	3.1358875
mpur1239	-0.5246569327	1.46615857713862	-3.66829025	2.22976875
mual1241	-0.062530007542	1.49650129810858	-3.22542675	2.85625025
mudu1242	-0.3088394024295	1.47861367122808	-3.56308475	2.530566
mull1237	-0.43134802364595	1.52042338988702	-3.80811875	2.40597875
munc1235	0.5996746585629	1.40640854414998	-2.01204825	3.9062825
mund1325	-0.78220953456297	1.4312544865517	-3.922386	1.88677225
mund1326	-0.538049366489	1.4151058251964	-3.6660085	2.08991525
mund1328	-0.55647232304805	1.43750411996174	-3.711649	2.12236525
murl1244	0.19502702439	1.40880218963307	-2.653843	3.0821515
muso1238	0.032138074193	1.26272691923544	-2.528401	2.57762775
mwag1236	-0.5106624077855	1.41631824796432	-3.62766825	2.21999575
mwan1247	-0.0118370994155	1.50714771375602	-3.20621825	3.03731775
naka1262	-0.3352418921295	1.49781213978513	-3.57083	2.62075824999999
nali1244	-0.718790062596	1.42459653101938	-3.9299835	1.7288955
nama1268	-0.3916883339425	1.49318158598922	-3.6581855	2.47554525
nana1257	0.106657871327	1.51614258964026	-2.8719665	3.154864
nand1266	-0.1898782682275	1.50769076254549	-3.37293425	2.8111485
nang1262	-0.153158660223	1.49057963647626	-3.32928975	2.88784299999999
nant1250	-0.476585895346	1.37565916770683	-3.50523725	2.19728725
nara1262	-0.3569091755443	1.52643440768178	-3.678223	2.5976895
naue1237	-0.153516529235	1.5417309312837	-3.442015	2.846507
naur1243	-0.04171984109195	1.51470625952271	-3.13042075	3.015548
nava1243	1.23184799125065	1.4893592476077	-1.20151625	4.58308924999999
nawu1242	-0.0514262555155	1.43149776943234	-2.959513	2.73187775
ndam1239	-0.093000821867	1.50630973502574	-3.138737	2.8705525
ndog1248	-0.26681782728	1.48500157645594	-3.4439675	2.6009705
ndun1249	-0.1039481902385	1.33604825078086	-2.89329775	2.57202925
neha1247	-0.0256596416485	1.44097055280905	-3.11216175	2.86089475
nend1239	0.2305652943955	1.14907386719793	-2.09632475	2.6001055
nene1249	0.067244476065	1.45140799591227	-2.89788925	3.08664224999999
neng1238	-0.1243008520735	1.50231355308796	-3.28063725	2.92126825
nenn1238	0.500498072396	1.32566452233823	-2.06298375	3.3864585
nese1235	-0.4423107490865	1.44520539425418	-3.5959335	2.4715685
newa1246	-0.58474653238	1.21154517247833	-3.179504	1.709064
nezp1238	1.1008081331265	1.49135960083833	-1.284691	4.48683325
ngaa1240	-0.1049242245328	1.4730083603182	-3.362479	2.88085375
ngab1239	-0.20968389184305	1.4067900301605	-3.16325125	2.61604125
ngal1292	-0.4370908333205	1.50847906130649	-3.5915745	2.5250755
ngam1268	-0.8000190983455	1.44038299476413	-3.87870525	1.587239
ngan1291	0.05936256595	1.46718423853025	-2.9900305	3.1621775
ngar1235	-0.3450664502185	1.49046431550462	-3.586891	2.441144
ngar1283	-0.297508982481	1.50217247641747	-3.56818725	2.75602125
ngar1284	-0.1438426524765	1.48616478943437	-3.2250115	2.80204675
ngas1240	-0.5111897953	1.43959556848845	-3.66724675	2.19653525
ngba1284	1.47351284176265	1.58306033699582	-1.1818185	5.20850825
ngba1285	0.440662249128	1.45191526359311	-2.32519975	3.42441575
ngit1239	0.57412286551655	1.36013563637757	-1.8978915	3.5778835
ngom1268	0.009666330922	1.48274301107009	-3.1560485	3.071958
nhen1239	-0.993866927665	1.48093260910756	-4.36755	1.65723825
nila1242	-0.270891599415705	1.45718729707136	-3.24305125	2.48540075
niua1240	-0.04846286636	1.43069762440038	-2.958323	2.880292
niue1239	-0.0242591459055	1.56882525814493	-3.27033175	3.17488325
njan1240	-0.5063347059135	1.44914627493422	-3.627528	2.07878525
noct1238	0.6838599802945	1.23614590037401	-1.68204825	3.4015185
noma1260	-0.314622955494	1.48411056857845	-3.48627275	2.5454685
noon1242	-0.154455643008	1.4935977562645	-3.34034175	2.880966
noon1243	-0.5613869849887	1.4165020690639	-3.81799875	2.00117975
nopa1235	-0.9966615585478	1.43782307836629	-4.29356175	1.47951725
nort2671	0.1219394535391	1.50263261355267	-2.84442275	3.46309675
nort2684	-0.18906504753	1.48753171372449	-3.33106825	2.72455675
nort2690	0.1107316834492	1.45379858160164	-2.77390675	3.24007
nort2697	0.7883252769685	1.58375325973528	-2.17384275	4.29998525
nort2702	0.538086637116	1.47957385248415	-2.250393	3.86282625
nort2722	0.68129463388	1.23091855904938	-1.49429775	3.41384875
nort2723	0.4573912152635	1.37567768803735	-2.108428	3.54155925
nort2732	0.428355400553	1.44504099262136	-2.3605175	3.59085874999999
nort2745	0.4532212325695	1.49485973528961	-2.4532905	3.705741
nort2747	-0.4532544577405	1.43982813755958	-3.54827875	2.25354375
nort2774	0.244986547845	1.36152669217229	-2.51985125	3.04635725
nort2839	-0.45561956305255	1.44572297754635	-3.4095835	2.3074625
nort2845	-0.030739924124	1.52176280342957	-3.2074355	3.07965525
nort2847	-0.250249597728	1.44750450958523	-3.286525	2.4641685
nort2885	-0.068103484185	1.53034081155431	-3.23461175	3.02646875
nort2930	1.53437286662	1.48395042306459	-0.786115025	4.88117425
nort2938	1.2527299335975	1.56930615714721	-1.29463575	4.79266974999999
nort2942	-0.2837008023085	1.45139648021848	-3.37684925	2.56454225
nort2954	0.691852298124	1.45954527162959	-1.8067065	3.99960325
nort2961	-0.730905541186	1.40095092713873	-3.9102475	1.8144495
nort2972	-0.49983566762785	1.52489935386144	-3.812588	2.28676525
nort3047	-0.7933079342665	1.48931148144214	-4.0716145	1.8743915
nort3139	-0.23223031377	1.46340880425043	-3.49893275	2.503326
nots1237	-0.770360213925	1.40714761532043	-3.9361485	1.8167275
nucl1235	0.8021354152153	1.4257667144059	-1.6646235	3.88758425
nucl1240	-0.630444237251	1.41904419225134	-3.820427	1.919994
nucl1301	0.0518557983925	1.47065475902021	-2.92461675	3.11049175
nucl1302	0.6412383659845	1.5171044902295	-2.11662425	4.037456
nucl1305	0.309547676	1.52643870896088	-2.72030775	3.53602575
nucl1310	0.79503974696575	1.35402837931498	-1.5395605	3.94749
nucl1417	-0.2386205670565	1.52671279826071	-3.48051475	2.77203274999999
nucl1458	0.484808671305	1.25292589348539	-1.8819795	3.13155225
nucl1593	1.4151613633575	1.47741351541827	-0.989796975	4.70835824999999
nucl1595	-0.1214183790695	1.38225655154969	-2.9602095	2.62392325
nucl1622	0.793021300765	1.52136144483169	-2.02036075	4.2961575
nucl1633	1.0708874558895	1.45741050598739	-1.312375	4.23942425
nucl1643	0.56285511019847	1.40486723349891	-1.99724725	3.72881675
nucl1706	-0.4103880805489	1.43541510991583	-3.5256495	2.3884625
nukn1238	-0.1272295204795	1.31654372789865	-2.755147	2.52463125
nupe1254	0.281392701956	1.43664749429104	-2.61272225	3.19725775
nusu1239	0.84049436323865	1.22836121113043	-1.36771975	3.53370575
nyah1250	-0.266804532504	1.49586976603393	-3.5056395	2.7616885
nyak1260	-0.076197217801	1.53473226812266	-3.26561125	2.99933
nyam1285	-0.616487810625	1.47045139704955	-4.00467	2.09262075
nyan1307	0.111735449046	1.56261105858074	-3.0434305	3.39682599999999
nyat1246	-0.35862584139735	1.51375445733561	-3.526719	2.636814
nyor1246	0.2902842710535	1.5357853755194	-2.8491955	3.566563
obok1239	-0.1593370041452	1.43587304972422	-3.185344	2.722118
occi1239	-0.377159903969	1.45339031464786	-3.529901	2.354834
ocot1244	-1.082272494556	1.46101878198988	-4.48301125	1.36145675
okan1243	-0.293919905206	1.47294923086792	-3.4025825	2.47383925
okin1246	0.70831132682	1.45513766561272	-1.876694	3.96195775
oksa1245	2.435527784432	1.77745297534914	-0.246102575	6.5291345
oloo1241	0.894315195912	1.36278815477132	-1.5347055	3.84671875
olut1240	0.0752657187335	1.14238875259222	-2.3774905	2.39960925
omie1241	1.23638038513975	1.41238692290787	-1.12716875	4.4605345
onon1246	-0.53078893555	1.52383451207831	-3.840506	2.4734035
onto1237	-0.020448250619	1.56498861747547	-3.20277225	3.1843375
oriy1255	1.0279199260355	1.47884156704999	-1.41006225	4.29115375
orma1241	-0.293121153213	1.40174427736084	-3.4064845	2.31674525
oroc1248	0.10975691205	1.52738663132184	-3.171198	3.25866549999999
oroh1237	-0.0553860486635	1.48052710808027	-3.271932	2.93138675
orok1265	0.084934446725	1.56378277618441	-3.0723095	3.38781075
orok1266	-0.331074805392	1.50004052388648	-3.6622725	2.5545815
orok1267	1.52444301915	1.46864608517977	-0.769524075	4.914867
orow1242	-0.2010651611725	1.45890937662398	-3.28797775	2.585065
otta1242	0.6360368133665	1.37776803006509	-1.806479	3.7039145
paaa1242	-0.383692806835	1.45885479861781	-3.50227375	2.4403625
paas1238	1.41427139739	1.57986563581045	-1.16193	4.9768165
paco1243	-0.2094517511903	1.47334219052541	-3.41125925	2.65170175
pagi1243	0.0442373300545	1.33564565196835	-2.72671275	2.8793845
pagu1249	-0.44460059102	1.51228060058147	-3.97435525	2.3601995
pahn1237	0.13773470259	1.29718410034821	-2.5047115	2.798741
pala1344	-0.126458966207	1.42551370522484	-3.1958175	2.61753975
pali1279	-0.478606455569	1.43340876057717	-3.62666775	2.23687825
pana1307	1.359254059	1.50700055302976	-1.1087285	4.80778175
pang1287	-0.0729761969232	1.53069603693988	-3.12561125	3.056821
panj1256	0.402618580845	1.38813701703555	-2.25262725	3.46124725
pany1241	-0.299944250465	1.51048631840855	-3.5677985	2.70030175
papa1265	0.5737965737235	1.37613523845883	-1.85572675	3.44676949999999
para1301	0.0224545489605	1.53595066609089	-3.18207275	3.19389125
para1302	0.1945200625485	1.17380427695634	-2.28891	2.55127475
pare1266	1.20160655319825	1.48685748640626	-1.1719785	4.52925724999999
pare1272	0.900356565405	1.46541695091917	-1.648682	4.28130775
pate1247	0.381866524982933	1.29977356219544	-2.149415	3.0242585
patp1243	-0.649369802135	1.42467298704725	-3.85033875	2.00967675
paul1238	-0.0680420838495	1.43757064314074	-3.0078405	3.01761525
payn1244	0.1948496081805	1.1380224019664	-2.08088725	2.577042
pech1241	-0.445456124065	1.49512355456161	-3.902928	2.3626745
peer1241	-0.56571361417	1.45861710903578	-3.7780105	2.25343675
pela1242	0.610271054325	1.40164199945399	-1.84962325	3.6635515
pemo1248	0.465392129557	1.44264695524478	-2.287365	3.5934115
pend1242	-0.10731615316	1.43306662273893	-3.16184725	2.76651125
peng1244	1.1914325698666	1.57593263959826	-1.4642745	4.8741735
phai1238	-0.7250952682575	1.55818212440358	-4.211632	2.10664349999999
phom1236	0.19298255509	1.12929392510079	-2.222889	2.42556425
pila1245	-0.37722672437	1.4155012220358	-3.45986075	2.3537355
pile1238	-0.12398526571035	1.59878447511926	-3.519504	3.10577125
pina1252	0.6532948685145	1.24226951817862	-1.620655	3.2583995
ping1243	-0.0441829019625	1.54278733343163	-3.15614	3.06636774999999
pipi1250	-0.663786422798	1.45302925762733	-4.070865	1.91054525
pite1240	0.0800859310949	1.49671256885212	-2.93134675	3.250066
plai1258	0.536328458638	1.37581049323365	-2.1334615	3.57731325
pnar1238	-0.281695265655	1.31959440802588	-3.03837775	2.38573875
pohn1238	-0.034942976241	1.48960218610152	-3.21015525	3.09216074999999
poko1263	-0.1480313113974	1.48564894349884	-3.35833875	2.93793575
poli1260	-0.4571912536226	1.42452580002226	-3.516082	2.1737525
popt1235	-0.601092904878	1.53981790471284	-3.953729	2.25816575
port1283	-0.3039137829105	1.38381456358152	-3.295504	2.306139
port1285	-0.4669045000245	1.36149714853399	-3.52157	2.08100575
psik1239	-0.770679530485	1.42828224331357	-3.8979355	1.87512249999999
puka1242	-0.01101330740605	1.42995942687479	-2.98366425	2.968185
pulu1242	-0.041151150044	1.48700790889648	-3.19648525	3.00596675
puma1239	0.130358269512	1.22441978094083	-2.224337	2.754431
pume1238	1.0108342228605	1.55099190167483	-1.626894	4.7134595
puoc1238	0.027666905734	1.54524608509243	-3.1381985	3.278536
pura1257	1.3955133244485	1.41105141304716	-0.883665025	4.6762715
pure1242	-0.7232009366795	1.44888673276203	-3.9196805	1.9293565
puri1258	0.36443407961905	1.45528587781811	-2.414808	3.52987325
qanj1241	-0.586937596799	1.50261903133205	-3.919455	2.30361025
qima1242	1.217240692266	1.53476506537201	-1.24305625	4.873954
quer1236	-0.83972632718975	1.4874384755927	-4.237551	1.67113575
quio1240	-0.972853884523	1.45418308060774	-4.3195985	1.52441325
rabh1238	0.283113732799	1.35263938361135	-2.3446565	3.23167
raji1240	0.6574380225138	1.42968693036561	-1.90086475	3.9088155
rama1270	1.290324601395	1.58539411410947	-1.27801925	4.84301425
rapa1245	-0.104040761465	1.48414687639695	-3.198092	2.88089175
raro1241	-0.078092402164	1.47034869015364	-3.18827975	2.96049425
rata1244	-0.1017066269142	1.54141399390721	-3.30457775	3.21540025
remb1250	-0.178637316785	1.49493741556957	-3.36994075	2.73704075
reng1252	-0.206721866305	1.44465397423926	-3.26689475	2.69329975
renn1242	-0.11658483795805	1.49551806589117	-3.30697075	2.940987
reye1240	-0.8534767199	1.40268423047619	-3.9693245	1.53545975
rong1264	0.4561842066855	1.4522413578268	-2.3270095	3.68441675
ronn1241	-0.511398199682	1.41939231160366	-3.6606875	2.23264225
roto1249	0.601486113936	1.38977783379981	-1.80982775	3.698497
rotu1241	-0.0406036883945	1.57201620050517	-3.2345895	3.17784
rovi1238	-0.1367152782315	1.45459605891303	-3.31326325	2.782877
ruch1235	-0.5887067993365	1.468213019319	-3.86934175	1.9762255
ruka1240	-0.4823217575595	1.37578289265555	-3.38896625	2.1018955
ruma1248	0.28984592183195	1.36267223056563	-2.340517	3.205353
rung1258	-0.109016660435	1.45729165210203	-3.1137025	3.052342
russ1263	-0.437098736873	1.48284077510297	-3.62182575	2.3871755
russ1264	0.101734059584	1.49750870191557	-2.8914045	3.31827275
saaa1240	-0.0616227782405	1.48230925963714	-3.329795	2.93960725
saaa1241	-0.4315396650485	1.45365192211582	-3.5877135	2.26549225
saar1237	-0.52891847829	1.44061369501995	-3.604491	2.25548124999999
saga1262	-0.194005540239	1.48002049788169	-3.30919875	2.63707775
sais1237	-0.3165619539755	1.44331985230409	-3.5470205	2.48675099999999
saka1289	-0.341367825255	1.43532654236277	-3.46876375	2.27241075
saka1291	-0.063655792504	1.46982788426367	-3.29653475	3.0104455
samb1305	-0.611446355395	1.44847286772467	-3.766685	2.06417825
samb1311	-0.6051514869545	1.44181474725019	-3.76884425	2.03043525
samo1305	-0.028112903763	1.54589631445438	-3.15580325	3.12476224999999
sana1295	-0.078564315197	1.49577779910578	-3.21513075	2.7247045
sanb1242	-0.4763164967765	1.42906778653159	-3.684568	2.26194725
sand1278	-0.4858103832529	1.45589757232545	-3.74339725	2.22587125
sang1331	-0.0074559309475	1.49952715867934	-3.06558425	3.165686
sani1269	-1.296742323853	1.37566703335567	-4.51055275	0.987140125
sanm1289	-0.527969297335	1.33253735593059	-3.40675775	1.94096125
sanm1295	-1.1702096215355	1.50796290550451	-4.69125675	1.335961
sant1436	-1.1169802932935	1.48266929973536	-4.563727	1.381503
sant1451	-0.806434933902	1.42511577216253	-3.95375725	1.6821865
sanu1240	-0.4149346188885	1.4793953295857	-3.57331725	2.3979915
sapo1253	0.4170314307655	1.41564652989792	-2.23637375	3.5021895
sara1321	-0.4844283015395	1.49008403917158	-3.809956	2.25795524999999
sars1236	-0.19575747106	1.38898187410013	-3.1627015	2.48963975
sasa1249	-0.091234843513	1.50699871271182	-3.305181	2.924807
sata1237	-0.026474448485	1.51292621262733	-3.17670725	3.18013299999999
sauk1252	0.0973739396055	1.25868824925189	-2.4365895	2.66687475
saur1249	0.3736305303805	1.49304168346526	-2.49533325	3.59046325
savo1255	0.169894154955	1.33821984872464	-2.4151895	2.967248
seda1262	-0.2100576647305	1.46243633030528	-3.26986625	2.81418825
seim1238	-0.03548261611	1.46592638106562	-3.1925415	2.9763325
seke1241	-0.43175720735165	1.43879198020863	-3.3451965	2.26812
sela1259	-0.119207011271	1.5307050838188	-3.23072225	3.02822625
selk1253	0.07864562226	1.60862122150016	-3.0715605	3.602904
sema1265	-0.193723715394	1.50973944623377	-3.3795085	2.7289625
seme1247	-0.208014237015	1.47133374887911	-3.43964775	2.6009215
sene1264	-0.6162399014885	1.41640446099968	-3.7042155	2.121064
seri1257	0.219980545518	1.46177471785386	-2.60848825	3.31969524999999
seve1240	0.5393738762834	1.49396186182645	-2.16645875	3.7910815
sgaw1245	-0.8720733301072	1.48315973991261	-4.2487645	1.7511405
shab1252	1.112441270459	1.47912946517248	-1.45671425	4.38467475
sham1280	-0.1340867182445	1.43578825105278	-3.21672975	2.6502765
shan1283	-0.16477546529	1.33196478996136	-2.88244225	2.325387
shaw1249	0.6173085420505	1.39968477423108	-1.97019525	3.78047574999999
shil1265	-0.062236953155	1.57038730501304	-3.2486565	3.2279315
ship1254	1.35770467738	1.43519233328251	-0.890746525	4.5434675
shix1238	-0.07092134585465	1.26131433165275	-2.8423785	2.33291825
shol1240	0.305254454778	1.48311201388658	-2.7114005	3.52006975
shon1251	-0.015399888562	1.48749182476301	-2.9964195	3.08217175
shos1248	0.635744287545	1.35916795726698	-1.73781575	3.8491815
shua1257	-0.283545490855	1.43076476181941	-3.56035025	2.3534025
siam1242	0.5227976202025	1.25084286967341	-1.80101425	3.1358705
sich1238	0.7413887610325	1.3283680152385	-1.6137525	3.65407425
siee1239	-0.293649400993	1.47818805139462	-3.44076725	2.5546855
sier1250	-1.005988663885	1.44980015100206	-4.3241925	1.500606
sika1261	-0.09256220752075	1.500402684949	-3.1360415	2.9557925
sile1255	0.2360793691995	1.23033372330778	-2.2101865	2.80928875
sina1266	1.8456441813	1.42235602079133	-0.437325	4.84070975
sing1264	0.702099594241	1.27142842513632	-1.65010675	3.57692725
sioo1240	-0.2575700521615	1.34245131476026	-3.12884425	2.34762025
siri1274	0.935017285595	1.37427808633242	-1.316373	4.0990145
situ1238	0.57913483185695	1.26493708256809	-1.657497	3.39497875
siwi1239	-0.31600555144	1.45784750222738	-3.519113	2.5996715
skol1241	0.057618797485	1.5163716109452	-2.9971395	3.0666445
slov1268	-0.4857881860595	1.43180282569444	-3.59617725	2.1254615
sobe1238	-0.0279022242305	1.39833561197212	-2.9239255	2.919662
soch1239	-0.869087459591	1.45355310058001	-4.2482215	1.62868975
soga1242	-0.012624308317	1.52181917850895	-3.15623725	3.09586549999999
sons1242	-0.03522356272	1.54087166407488	-3.308656	3.11178075
sooo1254	-0.2231150433245	1.46742735150951	-3.34844775	2.61946825
sout1528	-0.5408968572875	1.3694543589752	-3.525666	1.938348
sout2649	0.5943418469605	1.4592946330683	-2.0237735	3.74764675
sout2674	0.0428897484155	1.5463775851302	-3.02891175	3.308081
sout2679	0.351392969021	1.48670841699796	-2.46205275	3.53626725
sout2728	-0.00687378095585	1.25382423831332	-2.64997225	2.57808675
sout2729	0.4137429086675	1.26540065539183	-2.00424625	3.15432175
sout2730	0.227524491548	1.25959743046156	-2.2938995	2.8143885
sout2797	0.6938034944095	1.27968696868294	-1.60750225	3.48637125
sout2807	-0.0360354847	1.55132367059174	-3.1564855	3.23337275
sout2856	-0.3388401131925	1.45704293808558	-3.62172525	2.34643375
sout2857	-0.43434419067825	1.3349319231197	-3.3071145	2.009516
sout2859	-0.4475892417415	1.46224588072135	-3.73118675	2.35604625
sout2869	-0.228363196705	1.44421970287175	-3.2726645	2.483566
sout2954	0.66111826771255	1.38453273983367	-1.7969515	3.59112424999999
sout2956	1.267180800381	1.56715375732346	-1.28004675	4.81668025
sout2959	-0.271968187022	1.43570957473698	-3.27452175	2.61322475
sout2976	-0.280485423799	1.27719959126534	-3.1079955	2.16114025
sout2994	-0.022706012885	1.41952459287854	-2.92413175	2.75866025
sout2996	-0.3500464462	1.50460519025834	-3.66617275	2.513684
sout3236	0.58301433495	1.46668481958537	-2.15881725	3.7068685
sout3261	0.774508841755	1.49272456813379	-1.7685305	4.07772499999999
stan1289	-0.0471282392295	1.34834414252157	-2.72037925	2.63461925
stan1290	-0.1111405462315	1.50948555982411	-3.2658075	2.96515475
stan1293	-0.5958794622655	1.39690726301505	-3.7244515	1.78852075
stan1306	-0.269551293636	1.45007304313139	-3.37569875	2.57773725
stan1318	-0.2789011475565	1.4182565684251	-3.31448675	2.45983524999999
sude1239	-0.6768711396145	1.46745904877608	-4.065224	1.90926875
suku1259	-0.061710504165355	1.4270746806288	-3.07995775	2.910845
sumi1235	0.2738260826565	1.12559303042285	-1.91369625	2.57485675
sund1252	0.1639680799005	1.53440903300673	-3.0109995	3.3419385
sunw1242	0.08830082096165	1.22923096775168	-2.31920575	2.70540674999999
supy1237	0.08583849251	1.41285932914614	-2.7695125	2.959569
surg1248	0.0786997750375	1.5470173756151	-2.85526525	3.34454625
surs1246	-0.536253024942	1.41165866966407	-3.7020525	2.0664375
swah1253	-0.061234401995	1.51439971493609	-3.16069625	3.01829149999999
taba1263	-0.41248121726535	1.51994234651716	-3.8103305	2.61132225
tabo1241	1.528070171705	1.55655525552211	-0.8468049	5.15892949999999
tagw1240	-0.05748475416265	1.39314147389039	-2.962567	2.69154425
taha1241	-0.16619816769	1.44862820164099	-3.34501775	2.58455875
tahi1242	-0.0278359268855	1.48887674281998	-2.97446575	3.100994
taia1239	0.384467666055	1.26780938153691	-2.08903125	3.11414225
taji1246	-0.106729288407	1.41963933311366	-3.02165925	2.781306
taku1257	0.0720383857665	1.57256961776115	-3.2136225	3.398872
tali1259	0.0554634146895	1.37248074882699	-2.7957625	2.892081
tama1365	0.871930761325	1.31756186812038	-1.41170525	3.718834
tami1289	0.029016748409	1.38039763717787	-2.80430125	2.887624
tane1237	-0.1836981825435	1.41706260669809	-3.1384125	2.683273
tang1336	0.415499181936925	1.14182622648819	-1.800572	2.7725985
tang1347	-0.3899172265325	1.46130131205491	-3.603263	2.44565775
tang1348	-0.2840665340895	1.4570133854829	-3.3052345	2.440688
tang1377	0.641322524842	1.20571611386353	-1.513507	3.2075735
tari1256	-0.1030443358056	1.27447196942913	-2.8129625	2.47438725
tari1263	-0.2167516473655	1.47520169105217	-3.44507525	2.66989025
tata1255	0.150790723476	1.46287806870951	-2.7693455	3.0508205
tata1257	-0.048730401875	1.45345357888688	-3.2501595	2.93898725
tata1258	-1.06352148040075	1.45967979907454	-4.354506	1.36197175
taul1251	-0.6547736165665	1.37788194174348	-3.678429	1.80007025
tawa1286	1.59047933007015	1.67261232561105	-1.05181175	5.273894
taya1257	-0.44447559573	1.43713941971701	-3.804718	2.28899775
tbol1240	-0.0576979646855	1.50287795884964	-3.25334325	2.91973975
tean1237	-0.18029047731955	1.43157218700724	-3.1594315	2.69332124999999
teda1241	-0.0530810342565	1.43893663967609	-3.0567265	2.78824075
tedi1235	-1.092035794975	1.36621132348524	-4.086368	1.29774925
teke1275	-0.023520252103	1.51321219593909	-3.21647425	3.07916075
tekt1235	-0.5842458080885	1.59572448739829	-4.2051835	2.31642725
telu1262	0.2965299131715	1.45024500517168	-2.36681725	3.48882975
tene1248	1.27156291231	1.52596848638057	-1.1256095	4.7757445
tenn1246	0.0530507564749	1.47205861512376	-3.0527755	3.03854299999999
teop1238	0.50360363136	1.37368028238708	-1.942107	3.53990375
tera1251	-0.522266945721	1.49492379722392	-3.834868	2.34142175
teri1250	-0.18871277462	1.37449768820777	-3.03765725	2.51473975
tern1247	-0.42700098279	1.4909723868009	-3.860605	2.34624325
tete1251	-1.158207926844	1.41655538143077	-4.56595075	1.26610325
thad1238	-0.6489804937655	1.2415293134332	-3.27311875	1.6992685
thak1245	-0.2395615557935	1.22845359788465	-2.7871735	2.21602049999999
than1259	-0.658883561968	1.3318880308697	-3.6103605	1.885922
thao1240	-0.4701212619665	1.43908968919441	-3.65683675	2.280025
thul1246	-0.364483226148135	1.24975181110902	-3.04551825	2.1516865
tibe1272	0.566004185811	1.4172604237983	-1.99586125	3.7792245
tief1242	0.6463058521065	1.28692169473362	-1.7018745	3.4524955
tief1244	0.685663986675	1.28663259134349	-1.62084375	3.417293
tien1242	-0.0547733908175	1.5107578521588	-3.169302	3.0352585
tiga1245	-0.5420825218015	1.44193309312594	-3.7240875	2.15904225
tigo1236	-0.543563858047	1.36096746092072	-3.68554925	1.960839
tika1246	-0.448617862356	1.46755501386008	-3.67619775	2.3111595
tiko1237	-0.1039870847941	1.55417072920949	-3.34253075	3.0263625
timn1235	-0.1497080921695	1.46299302694309	-3.2407435	2.81968125
tiri1258	-0.1927150055095	1.45679065388847	-3.13592125	2.63233725
toab1237	-0.0178861788185	1.33822739525896	-2.82603225	2.8360355
toar1246	1.516344242839	1.39006574700411	-0.6679612	4.57086225
toba1268	-0.206035759935	1.44547684606703	-3.33780775	2.673586
tobe1252	-0.392846849065	1.50270478152074	-3.8075085	2.44710175
toho1245	1.15249944485	1.49669496255253	-1.31418475	4.5625645
tojo1241	-0.462039188832	1.54178450818212	-3.79943925	2.442584
toke1240	0.0072545696265	1.53960720830174	-3.08383575	3.37505825
tond1249	0.3306337417005	1.35750317744316	-2.3704525	3.19694925
tong1308	-0.15697028191045	1.47077988867665	-3.18831275	2.676859
tong1318	-0.008563180877	1.49754255101205	-3.189449	2.9554855
tong1325	-0.037139436055	1.52768505729329	-3.1743705	3.06701074999999
toor1238	0.348014518864	1.49741549891406	-2.625701	3.50993049999999
tosk1239	-0.7988385893795	1.43525207123535	-4.14176675	1.61536324999999
toto1302	-0.8793483322835	1.29833918263651	-3.65495375	1.52001075
trio1238	0.201992381178	1.39282985062055	-2.447232	3.29708925
trum1247	1.511667217065	1.55876296887883	-1.0253625	4.94867075
tsam1247	0.097260320189	1.24015789829785	-2.386825	2.66694625
tsat1238	-0.2667356272781	1.38369394886765	-3.14063375	2.42054325
tsha1245	0.6272898708195	1.49603031720717	-2.1069785	3.89055975
tsis1238	0.5951944405347	1.43400964013972	-2.09872325	3.68660675
tsix1234	0.477092001322	1.38177361892626	-2.15090975	3.52776
tsog1243	-0.033271344907735	1.57741199290825	-3.4537595	3.17395175
tson1249	-0.032791506425	1.55711309392681	-3.2603205	3.06352075
tswa1253	-0.4894875425375	1.51865504063198	-3.65354975	2.42817424999999
tswa1255	-0.03534077166815	1.5020264681491	-3.4399915	2.96672725
tuge1241	-0.2083765954065	1.44933272902822	-3.34148175	2.66775525
tugu1245	-0.169935973812305	1.48946959397752	-3.27751575	2.81928925
tuka1248	-0.051758978707	1.48489213463311	-3.19714225	3.08904674999999
tuki1240	-0.2770262653655	1.55298142089912	-3.65575575	2.83585875
tula1252	-0.658749238493	1.35947999467544	-3.6136535	1.90365375
tulu1258	0.3173233312655	1.44910731827841	-2.48841575	3.425543
tung1290	-0.36510490141965	1.51221146604794	-3.74222225	2.5950325
tunn1238	-0.2217521615125	1.51094786171068	-3.6131385	2.67158675
turk1303	-0.000193159842499999	1.504435389225	-2.968595	3.2239135
turk1304	0.0903351434765	1.45381114873126	-2.844604	3.13814575
tusc1257	-0.4514378653065	1.38970080051663	-3.53245225	2.177299
tutu1241	-0.4340745477445	1.44357187779428	-3.538963	2.43152974999999
tuva1244	-0.067034499045	1.54548954478953	-3.2314665	3.15356175
tuwa1243	-0.421572572581	1.48944729162507	-3.80424225	2.36263475
tuwu1238	-0.203511280237	1.46783505996724	-3.33204225	2.726052
udih1248	0.091145755054	1.51985998191839	-3.026159	3.3436125
udii1243	0.6451527811005	1.47834056412748	-2.0574055	3.915842
ughe1237	-0.137420979597	1.44845082699271	-3.33151125	2.74374449999999
ukra1253	-0.4478734219905	1.38335507121687	-3.41951775	2.15206775
ulit1238	-0.0116420425695	1.49137966600974	-2.94760975	3.04271975
ulwa1239	0.1946987738948	1.4434632591791	-2.78381375	3.16407025
umbu1257	-0.028083410345435	1.49812470687662	-3.12076125	3.09701724999999
umbu1258	1.541337141626	1.48892702104765	-0.857684675	4.949588
umes1235	0.0670402045805	1.46304459554542	-2.85462	2.96443099999999
unua1237	-0.4683465431871	1.35046400757283	-3.3411125	2.22334175
uppe1275	-1.035791962125	1.38609346166307	-4.15058875	1.2633345
urar1246	-0.183204464174	1.35584578438668	-3.1603645	2.47185025
urav1235	-0.301256302636	1.49040089178431	-3.54250725	2.55793525
urim1252	0.94617709358	1.31691532076088	-1.46811825	3.81880399999999
urip1239	-0.4495514807	1.3970421068204	-3.44810975	2.30953525
utes1238	-0.800889627635	1.37320178676253	-4.005188	1.54128725
uuuu1243	0.5361650047805	1.3269063588462	-1.89157425	3.3696145
vano1237	-0.1685201730905	1.43170856485955	-3.216015	2.67897825
veps1250	0.2228808063885	1.42353198450441	-2.5257835	3.18124975
vera1241	-0.2235524368565	1.49949786857347	-3.4817005	2.7303595
viem1243	0.589108555685305	1.32353843729271	-1.94794975	3.3937385
viet1252	-0.043897364525	1.49278463600985	-3.276174	2.89665025
voti1245	-0.0368965137357	1.48092392079287	-3.1437205	3.0644535
vunj1238	-0.23689742664	1.47758023031295	-3.271401	2.71856924999999
vure1239	-0.226945049777	1.50210736090263	-3.49356225	2.68449525
vwan1235	-0.0772631832145	1.47722473581267	-3.17320425	2.9924315
waga1260	-0.111536851275	1.47449610369033	-3.25369175	2.76190575
wage1238	-0.6174105101365	1.55466172760976	-3.890827	2.21888125
waig1244	-0.229011729277	1.44111399966146	-3.3452755	2.56434425
waim1251	1.967400777411	1.51697668990022	-0.39509625	5.256892
wala1266	-0.01878906314	1.32666309455135	-2.8067875	2.774842
wall1257	-0.016214301077	1.53942312008626	-3.11905475	3.22130425
wamb1257	0.274652268244	1.24331795266019	-2.048398	2.99280525
wand1267	-0.2219511838215	1.43402060643548	-3.22263575	2.7105425
wand1278	-0.743336987703595	1.43393428610725	-4.07025675	1.77483
wara1294	0.2476106587935	1.39998038802022	-2.3818285	3.2955725
wara1303	-0.1005972165065	1.48777397491334	-3.09447375	2.97393025
ware1253	-0.152570628244	1.51368509995813	-3.36302225	2.88765125
wari1268	-0.63901270425225	1.45176611216502	-3.8495645	2.07085625
warj1242	-0.081381504986	1.35998959249202	-2.89709	2.82342024999999
waru1265	-0.0885944646305	1.52053909895815	-3.230556	2.91490925
wawa1246	-0.5055201660097	1.46261208356661	-3.720152	2.2456235
waya1269	-0.864092608585	1.3724179657284	-3.835982	1.5136905
wayu1241	0.1928410230085	1.24328370202233	-2.1797585	2.935365
wayu1243	0.953266896505	1.32248318981452	-1.27396075	3.89827925
wels1247	-0.36042795637	1.45025263391256	-3.5265675	2.33751525
west2354	-0.175401510785	1.36239345848642	-3.182234	2.536284
west2369	-0.68854648897765	1.44023579602302	-4.01363375	1.83839449999999
west2392	0.16107209483735	1.52298591899286	-2.8660055	3.3950405
west2396	-1.317048082851	1.53427221540907	-4.7318925	1.3067575
west2397	-0.2214833709625	1.48299238741904	-3.41386675	2.58389325
west2415	-0.89391303244	1.21483365898793	-3.496818	1.2402245
west2418	0.0357223212915	1.18552317293242	-2.297684	2.4794155
west2466	0.526633399239	1.2644648069835	-1.91093925	3.220499
west2516	-0.18958529411	1.43918179851008	-3.26460025	2.5038285
west2519	-0.0016177550185	1.49797489440041	-3.07182925	3.188205
west2548	-0.1309049188585	1.54996758110877	-3.448385	3.044642
west2557	-0.0927964527895	1.53467623125412	-3.32831825	2.98764475
west2560	-0.04651736739	1.5257258694307	-3.35324575	3.11295925
west2594	0.069635225190205	1.43083241209273	-2.84310175	3.22323125
west2600	-0.401252893023	1.44183448014484	-3.529808	2.232052
west2618	-0.3006148973825	1.51294145793527	-3.69033375	2.66673425
west2632	-0.1120745192975	1.41595481165024	-3.04706575	2.78979525
west2635	-0.60160875927	1.56913686212814	-3.95903125	2.2501135
west2644	-1.070579334962	1.45439864312054	-4.24076925	1.342009
west2650	-0.193881629886	1.45048059365012	-3.400233	2.597891
west2763	-0.2314968272825	1.39217577599874	-3.213857	2.38031224999999
whit1269	-0.230399361229	1.46128496246838	-3.31601725	2.56185425
wiru1244	1.7441204819685	1.55200621577945	-0.660195025	5.30237875
woii1237	-0.0707378183905	1.53739748465429	-3.28618725	3.250234
wola1242	0.77969529267	1.37161110799434	-1.70988	3.716216
wola1253	1.3835053456975	1.46543191607417	-0.931913	4.74771074999999
wood1236	0.564376144836	1.39885749343974	-2.00648	3.7013085
wotu1240	-0.1410158974655	1.57740389712294	-3.49182825	2.87407625
wuch1236	0.30111370238	1.40222749271466	-2.39451525	3.35332375
wudi1238	0.7073135155315	1.28621391478788	-1.5519805	3.5363945
wusa1235	0.800188785422	1.3218612232653	-1.522372	3.8740005
wutu1241	0.9369040349265	1.4302392964516	-1.5323335	4.17442775
wuvu1239	0.094616155294	1.47575650670992	-2.845857	3.228052
xamt1239	1.0591721446555	1.52834556278955	-1.42822525	4.62586775
xara1244	-0.212304339259	1.43542566471283	-3.2104105	2.566758
xhos1239	-0.08924405318	1.47251055871935	-3.15449375	3.039889
xish1235	0.595418666189	1.33894150571791	-1.904651	3.44708525
yaak1241	-0.2932356943515	1.50840610554178	-3.54178475	2.59484225
yaey1239	0.71619906628	1.41125685028519	-1.75080175	3.90858724999999
yagu1244	0.0570132359185	1.47692938574218	-3.03678675	3.07667925
yaka1272	0.769519067839	1.50002768472376	-2.06995525	4.14935775
yaka1277	-0.081802268263	1.51513836733229	-3.2814485	3.017478
yaki1237	-0.599129237292415	1.44931628308536	-3.81251975	2.09468525
yakk1236	-0.56038909817	1.21620199228587	-2.99064625	1.872512
yaku1245	0.063413014045	1.48717505729547	-2.79032275	3.1754215
yale1246	1.494996784475	1.46881426757256	-0.84134795	4.82387874999999
yami1254	-0.2693263299945	1.48288522553912	-3.4480415	2.5931555
yami1256	-1.235130998957	1.43133373248671	-4.55509025	1.10596675
yane1238	-0.147115641117	1.3049406693913	-2.81287	2.443886
yano1261	-0.3974961076955	1.52102491003329	-3.6975895	2.48775724999999
yaoo1241	-0.0080010768295	1.61699762181226	-3.41388075	3.32213849999999
yapu1240	0.9308891527295	1.31980760586696	-1.33829525	3.89241225
yaqu1251	1.0651112389495	1.41256369284828	-1.39191975	4.2624005
yasa1242	-0.0949333230615	1.57521997258832	-3.45699125	3.05658825
yatz1235	-0.9046795979085	1.43726788012052	-4.16528125	1.67685025
yaum1237	-0.0299879398305	1.30014144378956	-2.70440975	2.62772025
yawa1260	-1.084046246462	1.45619574441881	-4.4932965	1.44548275
yawu1244	-0.22856809245105	1.45777766537714	-3.37010425	2.60653675
yele1255	-0.8466440531745	1.46748288550321	-4.11713125	1.817488
yems1235	0.9434605601235	1.3468799435584	-1.50108075	3.9590785
yind1247	-0.249572964365	1.50102937808336	-3.44914425	2.72119
yoga1237	-0.361732749164	1.48090044500435	-3.67790375	2.4956195
yona1241	0.57400878705	1.4313577787989	-1.979798	3.77342525
yong1270	0.5622061066245	1.28862243200262	-1.80543225	3.325077
yong1280	0.78163635997	1.39930973407145	-1.75417225	3.8550475
youl1235	0.3879638042915	1.36579105838649	-2.2469685	3.278517
youn1235	-0.9396353562032	1.47989495591617	-4.3689495	1.6144245
yuca1254	-0.148454482189	1.45266050540383	-3.17970125	2.86033725
yuec1235	-0.0877069121415	1.33277675937	-2.702018	2.786216
yura1255	-0.54506708760045	1.45150211958766	-3.69810175	2.16102525
zaba1237	-0.107226785531	1.43907764291723	-2.99440325	2.85188275
zaca1241	-1.08031227935	1.34720970346308	-4.09970825	1.19076075
zaca1242	-0.98842756266	1.44212878976466	-4.092644	1.49556825
zagh1240	-0.090201602971	1.49880660390726	-3.40866675	3.060934
zamb1245	0.033966360349	1.56640727610274	-3.2221345	3.14645675
zani1235	-1.14485636993	1.47898736708741	-4.57730925	1.25013275
zarm1239	0.258694325315	1.46848265673279	-2.708398	3.49275049999999
zaye1235	-0.952412110631	1.48018056983241	-4.47571825	1.59938175
zays1235	0.362634041395	1.27742829306947	-2.0665425	3.0721055
zeme1240	0.464158724256	1.20859181890966	-1.806528	3.08177075
zinz1238	-0.033167020848	1.55721026554504	-3.320997	3.13437725
zoog1238	-0.9324285451165	1.43180378601211	-4.1624595	1.6490155
