Estimate	Est.Error	Q2.5	Q97.5
abar1238	-0.6122012344015	1.47298717716617	-3.7641525	2.07508175
abee1242	-0.0916039212023	1.48669165934772	-3.2239075	2.83611225
abkh1244	0.150642977561	1.53422321642759	-2.9368865	3.47044074999999
abun1252	-0.4309801740135	1.45905586227498	-3.55585225	2.433425
acha1249	0.6360625762035	1.4053484511646	-1.780204	3.744683
acha1250	-0.5102584696625	1.42753521671509	-3.467987	2.14510275
achi1256	-0.60616616436	1.44361751413869	-3.68961775	1.97685125
achi1257	-0.12958973032	1.59024902473433	-3.60127	3.14356899999998
achu1248	-0.2457022490955	1.47030132779821	-3.448142	2.455217
acol1236	0.672767597492	1.4281734365423	-2.12144425	3.7510525
adan1251	-0.450933972692	1.4421044829481	-3.5799165	2.2414765
adny1235	1.29860411505	1.53552403226944	-1.36147	4.67342975
adon1237	-0.292997200581	1.57545932159386	-3.620069	2.6534635
adze1240	0.542071165945	1.29601303881047	-1.858421	3.34252025
afar1241	0.98408624428	1.47901043443428	-1.54458475	4.1401565
aghe1239	-0.5933126930415	1.50706629852094	-3.76791525	2.23493925
aghu1255	0.0546984523125	1.45615857090406	-2.8637095	3.10189775
agob1244	1.05126783537	1.44812661560505	-1.48988625	4.2811465
agut1237	-0.11612245922	1.5263120020019	-3.4291215	2.73070825
aheu1239	-0.16777339195	1.52560416996323	-3.260189	2.87117224999999
aime1238	1.9107774318425	1.6297705704526	-0.701990825	5.63290999999999
ainu1240	0.1002356822515	1.56055476173874	-2.9067775	3.28974
ajab1235	-0.1309410525275	1.45131738984152	-3.09325125	2.72591775
ajie1238	-0.179938839773	1.49136423443393	-3.41311925	2.80221349999999
akha1245	0.05260283823	1.29221457329638	-2.4209445	2.7852655
akoo1248	-0.4250586098885	1.56136859750367	-3.76382275	2.5091615
alab1237	-0.457376763605	1.52348076412461	-3.685436	2.42128025
alab1254	1.0397493732	1.33562969000877	-1.29091225	3.93465475
alag1248	-0.6768282578165	1.49004990873509	-3.98915525	2.14906525
aleu1260	-0.32092517141885	1.45519024587672	-3.48702275	2.4448155
alor1247	-0.450521740665	1.44372049144823	-3.57550725	2.32392175
aluk1238	0.49223857776375	1.52078149086133	-2.40036025	3.7766905
amah1246	-1.293389386356	1.45726999480495	-4.68269275	1.22800875
amap1240	2.0220434217585	1.57276099683324	-0.4730082	5.52618175
amdo1237	0.716133084336	1.42665552354499	-1.9039425	3.88977325
amii1238	-0.4661143007284	1.54770077967681	-3.83198975	2.4646525
amis1246	-0.3357218179705	1.52682971935607	-3.59510975	2.48970625
anei1239	-0.157967796323	1.57325764213783	-3.41019325	2.79978725
anfi1235	0.62118635447	1.44488700647116	-2.07061225	3.66581125
anga1288	0.5839498703885	1.21744350832828	-1.63455425	3.1129265
anta1255	-0.0582297925556	1.53929879765598	-3.2280435	2.94730075
anut1237	-0.053342312955	1.53002065496597	-3.2109895	3.04961275
anuu1241	0.301234537195	1.3067514769565	-2.32367975	2.9027215
aoua1234	-0.227710504692	1.51157391845476	-3.45222575	2.76588949999999
apat1240	0.613420840867	1.37356244587577	-1.92197625	3.664028
apin1244	-0.3076552655725	1.50215956564549	-3.38714725	2.56137275
apma1240	-0.3438308857416	1.49074177342238	-3.3727145	2.601764
arak1252	-0.3056542686	1.4505771590803	-3.33053825	2.47598475
arao1248	-0.0647619613795	1.30364518637583	-2.632121	2.54211125
arap1274	0.538204805156	1.40128127532339	-2.047883	3.6534955
araw1276	1.07582754558415	1.39437260520913	-1.26893	4.18785475
arbo1245	-0.075286133264	1.30971814053961	-2.7229645	2.517381
arch1244	0.3329597350302	1.56561370947707	-2.6963665	3.72046275
area1240	0.01974306116	1.40841528022141	-2.81347375	2.8237575
aree1239	0.1903242086595	1.37669675250045	-2.7695555	2.96814925
argo1244	1.06211663701	1.57673855796512	-1.586805	4.65923625
arhu1242	0.8654334197685	1.35835984568063	-1.5432085	3.84785425
arig1246	-0.10751336939355	1.57814299335294	-3.2755525	2.97536175
arop1242	1.3790273612195	1.4646672965475	-1.23425625	4.47611775
arop1243	-0.1419575379455	1.38115734337746	-3.020491	2.635926
aros1241	-0.058126494105	1.52648189538368	-3.121233	3.01850125
arta1239	-0.2710883331435	1.50440793128113	-3.47417775	2.45964225
ashe1272	-0.704800527625	1.37229522721379	-3.71880175	1.76867375
assi1247	-0.1496563601155	1.47208162061323	-3.16411175	2.80354625
asut1235	-0.250140960434	1.72105326587667	-3.919939	2.99321625
athp1241	-0.09811577987	1.21780334931625	-2.57507325	2.39956825
aton1241	0.3901612642265	1.43959985502626	-2.37204375	3.47464225
auuu1241	1.8129926301215	1.513835571479	-0.693692375	5.15421075
auye1238	0.46901029677	1.44170626140367	-2.314291	3.57264625
avok1242	-0.47431104941752	1.43288003982653	-3.58722075	2.19350675
awac1239	0.9707916945845	1.48146048237505	-1.684132	4.27380275
awad1243	0.719906639799	1.39230066313189	-1.87613175	3.8425535
awar1248	0.4790155726105	1.28471277153951	-2.00618825	3.121419
awar1249	0.7666600362485	1.31948467152985	-1.594418	3.67542999999999
awji1241	-0.1535626416795	1.55934104670972	-3.4440515	2.912619
axam1237	-0.3965946832795	1.51377530321461	-3.45114275	2.41738675
axiy1235	-1.073718904645	1.32983735299346	-4.014589	1.14497525
ayac1239	0.4945280276125	1.39818066821033	-2.07236425	3.72832125
ayiw1239	-0.065643719145	1.56771671734943	-3.20438	3.14046575
baba1264	-0.591185417595	1.48389010505743	-3.8010285	2.14857275
baba1266	-0.5806015503515	1.49078573964968	-3.824538	2.11643925
bafa1247	-0.33339756267	1.56127986838517	-3.5473655	2.75800925
bafi1243	-0.3646675238005	1.53704753229953	-3.673218	2.668417
bafu1246	-0.583985515645	1.48668118380066	-3.80252825	2.143517
baga1272	1.425296911651	1.71048451688683	-1.42105575	5.224493
bagi1246	-0.676847082145	1.49594445148539	-3.8226225	2.14178425
bagv1239	0.336583363515	1.54938784307516	-2.70607325	3.56905624999999
baim1244	0.610796074078	1.36749549099918	-1.874066	3.606705
baka1272	-0.191971369736	1.52735094764315	-3.3126895	2.7171635
bala1311	-0.097138157955	1.55143431418369	-3.320963	2.9477995
bala1315	-0.0541227382065	1.50423868036226	-3.03597	2.92903325
bala1316	-0.194142856731	1.49789702470478	-3.34390725	2.82950125
bali1278	-0.0855775722365	1.57635297121225	-3.443482	3.162816
balu1257	-0.0775828874705	1.56737952501949	-3.24179975	2.96309025
bamb1270	-0.1727204454715	1.50726280712655	-3.3813425	2.924482
bamu1253	-0.489787448652	1.50580417054105	-3.645042	2.4850005
band1344	1.88116046554	1.68556615512737	-0.846647025	5.70745625
bang1354	-0.0191003306199	1.5825153667985	-3.18197775	3.0537825
bang1369	0.44995003886	1.37199589085205	-2.1308305	3.32750425
bant1281	0.2217800746515	1.20466515943737	-2.07744775	2.806991
bara1357	-0.7330724489225	1.22666257688623	-3.46399825	1.478107
bari1286	-0.275607256097	1.49233237300392	-3.322625	2.67125125
baro1253	-0.64123816059115	1.36548835346091	-3.6004	1.838255
basq1248	0.9832646361	1.49286875571539	-1.76680525	4.3366765
bata1285	-0.057905803141	1.5820251215392	-3.4831525	3.0684605
bats1242	0.35338161905	1.56920625041935	-2.62877075	3.97615725
baur1253	-0.7940193841605	1.42459162713194	-3.9629115	1.78550575
bawm1236	-0.59832202686447	1.24368331493127	-3.15449525	1.80004199999999
bebe1248	-0.204957337792	1.51844885011285	-3.2900555	2.82915025
beka1241	-0.11143886465855	1.5938322684316	-3.46884975	2.99152849999999
bela1254	1.29134948476	1.49814669209853	-1.204132	4.654667
beli1257	-0.4282155886165	1.38580181179629	-3.436114	2.2385045
bell1243	-0.15891108283405	1.47830964251075	-3.2201675	2.69241474999999
bemb1257	-0.0608598035095	1.53677905321257	-3.09840425	3.00692675
beng1282	-0.035835321263	1.5546622741902	-3.16862925	3.0693215
bent1238	0.27610706624	1.37900167196715	-2.5070255	2.9940325
bert1248	0.097837348018	1.43277229380973	-2.73448525	3.124424
bezh1248	0.3435756269175	1.53690722187768	-2.64925225	3.69334825
bhoj1244	0.361970813214	1.39727320980871	-2.351157	3.349351
biao1253	-0.16366661527	1.41018680109474	-3.072174	2.529131
biao1254	-0.6688752213455	1.45608871630014	-3.75857225	2.07187825
biao1256	-0.49043520003	1.49136305372485	-3.627731	2.42004225
bier1244	-0.345150332638	1.54436584992062	-3.64305	2.75165675
bign1238	-0.390667953695	1.41412953658666	-3.43370575	2.28938575
biha1246	-0.14150619944165	1.52760385387277	-3.278555	2.94801374999999
bilb1241	0.396854874206	1.32186943577259	-2.0736925	3.1096535
bimi1240	2.37015532157	1.64900582351344	-0.247361825	6.10875574999999
bini1246	-0.134703451002	1.63483926508744	-3.49965175	3.28043825
bira1253	0.07017340417	1.30046972272376	-2.521973	2.7436465
bisu1244	-1.2667991681605	1.44844883817913	-4.42857975	1.27284725
biwa1243	0.7829500814535	1.31125379405721	-1.62773825	3.673506
blab1237	-0.0267679078463	1.45665162896273	-2.9209945	2.94613375
bodo1267	1.361800464473	1.47628822314426	-1.05968125	4.592062
boka1249	-0.2147814137175	1.28917932114328	-2.96478175	2.2922535
bola1250	-0.3079245024875	1.47093308518766	-3.306472	2.540054
boly1239	-0.4686852738875	1.54792883781848	-3.908921	2.43921375
bona1250	0.873332859067	1.46070520692726	-1.74427625	4.00464625
bong1289	-0.1114803798715	1.56993323401509	-3.2968725	2.985139
bora1263	0.1547980750735	1.45009089960076	-2.67023725	3.1979125
bord1248	-0.6134362556915	1.41690730590512	-3.55941075	2.02472725
boro1277	0.3805062202485	1.44755977145719	-2.27672	3.37693575
boro1282	0.6646374045905	1.47136581544318	-1.92621	3.97551
boto1242	-0.0964592076775	1.57660911044579	-3.400861	3.120885
boun1243	0.1272224857805	1.50458258041046	-2.70787875	3.18133674999999
boun1245	1.8191527403325	1.47959957758846	-0.5736663	5.18252625
brah1256	0.36967984452	1.4977132341108	-2.44738375	3.7214185
bret1244	-0.1952992663635	1.48753354110997	-3.520754	2.78327275
brib1243	-0.269013151075	1.44512572941545	-3.2214805	2.663343
budu1248	0.2958926651515	1.53538785532402	-2.7425705	3.47458375
budu1265	-0.35083006083	1.56056545546084	-3.7384045	2.6755445
budz1238	-0.1069187605267	1.6431191724136	-3.51260525	3.23897525
buga1247	0.179260344743	1.38819859450545	-2.73218	2.948804
buga1250	-0.0882177875975	1.38086813288671	-2.92407475	2.51295375
bugh1239	0.089214640313	1.39392540001107	-2.6118305	2.950042
bugi1244	-0.1655170397245	1.53476645074283	-3.44924325	2.90585325
bugl1243	-0.29652489571	1.54613972991981	-3.56006975	2.73807149999999
bujh1238	-0.381383030669	1.1668144772661	-2.74664075	1.9925545
bull1247	-0.0077764067825	1.49306966318517	-2.945595	2.9713105
bulo1242	-0.127605481515	1.5793571777727	-3.6991455	2.98723275
bumt1240	0.6213705188125	1.45712001484606	-1.988541	3.86571699999999
buol1237	-0.024544934495	1.48718985016367	-3.005642	3.094295
bura1292	-0.6088351930985	1.50840188688507	-3.75241575	2.191641
bure1242	-0.5077760462485	1.52056272448934	-3.883801	2.38928425
burj1242	0.872597008706	1.48628909146324	-1.73884575	4.19196475
buru1296	0.2717471996525	1.54172846859005	-2.72932425	3.34978025
buru1320	-0.62007660841	1.54519455603371	-4.230782	2.232203
busa1253	1.1339657579	1.49430112566664	-1.3539335	4.528631
bush1247	-0.0003137460755	1.57577512213416	-3.1797945	3.16703575
buwa1243	-0.776993409725	1.50250182910346	-4.0513025	1.96357025
bwat1240	-0.1693939636275	1.47144117093725	-3.3049345	2.73240599999999
byan1241	0.636757191626	1.40891707758366	-1.88488575	3.76849849999999
caac1237	-0.200108952203	1.48642177276916	-3.25692275	2.76581874999999
cahu1264	-0.803928411555	1.44627177422117	-4.154038	1.720565
cakf1236	-0.4795569439435	1.52190791229766	-3.7027055	2.36301075
cane1242	-0.2994993346345	1.55596665003214	-3.531613	2.7173705
caom1238	-0.371437249505	1.47416170751846	-3.66091375	2.3415025
capa1241	1.2834479883765	1.45899614353791	-1.1083925	4.57842625
carn1240	-0.2024862057165	1.4691809144799	-3.39803475	2.68637175
caro1242	-0.0610398177675	1.54682093253209	-3.320524	3.08005975
cash1251	1.248774226455	1.44043390053923	-1.16392075	4.346458
cavi1250	0.0195363515645	1.30371006566557	-2.544209	2.83248475
cemu1238	-0.19161257532	1.47258303176181	-3.2551465	2.6176935
cent1989	-0.129557321155	1.53563630458057	-3.33710725	2.94082
cent1990	-0.192057455865	1.48857789625517	-3.30014875	2.66253725
cent1992	-0.134051047236	1.50264464780051	-3.2968285	2.836884
cent2004	-0.071060777105	1.29253712885107	-2.745822	2.5141085
cent2050	-0.55542325692405	1.56466039590314	-3.97156775	2.36168125
cent2090	-0.099911446335	1.53920790456547	-3.18992075	2.984683
cent2127	-0.244431849522	1.5758668158062	-3.5174175	2.89062025
cent2131	1.0413395145355	1.48210077640627	-1.555206	4.1791265
cent2142	-0.516409794455	1.46302716435302	-3.6437315	2.2342335
cent2150	-0.195560888936	1.50124513238706	-3.23275125	2.84428225
cent2292	-0.34097766608	1.46932381842068	-3.4355815	2.57161825
cent2314	-0.140498707993	1.51076205529888	-3.13293	2.87590474999999
cent2322	0.07879023926	1.62586204583099	-3.02640325	3.34244575
chac1251	-0.786228275385	1.30071524302126	-3.659998	1.50151625
chad1249	-0.196489120631	1.58678367155177	-3.41095575	2.94125575
chak1270	0.245296044505	1.33319026111226	-2.40204575	2.93202249999999
chal1275	-0.551827499385	1.45395474748494	-3.8724375	2.021803
cham1309	0.330637649673	1.55800872988566	-2.72828475	3.63584575
cham1312	-0.1353720274717	1.52000033875595	-3.38287575	2.883695
chan1313	0.041611549444	1.14224652531196	-2.28659275	2.3461085
chas1234	0.697012549135	1.36454827715531	-1.80259125	3.7698955
chec1245	0.213610747653	1.57303612518088	-2.8547935	3.58116275
chek1238	0.0130880540263	1.41897035927452	-2.78261325	2.98359425
chen1255	0.400105990938	1.50202178866186	-2.45447875	3.73433325
chep1245	-0.5876758321795	1.20730829503802	-3.16607425	1.699185
cher1273	1.0607020037905	1.54678872130046	-1.67991275	4.402156
chhi1245	0.066638912469	1.22025348662296	-2.3695505	2.57495575
chil1280	-0.383216672229	1.52294831934704	-3.73076525	2.33397175
chim1302	0.906579312924	1.38919745974973	-1.6242175	3.87644075
chip1241	-0.881719545365	1.42071524169329	-4.0166925	1.677911
chip1261	-0.216137819395	1.49346269077507	-3.16315125	2.66203325
chiq1248	-0.4105912685885	1.51927697837285	-3.7964645	2.26369975
choc1276	0.109739967335	1.43488166926834	-2.85494625	2.923988
chon1284	-0.1376804044085	1.51876742573336	-3.4134365	2.8851255
chot1239	-0.635705597815	1.23896773520886	-3.3416035	1.6612555
chra1242	-0.13095016184	1.5197407940886	-3.33958525	2.90144275
chuj1250	-0.606044361715	1.45524108787855	-3.7660525	2.07380875
chuk1273	-0.74678222076	1.56277175065119	-4.27902225	2.0366375
chuv1255	0.112778698299	1.4970455870295	-2.8995035	3.210285
chuw1238	-0.02344207294	1.54556520911331	-3.24540325	2.9830245
cici1237	0.346910784265	1.53715684256976	-2.74487025	3.492005
coat1243	-0.7148572092915	1.55371705381724	-3.9775115	2.140991
coca1259	0.77788201623	1.47571678958698	-1.84222925	3.93490275
colo1256	1.1044366878805	1.53230371634583	-1.70373	4.4863465
colu1241	-0.20435937083	1.57655693263817	-3.434451	2.82524799999999
coma1245	0.7954123651595	1.43578870771478	-1.79328375	4.1237765
como1259	-0.3611547639515	1.49679139942689	-3.50980875	2.44226175
cong1236	0.031401894853	1.65001527919592	-3.22302525	3.61467974999999
copa1237	-0.8131685804925	1.59014161348084	-4.3191225	2.05655425
cori1240	-0.3172779795625	1.61032057918705	-3.7015595	2.64473325
cors1241	-0.377527086024	1.43211264307344	-3.45957575	2.23444475
cosa1234	0.420046041945	1.32335661577555	-1.94930275	3.435525
cree1270	1.098987866571	1.51984622624659	-1.56870825	4.58779275
crim1257	0.078017977622	1.65445624771787	-3.238742	3.38987375
crow1244	-0.27560936945	1.50250624266562	-3.40966075	2.6640625
cube1242	0.0644724408625	1.31008522737682	-2.51603925	2.57215375
culi1244	-0.7627981628955	1.46857792907903	-3.95993575	1.8960625
czec1258	-0.5400964335925	1.45938662927176	-3.905366	2.100282
daai1236	0.72014835006	1.3405477781182	-1.74938525	3.574068
daas1238	-0.192027399255	1.41509827450502	-3.20667675	2.54125125
dagb1246	0.20476865728	1.46684868403213	-2.78477275	3.30944274999999
dagi1241	-0.2730391228465	1.43094891888904	-3.43424425	2.459115
daka1243	-0.3856573026345	1.48903337018601	-3.56152125	2.449232
damp1237	-0.0619344198615	1.53365562963039	-3.16221575	3.08969125
dana1252	-1.24099626157	1.56201881056463	-4.646674	1.4475825
dani1285	0.8840553903875	1.46912644326724	-1.78884925	4.1045735
dara1250	-0.0707940884162	1.2266009118298	-2.48958925	2.46546075
darg1241	0.2908577586795	1.57139208948879	-2.768312	3.64425225
darm1243	0.644673430329	1.43154631094915	-1.86257925	3.816489
daur1238	0.123898580424	1.52022269922383	-2.8200495	3.30463775
dawr1236	0.89370073776	1.42931537642755	-1.6826575	3.878572
daza1242	-0.0951558713465	1.52852851223055	-3.271874	2.91471175
dege1246	-0.23628711014	1.54653093807477	-3.388239	2.87930275
dera1248	-0.618673099885	1.47282870290969	-3.792719	2.04399375
desa1247	0.90714241348	1.31441949678627	-1.526087	3.68434375
dhao1237	-0.082358463975	1.54703219641877	-3.47153775	3.094898
dhim1246	-0.95994135710665	1.3716344155488	-3.97437625	1.41143725
dibo1245	0.090940639448	1.65658293162713	-3.394419	3.439938
dido1241	0.3453711872015	1.55993931374008	-2.7511755	3.802817
diga1241	-0.29591972715	1.24881846129422	-2.95202225	2.023816
digo1243	-0.1431656338055	1.65392384321375	-3.92782875	3.1584555
dima1251	0.472238259145	1.30451783986698	-1.981834	3.36745175
djee1236	-0.4864443938215	1.56829519156667	-3.85968825	2.550444
djin1251	-0.2823037005335	1.56889820726132	-3.51452975	2.78598275
dobe1238	-0.0185329557755	1.53078639433893	-3.1971115	3.2205875
domm1246	1.4530660863895	1.45559196368045	-0.83877545	4.79773575
dong1285	0.50101352355	1.54613332113632	-2.35809725	3.7366465
doro1266	1.77504523244	1.37473039100747	-0.484196925	4.70610375
drun1238	0.37557194454885	1.44887485463347	-2.350639	3.5886275
dumb1241	-0.096891223225	1.5505089890355	-3.33473575	3.020032
dupa1235	-0.2050427355735	1.58271330428516	-3.5609755	3.02656875
dusn1237	-0.1495562491565	1.48358384426938	-3.31020775	2.5823535
dutc1256	0.668684699393	1.41764393606917	-2.063204	3.623798
dzao1238	-0.61811446034	1.50345718361407	-3.92464025	2.28366825
dzon1239	0.125288650665	1.32081975840934	-2.51041325	2.81006975
east2328	0.0893355345975	1.53625763748754	-2.80322125	3.42184225
east2332	-0.1156037113335	1.60971917156573	-3.41338275	3.04845975
east2342	-1.857676493535	1.62879227339392	-5.49870225	0.875796274999999
east2443	-0.3188148133525	1.53988140552172	-3.760795	2.56773375
east2516	2.210548268695	1.60457364387577	-0.327072775	5.76739975
east2555	0.5537814642785	1.40589272272333	-1.964587	3.65203425
east2690	-0.23880179244	1.4359844153636	-3.30348675	2.60609325
east2773	0.2470836363835	1.17268607775724	-1.9627905	2.75511
east2782	-0.077779033069	1.62110935462999	-3.452555	3.16455725
egaa1242	-0.0882254850595	1.51775157032307	-3.31764775	2.96785425
egyp1253	-0.1190539972893	1.5419518926866	-3.1874655	2.99733475
eipo1242	1.66681176602	1.63174124623952	-1.07986675	5.4005215
elem1253	-0.2628416076705	1.55046281876043	-3.45320325	2.72255725
elna1235	0.340571325772	1.36734786911304	-2.1595355	3.46019725
emae1237	-0.26562835313555	1.5423259851121	-3.470635	2.78003575
emai1241	-0.123801063604	1.57960688684357	-3.50387575	2.902863
embe1260	-0.57692533667	1.43069959740513	-3.77257975	2.15082725
embe1262	-0.3922797771275	1.5536383123595	-3.77680525	2.49001675
enap1235	0.82018252987025	1.39236483875844	-1.756245	3.779611
enuu1235	0.609889469129	1.31392251280197	-1.87371175	3.37318125
epen1239	-0.3700930107865	1.4522396100859	-3.2733265	2.4734655
ersu1241	0.4395640673	1.49491723936025	-2.47058875	3.61161275
erzy1239	0.0800351895555	1.51949492006188	-2.90371375	3.13256149999999
esee1248	-0.786083428697	1.37061877204197	-3.74413125	1.61279925
esim1238	-0.575786049108	1.52818187760188	-3.78045275	2.33964575
esto1258	0.2780088343585	1.5081035131412	-2.66753725	3.39207349999999
even1259	0.0973451856445	1.45844637519372	-2.800569	3.17344499999999
ewee1241	-0.1537987229895	1.53205670765341	-3.364304	2.9235005
fare1241	0.2859560868205	1.4943592862253	-2.589146	3.37442
faro1244	-0.696212400725	1.48023356233448	-3.795734	1.98270525
fiji1243	-0.047397936025	1.53616448091032	-3.25563225	3.09896025
fina1242	-0.3400002665	1.47428138619641	-3.49685825	2.599694
finn1318	-0.0123807919505	1.52917083482464	-3.20325775	3.23225975
fonn1241	-0.12133036751765	1.45083431926957	-3.08585775	2.78187125
fore1265	0.0462339634815	1.4607791333905	-2.95181725	3.10826799999999
fuln1247	-0.4612271730115	1.46048776039795	-3.6322095	2.3246405
furr1244	-0.362610482186	1.46634075630718	-3.408301	2.50010375
furu1242	1.6114242823665	1.5172574396083	-1.032172	4.811912
futu1245	-0.1420266272755	1.60941447585879	-3.512871	3.20169425
fuyu1242	1.0054101328345	1.23511776595257	-1.13978475	3.64075275
gaaa1244	-0.116952861345	1.5662100795831	-3.438024	2.87471325
gaan1243	-0.6341262217445	1.48813035527158	-3.74666325	2.08110725
gaga1249	0.017322990567	1.59564280703952	-3.229254	3.2158455
gahr1239	0.4802643316235	1.50074927363252	-2.36778375	3.78008225
gali1258	-0.3087315817685	1.39211157225026	-3.2139285	2.317591
gali1262	1.058534057446	1.40323715527912	-1.3058135	4.167466
galo1242	0.358384049251	1.29040208345707	-2.05144075	3.1062175
gami1243	-0.280432241135	1.53731612630994	-3.632911	2.72512649999999
gamo1243	0.480850125669	1.38393903364586	-2.20499525	3.453089
gang1266	-0.49529955219	1.2038949050624	-2.93554875	1.867737
gant1244	0.67465243232	1.32672817201241	-1.77837075	3.65970599999999
gapa1238	0.3218577921815	1.40410527478826	-2.5237685	3.3652705
garo1247	0.3544787912045	1.43389788267953	-2.39094975	3.265233
gata1239	1.4486223227465	1.43645180795793	-0.920720625	4.56420974999999
gayo1244	-0.1368896548295	1.58705763790566	-3.27154475	3.12375875
geba1237	-1.58215678415	1.57003749559867	-4.940774	1.00078725
geda1237	0.36322521914785	1.3329203778447	-2.19502425	3.118556
gela1263	0.240272998989	1.3335307327626	-2.37198025	3.05729874999999
ghad1239	-0.1374180604245	1.51229030297362	-3.325258	2.81523099999999
ghan1242	-0.1381447765	1.50169610354712	-3.09718725	2.83334
ghar1239	0.236129701539	1.39708993167277	-2.49277525	2.97075975
gheg1238	-0.87209730307	1.46099576893367	-4.0442355	1.66785875
ghod1238	0.2868601771888	1.58704937613722	-2.88512325	3.7576155
ghom1257	-0.159693141967	1.44814052962924	-3.01367825	2.69504275
gilb1244	-0.032826532161	1.65707664976582	-3.47282625	3.42784825
gily1242	0.4981993135945	1.45587135677632	-2.2781125	3.52522774999999
glav1244	-0.73000092209	1.55394569132979	-4.01157725	2.30202525
gofa1235	0.6970997422395	1.41215959937246	-1.917604	3.59565274999999
gogo1265	1.47164521413	1.5587388608537	-1.06789125	4.98019624999999
gola1255	-0.1174394851755	1.59451560559699	-3.47810275	3.061118
guah1255	0.955841598947	1.47189845328553	-1.75956825	4.186799
guan1266	0.596235566425	1.41631835006386	-2.209058	3.60311025
guan1269	0.266057502128	1.31468275582455	-2.3582475	2.9293135
guat1253	-0.2579904038675	1.50440537459963	-3.45703425	2.63679874999999
gube1234	-0.0691747383695	1.56153864587665	-3.3290325	3.133834
guer1243	-0.7271080794925	1.51739335847585	-4.0703315	2.03099325
guiq1238	0.4050771879405	1.47910360944394	-2.4262945	3.50604125
gulf1241	-0.3157168578825	1.4861633367537	-3.359554	2.70655575
guma1254	-0.181763879737	1.49496380876132	-3.247662	2.7460255
gumu1244	0.4286339712415	1.49514342693255	-2.380182	3.58564174999999
gunw1252	-0.519192727341507	1.52035712755138	-3.673674	2.3798445
guny1241	-0.099791974323	1.65147630849354	-3.52945975	3.22257125
gura1251	-0.67075653918	1.42737517403309	-3.8980395	1.9411215
guru1261	0.4551923448015	1.1895322866673	-1.7972225	3.04028625
guru1271	-0.555448785295	1.49563388404667	-3.795187	2.27427325
gyel1242	-0.1363432327265	1.52779786527852	-3.340443	2.86954825
haaa1252	-0.08293925706	1.56889264312236	-3.19355675	3.10311575
hadi1240	0.84810752132085	1.29972676792575	-1.60167325	3.6614075
hadz1240	-0.613785063241	1.53829054373477	-3.95768675	2.17838575
haka1240	-1.1028939530615	1.26267702535144	-3.76830375	1.21372675
halh1238	0.095907722642	1.62294785004464	-3.13701225	3.34297175
hali1244	0.06374075255	1.44660161430082	-2.97812475	2.9089165
halk1245	-0.4298957381015	1.48956516572549	-3.74049675	2.25098725
hame1242	-0.11533626172	1.3202586990329	-2.88333625	2.4901485
hang1263	1.5600946213135	1.42498642873315	-0.799370875	4.777846
hani1248	0.5476805124935	1.42025983772248	-2.0819085	3.62837975
hano1246	-0.320977769148	1.49428269872214	-3.4997945	2.50805975
haru1245	0.8654195502625	1.3057407535053	-1.5480765	3.62397575
hass1238	-0.073785375375	1.47552622165964	-3.10175475	2.74964675
hava1248	0.0046764634575	1.53189627894099	-3.1494625	3.1489885
hawa1245	-0.005170105355	1.57829541188885	-3.232971	3.12642375
hebr1245	-0.173644318222	1.53854812186253	-3.52850875	2.9495705
hehe1240	-0.151775840836	1.55682293118074	-3.3111525	3.04145925
heil1246	-0.178547867122	1.45702747766775	-3.25585925	2.75040925
hela1238	-0.3843529689835	1.19054290544909	-2.846866	1.91331125
here1253	-0.0191979901605	1.52745387297447	-3.2387265	3.02217375
hida1246	-0.1925728589435	1.49880251156868	-3.32987725	2.71396525
high1276	0.03032977391615	1.31208808472374	-2.5759685	2.71593249999999
hind1269	0.36629582666365	1.49019686538381	-2.52005325	3.42901999999999
hoaa1235	-0.26626313237	1.60403589819468	-3.6269335	2.86936774999999
hoav1238	-0.1397687493395	1.493405463138	-3.2159385	2.78563775
holo1240	-0.0584115222205	1.53578185590179	-3.17569075	3.0147355
hone1235	-0.61554653720545	1.51463632412248	-3.8969135	2.25552175
hooo1248	1.012534939198	1.43562663022141	-1.4884385	4.16443025
hopi1249	1.193447947872	1.46702376773445	-1.313536	4.5900505
horp1239	0.5342949620895	1.48653054253891	-2.3380485	3.56558775
hual1241	0.699633227292	1.40451525366457	-1.85939775	3.64633025
huam1247	-0.40529736703785	1.54200851142533	-3.72810025	2.548455
huar1255	1.0016607759535	1.44339003335575	-1.54992625	4.19951474999999
huba1236	-0.6968869955315	1.53424883723627	-3.9714065	2.195255
hula1244	-0.272260180015	1.52799386254797	-3.6113085	2.69019525
humb1243	-0.150975798748	1.42253641147669	-3.20714325	2.6902985
hung1274	-0.004061424165	1.55371080425482	-3.190304	3.3180335
hunz1247	0.352961734345	1.54432985396022	-2.72203625	3.712212
hupd1244	1.16496873687	1.38971928172634	-1.3775175	4.17139
hyam1245	-0.292680550847	1.61111406779655	-3.677876	2.7556705
iaai1238	-0.142302691356	1.46432055992435	-3.21475975	2.73113275
iatm1242	1.30474058385675	1.44193982249606	-1.15957	4.446862
ibal1244	-0.321289857304	1.55753710419329	-3.830261	2.68040775
iban1264	-0.0857326028535	1.58194929343501	-3.31557025	3.12699524999999
ibat1238	-0.21848019775	1.57114740032688	-3.64180775	2.9263835
ibib1240	-0.30247302845	1.55188243229264	-3.53495325	2.78261874999999
idum1241	0.2550413190975	1.35016538053022	-2.3834565	3.09263125
idun1242	-0.0321267028895	1.39761742767372	-2.97452275	2.69709025
ikkk1242	-0.0385192871865	1.58697077979972	-3.25038525	3.0735
ilaa1246	0.014905796415	1.58843613683265	-3.2548315	3.35975325
iliu1237	-0.24460691989	1.53314495240949	-3.32548225	2.73026125
imba1240	1.1840616188835	1.48171639233751	-1.3886415	4.48223425
indo1316	1.9049470671835	1.71391465957804	-0.900739575	5.7023905
ingr1248	-0.149158092235	1.56442010159158	-3.1629665	3.00634624999999
ingu1240	0.252775603395	1.52715529242032	-2.75025325	3.38665575
iris1253	-0.2617966935785	1.49895258962258	-3.35343575	2.53724975
irul1243	0.340809752517	1.48450445336303	-2.40366125	3.4274305
isco1239	1.389606548035	1.46132175969444	-1.17721875	4.58407325
isin1239	-0.324864236635	1.51374230624515	-3.61095325	2.6304405
isir1237	-0.4527638055435	1.40903456256067	-3.523303	2.15783725
isna1241	-0.2238893791175	1.58908473578911	-3.63437125	2.953161
isth1240	-0.0634944522115	1.32084460329593	-2.84021925	2.47948525
ital1282	-0.4027009490825	1.45451936886361	-3.47508275	2.379583
iton1250	-0.8214391572005	1.46604289139999	-4.084637	1.89397225
itza1241	-0.26568094036345	1.51614505572897	-3.41067375	2.618602
iwal1237	0.26334832070695	1.34331751108901	-2.36993425	3.0864815
iyoo1238	0.469646545168	1.29500820366967	-1.889788	3.27485425
jahh1242	-0.4767514294615	1.47132226569377	-3.6166355	2.327158
jalk1242	0.0553034773375	1.31825492593803	-2.63438125	2.641418
jama1261	-0.2778565907535	1.45985135398132	-3.2903175	2.63287575
jamb1236	-0.09713856087	1.64939728924751	-3.73414575	3.1547555
jams1239	0.67441436459	1.37166036580755	-1.83600125	3.54784925
japh1234	0.67998870294	1.32827346684567	-1.74579625	3.62737575
jaqa1244	-0.27685578835015	1.48968514723476	-3.46018825	2.458385
java1254	1.413100936525	1.68191571353675	-1.4196035	5.166291
jede1239	-0.447344658621	1.48322527166389	-3.62021675	2.407108
jeha1242	-0.452057675626	1.42518027027756	-3.4373785	2.18995825
jina1244	-0.6643665489905	1.54936911112945	-4.086072	2.28623699999999
juan1238	1.154610069987	1.43478583339065	-1.273983	4.38941675
juku1254	-0.559260633658	1.45183242277353	-3.6474925	2.23314125
jurm1239	-0.4490757869965	1.40548290459511	-3.5010195	2.20720875
kaba1278	0.1684347701447	1.58982377051384	-2.9146215	3.44700425
kaba1281	-0.4427087624445	1.49213064406662	-3.575502	2.389627
kach1280	0.81687947165	1.52262227482949	-1.904659	4.40881949999999
kado1242	-0.39971354854677	1.32110390241511	-3.053181	2.18443599999999
kafa1242	1.274274893955	1.52674618534012	-1.245418	4.55377125
kaga1256	-0.10554236027	1.51257841729908	-3.3609185	2.783963
kagu1239	-0.2215101607395	1.60786969089007	-3.5449465	2.97849774999999
kaik1246	0.38011964582115	1.35108187045528	-2.124228	3.23046125
kaki1249	1.6502749355935	1.47589973977366	-0.727301525	4.96300125
kala1399	-0.1081601845585	1.5493200580983	-3.32509	2.8297365
kalm1243	0.1062477173305	1.54705014466921	-3.06522325	3.2539145
kamb1297	-0.1775776089355	1.5473545286968	-3.467316	2.9445225
kamb1299	-0.140256097475	1.50004630053048	-3.37690775	2.90155625
kamm1249	-0.63894056916	1.53222937921831	-3.966255	2.16779925
kamu1260	1.4670716519975	1.55451689550963	-1.16655075	4.75811975
kana1286	-0.401465896302	1.52851337245586	-3.678703	2.57466775
kana1291	-0.38511386165	1.5896662934878	-3.69426625	2.79091775
kani1286	0.8235658089725	1.33091372726152	-1.542028	3.71183
kaqc1270	-0.6064079341085	1.47095330538957	-3.664576	2.234337
kara1486	-0.57418865893065	1.47312783746005	-3.71123725	2.22524024999999
kara1487	-0.3476565018755	1.50748134033436	-3.675217	2.59077525
kara1500	-0.14607712047	1.42248665446808	-3.14383775	2.55385075
kare1335	-0.0205969882	1.56083239380802	-3.08364825	3.249831
kare1338	-0.38412019414	1.48782813449948	-3.515568	2.44270975
kari1311	-0.582317647315	1.4606725568638	-3.66776625	2.1084305
karn1252	-0.28197378522	1.47576581663294	-3.40749525	2.685268
kash1277	0.523299816587	1.48758983064492	-2.258888	3.77408925
katb1237	-0.405610011683	1.46453863736009	-3.47598525	2.415836
kats1235	0.398006342025	1.32819842825757	-2.1516365	3.13972324999999
kaya1315	-1.77233794234	1.57470847580308	-5.07248675	0.784221749999998
keap1239	2.06517190043	1.57522177766457	-0.398511875	5.658874
keig1242	-0.23789227618	1.55318549530381	-3.52382025	2.91550425
kele1255	-0.1663559662765	1.5258444321481	-3.2815285	2.716206
kele1258	-0.077613473271	1.50859242898467	-3.1955595	2.87337625
kemb1249	-0.1439189203515	1.55527616849868	-3.374519	2.87027375
keng1240	-0.37001043899	1.49347562528582	-3.62591125	2.35453949999999
kens1248	-0.42148926236	1.42502889647747	-3.3511315	2.3237805
kenu1236	-0.1642136024865	1.60503895147601	-3.4413255	3.090104
keoo1238	-0.145877663688	1.55044545007745	-3.4945505	2.802363
kera1255	-0.707269210044	1.53657940999208	-4.18824175	2.132796
keri1250	-0.07182600453	1.62785169375552	-3.661743	3.16952775
kesa1244	0.78088550637	1.32273705315465	-1.6012535	3.533487
kett1243	0.180589455993	1.57967362829896	-2.91753	3.37002025
kgal1244	-0.105412864515	1.5331798828542	-3.37466125	3.0002355
khak1248	0.0698207106298	1.60029644062803	-3.1526705	3.38506675
khal1275	-0.186722598340765	1.15824442343454	-2.4708395	2.01932975
kham1282	0.482579619465	1.47329481803394	-2.29102625	3.71478475
khan1278	-0.2831074468	1.56586071529723	-3.6098915	2.869183
khar1287	1.008523733145	1.45672824101691	-1.525313	4.020881
khar1288	0.48771294096	1.17364984494791	-1.763655	3.024569
khas1269	-0.044213683273	1.38988283873456	-3.05299	2.80756975
khez1235	0.3140051939605	1.14315800185174	-1.840359	2.69794325
khin1240	0.3304018005725	1.49637579380815	-2.508481	3.44738175
khmu1256	-0.2372156881635	1.51306479591851	-3.36312325	2.62225525
khum1248	-1.033560750175	1.25766540108576	-3.6722755	1.26965275
khva1239	0.3427257409295	1.54847864888854	-2.76333	3.669084
kich1262	-0.61946341121885	1.46871780227946	-3.82306825	2.10570625
kiku1240	-0.2858538980035	1.55203440592768	-3.669919	2.73476025
kile1243	0.120888075712	1.61041631121031	-3.201821	3.45667824999999
kili1267	-0.2144687299595	1.53560433046689	-3.3527255	2.8255305
kimm1245	0.751682385821	1.36950513124081	-1.74018725	3.73826399999999
kinn1249	0.57505269594	1.53133447522347	-2.1394105	3.9921545
kiow1266	1.1031407104915	1.56025848277843	-1.6986015	4.50639475
kips1239	-0.277504436224	1.63854515579091	-3.8426135	2.86721375
koho1244	-0.1541091394745	1.57602075189397	-3.29359675	2.99718675
koit1244	1.7421398470978	1.35486051706766	-0.491890375	4.7568775
koko1269	-0.0375304955977	1.45519798115311	-2.954316	2.91016
kola1285	-0.0058068753075	1.47071886776675	-3.044068	2.95908475
kolb1240	-0.535420473265	1.50088854520161	-3.78409675	2.29431575
kolc1235	-0.197828801809	1.56640590517024	-3.32709375	2.91338325
kolu1245	-0.092403031613	1.42595375575738	-3.12419225	2.73399775
komb1274	0.3489270826484	1.48465582791593	-2.50718075	3.514698
komc1235	-0.6025430820665	1.48133054564407	-3.83407025	2.072862
komi1268	0.0562192462515	1.44761311053288	-2.88237625	3.0424475
komi1269	-0.006877056127	1.54219747624868	-3.09866725	3.04154225
komi1270	0.209318349006	1.18323696534886	-2.0757995	2.67517625
kona1242	2.240245583825	1.6321427997843	-0.343585375	6.01301225
konk1267	0.3582890829579	1.4846914096551	-2.493888	3.5440215
koon1244	-0.05547784827	1.57387961680551	-3.2956155	3.2856645
kore1280	0.1664193891945	1.5300446310095	-2.9051175	3.29932925
kork1243	-0.641318383405	1.3930446519824	-3.70281225	2.000513
koro1298	0.2918460224875	1.34997509976468	-2.380671	2.9272765
korr1238	0.4821681126155	1.45986872968913	-2.17092025	3.52940225
kosa1249	1.5314927866465	1.61230229785996	-1.13332025	5.13790699999999
kosr1238	-0.04404362135	1.56231260862873	-3.22057175	3.10149475
kota1263	0.5431759225352	1.53825970324837	-2.36216975	3.97020725
koti1238	-0.022271786809	1.57437374295308	-3.279416	2.96830925
kove1237	-0.27175855614	1.49198837885663	-3.461241	2.68783675
koyr1240	-0.1955336531695	1.51946359095471	-3.41337	2.90228974999999
koyr1242	-0.20395790276	1.56546890669339	-3.4922225	2.76996975
koys1242	-0.576287732695	1.51074887178813	-3.79561925	2.4168235
kryt1240	0.31238860125815	1.51296088677481	-2.656537	3.4205105
kuan1248	-0.584378794135	1.44871866991241	-3.73041625	2.10733725
kuii1252	1.3637843851385	1.43605438967359	-0.97880685	4.51192875
kuik1246	1.486202301419	1.52857925790421	-0.95659945	5.0279495
kuku1280	-0.110450405149	1.61478382606072	-3.489908	3.02846125
kulu1253	-0.402081967477	1.19675014799873	-2.97357575	1.8733525
kuma1276	-0.197405663522	1.5168173151378	-3.287756	2.794643
kumb1268	-0.227110372585	1.49327391597303	-3.42613075	2.69037975
kumz1235	-0.69889614600355	1.38337353469767	-3.74633475	1.7595745
kuna1268	0.093996795064	1.51651437075235	-2.994807	3.08671949999999
kuni1267	0.82273513121	1.26130546374025	-1.498151	3.4693335
kunj1245	-0.148212577435	1.49801502901038	-3.2572995	2.795525
kuot1243	-0.7341496747775	1.41385374340335	-3.712068	1.839938
kusa1251	-0.127710594327	1.51730486042748	-3.38422025	2.98375649999999
kusu1250	0.72274095743675	1.37825949257931	-1.69994175	3.777655
kute1248	-0.5502911640915	1.44584983150688	-3.6324455	2.24142375
kuvi1243	1.383434419006	1.45387462312032	-1.10018625	4.58333374999999
kuyy1240	-0.1423586200125	1.55314368248691	-3.24072525	2.997727
kwai1243	0.038358515775	1.38355725145211	-2.73355475	2.84568425
kwam1249	0.04099082523	1.50342204308322	-3.0835865	3.01235275
kwam1252	-0.1701902695465	1.54714106145774	-3.50824325	2.82738925
kwar1239	0.0530989428225	1.38559069315296	-2.8431265	2.77553375
kwaz1243	-0.41749909006	1.53152861418639	-3.78887325	2.55291874999999
kweg1241	0.060404743951	1.38127698998886	-2.704296	2.921458
kwom1262	1.6932912342263	1.43350395306212	-0.6582845	4.75217699999999
kxoe1243	0.1860773589594	1.65161435776795	-3.10050225	3.626248
kyer1238	-0.822991392443	1.25012306762465	-3.51014125	1.4357205
laal1242	-0.45930012539	1.54231188878959	-3.73817575	2.4478325
labo1244	-0.39464959455	1.51634529331042	-3.49269325	2.53445225
labu1248	0.107562635535	1.36602356491628	-2.63076375	2.89489825
lakk1252	0.34253491737	1.51808532814539	-2.570253	3.66755325
lala1268	2.03854811103	1.45523254851077	-0.352734875	5.194294
lama1277	-0.25823958852645	1.57654865273126	-3.71454675	2.872221
lamb1272	-0.086114349945	1.50527138166406	-3.27586325	2.97846925
lamb1273	-0.1328071733045	1.51855135830583	-3.3664675	2.8774045
lame1260	-0.35042276067	1.53234017482328	-3.5653515	2.66555499999999
land1256	0.936582028577	1.53306752576295	-1.78181425	4.264045
lash1243	0.78901999108925	1.4170587512375	-1.8140745	3.93461125
latv1249	1.04015486492	1.44599160807558	-1.48592975	4.273653
lauu1247	0.0147101721115	1.40312355246561	-2.8311455	2.85884075
lave1248	-0.1435943663645	1.46865147803937	-3.2006895	2.67722225
lavu1241	0.045831782658	1.41131902922777	-2.5463685	2.9105665
lazz1240	0.199809418845	1.6489158493166	-3.1051425	3.81135974999999
lega1249	-0.083340589344	1.53312595457126	-3.37147425	3.007892
lega1250	-0.075914923358	1.60188848384507	-3.2954985	3.27420424999999
lele1267	-0.22105890420185	1.54994054991672	-3.47825775	2.687665
lele1270	-0.0898829892385	1.52306277922534	-3.262971	2.897643
lele1276	-0.666967167257	1.57655443916593	-4.138273	2.1191685
lemb1266	0.9974239032335	1.36121545044727	-1.426495	3.86148975
leme1238	-0.16562468782	1.50782952844409	-3.34384175	2.88041574999999
lena1238	-0.169045583065	1.51449168834307	-3.5473515	2.87141925
leng1259	0.1454216968705	1.41931636589447	-2.69288775	2.94323999999999
leti1246	-0.148834192747	1.50340124766649	-3.160518	3.01905625
lewo1242	-0.31113644406145	1.52609323618697	-3.47732825	2.672665
lewo1244	-0.2380250602125	1.6125176830261	-3.64704725	3.07483225
lezg1247	0.330221618389	1.49948963596066	-2.52279475	3.52399775
libi1244	0.138546441345	1.62554661307093	-3.3342065	3.37240699999999
liby1240	-0.086843564665	1.62065007879589	-3.40049025	3.20046475
liji1238	-0.372956415855	1.56844687631931	-3.74518625	2.57338174999999
lika1243	-0.318464218045	1.49672222047209	-3.36888925	2.7085145
lill1248	-0.41788142978025	1.55723542906786	-3.783088	2.52891024999999
ling1265	-0.403133979501	1.4456775717362	-3.39513	2.35339825
lipo1242	0.7055628708805	1.28759822002049	-1.54927075	3.53752975
lish1245	-0.62186276033536	1.44466792308744	-3.67903475	2.153576
lisu1250	0.7060307096745	1.29440502842868	-1.60797725	3.6002415
lith1251	1.162610764103	1.53133234902561	-1.37225975	4.646003
litz1237	-0.402472210325	1.42533998337771	-3.42820575	2.270942
livv1243	-1.947385014254	1.84854389085852	-6.2375765	1.0465915
loba1239	0.241492369566	1.61279736090578	-2.927327	3.61835725
logo1259	-0.36991473005	1.47022565163768	-3.51984425	2.37722975
loka1252	-0.3328126599835	1.53745547650578	-3.4780915	2.6447795
lolo1259	0.672991658763	1.28427844833383	-1.63551925	3.39581725
lomb1257	-0.376058355842	1.47399748554504	-3.4127645	2.48861975
long1395	0.086077165474	1.4201326233748	-2.72489975	2.863824
loni1238	-0.09259740123	1.54639370023434	-3.226193	2.9387925
lonw1238	-0.3846901445435	1.49002933063663	-3.4905935	2.4137505
lote1237	-0.2903652238119	1.55318729141257	-3.54361525	2.80075375
louu1245	-0.0906074538	1.54237760379301	-3.2262845	2.884597
lowl1260	-0.62919985157	1.49758514144233	-3.9840665	1.9843585
lowl1265	1.0872268578105	1.4650616227525	-1.33024	4.40120724999999
lozi1239	0.061744028243	1.61375152432401	-3.14912025	3.26012375
luan1263	-0.1055042013732	1.51007151866108	-3.21956075	2.9087065
luch1239	-0.023405467765	1.60392380280277	-3.4366615	3.2236335
ludi1246	-0.190805774742	1.49636426693492	-3.340152	2.75415375
lugb1240	0.15745639861	1.41787213661778	-2.694571	2.86671025
lugu1238	-0.139509009065	1.65067723589625	-3.64353825	3.14247625
lule1254	0.08774279776	1.55488682898121	-3.085978	3.25181775
lumb1249	-0.07462360428	1.60494968485285	-3.4305775	3.21856875
lumu1239	-0.29461310143	1.45890291921504	-3.4777545	2.511989
lund1266	-0.020427078365	1.52211014290227	-3.143166	3.086345
luok1236	-0.201150320347	1.55231074960259	-3.3941205	2.83641725
lush1249	-0.9374702312585	1.28308522148256	-3.5538695	1.4175595
lush1252	-0.417880663995	1.56616359045005	-3.75740075	2.63878325
luva1239	-0.02088564673815	1.63201150664042	-3.578352	3.198758
luya1241	0.026556322968	1.59312648348362	-3.2892995	3.288323
maan1238	-0.0962053167945	1.62763057268149	-3.50894625	3.2187725
maba1277	-0.1651168121043	1.60331611613779	-3.51493225	3.01472625
mace1250	-0.8714038175435	1.43510169804071	-4.1742985	1.73811675
maco1239	-0.338606587105	1.45101655072917	-3.43421075	2.4892015
macu1260	1.446658723275	1.51365221364769	-1.0738095	4.7671135
mada1285	-0.6881195465755	1.36892946348455	-3.62144625	1.7375575
madi1260	1.06767930142595	1.40065481315017	-1.47007375	4.162787
maee1241	-0.39232581939	1.42636445628376	-3.39530975	2.3802515
maib1239	-0.448440835466	1.4399093442065	-3.43853575	2.33723125
mail1248	0.9565255588045	1.48138285755116	-1.8082305	4.1993225
mais1250	0.963750258235	1.41472409121418	-1.5521755	4.04364499999999
mait1250	0.5872055146415	1.37555450846586	-1.8552235	3.4929635
maja1242	0.91069374695	1.47802296274543	-1.75872525	4.12445225
maka1304	-0.19302488786	1.55824027392939	-3.32084425	3.0358445
makh1264	-0.041380793185	1.58739331432383	-3.4550885	3.24165575
makh1266	-0.019600016179	1.50913219270219	-3.09640675	2.98987375
mako1251	-0.016728987154	1.61960516299834	-3.16028625	3.23966575
mala1463	-1.2923017710085	1.53724544204007	-4.7264115	1.3397
mala1464	-0.404654102585	1.39432615754337	-3.41043275	2.205267
mala1522	0.6919727070945	1.33175018080549	-1.713668	3.55664224999999
male1284	0.0868145328405	1.31744068373831	-2.609137	2.75583875
male1289	-0.2820015659545	1.48933984883773	-3.2661955	2.60429575
male1297	0.02525027072	1.41604597627246	-2.8534245	2.97604025
malg1251	-0.6362400750115	1.58449155306557	-4.16050375	2.414085
mali1285	-0.693906910988	1.60152648182932	-4.158144	2.197694
malo1243	-0.3442402222265	1.45056010127795	-3.43191675	2.3669775
malt1254	-0.2412713218705	1.43796567899745	-3.177254	2.57601125
malu1245	-0.383571841896	1.42088889116376	-3.4117805	2.33833999999999
mamb1294	-0.713515273776	1.61178623852503	-4.483567	2.08757475
mamb1296	-0.041539557883	1.52588699717547	-3.11484075	2.97574025
mamm1241	-0.627679913074	1.5175591659605	-3.9694045	2.1344595
mamv1243	-0.381904990468	1.45193508938297	-3.4009355	2.39758075
mana1288	-0.42964382832	1.23735413116594	-3.0318585	1.938325
mana1295	0.88499588576	1.38890651559663	-1.53749725	4.08225425
mana1298	1.624891154497	1.45279260731503	-0.8045564	4.8832965
mand1415	-1.124069815408	1.51114056916593	-4.41486375	1.52003225
mand1440	-0.6436348192385	1.44255783808959	-3.66640775	2.1594675
mang1378	0.329895603325	1.38938685009745	-2.32936225	3.35486625
mang1381	-0.414100845045	1.50873908062194	-3.55700375	2.4151775
mang1394	-0.407056850325	1.50205313554257	-3.74016525	2.542924
mang1401	-0.055181410822	1.56605545533869	-3.27929725	3.15351999999999
mang1403	-0.29808275858205	1.54338032114986	-3.597203	2.6899365
mang1405	-0.1480750189395	1.51694600060982	-3.333337	2.8692355
maor1246	-0.0177141688015	1.56799588954779	-3.31315175	3.29424225
mapo1242	0.2282091202685	1.36129976874772	-2.50655675	2.95222725
mapu1245	0.7023630938545	1.47432348986273	-1.8994295	3.94531724999999
mara1378	0.4087592500445	1.47957013503659	-2.32866425	3.693565
mara1379	0.459898417383	1.14859008777316	-1.6242575	2.8118
mara1382	-0.33547062131	1.25712873522902	-2.9426685	2.10243375
mara1399	-0.39939224377	1.41783431458084	-3.3489395	2.31589075
marg1265	-0.65898948432	1.56236536050976	-4.22053875	2.072642
mari1426	-0.272739208465	1.57442882813366	-3.68835325	2.77130175
mari1440	0.3376471713215	1.52662693004951	-2.7747	3.39755525
mart1255	-0.32399943371	1.50831080060291	-3.54745175	2.482967
maru1249	0.329567235435	1.37433819186413	-2.24561675	3.19278449999999
masa1322	-0.656508879308	1.55073500436432	-4.061519	2.26742675
masb1238	-0.11031550523	1.51261238142395	-3.3665385	2.8224105
mask1242	-0.3908467386165	1.51292236496511	-3.54160575	2.5466205
mati1250	-0.126641402616	1.58284230343087	-3.347599	2.974898
mato1252	-0.06737877057595	1.29089906057756	-2.68992675	2.46047325
mats1244	1.0809280544165	1.46452375100899	-1.34286375	4.36018225
matu1261	0.337181636601	1.37773772076139	-2.3299425	3.32470875
maun1240	-0.51667887615265	1.51476962009555	-3.74340075	2.40769325
maxa1247	-0.317160286095	1.46265701131012	-3.456386	2.56877075
maya1285	-0.180776320914	1.52108729827706	-3.3402325	2.823722
mayo1261	-0.4293144897985	1.43920820610342	-3.527935	2.29400675
mayo1264	-0.3034027367355	1.42723838393357	-3.34619075	2.464456
maza1304	-0.75592104636	1.52712332860759	-4.02899525	2.051147
mbaa1245	-0.2428957957155	1.59353906252105	-3.62995725	2.8080035
mban1263	0.7606859769975	1.3671377237801	-1.6842495	3.75904725
mbar1260	-0.5970858482505	1.542922008861	-3.95762925	2.35503799999999
mbay1241	-0.657004184615	1.46217847063762	-3.777212	1.87250475
mboc1235	-0.46186294406	1.54955504794397	-3.6553635	2.406402
mbol1247	-0.1080940261985	1.60359916258032	-3.40711825	3.11575275
mbul1263	-0.2824746004345	1.46993350983756	-3.39494325	2.58918025
mbya1239	0.61099411419	1.42289581301719	-2.01460325	3.81066825
meen1242	1.635278461823	1.66412795298841	-1.03729525	5.33638025
mehe1243	1.7691802882795	1.46250512085654	-0.782095375	5.049707
meke1243	1.2870750867985	1.28134195936455	-0.896266675	4.124803
melp1238	1.3039440331475	1.39706229083118	-1.07915375	4.2985435
mere1242	-0.269393894014	1.52941223720943	-3.72471025	2.61101475
mezq1235	-0.7001359533364	1.53426826521675	-4.02951075	2.02820725
mich1245	-0.666737300873	1.46195531170774	-3.95216875	2.0389955
miju1243	-0.21410482553	1.25829136825951	-2.8374845	2.1586895
mila1245	-0.0580572562413	1.24116567183575	-2.574929	2.463417
mina1268	-0.049185414789	1.47844713514389	-3.21217675	2.90519225
mina1276	-0.7806495566235	1.52073287324333	-4.189419	1.939187
mini1251	-0.5783938741445	1.45047575431768	-3.6608595	2.19529175
mini1256	0.723326166555	1.46074403569988	-1.9396245	4.00242175
minn1241	-1.1365319508575	1.49440821851513	-4.4799665	1.52393025
misk1235	-0.3631603820385	1.49501881778802	-3.65658675	2.4235335
miya1259	0.1017567118634	1.58612529964028	-3.2380815	3.31901275
miya1266	-0.48059143078	1.53086811705535	-3.89653525	2.38629999999999
mlab1235	-0.8230223057485	1.55690107582739	-4.31630725	2.03899474999999
moba1244	-0.034872016732	1.55666818815108	-3.2249695	3.05360574999999
moch1257	-0.645326032656	1.52613713295071	-3.977702	2.16609625
moco1246	-0.3754316554585	1.49601976288699	-3.5112405	2.41077699999999
mode1248	-0.405483772464	1.47018029821549	-3.632083	2.346782
moke1242	-0.063834747024	1.6212819257542	-3.43138775	3.171522
moki1238	-0.0502975169125	1.56997825543139	-3.28591575	3.2501385
mokl1243	-0.0625521403695	1.59167760713876	-3.43402975	3.24010275
mokp1239	-0.287677583791	1.54116746691235	-3.44254975	2.62711874999998
moks1248	0.1142588827965	1.49646754813427	-2.842614	3.1708305
mono1270	1.016732586333	1.3874627319293	-1.550306	3.96651849999999
mono1273	-0.0061799109034	1.40309515098889	-2.9020925	2.8750405
mono1275	0.663109840929	1.43073292678326	-1.9239605	3.8754295
mont1268	-0.48499010598	1.46441280450947	-3.63720775	2.21114325
more1259	-1.0312953815995	1.50929672490255	-4.4381135	1.49575225
morm1235	0.2261524894265	1.46182882999785	-2.688364	3.17146425
moro1287	-0.1793159255785	1.5582071161831	-3.474587	3.0269055
mort1237	-0.0251347542941	1.54874832065718	-3.3032065	2.98708325
mose1249	-0.730513938969	1.40955181176501	-3.78255975	1.82816625
motl1237	-0.16401907142	1.53828487252534	-3.3867255	2.95018174999999
motu1246	2.000932221034	1.43056553564084	-0.25554505	5.26538425
moun1252	1.3680752219915	1.27664306551531	-0.7830835	4.21724
movi1243	-0.4996343510856	1.43051570961337	-3.59967575	2.1472965
mpad1242	-0.472521391383	1.58589647009833	-3.9879585	2.73204575
mpii1239	-1.44864545809	1.50247854437799	-4.83006275	0.98996715
mpot1240	-0.081491788255	1.61378421541129	-3.51202875	3.2601065
mpur1239	-0.5003026494935	1.46777858956256	-3.74342225	2.21034875
mual1241	-0.13702012397215	1.56304703709168	-3.3130285	2.94891125
mudu1242	-0.3065267622765	1.49479647220524	-3.33585575	2.57141825
mull1237	-0.5074179273147	1.58453156432271	-3.887233	2.47388675
munc1235	0.4764012167645	1.35804600895403	-2.05970325	3.40187775
mund1325	-0.734338122781	1.50194319037693	-4.195888	1.92026875
mund1326	-0.45392130313	1.41921472274623	-3.4507315	2.158276
mund1328	-0.611260675115	1.46946379393314	-3.81430625	2.07621325
murl1244	0.3285100550045	1.55777814060864	-2.9402265	3.6504055
muso1238	0.0195467144375	1.3248507954926	-2.59314775	2.67487625
mwag1236	-0.48797117805	1.53864016421508	-3.66395	2.48950075
mwan1247	-0.013395798515	1.4672891194173	-3.00718175	2.8306845
naka1262	-0.3341504295055	1.5522214020856	-3.68075775	2.7246325
nali1244	-0.6724352483355	1.45284043039752	-3.793571	2.09591325
nama1268	-0.2525041841145	1.51083101885755	-3.29263075	2.6562405
nana1257	0.111764458836	1.50524546342542	-3.01376475	3.1584455
nand1266	-0.270854783135	1.54896480179337	-3.45734375	2.6536235
nang1262	-0.034233893031	1.59232423060564	-3.3950885	3.35304574999999
nant1250	-0.7045519497995	1.44759307361945	-3.80434125	1.917314
nara1262	-0.0580987716	1.4829224775158	-3.08918825	2.873312
naue1237	-0.1557138550055	1.57271816979218	-3.54794075	3.08855475
naur1243	-0.01324165793	1.55894442052858	-3.27004675	3.0529035
nava1243	1.488617925263	1.57107174697345	-1.090547	4.99573425
nawu1242	-0.025160459576	1.60827619055936	-3.34147	3.22397525
ndam1239	-0.1362308135335	1.61986365645904	-3.571534	3.07512175
ndog1248	-0.21297378528	1.4328306337377	-3.376844	2.5826615
ndun1249	-0.07966036607	1.52402449370775	-3.370029	2.8801615
neha1247	-0.105343349073	1.50923161313103	-3.1375425	2.9469605
nend1239	0.4432615303825	1.29404770121081	-1.979247	3.171851
nene1249	0.070185614709	1.55313793351167	-2.98454525	3.306585
neng1238	-0.1068630781935	1.60456840267321	-3.35990775	3.016039
nenn1238	0.45371274179475	1.33827917815241	-2.03369775	3.350868
nese1235	-0.3820202179722	1.42289932136621	-3.44095225	2.3662515
newa1246	-0.369752726459	1.1948948274106	-2.76480575	2.0362375
nezp1238	1.19362265957	1.55721770301028	-1.38280225	4.7503215
ngaa1240	-0.12304708946	1.56344112118107	-3.3924075	2.992082
ngab1239	-0.341211531156	1.55744642919818	-3.62147925	2.74463399999999
ngal1292	-0.4282278231965	1.55761886621964	-3.7894485	2.48962299999999
ngam1268	-0.695789269355	1.52762408885599	-3.967256	2.05094575
ngan1291	0.031826954818	1.58930354682597	-3.23707025	3.26987375
ngar1235	-0.3732330747205	1.54341378871603	-3.710305	2.49821425
ngar1283	-0.235240938525	1.57478144189908	-3.47644025	3.01044175
ngar1284	-0.128916470745	1.4594178537314	-3.033402	2.67371875
ngas1240	-0.526682688325	1.53285240532833	-3.7878	2.39349325
ngba1284	1.585037468935	1.58623501594503	-0.914945225	5.303785
ngba1285	0.4881653849305	1.48400853713039	-2.32225575	3.50843325
ngit1239	0.7258632881235	1.44849826476292	-1.9359455	3.9378615
ngom1268	0.0159752120385	1.57636892266897	-3.40698725	3.1618205
nhen1239	-1.058719011141	1.4234246691001	-4.12340525	1.5287595
nila1242	-0.383404506036	1.4991067269978	-3.5776205	2.5798685
niua1240	0.013291155895	1.59103365125866	-3.382484	3.2386475
niue1239	-0.060825863142	1.55881842336818	-3.3683675	3.08376125
njan1240	-0.4982199362415	1.50573469833024	-3.69664675	2.225646
noct1238	0.4627768046645	1.27973415278787	-1.97829175	3.196023
noma1260	-0.3482923903755	1.52228184875259	-3.53534	2.4583315
noon1242	-0.1648197688805	1.45734923298757	-3.174607	2.78389575
noon1243	-0.609059495815	1.4885445836614	-3.871829	2.1237025
nopa1235	-0.708871572365	1.56789919179211	-4.045321	2.21294575
nort2671	0.0707323963795	1.62197296747996	-3.2605155	3.2686755
nort2684	-0.1772674603945	1.52173303596858	-3.476737	2.85682299999999
nort2690	0.057633365542	1.56236203600812	-3.0214555	3.33369425
nort2697	0.4329621838289	1.56517508776225	-2.6105095	3.860702
nort2702	0.642299562675	1.52206580236294	-2.155642	4.17788449999999
nort2722	0.5185527851	1.30941006973957	-1.90913425	3.30369275
nort2723	0.329804005546	1.34356530110927	-2.17725275	3.19061475
nort2732	0.456584013444	1.52269744062654	-2.394356	3.71375525
nort2745	0.596589088985	1.45461321610898	-2.2145525	3.80108375
nort2747	-0.2030067137545	1.51765047166398	-3.3733055	2.86733775
nort2774	0.304086917665	1.4493872355812	-2.644199	3.32308925
nort2839	-0.376527452695	1.50043693944888	-3.39897175	2.46035025
nort2845	0.001959491505	1.56441725177597	-3.18094025	3.15564325
nort2847	-0.171681119635	1.52344038124844	-3.43471875	2.87448725
nort2885	-0.064740325846	1.50667094711108	-3.08162775	2.9594785
nort2930	1.6665114458773	1.55761960015801	-0.89686065	5.03339125
nort2938	0.96208533432	1.62057035949956	-1.9033775	4.69706075
nort2942	-0.213111592918	1.51625744954532	-3.3656	2.7385965
nort2954	0.7774696528355	1.48829727507925	-1.91562175	4.0545725
nort2961	-0.7872820347905	1.42597275451261	-3.782856	1.9027525
nort2972	-0.548990514685	1.49600377032642	-3.93190125	2.0797915
nort3047	-0.76369426520635	1.50104382857508	-3.97597325	1.92446625
nort3139	-0.10348902021	1.5990967307821	-3.4553225	2.958095
nots1237	-0.74111980639	1.41069623023966	-3.78659975	1.8103265
nucl1235	0.73658509666	1.50050850723939	-1.9645	4.12723475
nucl1240	-0.70461225239	1.51913942770146	-4.112084	1.9915545
nucl1301	-0.00601448957	1.61094055495924	-3.49498975	3.32164925
nucl1302	0.305319568709	1.60619592600547	-2.68023475	3.70650925
nucl1305	0.442114022545	1.50432466876322	-2.3364655	3.7681195
nucl1310	0.669097270995	1.33015402947923	-1.76103075	3.53290575
nucl1417	-0.2590316297235	1.54541536992958	-3.43313925	2.80806525
nucl1458	0.72895864029895	1.30930296993959	-1.519343	3.769996
nucl1593	2.153593442402	1.59522358183335	-0.431713675	5.7699415
nucl1595	-0.43697621892	1.38930733315641	-3.3750545	2.24907999999999
nucl1622	0.57769745643	1.46570746329302	-2.3229275	3.772817
nucl1633	1.2171297053595	1.54814942415447	-1.44399075	4.67444275
nucl1643	0.108098616265	1.48620287969981	-2.84493725	3.33676775
nucl1706	-0.3475141429835	1.47580023655823	-3.542778	2.58317975
nukn1238	-0.1304768455695	1.28605176464015	-2.71637625	2.38998825
nupe1254	0.37073195072785	1.569587968628	-2.78345525	3.6951105
nusu1239	0.739454362698	1.28272053781418	-1.56207175	3.69342975
nyah1250	-0.23488282694	1.56664651335552	-3.62777975	2.79169775
nyak1260	-0.08971243938985	1.47442736122816	-3.107842	2.84173925
nyam1285	-0.6339166390965	1.54917057731915	-3.84224975	2.18930775
nyan1307	0.16683175470525	1.49889995872747	-2.7912435	3.1878335
nyat1246	-0.42867151515	1.55363995699221	-3.810015	2.657287
nyor1246	0.3729141469705	1.52912814031105	-2.77740825	3.5205
obok1239	-0.267594372968	1.41947858228196	-3.311005	2.6006515
occi1239	-0.383099581675	1.45713115790512	-3.36939	2.3056505
ocot1244	-0.795681058765	1.55379741463543	-3.95634775	2.01242125
okan1243	-0.388505218179	1.59670634067344	-3.74381025	2.71428399999999
okin1246	0.14676998041	1.56138799009583	-2.97499425	3.30749775
oksa1245	2.410255177615	1.67234380327837	-0.229673925	6.3822135
oloo1241	1.58793401676	1.46981339950734	-0.9081852	4.8859145
olut1240	-0.046711492515	1.3171954866315	-2.720552	2.67902025
omie1241	1.223663233885	1.37094348859396	-1.06061875	4.3176425
onon1246	-0.56310735199	1.53607231161495	-3.8788345	2.35397899999999
onto1237	-0.068141321799	1.6418651082178	-3.6003435	3.24369375
oriy1255	1.139803024972	1.52684424299924	-1.4932295	4.62337674999999
orma1241	-0.26016120098	1.41276946912186	-3.22551275	2.43176
oroc1248	0.166676537545	1.5688551878981	-2.99202775	3.4592615
oroh1237	-0.0207660301715	1.50656438562263	-3.16450975	3.07605125
orok1265	0.1503780222948	1.63138481406719	-3.0300095	3.57236675
orok1266	-0.357715030369	1.55198017967848	-3.686521	2.5997385
orok1267	1.5791880682385	1.48827897576291	-0.8415469	4.9145705
orow1242	-0.1579951618065	1.52838743653394	-3.349895	2.98910325
otta1242	0.66883834716355	1.43557555810033	-1.99968	3.80125125
paaa1242	-0.40946812741015	1.56001495007099	-3.84697075	2.5260115
paas1238	1.315455810801	1.54033271541746	-1.1963255	4.73818225
paco1243	-0.08143907774105	1.52098909355211	-3.207098	2.95742175
pagi1243	0.076986521535	1.5196889604955	-2.90835325	3.1443355
pagu1249	-0.4666492955021	1.5660915786716	-3.80347325	2.46519349999999
pahn1237	0.702456776423	1.35608790355589	-1.799137	3.708207
pala1344	-0.144659602595	1.50283950709167	-3.24292	2.73950975
pali1279	-0.5792988552925	1.44624430529232	-3.83249625	2.14244925
pana1307	1.481812713547	1.57128047073967	-1.06600475	4.95407275
pang1287	-0.099614763015	1.51742474645382	-3.32738775	2.837003
panj1256	0.4634187917988	1.49769181809706	-2.29439775	3.73143025
pany1241	-0.2669326628065	1.42683517799724	-3.2150745	2.58965125
papa1265	0.239922385417	1.35848477434421	-2.51119175	3.041647
para1301	0.05799764262655	1.5428895304715	-3.060488	3.16319875
para1302	0.1499784584395	1.18560662874878	-2.1594135	2.6112855
pare1266	1.350917540155	1.46570129695237	-1.04857675	4.5049
pare1272	0.979556196122	1.41868617601759	-1.576023	4.226307
pate1247	0.34423683038	1.34698758856304	-2.36464525	3.1477835
patp1243	-0.56614615434	1.44436676619415	-3.6938015	2.131281
paul1238	-0.0816598532	1.4850273130911	-3.14073225	2.8928515
payn1244	0.4178229650355	1.27015457133718	-2.006688	3.14683925
pech1241	-0.5119757795265	1.47619438539371	-3.6540525	2.16025
peer1241	-0.6040065565355	1.51416679395365	-3.57414925	2.1754045
pela1242	0.57942298391	1.40609816102173	-1.998759	3.76815625
pemo1248	0.396345804521	1.48586977186589	-2.44937175	3.7720115
pend1242	-0.10709848343	1.56277118555109	-3.470735	3.208315
peng1244	1.3186548253615	1.49237837485273	-1.0350065	4.60646749999999
phai1238	-0.7236256476295	1.62925166482044	-4.11818	2.29322274999999
phom1236	0.12621322278	1.15310203892867	-2.16057125	2.51286949999999
pila1245	-0.3427507102985	1.52659733061999	-3.70824575	2.674526
pile1238	-0.066898281525	1.56762812384709	-3.3154495	3.047476
pina1252	0.99997787965	1.32523869410276	-1.33581075	3.7791225
ping1243	-0.071999424383	1.49167683538961	-3.26876625	2.869282
pipi1250	-0.671349470105	1.41372616603091	-3.733949	1.96847825
pite1240	0.1095610735385	1.52394838715758	-3.01551475	3.31485975
plai1258	0.57764436954	1.43948177678079	-2.05496575	3.803378
pnar1238	-0.15454632684	1.38057248851195	-3.0027345	2.6004595
pohn1238	-0.076551603915	1.53924213563425	-3.1973815	2.953142
poko1263	-0.19120532812	1.52387935097025	-3.420887	2.908025
poli1260	-0.482667448661	1.46391613243985	-3.615856	2.115389
popt1235	-0.653365753299	1.51090798317748	-3.86982925	2.1662735
port1283	-0.2983189452545	1.45910638351951	-3.432184	2.40836075
port1285	-0.391916996545	1.50971922608975	-3.488181	2.50582425
psik1239	-0.7592943505065	1.53450605967017	-4.15413675	2.04361975
puka1242	-0.020336186953	1.55077609359851	-3.180622	3.1216885
pulu1242	-0.018574973102	1.67947353386003	-3.6385825	3.391554
puma1239	0.3959985600945	1.22519854080651	-1.94150325	3.02148225
pume1238	0.8388327339015	1.44970974414809	-1.68530925	4.135102
puoc1238	0.100161117444	1.56002597389187	-2.93833675	3.3905755
pura1257	1.4930763315445	1.47518287016026	-0.968338325	4.6967535
pure1242	-0.579348907166	1.53677756569894	-3.84017175	2.4085495
puri1258	0.430217408675	1.48654077955471	-2.4017055	3.69874725
qanj1241	-0.606987996125	1.53504235962448	-3.7564365	2.4170795
qima1242	1.15553606796	1.51443178186212	-1.494467	4.405003
quer1236	-0.6279682885975	1.50862437592044	-3.900635	2.1844445
quio1240	-0.6952852166775	1.50507544158276	-3.94313925	2.13693025
rabh1238	0.474801121508	1.47117380768868	-2.21638075	3.873597
raji1240	0.7499530996425	1.49453141466814	-1.9747905	3.93121975
rama1270	1.194472695369	1.50622031160769	-1.320046	4.7369725
rapa1245	-0.030995063425	1.55282480887928	-3.22265175	3.09486925
raro1241	-0.07286141912	1.57268956636926	-3.27433725	3.11244875
rata1244	-0.13022591948	1.55775922612838	-3.26818125	2.93913875
remb1250	-0.1623955424	1.53869010688186	-3.35477875	2.8593255
reng1252	-0.147231828353	1.58336542141651	-3.52952475	3.00951649999999
renn1242	-0.0701853048275	1.45564303683378	-3.11057575	2.8441345
reye1240	-0.935955896915	1.41272201707246	-3.863947	1.558267
rong1264	0.533828299747	1.4790594929099	-2.0773305	3.8284415
ronn1241	-0.4915591498395	1.51307433139305	-3.5786765	2.409171
roto1249	0.251932915494	1.33177075873942	-2.3933575	2.97278925
rotu1241	-0.037697207999	1.52203405866763	-3.02195	3.084124
rovi1238	-0.140533739718	1.52030530678048	-3.332097	2.929392
ruch1235	-0.6958633717265	1.55323429404459	-4.181208	2.29396375
ruka1240	-0.351904904053	1.48243464017056	-3.38714875	2.3977055
ruma1248	0.2503176069925	1.45976813613607	-2.57734325	3.4094575
rung1258	-0.159934534276	1.5701377427057	-3.40746575	3.02033649999999
russ1263	-0.44927842732975	1.46156200099971	-3.57515375	2.1654105
russ1264	0.119066515578	1.59794247443887	-3.16074325	3.39527475
saaa1240	-0.015799323431	1.46797178334484	-2.95938375	2.94850275
saaa1241	-0.35055745554855	1.48728268883948	-3.2871395	2.50778475
saar1237	-0.416614386036	1.50561605414943	-3.64711325	2.34659425
saga1262	-0.183200948952	1.63216290359277	-3.4924205	3.1168735
sais1237	-0.30793328037985	1.50243872721716	-3.491488	2.63075625
saka1289	-0.267267779465	1.55023414384151	-3.675997	2.622495
saka1291	-0.01806044818	1.5835335443399	-3.31049525	3.16472625
samb1305	-0.688359633151	1.45657538279381	-3.8763735	1.96624225
samb1311	-0.669851707049	1.45232974838507	-3.69909025	1.95011449999999
samo1305	-0.035886192161	1.59291246509745	-3.32235225	3.2524095
sana1295	-0.107148898307	1.59912777037074	-3.31592575	2.99567325
sanb1242	-0.4982563480765	1.48547997134364	-3.78718375	2.28304025
sand1278	-0.47533147819	1.4852131673895	-3.5838805	2.4204675
sang1331	-0.053135093877	1.56512048444885	-3.287885	3.1491275
sani1269	-1.1346413407965	1.37610981939205	-4.19249775	1.23991525
sanm1289	-0.56346031473665	1.37619693578149	-3.46452675	1.95954675
sanm1295	-0.8380882789845	1.55708386071731	-4.361776	1.98838375
sant1436	-0.7820180359575	1.52835682506388	-4.06118225	1.8647065
sant1451	-0.643679257965	1.54606662554112	-4.065839	2.240543
sanu1240	-0.37728493252775	1.51020156989712	-3.747303	2.38724175
sapo1253	0.136647574323	1.36341240611615	-2.66428625	2.85033725
sara1321	-0.38417786893825	1.49196982867406	-3.61947675	2.4107005
sars1236	-0.128205299624725	1.48924832969143	-3.226325	2.75568
sasa1249	-0.0874929607945	1.5448239178689	-3.30814225	3.04015325
sata1237	-0.0394690220085	1.63396338144065	-3.47937725	3.268158
sauk1252	0.078002218277	1.29704217201728	-2.524951	2.702173
saur1249	0.5777513895575	1.45232221611066	-2.01961925	3.70590975
savo1255	0.3028354708425	1.33561753871839	-2.3248645	3.06732475
seda1262	-0.13387273254285	1.56274022888691	-3.576427	3.07082449999999
seim1238	0.03009102644735	1.60406684158469	-3.16204325	3.37440725
seke1241	-0.348334044869	1.48953406132454	-3.37744975	2.61934
sela1259	-0.052527101798	1.57599946882569	-3.24103725	3.137171
selk1253	0.0662781218	1.55219755889371	-3.09030875	3.07258825
sema1265	-0.4305422256515	1.51730721063316	-3.57805125	2.578474
seme1247	-0.3603013531575	1.50563611003848	-3.675651	2.53264275
sene1264	-0.60507492487725	1.51088804240691	-3.9881645	2.124633
seri1257	0.139651314865	1.46924033707161	-2.70053225	3.25835
seve1240	0.6302340081325	1.39660818913989	-1.9967595	3.715667
sgaw1245	-1.2735533561905	1.53727110084461	-4.67142325	1.32060275
shab1252	1.0811313301118	1.4884024222157	-1.5436665	4.40091525
sham1280	-0.19746609849	1.65151419439123	-3.4886875	3.27917825
shan1283	-0.2218999101612	1.3585233096812	-3.09253475	2.45675075
shaw1249	0.6600331587535	1.42621255745581	-1.915762	3.77398125
shil1265	-0.2061581402505	1.68350744952171	-3.75549225	3.20599725
ship1254	1.4159046546	1.45463420955414	-1.05566025	4.78918875
shix1238	-0.264476114357	1.27694991177535	-3.03184175	2.1358735
shol1240	0.5324779436265	1.54517965493881	-2.29207325	3.796026
shon1251	-0.059834213539	1.59429587460847	-3.3937275	3.172123
shos1248	0.687107576643	1.48804513490163	-1.99189575	4.02233025
shua1257	-0.27153096878	1.51838953176479	-3.45943275	2.905402
siam1242	0.297866936685	1.25283437626436	-2.18233575	2.972981
sich1238	0.59551618859	1.35012347036583	-1.861596	3.57258974999999
siee1239	-0.17022044487	1.56207315712092	-3.42571625	2.90074
sier1250	-0.7331683399058	1.50019411517149	-4.00486375	2.00579075
sika1261	-0.0027658643725	1.58108405092366	-3.18842025	3.150063
sile1255	0.384879084663	1.27502671019591	-1.96807	3.07179125
sina1266	2.065781748471	1.44957997094285	-0.282366975	5.27950325
sing1264	0.4330133112885	1.31930438942912	-2.1346735	3.27695425
sioo1240	-0.24905555374	1.35301188769624	-3.1687385	2.29957075
siri1274	1.3551167294275	1.49254026143813	-1.22017775	4.69261825
situ1238	0.4149278054195	1.336010792784	-2.19349075	3.13910925
siwi1239	-0.3139539699415	1.46972802919353	-3.392863	2.4505545
skol1241	0.07561641689255	1.51979436585495	-2.9862845	3.289277
slov1268	-0.5078235980825	1.48673823491519	-3.83630725	2.13830575
sobe1238	-0.3625382944475	1.40124034485656	-3.432553	2.24387725
soch1239	-0.638359572084	1.50708052507386	-3.8232615	2.18999675
soga1242	-0.056105397558	1.60145935373661	-3.29210275	3.10642225
sons1242	-0.04895082541	1.56765783665724	-3.3382055	3.00806974999999
sooo1254	-0.16681053409	1.53279337974744	-3.3206695	2.7733105
sout1528	-0.5621603644775	1.36092844840943	-3.45655575	1.9586365
sout2649	0.704183165402	1.40706102001976	-1.81685525	3.64231275
sout2674	0.092393132983	1.56616934798078	-3.054369	3.36838875
sout2679	0.361732106155	1.55694768348299	-2.54735375	3.60047574999999
sout2728	-0.175173472353	1.29126900778678	-2.792733	2.28468025
sout2729	0.239487515785	1.2977804133265	-2.30184675	2.94344475
sout2730	-0.073496625495	1.28651944093234	-2.64076125	2.56709224999999
sout2797	0.4979278894135	1.26309985233273	-1.91530975	3.1998055
sout2807	-0.0607505395765	1.53163955917545	-3.2584265	3.03670275
sout2856	-0.211206885051	1.53116950690663	-3.36512275	2.82777674999999
sout2857	-0.3912788997315	1.54435511878662	-3.561119	2.59935925
sout2859	-0.3545850400285	1.50088536318409	-3.449174	2.51087075
sout2869	-0.168636991733	1.52663455529595	-3.44725225	2.79784575
sout2954	0.216624479015	1.54778323612693	-2.9169955	3.51380925
sout2956	0.94739660827378	1.62837990016082	-1.82777725	4.811516
sout2959	-0.227478374051	1.43677262368709	-3.20328175	2.48659325
sout2976	-0.380917778345	1.36381777673272	-3.24662675	2.261233
sout2994	-0.0799785161485	1.51451425492081	-3.25507725	3.0024425
sout2996	-0.356053719545	1.46202128997702	-3.4269545	2.45525
sout3236	0.33923189387	1.49596793949331	-2.704698	3.40500175
sout3261	0.32957781367	1.50748357232623	-2.5723635	3.48579175
stan1289	-0.027041908065	1.53349442102314	-3.226312	3.010983
stan1290	-0.1392995879	1.47446892016658	-3.3112445	2.79926525
stan1293	-0.5867131380665	1.39861231926562	-3.57747825	2.01864049999999
stan1306	-0.3453979981325	1.47122156644698	-3.38815275	2.59351925
stan1318	-0.224466870262	1.51604380242868	-3.23529575	2.76815675
sude1239	-0.329943233189	1.54520732092105	-3.62346225	2.679586
suku1259	-0.0874418617878	1.56447002484306	-3.5028295	2.95478875
sumi1235	0.290230282045	1.16274649448909	-1.893218	2.7004775
sund1252	0.163735002505	1.55796382571801	-2.9003525	3.58002725
sunw1242	0.3884214715715	1.18749859706897	-1.8605415	2.8815725
supy1237	0.01473380631	1.46069281022735	-2.90474225	2.91039025
surg1248	0.06018288142	1.53976135829468	-2.97354625	3.13249425
surs1246	-0.4728563485325	1.45267775240891	-3.692194	2.3478535
swah1253	-0.0810220305775	1.63802832301785	-3.6596315	3.24978075
taba1263	-0.4487590544445	1.56083887034158	-3.817719	2.62591075
tabo1241	1.63648528816	1.61337247673266	-0.972244075	5.30890125
tagw1240	-0.076151649481	1.5871117387558	-3.237427	3.17942975
taha1241	-0.20715729864	1.51484757744664	-3.48852175	2.75440575
tahi1242	0.015303620795	1.57713667543246	-3.29832525	3.168197
taia1239	0.66279122535	1.34108202663018	-1.750225	3.4483585
taji1246	-0.1177691441755	1.57535586285723	-3.52990875	2.96739599999999
taku1257	-0.0059890410565	1.6124447962412	-3.2435495	3.23034175
tali1259	0.1463599529215	1.42773983995782	-2.70369175	2.974101
tama1365	0.52815736564	1.32952240928602	-2.0355825	3.287935
tami1289	0.21332267125	1.49436145988814	-2.70331775	3.41995525
tane1237	-0.041497605311	1.5465582867174	-3.23866925	3.1001115
tang1336	0.35669812679	1.1557949849138	-1.6953715	2.8246385
tang1347	-0.29782132848	1.45277021422448	-3.3987015	2.4255085
tang1348	-0.263992160978	1.53668581360846	-3.3998775	2.879324
tang1377	0.138933263023	1.255758848084	-2.2440385	2.7770095
tari1256	0.1545594034008	1.30130159920087	-2.54006125	2.74452225
tari1263	-0.1556942147	1.52415371032466	-3.34382025	2.93100375
tata1255	0.0663988362755	1.52859768962927	-3.0732365	3.31984325
tata1257	-0.080705657765	1.586969335998	-3.37117975	2.990251
tata1258	-0.759970610835	1.55076426995268	-4.134112	2.0915955
taul1251	-0.5615144762475	1.45056374613553	-3.65385525	2.0767745
tawa1286	1.65872875275075	1.60644700562415	-0.95486555	5.13087825
taya1257	-0.362478619775	1.46345766288241	-3.5655015	2.4175075
tbol1240	-0.092161479915	1.55079705259106	-3.322754	3.17667775
tean1237	-0.045844990845	1.54476726499488	-3.23394375	3.01967624999999
teda1241	-0.0512799554795	1.56073256785082	-3.198332	3.038174
tedi1235	-1.2803554867975	1.36054785119843	-4.27248125	1.15097625
teke1275	-0.030593877168	1.55284871338428	-3.2134265	3.0641625
tekt1235	-0.65738867791675	1.51779557369833	-3.91111275	2.097623
telu1262	0.4304755298375	1.51861779365763	-2.43388525	3.6893645
tene1248	0.94638141695	1.46630911960932	-1.80668875	4.04729425
tenn1246	0.18386879073	1.48262321406815	-2.82593525	3.041795
teop1238	0.197080296771	1.33724845613098	-2.53799325	2.89893775
tera1251	-0.4833526648162	1.59087127839465	-3.866574	2.60445425
teri1250	-0.365772487082	1.49591596624352	-3.448164	2.573286
tern1247	-0.4660038278399	1.50978990617107	-3.6502555	2.35804725
tete1251	-1.0657978909525	1.52143750560373	-4.58917675	1.55106775
thad1238	-0.82172291114	1.26931682080852	-3.665906	1.47832299999999
thak1245	-0.0194573588685	1.22394067072123	-2.487815	2.454347
than1259	-0.479880031825	1.37382777714755	-3.3509105	2.121575
thao1240	-0.3813744964085	1.43802629364481	-3.4395005	2.32030975
thul1246	-0.14986874555	1.166382161248	-2.570427	2.152197
tibe1272	0.56331618277	1.3546643942166	-1.87416975	3.42455
tief1242	0.47062924294555	1.2693889015641	-1.92182575	3.13653675
tief1244	0.5072550897	1.2777028756379	-1.936967	3.22004625
tien1242	-0.036098933148	1.66476245772762	-3.642235	3.42553475
tiga1245	-0.49181951733	1.50683236866154	-3.71703325	2.3375785
tigo1236	-0.57991877753	1.50051387000902	-3.7928625	2.18298775
tika1246	-0.415170891445	1.4854385774879	-3.77912125	2.33733475
tiko1237	-0.03997310721	1.56674528953848	-3.45874375	3.10543275
timn1235	-0.1645299414185	1.47794452269477	-3.2741445	2.7271345
tiri1258	-0.1268720558925	1.52527556589981	-3.32957275	2.9536235
toab1237	0.03714089247	1.42906631112214	-2.897035	2.877224
toar1246	1.50803491049	1.38448688620143	-0.876555475	4.5965485
toba1268	-0.2272080690213	1.53508585622655	-3.55052425	2.75558475
tobe1252	-0.441905026388	1.57966245520727	-3.65094075	2.659914
toho1245	1.277059150107	1.49141924894697	-1.25961375	4.622208
tojo1241	-0.505546280275	1.4408733699047	-3.519955	2.227022
toke1240	-0.03806711862	1.53675221803056	-3.13185675	3.12425125
tond1249	-0.03855824736	1.41598455559698	-2.9791715	2.7422075
tong1308	-0.307401141015	1.50778256271711	-3.48046175	2.539098
tong1318	-0.0155549274	1.53620381938606	-3.1134735	3.24313725
tong1325	-0.003118829864	1.58090214089499	-3.08555	3.2045975
toor1238	0.444871491265	1.52148840313893	-2.64246	3.618202
tosk1239	-0.792052610378	1.49143070481379	-4.16148325	2.0209475
toto1302	-0.829233948849	1.37431478267882	-3.70931575	1.6699495
trio1238	0.17407606035775	1.4269137850823	-2.6241015	3.17727175
trum1247	1.64032119724	1.56604002092562	-0.8043826	5.2009385
tsam1247	0.00934399344	1.28509098299586	-2.5612175	2.5915625
tsat1238	-0.1094945972475	1.53572533002554	-3.35748025	2.85625775
tsha1245	0.64470369850195	1.43712069795284	-2.0447415	3.62600825
tsis1238	0.68372396794	1.52415723407282	-2.1517125	3.88270375
tsix1234	0.286120609015	1.63041775296074	-2.933373	3.70381475
tsog1243	-0.069477305136	1.48651808440509	-3.16005075	2.97399375
tson1249	-0.01611860124602	1.61406992792649	-3.28763525	3.151475
tswa1253	-0.2245704853	1.59226129994883	-3.45668275	2.888837
tswa1255	-0.0028831378671	1.64204132936806	-3.266978	3.34215325
tuge1241	-0.305768811733	1.49371627144524	-3.4512035	2.5684655
tugu1245	-0.19763724821365	1.45980838318645	-3.40242275	2.61013625
tuka1248	-0.1113954912275	1.53418985069714	-3.22012925	2.93663975
tuki1240	-0.2997785473465	1.51647066901392	-3.542811	2.7169585
tula1252	-0.6540741352495	1.50343608261066	-3.7414725	2.12420949999999
tulu1258	0.4837868668751	1.47262271519352	-2.140774	3.48305949999999
tung1290	-0.290510644339	1.54798547140509	-3.68154975	2.80743125
tunn1238	-0.294196402608	1.47959101560608	-3.52450875	2.553275
turk1303	-0.024038537687	1.50539345595467	-2.94092225	3.02156324999999
turk1304	0.0341846476885	1.60572780414029	-3.167267	3.376752
tusc1257	-0.4698998683085	1.4488192530494	-3.564199	2.24228025
tutu1241	-0.333036955172	1.48815184055523	-3.433282	2.52269275
tuva1244	-0.0057900767975	1.54758432006477	-3.20161375	3.1014255
tuwa1243	-0.3640435978895	1.47396868271986	-3.53145175	2.45137525
tuwu1238	-0.14642174061	1.56848246494374	-3.30874725	2.95681175
udih1248	0.13764898086	1.49025439745315	-2.9455615	3.21958174999999
udii1243	0.341977350083	1.53550226754934	-2.606433	3.5652935
ughe1237	-0.154050832112	1.52146672893635	-3.40418975	2.883386
ukra1253	-0.526127135219	1.49833145079951	-3.75850025	2.26453825
ulit1238	-0.0727976707385	1.60307709614209	-3.1277935	3.1726605
ulwa1239	0.288669833709	1.49052791136614	-2.64071725	3.37325399999999
umbu1257	-0.0174550758	1.56639881216113	-3.2481155	3.25842949999999
umbu1258	1.9722529751	1.52776649658745	-0.510805775	5.4704775
umes1235	0.0567101631205	1.53248005662391	-3.00683925	3.173286
unua1237	-0.40602219781365	1.46449221831016	-3.309031	2.39756825
uppe1275	-0.9709457655	1.48941328360376	-4.361895	1.647981
urar1246	-0.17381526711	1.41338582777687	-3.12879825	2.62824325
urav1235	-0.178394180859	1.56047206317436	-3.4335355	2.83684075
urim1252	1.557989613318	1.4312996594811	-0.912515025	4.68096225
urip1239	-0.3978684299265	1.42383149264058	-3.37931675	2.35924025
utes1238	-0.835256286135	1.45213483818833	-4.17015175	1.694077
uuuu1243	0.5743025256615	1.35974049786344	-2.0297025	3.57702525
vano1237	-0.049090190333	1.5412150165032	-3.26846075	3.07146525
veps1250	0.08771926576	1.56247386884524	-3.0062755	3.16958949999999
vera1241	-0.1774404132225	1.49296393829969	-3.31249275	2.82113175
viem1243	0.44474907052	1.37751548623115	-2.14681575	3.2766775
viet1252	0.064372723105	1.51721628864156	-2.960188	3.12053025
voti1245	-0.097570742075	1.56459420913803	-3.36904925	3.1057515
vunj1238	-0.253751135605	1.60666647149024	-3.61460375	2.854151
vure1239	-0.1776316885315	1.49076214299105	-3.27998325	2.822179
vwan1235	-0.094723308075	1.51997623829594	-3.10503125	3.05614425
waga1260	-0.110524296682	1.52283028045259	-3.3793055	2.995338
wage1238	-0.523262854192	1.65461893821407	-4.038042	2.58113375
waig1244	-0.180445445055	1.60182927802755	-3.67301275	3.0745335
waim1251	2.033623865404	1.48631558522754	-0.314960075	5.2735915
wala1266	0.07371040403	1.38225488925601	-2.781757	2.843251
wall1257	-0.021889242505	1.49173695667795	-3.16812325	2.978775
wamb1257	0.5425789134865	1.237452336004	-1.78107475	3.2119845
wand1267	-0.28790137441	1.52766311094392	-3.70271375	2.59848749999999
wand1278	-0.712959930484	1.55832949803877	-4.06015625	2.3365045
wara1294	0.130663016976	1.35548566882417	-2.56331575	2.9033875
wara1303	-0.148297741	1.50787636853617	-3.34670825	2.88189475
ware1253	-0.326756288365	1.51671615768977	-3.375027	2.67019125
wari1268	-0.681739056225	1.47767520541265	-3.8952555	2.0289665
warj1242	0.0908756988775	1.39244651789054	-2.862106	2.8820325
waru1265	-0.1379580209995	1.54484191724318	-3.368872	2.7446355
wawa1246	-0.4998198763405	1.52795603528479	-3.95754675	2.483749
waya1269	-0.954135994995	1.46713640117817	-4.1793155	1.654059
wayu1241	0.45564118332	1.20161718022557	-1.82342725	3.03936875
wayu1243	0.90690070074	1.438490223351	-1.58524025	4.10687825
wels1247	-0.37680900218515	1.46096536809952	-3.50646575	2.56487075
west2354	-0.1792774394605	1.37453239213689	-3.07534025	2.5379285
west2369	-0.7900895737085	1.53911467524118	-4.2339985	1.87057475
west2392	0.05210617783785	1.531417647531	-2.92401875	3.17617675
west2396	-1.541324083975	1.58201460021116	-4.93578475	1.11287625
west2397	-0.18941169213	1.49800012321209	-3.412135	2.7722395
west2415	-0.6569765940855	1.15398837968691	-3.078443	1.540665
west2418	0.2333845950595	1.24612454603328	-2.1479325	2.86614575
west2466	0.3443998230505	1.26827864681377	-2.15247375	3.01179449999999
west2516	-0.1436939281605	1.4604128519456	-3.25152425	2.83399975
west2519	-0.043754053275	1.58860867853441	-3.435334	3.23871525
west2548	-0.0749900158705	1.50154435907717	-3.245209	3.07039625
west2557	-0.08315647492	1.53091175251729	-3.283547	3.06335675
west2560	-0.069928328735	1.59124832753967	-3.3051815	3.24632075
west2594	0.009138941445	1.42097320764308	-2.709156	2.9781145
west2600	-0.446470062214	1.54007774344439	-3.60579725	2.43584849999999
west2618	-0.2391408394145	1.45147777311126	-3.313927	2.39046325
west2632	-0.0445696389835	1.48642141916484	-3.0795885	3.0344965
west2635	-0.6594589629905	1.4824779291787	-3.86519075	2.0061425
west2644	-0.750273026835	1.55869286257443	-4.09917975	2.24257
west2650	-0.154352728762	1.64441464208228	-3.81927725	3.22278275
west2763	-0.133306265655	1.50008105365854	-3.3913935	2.748823
whit1269	-0.1686136688275	1.52846630592617	-3.44835775	2.83233625
wiru1244	2.1545587684	1.61401524663979	-0.3263731	5.73546925
woii1237	-0.136217856687	1.56980067088673	-3.377945	2.953424
wola1242	0.68973490477	1.4240627187144	-2.01742425	3.66628725
wola1253	1.271365235751	1.46267515959664	-1.099422	4.60385375
wood1236	0.578938304732	1.41937821751666	-1.92289	3.7306945
wotu1240	-0.127720067255	1.58698528459747	-3.48195625	3.0444215
wuch1236	0.376389697831	1.45512937250711	-2.3724255	3.522707
wudi1238	0.647281935135	1.29439107458042	-1.78591175	3.40394075
wusa1235	0.718492274845	1.35847008685646	-1.79026425	3.72314175
wutu1241	0.9757833161435	1.44518299905146	-1.515996	4.1957905
wuvu1239	0.2876101855545	1.46004527698472	-2.61322625	3.419365
xamt1239	1.028996654205	1.5458125725969	-1.76672975	4.53015025
xara1244	-0.119641994065	1.50945938041818	-3.1901905	2.95371425
xhos1239	-0.099393788095	1.60648688876123	-3.6367395	3.10674575
xish1235	0.484008883241035	1.34353249026584	-1.998813	3.3117275
yaak1241	-0.3532949435065	1.38986953783623	-3.39709725	2.22728275
yaey1239	0.141627028519	1.57733762180292	-2.94945625	3.403425
yagu1244	-0.055777846081	1.47369602685249	-3.12926	2.94238675
yaka1272	0.837680877645	1.58635265197294	-2.06738375	4.327661
yaka1277	-0.1175407308925	1.58697704054097	-3.37014125	3.1325115
yaki1237	-0.635645617972	1.4489761103419	-3.857693	2.11908875
yakk1236	-0.40757954836	1.19120705451499	-2.88534775	1.77031275
yaku1245	0.0585238755475	1.5534336503336	-3.07788975	3.31975675
yale1246	2.22945292006	1.60879246261907	-0.363500575	5.8934835
yami1254	-0.183883943503555	1.52035466778476	-3.2784235	2.85762225
yami1256	-1.3295082968925	1.50122273390646	-4.56082725	1.11131875
yane1238	-0.432911057338	1.35136056963156	-3.20429575	2.21699
yano1261	-0.3966383516465	1.51105618516496	-3.6068365	2.337968
yaoo1241	-0.0154288325805	1.60202061256946	-3.49501625	3.20372699999999
yapu1240	1.608694374551	1.43044124030765	-0.812501775	4.762056
yaqu1251	1.0263946558195	1.36654939905905	-1.3365735	4.0914035
yasa1242	-0.116248136423	1.54490092393615	-3.3403945	3.08914125
yatz1235	-0.67692069072	1.48663485085922	-3.81686975	2.13511075
yaum1237	-0.0433047183915	1.28218953209776	-2.69866475	2.5356275
yawa1260	-1.1619884515125	1.43274486866777	-4.48293275	1.36290225
yawu1244	-0.39158595546	1.49533814172463	-3.58042625	2.559786
yele1255	-0.439839459364	1.52282193131153	-3.7038635	2.4784805
yems1235	0.888026748485	1.34947878314846	-1.59920675	3.82362625
yind1247	-0.317497361315	1.46746168720476	-3.38746225	2.453292
yoga1237	-0.2797627302525	1.51382892710304	-3.52183125	2.7086075
yona1241	0.090575668502	1.53647070522886	-3.01073825	3.30457825
yong1270	0.3924941676085	1.29501642231311	-2.06543275	3.0333685
yong1280	0.5968949024115	1.42705322351938	-2.0586475	3.56489824999999
youl1235	0.41477147253	1.40453139312008	-2.279891	3.4350195
youn1235	-0.56471858152	1.45999890299589	-3.7545185	2.15285275
yuca1254	-0.125107564797	1.47732906877571	-3.21372025	2.78095875
yuec1235	0.125645198235	1.42361485077476	-2.540491	2.97851425
yura1255	-0.569381739634	1.47964826427041	-3.8357235	2.1850205
zaba1237	-0.0891437701221	1.50807150820002	-3.1562055	2.85026975
zaca1241	-1.030896506609	1.49703960019513	-4.43787975	1.528729
zaca1242	-0.698435020365	1.5874010385984	-4.05450975	2.247222
zagh1240	-0.05339212333	1.51262267248796	-3.16467775	3.09768375
zamb1245	0.0940274681355	1.63323011249659	-3.16478375	3.53168025
zani1235	-0.837296095284	1.54548511866554	-4.20762325	1.99883675
zarm1239	0.100928691349	1.56272575547772	-3.047309	3.42506275
zaye1235	-1.433638368662	1.54279405593236	-5.0031195	1.04070525
zays1235	0.29969655135735	1.31832552147707	-2.2280255	2.96692525
zeme1240	0.536742982719	1.22337850172849	-1.763041	3.26869025
zinz1238	-0.10109602309	1.59294530981528	-3.46604375	3.2339105
zoog1238	-0.69395259395785	1.50011356481269	-3.81423425	2.1543385
