Estimate	Est.Error	Q2.5	Q97.5
abar1238	1.08753060934	1.64827548106702	-1.9731125	4.54713625
abee1242	0.83141879799	2.3507315262077	-3.67439625	5.86040375
abkh1244	-0.13918889385	2.76728334364849	-5.63432825	5.57635625
abun1252	3.30461670707	2.24631034432495	-0.7947345	8.1278435
acha1249	1.4311247564445	2.41905068921639	-3.49554475	6.232084
acha1250	-0.02400908646	2.8129696614299	-5.4907345	5.79607
achi1256	0.5779030276936	2.42651361435106	-4.2863975	5.27615524999999
achi1257	2.0441660880105	2.22211648457232	-1.72706625	6.72437775
achu1248	-0.08203612559	2.62744559858662	-5.2599305	5.28006175
acol1236	0.379144592115	2.12619073835321	-3.72959075	4.67795349999999
adan1251	1.06842325958	2.10050424326125	-2.955514	5.18728049999999
adny1235	-0.288328504937	2.63517518782616	-5.52116925	4.87238725
adon1237	2.31946640886	2.14361001651042	-1.601512	6.78611125
adze1240	-0.4519920598785	1.6650802921353	-3.720576	2.7843925
afar1241	-0.447525856905	2.61095109601338	-5.79682425	4.50915275
aghe1239	1.000320557545	1.69252384507397	-2.16250725	4.44780575
aghu1255	-0.8768032674255	2.7441197725665	-6.34522975	4.380066
agob1244	-1.74097910692	2.43385638543573	-6.689921	2.8820385
agua1253	-0.17900857456	2.78652971198976	-5.62875775	5.14047824999999
agut1237	-2.8540928593	2.03885455713396	-7.1964795	0.746122375
aheu1239	1.7899721363375	2.47698817563955	-2.72195425	7.0600515
aime1238	-0.5586897104265	2.23581302420382	-5.0136165	3.79441475
ainu1240	-0.1782263175045	2.78958895237447	-5.80158275	5.6573735
ajab1235	1.455373913335	2.21488646481751	-2.5388185	6.271143
ajas1235	2.113168352525	2.45873912706735	-2.6490365	6.96811699999999
ajie1238	1.94225122653	1.92011471853437	-1.58636775	6.11330675
ajyi1238	-0.227694278365	2.80145705517029	-5.7880715	5.3045575
akha1245	0.06175700523	2.19675350186409	-4.310864	4.3138285
akoo1248	-2.530407291415	1.83118765446552	-6.20106925	0.970591075
alab1237	-0.057342255365	2.76816533798138	-5.40657	5.27216775
alab1254	-1.535216738595	2.53299540884128	-6.8640615	2.98903475
alac1244	1.915765497915	2.01196315350799	-1.962238	5.83105075
alag1248	2.0634518138275	2.14755004320946	-1.77808675	6.61117525
aleu1260	-0.333722844148	2.60809837370455	-5.62556775	4.59234849999999
alor1247	1.329836155474	2.09118453728903	-2.597481	5.534744
aluk1238	-0.1211104651215	2.63907835252484	-5.205653	5.1395975
alya1239	-0.169380838155	2.66408790409349	-5.3834095	4.99113699999999
amah1246	-0.050975180202	2.70261166134426	-5.331127	5.2880365
amam1246	-3.06651652062	2.01281402895667	-7.43814725	0.493469974999994
amap1240	-0.0674624675195	2.21275130786674	-4.7409335	4.14588675
amar1274	-0.0827560042755	2.6355206979498	-5.58862675	5.115558
amdo1237	-0.502572248375	2.68679969880454	-6.1045115	4.42626625
amii1238	2.633927833385	2.38461339124637	-1.79169375	7.31093299999999
amis1246	-2.010007296695	2.03245973847489	-6.19128325	1.84879
anei1239	2.118000061094	2.20460393498944	-1.79707925	6.95211675
anfi1235	-1.27631386263	2.3436692527441	-6.555524	3.06069
anga1288	-2.045347557175	2.52349989687251	-7.1922345	2.95954574999999
ango1257	-0.103826117388	2.70665734231033	-5.38965225	5.39624674999999
anta1255	-2.348194137567	2.31119375769465	-7.23261525	1.94393075
anut1237	1.86726649274	2.28613410247331	-2.37881925	6.82955474999999
anuu1241	-0.5406166638343	2.62990553454094	-6.10693175	4.48435475
aona1235	-1.58388494021585	2.62283579428127	-6.851021	3.38239725
aoua1234	1.772439837816	2.50255321875817	-2.81312325	6.83403024999999
apin1244	-0.184491554315	2.67545482427614	-5.3488755	5.117338
apma1240	1.9928563892	1.66768292166272	-1.10185175	5.53571625
apur1254	0.184811836255	2.68721986773026	-5.080148	5.2816875
arak1252	0.9903268678905	1.56493666975299	-2.033323	4.0736385
arao1248	0.137560551033	2.76714260856969	-5.50800675	5.5244795
arap1274	-0.121704505766	2.6076204826078	-5.22559275	5.33154474999999
araw1276	-0.14365651964	2.66583209300012	-5.63420825	5.0177115
arbo1245	-2.615427469245	2.00359011389167	-6.9885415	0.845761549999997
arch1244	-0.650128236145	2.52120762686047	-5.77154225	4.15124375
area1240	2.88778360348	2.03996188233415	-0.9271646	7.03866175
aree1239	-4.1185045951	2.05904513193173	-8.42710825	-0.48426885
argo1244	-0.679566227865	2.55044742948308	-5.9884835	4.19023
arhu1242	-0.124891551985	2.66264028863236	-5.4446545	5.01063325
arig1246	-2.03834488986415	2.08285479145885	-6.07893025	2.0043
arop1242	2.1339943467405	1.98368800538117	-1.479051	6.2736335
arop1243	0.63931880748	1.78130044051278	-2.6916475	4.18160325
aros1241	1.128709227655	1.98473229719492	-2.67642075	5.28223875
arta1239	-2.767473503975	2.00657526806867	-6.95237275	0.884524474999997
ashe1272	-0.1983125756075	2.79470770180044	-5.5047755	5.13355749999999
assi1247	-0.124763785705	2.69289097970239	-5.30593625	4.97604825
asut1235	0.4658669829085	1.95283529255476	-3.08218175	4.52512075
athp1241	-1.050671206575	2.57427319121194	-6.34709025	3.988655
atii1237	-2.26023395028	2.28357127725182	-7.178237	1.8478955
aton1241	-2.562192027365	2.58386487518806	-8.0661745	2.19277925
auuu1241	2.138898424365	1.99312086399514	-1.4250975	6.39585625
auye1238	-1.300375359745	2.30877907894487	-5.90692775	3.16817325
avok1242	-0.830133031147	1.72733899319618	-4.264243	2.52573349999999
awad1244	-1.593113727365	1.67233035990979	-4.986568	1.4593715
awar1248	-0.49942635307	1.64202769044755	-3.736311	2.832733
awar1249	-1.8658984703655	1.85309256058558	-5.68398775	1.60546375
awet1244	-0.219844961764	2.70351606897102	-5.58801425	4.96823949999998
awji1241	1.876794373915	2.36316696579889	-2.42629625	7.03847399999999
axam1237	1.926493245105	1.5501569160413	-1.08852225	5.1374145
ayac1239	-0.094516520545	2.71585534988056	-5.62477475	5.289853
ayiw1239	0.97357254435	1.81870259385654	-2.2293615	4.67361525
baba1264	0.9476899188975	1.7953328409286	-2.48387825	4.52209924999999
baba1266	0.7094969146575	1.8276569285906	-2.83044675	4.4330045
bafa1247	-3.1026464736	1.800593336812	-6.69589125	0.4633218
bafi1243	1.504550998495	1.94893321812505	-2.08961825	5.7156145
bafu1246	0.782614349578	1.75852500100637	-2.56845525	4.3284565
baga1272	-0.6111066658715	2.07632358344887	-4.49398025	3.61218149999999
bagi1246	0.9679085451062	1.79655419343587	-2.38853425	4.77512149999999
bagv1239	-0.699914622797	2.5354876396165	-6.030827	4.132438
bahn1262	0.324614063245	2.15400273858086	-3.82999475	4.75000699999999
baik1238	1.09959722613	2.11036503496758	-2.78637025	5.6151765
baim1244	-0.249967979795	2.74787363317533	-5.714909	5.33362925
baka1272	1.1282001905665	2.27521538754184	-3.02049975	5.89634849999999
baka1274	-0.08662896442	1.9574597325099	-4.0024005	3.859315
bala1311	1.889312419486	2.21831561929953	-2.29952625	6.5282305
bala1315	1.91173571128	2.25953117557983	-2.171767	6.60243025
bala1316	-1.634199515678	1.64932974129381	-4.875639	1.609302
bali1278	-2.632159168925	2.20557149710715	-7.244802	1.2850355
balo1261	2.158410623435	2.21664541536044	-1.6614495	7.04510875
balu1257	2.21146401786	2.17189987826664	-1.64624825	6.96624125
bamb1270	-1.757924951135	2.11045922427644	-6.130967	2.00611675
bamu1253	0.93858059340265	2.01621619982854	-2.8795415	4.87997025
bamw1238	2.249703108731	2.32807476707705	-1.962661	7.220952
band1344	1.6994269092	2.43883580634023	-2.73729775	6.87838075
bang1354	1.4515230702465	2.55903762210594	-3.43045925	6.92466199999998
bang1369	-0.9613121909555	2.80223396840162	-6.76300575	4.41748625
bant1281	-1.04892848643	2.6001389416138	-6.18354425	3.83725725
bara1357	-0.660111368205	2.61624082127787	-5.789631	4.20311975
bara1380	-0.18531915926	2.60074697024331	-5.5469635	4.95484524999999
bare1276	-0.156246577265	2.71314310705916	-5.711484	5.305887
bari1286	1.1012498274435	1.75353903301162	-2.2814045	4.70547524999999
baro1253	-1.3129649145185	1.560240114133	-4.360886	1.673186
basq1248	-0.584513939425	2.63276184279111	-5.87182425	4.63973925
bata1285	1.65967693365	2.27127684113542	-2.393528	6.51561575
bata1289	1.357962714175	2.29946460638689	-2.79318225	6.27401425
bats1242	-0.66569407748	2.47993995055428	-5.72228525	3.9246425
baur1253	0.132342941725	2.73063704882537	-5.4001265	5.44740075
bebe1248	1.314336959364	2.20202152275831	-2.87292825	5.96868074999999
beem1239	-2.1939470868575	2.06226752356759	-6.592905	1.76678475
beka1241	1.737253898925	2.3677412744939	-2.398715	6.82871149999999
bela1254	-0.190180216683	2.56013747892195	-5.193191	4.736452
beli1257	1.515947087545	2.38814403763046	-2.7708455	6.562377
bell1243	4.97847619305	2.37646413610495	0.628977625	10.1895325
bemb1257	-2.030590530368	2.11945319700318	-6.56414675	2.04328
beng1282	1.7654796275519	2.28941712047956	-2.29423625	6.73015399999999
bent1238	0.2732047403525	2.20690433000341	-4.158544	4.534453
bert1248	1.20530467191	2.4028281093603	-3.381615	6.144818
bezh1248	-0.7050839851815	2.5618388864193	-5.7706125	4.07216525
bhoj1244	-0.524453226655	2.68675615791926	-6.1156	4.68104675
biao1253	-1.69838809431	2.38011806796346	-6.616732	2.84171375
biao1254	0.196052229915	2.67597338036235	-5.41488375	5.2983565
biao1256	-0.96984570047	2.62007635041205	-6.292592	4.04121274999999
bier1244	2.134984904035	1.57534999532316	-0.97425455	5.37270475
bign1238	1.078600373311	1.42876778333151	-1.83621575	3.965092
biha1246	1.75611488963	2.06539688349108	-2.125624	6.08337225
bilb1241	-3.05740201475	1.78656804797047	-6.83846725	0.106478549999998
bili1260	-1.87540091722	2.38599709233377	-6.8560095	2.66807874999999
bimi1240	-1.439760775005	2.40676283599408	-6.4142925	3.07825525
bini1246	-0.188930296263	2.26311637331547	-4.5965245	4.4860625
bira1253	-2.71090339975	2.077624538986	-7.0809945	0.989466799999998
birr1240	1.4273267872425	2.43398900694772	-3.0148075	6.497311
bisu1244	0.5532148052485	2.30175444308075	-3.967241	5.11752775
bitt1240	0.507701923438	2.07939655391745	-3.52803375	4.70969625
biwa1243	-1.170994492018	2.18651154662113	-5.68189075	2.96968875
blab1237	-0.210614362371	1.5360120352291	-3.280902	2.82852375
blan1242	1.0060918505355	2.24532459884617	-3.16453525	5.6421
bobo1255	2.44087061585	2.43512268752996	-1.72856725	8.01334925
bola1250	-0.388861716086	1.66124003033227	-3.66105375	2.791537
bolo1262	2.20290292987	2.2491254130135	-1.8582295	6.8250405
boly1239	1.094769390596	2.46466298368394	-3.27446575	6.2182235
bomb1262	2.06079093566	2.24357753912512	-1.98317175	6.87774075
bomk1234	1.01057470623	2.4104013439438	-3.471144	6.1461645
bona1250	-0.243328739307	2.67629980252401	-5.3189065	4.8942495
bong1285	1.7264141282795	2.35867824681519	-2.444166	6.873951
bong1289	0.77317615485495	2.07558588388838	-3.05187825	5.083407
bora1263	-0.117175362095	2.70238287455304	-5.55678325	5.2631605
bord1248	-0.043880733202	2.78567910426313	-5.59481325	5.6198865
boro1277	0.9731614823995	2.15905263069254	-3.122295	5.289685
boro1282	-0.08614981728	2.7074448321496	-5.5232465	5.021452
boto1242	-2.76994106059391	2.12522174316323	-7.17101375	1.19393775
boun1243	0.1004921414845	2.32464143586024	-4.465593	4.89957775
boun1245	-0.715667339836	2.06357063834813	-4.81098525	3.35612575
brah1256	-0.3173886432805	2.75084856320934	-6.025572	5.040986
bret1244	3.52671269214	2.3222671405078	-0.769267625	8.29980925
brib1243	-0.27894451521	2.67750772701793	-5.70969225	4.942615
bube1242	-2.714859092795	1.95237906610565	-6.91014975	0.805891125
budu1248	-0.3994064164935	2.63610378859043	-5.94460725	4.58067275
budu1265	2.79454137745	2.24368408172435	-1.178069	7.53587624999999
budz1238	-0.12148018879	2.15627435170664	-4.1266875	4.32128224999999
buga1247	0.789758387925	2.35695466640274	-3.67474175	5.7214035
buga1250	-0.347723642133	1.54640766204401	-3.381107	2.6967405
bugh1239	0.383364340699	1.62253016455229	-2.7590825	3.56140375
bugi1244	-2.4252184009405	2.16919437764311	-7.061266	1.52188925
bugl1243	-0.21453109796	2.7668571829919	-5.77223325	5.22061925
bujh1238	-0.748175068515	2.62226943133173	-6.084263	4.20628
bull1247	1.133575248988	2.34758299435802	-3.241909	5.86607075
bulo1242	1.836611773895	2.36592089799724	-2.59012425	6.74526975
bulu1251	1.050962635128	2.25850163042575	-3.227867	5.56891675
bumt1240	-1.110007443869	2.56460238279636	-6.384523	3.5996145
bund1253	-0.33567073468	2.56154014142937	-5.45484725	4.51089824999999
buol1237	2.50206414901	2.1880844555731	-1.25586425	7.1911685
bura1292	3.29075371816095	2.08436637943244	-0.46353065	7.7623025
bure1242	-0.3131376387	2.02118595162023	-4.2699695	3.75166649999999
burj1242	-1.0767081925305	2.64541606451659	-6.363311	3.90506399999999
buru1296	-0.5249171783285	2.64195065408251	-5.97536725	4.58273074999999
buru1320	2.5714117859025	2.22366623661527	-1.3085705	7.3035995
busa1253	0.997238100525	2.43331494473314	-3.647255	6.1362495
bush1247	0.80801263097	2.41756618943417	-3.67788325	5.8100635
buwa1243	1.747164708154	1.76069440849318	-1.53644875	5.3571295
bwat1240	1.657084863255	1.91662696865103	-1.77596725	5.60488775
byan1241	-0.76565408624	2.61463167591874	-6.1910935	4.21546525
caac1237	-1.2016841502075	1.72756658855772	-4.7409755	2.09033125
cahu1264	-0.204128434487	2.62490403571926	-5.38620675	4.6306355
cakf1236	1.13998345773	1.89051751472896	-2.5292855	5.12720375
caml1239	-1.041131145144	2.62631028523511	-6.39908625	4.00671925
camp1261	-0.2200791107025	2.63334712934782	-5.563358	4.87264625
cane1242	-0.190503038925	2.6635632352252	-5.51242825	5.14265175
caom1238	3.10226658592	2.32201594805034	-1.1647725	7.95125
capa1241	-0.087699182515	2.75081266809017	-5.46689825	5.13483775
carn1240	-3.1949245467	2.27228927638901	-7.99158075	0.875226599999992
caro1242	0.83703497038	2.24467285649002	-3.18966175	5.70225125
cash1251	-0.09688129956	2.75135543551925	-5.66736925	5.23780274999999
cavi1250	0.13789653657	2.69349936952005	-5.51172675	5.19981875
cemu1238	1.068039462985	1.93802147438411	-2.58190625	4.97171675
cent1989	1.873129098555	2.36874453787375	-2.67873675	6.99450524999999
cent1990	-3.033512761515	2.29803131311376	-7.69802475	1.01351574999999
cent1992	1.471188663165	2.2139892644003	-2.673247	6.0775275
cent2004	5.0765515092	2.44814563536769	0.7691106	10.4755175
cent2050	1.69419726282	1.88710649551936	-1.724718	5.671621
cent2090	-2.657202103005	2.12035869760081	-7.44992525	1.111033
cent2127	-0.315430288139	2.77242153090609	-5.96462375	4.93033875
cent2131	-0.480334085465	2.61820688226225	-5.67754975	4.57235125
cent2150	-0.115186797785	2.73193016423171	-5.69413075	5.357534
cent2292	-0.76654362228	1.61674174496598	-3.94683675	2.493037
cent2314	2.412467594186	2.28623973463562	-1.8087325	7.19271175
cent2322	-0.00951837695	2.79372127856325	-5.4229065	5.582072
chac1251	0.499758357019	2.64929822304357	-4.70434575	5.94410075
chad1249	3.101610122735	2.25525934738515	-1.12914075	7.63935575
chak1270	-0.5544729713625	2.61940394092547	-5.94488325	4.285667
chak1271	-3.377412317975	2.28678382287262	-8.17166175	0.553474224999989
chal1275	-1.467157740685	2.38437189666004	-6.38931325	2.86087775
cham1309	-0.700282957326125	2.52284970073498	-5.89199375	4.1850655
cham1312	-1.86786583235	2.16898555848652	-6.3768525	1.994368
chan1313	-1.190214725575	2.58295537622348	-6.58595725	3.7798715
chas1234	2.69426450092	2.46764487783157	-1.863736	7.75221925
chec1245	-0.327269626492	2.81839483766874	-6.10158575	5.11842174999999
chek1238	-0.27151810835	1.56783957408493	-3.3356705	2.89003375
chen1255	-0.098184493379	2.91992897400118	-6.1019845	5.46275775
chep1245	-0.72994650814	2.59706051888173	-6.137461	4.33299549999999
cher1273	-0.25476046267	2.6948587702461	-5.5204395	5.1186255
chey1247	-0.261848408615	2.73480043794908	-5.9603625	5.0024465
chhi1245	-1.053541131229	2.57735376623846	-6.272505	3.85504
chil1280	0.4051766125	2.43191147605133	-4.37859025	5.26776525
chim1302	0.0120794096665	2.83375515474593	-5.96310275	5.67504575
chip1241	-0.15833417812	2.70015340157876	-5.396141	5.04341474999999
chip1261	-0.2654357976412	2.54595527578359	-5.44713475	4.44992275
chiq1248	-0.08922666643	2.7490934111418	-5.6582265	5.5290345
choc1276	-0.38391346001	2.67387416192223	-5.8952675	4.95895025
chon1284	2.45067241183	2.34818914858357	-1.767715	7.24874875
chot1239	-1.528762144165	2.54336061491688	-7.30655825	3.176426
chra1242	2.0543273703765	2.24895511511717	-2.0368565	6.78336725
chuj1250	3.7017708493285	2.33601843824296	-0.7369552	8.45313549999999
chuk1273	-0.1062400061	2.80071363894301	-5.7282805	5.35660225
chuv1255	0.010669217615	2.61998018656855	-5.090892	5.19639175
chuw1238	-1.972207317645	2.22910719350401	-6.9090395	2.10047675
cici1237	0.983210277665	2.42740585690549	-3.53725525	5.9702685
coat1243	4.12702000427	2.50549247633669	-0.343186325	9.50637974999998
coca1259	-0.083575196856	2.70667804192574	-5.64060675	5.019505
cogu1240	-0.1718191718975	2.63566579633692	-5.31070825	4.68826075
colo1256	-0.008988736885	2.89829579934236	-5.73588475	5.48762425
colu1241	-0.6214013408	2.51554692076688	-6.06189825	4.14007
coma1245	-0.210981555135	2.58849218572578	-5.575623	4.9275945
como1259	-0.33587575792	2.43824957347475	-5.3727075	4.24321
cong1236	0.8869218744025	2.33854434903803	-3.31855875	6.02695275
copa1237	3.17546279804	2.12708990559191	-0.864290625	7.56596075
cori1240	0.543293605312	2.03215430624334	-3.089394	4.85027449999999
cors1241	-0.218797439166	2.60821032354643	-5.571952	4.7929885
cosa1234	-0.09043837779	2.13417175464604	-4.39571925	3.90112374999999
cree1270	-0.52467601169	2.60583432961744	-5.86552425	4.5069345
crim1257	-0.03772749512	2.84341469031087	-6.06621325	5.21858275
cros1244	-1.194891050265	1.9449767657204	-4.9729515	2.6151085
crow1244	-0.276567439133	2.82722786614095	-5.62017925	5.230336
cube1242	-0.17358027003	2.78935961549805	-5.927705	5.264515
culi1244	-0.131089804885	2.8464677631357	-5.88013425	5.66132425
cypr1248	-0.4833858646005	2.51905073070703	-5.916875	4.22455324999999
czec1258	-0.25083481484	2.64729990141541	-5.61791075	5.24495275
daai1236	0.021892830985	2.53357806129174	-5.0404975	4.81744374999999
daak1235	1.9762711784595	2.32130742469047	-2.248891	6.83266125
daas1238	-1.6129267210325	2.12230251008018	-6.23760275	2.2132585
dagb1246	-0.741551491595	2.16413257124303	-4.78675825	3.775914
dagi1241	3.100536010761	2.40760214104541	-1.26844225	8.38828
daka1243	1.702076139465	1.48410580301964	-1.13244975	4.864398
damp1237	2.3464373507	2.36064661891712	-1.95147675	7.3149585
dana1252	4.269674040535	2.25995348474003	0.454532675	9.18675725
dani1285	-0.249664039635	2.61321043192341	-5.57017275	4.815125
dara1250	-0.755166174195	2.6250469074449	-6.0990015	4.3224075
darg1241	-0.604592923578	2.62938705220226	-5.8409265	4.2993355
darm1243	-0.774676405603	2.62723240969371	-6.36191425	4.0123285
dawr1236	-2.31449114851865	2.38811699817184	-7.10368525	2.06560075
daww1239	-0.189024140255	2.63778554888993	-5.5399035	4.890842
daza1242	-1.069662097975	2.3708218386172	-6.0571825	3.196484
dege1246	0.7224621543645	2.30398975699854	-3.534497	5.56339575
dera1248	3.27594091182	2.18247948964672	-0.6136376	7.71905525
desa1247	-0.2486440298	2.66172097274555	-5.6491005	4.99251975
dhao1237	2.1108459211995	2.32442313212309	-1.9359335	7.02536124999999
dhar1247	-0.1098459235875	2.66429449831924	-5.188597	5.29520125
dhim1246	-1.0897210368685	2.63331189441156	-6.58273075	3.88594775
dhuw1249	-0.4462818422	2.61682495320639	-5.8340735	4.698417
dibo1245	1.5980780005675	2.36048809162276	-2.676777	6.836084
dido1241	-0.70304916222	2.49335417573304	-5.80542075	3.88804225
dier1241	-0.165926587235	2.80333339690579	-5.5746775	5.36745575
diga1241	-0.691946940163	2.54025163399706	-5.8426575	4.15736225
digo1243	-2.460238582885	2.0451525394071	-6.605136	1.235383
dima1251	-2.70983292925	2.52471666192646	-8.31636075	2.082368
djee1236	-0.984919246661	2.42426715999935	-6.07264275	3.548658
djin1251	-0.538207509219	2.6205628614235	-5.92050625	4.56915575
djin1253	-0.7595391447855	2.51656928199473	-5.79904575	3.9909335
dobe1238	1.450297481625	2.27304880576928	-2.53703775	6.32095075
dobu1241	-3.09883250947	1.92523295143425	-6.908359	0.340635424999999
domm1246	1.1848447847485	2.12281084654247	-2.74911525	5.71919075
dong1285	-0.17218731634	2.74077713398107	-5.66812075	5.18157575
doro1266	-4.253271241595	2.35799500572453	-9.62453375	-0.0770332375000017
drun1238	0.17833460259	2.51183507684603	-4.94361375	5.05613999999999
dual1243	-3.214358687545	1.90735007583647	-7.32544275	0.215390374999994
dumb1241	-0.706771360045	1.84520797355036	-4.399656	2.861204
dupa1235	-2.478250333125	2.12394752561653	-7.015452	1.41711799999999
duru1236	-1.6308537107835	2.46259307479433	-6.570663	3.17163575
dusn1237	0.622480393808	1.88634323438942	-2.9398975	4.427893
dutc1256	-0.409345578436	2.68270392657524	-5.7217205	4.6123275
dyir1250	-0.305220439965	2.68278585014857	-5.9358225	4.73717525
dzao1238	-0.496853503295	2.68336037563055	-5.995377	4.622153
dzon1239	-1.025399647824	2.70585560433934	-6.494594	4.0664235
east2328	0.07745563532575	2.66660957591887	-5.2472755	5.50985749999999
east2332	1.6935971760015	2.48749541241291	-2.99663575	6.9682775
east2342	2.00612039509	2.09913105348493	-2.30629725	6.167743
east2379	-0.154523058125	2.75750890093313	-5.75229575	5.1757115
east2443	2.07392198333	1.79737930594283	-1.21262675	5.8544575
east2447	-2.127501821581	2.09899611153461	-6.60068325	1.6747485
east2516	-0.0261856781965	2.10364210887403	-4.103763	4.17114125
east2555	-0.135792919889	2.66334878871696	-5.42799325	5.113991
east2690	-0.15247883675	2.4263541855564	-5.066555	4.35762775
east2773	-0.896815550885	2.58489925540303	-6.004624	4.0158815
east2782	0.822441913125	2.44655828866334	-3.49540025	6.14290199999999
egyp1253	-0.92424395428	2.34795416334076	-5.9465525	3.520008
eipo1242	-0.8717032273092	2.45479253252367	-5.95638175	3.60495025
elem1253	0.59373856755935	2.10742436034021	-3.442472	4.99425075
elip1238	1.519097613805	2.01274477805331	-2.299344	5.8329665
emae1237	1.762801665785	1.6753538392607	-1.432938	5.34382974999999
emai1241	-1.17884901961	2.11644435959	-5.2329555	3.21913099999999
embe1260	-0.111945145965	2.80747249793994	-5.7181065	5.544727
embe1262	-0.147167078475	2.71679044970756	-5.38015825	5.38972699999999
enap1235	-0.001062072545	2.6329264515331	-5.3165255	5.4302655
enuu1235	-2.126594575024	2.19765479990175	-6.79432325	1.78484925
epen1239	-0.1278811714345	2.75713569681226	-5.58528075	5.41661924999999
ersu1241	-0.3148002096605	2.49888322508438	-5.4445855	4.29207525
erzy1239	-0.1761851277765	2.70131749072582	-5.583732	5.06154775
esee1247	-4.167232048115	2.36343689540073	-9.2788615	0.0038322607499999
esee1248	0.258666431229	2.76179982657101	-5.07110675	5.855141
esim1238	1.04776651973	1.88707080672684	-2.3882715	4.9593175
esto1258	-0.0731740251935	2.69989633181363	-5.38600625	5.07691325
even1259	-0.072074563565	2.64154362788989	-5.3064295	5.03821275
even1260	-0.148935894642	2.74315009307273	-5.398142	5.18003025
ewee1241	1.312977904034	2.40403489578026	-3.27209675	6.22135174999998
fare1241	-2.841657410535	2.18053409364097	-7.165657	1.18025374999999
faro1244	-0.261473970307	2.62188274646154	-5.80955275	4.78576225
fasu1242	0.273896677007	2.08832277431204	-3.757995	4.59879525
fiji1243	1.657340759515	2.21941842185734	-2.29302175	6.2850715
fina1242	-0.961452840263	1.62661316451619	-4.188696	2.2319755
finn1318	-0.068827567975	2.71859694520981	-5.26108375	5.2362825
fonn1241	1.411305891168	2.22079820609403	-2.578983	6.1723415
fore1265	-0.038821575429	2.82371022689568	-5.60839275	5.703229
fran1266	0.114117720265	2.46219976889568	-4.7718705	4.84555325
fuln1247	-0.1712324080155	2.58014999456269	-5.14759525	4.777984
furr1244	-0.674868692895	2.50838380433406	-5.67449275	4.306819
furu1242	2.204918740745	2.40710887872282	-2.0249025	7.27547474999999
futu1245	1.933636288838	2.06490683187323	-1.7488505	6.53322925
fuyu1242	-4.1458422834	2.28756961475878	-8.98934675	0.131503025
gaan1243	3.2766084977	2.06241137595824	-0.373020625	7.770115
gade1242	0.6873731026525	2.38076243171814	-3.7175395	5.571098
gaga1249	-0.287213390715	2.6511735554966	-5.76676425	4.68309374999999
gahr1239	-0.41158650501	2.66079559715685	-5.98537975	4.59010575
gali1258	-0.310917420935	2.70847389157042	-5.904241	4.84090375
gali1262	-0.157884343685	2.66046911532234	-5.390945	5.12694825
gami1243	-0.30435574720805	2.62771238098926	-5.660206	4.693073
gamo1243	-2.2440427650155	2.45348504879208	-7.466809	2.21418475
gand1255	1.3359983205995	2.32034057400255	-2.86099775	6.06083375
gant1244	-1.505344080925	2.0451463035228	-5.7066945	2.42739874999999
gapa1238	-4.099278277385	2.09537833202969	-8.52025525	-0.430599550000003
gata1239	-2.161525150825	2.26196603789991	-6.841289	1.912205
gayo1244	1.853339145107	2.32050533008092	-2.272954	6.87065824999999
gbay1288	2.20274384488995	2.34634406112792	-2.29291775	6.9462785
geba1237	5.164880904	2.27534292115712	1.26689	10.19276
geda1237	-3.165997769325	1.8086099355117	-6.9674605	0.0635136274999982
gela1263	1.95628550423	1.87894094885322	-1.46173075	5.8410815
ghad1239	1.309600230099	2.26968475004873	-2.73045575	6.14282174999999
ghan1242	1.5148917478145	2.13918596332359	-2.3570805	6.08937275
ghar1239	1.62369528415985	1.93863765365459	-2.02353775	5.65287875
gheg1238	-0.383363571635	2.63696989333629	-6.01951325	4.69016975
ghod1238	-0.625596579535	2.61728968611482	-6.0809495	4.38375575
ghom1257	1.766168165745	2.33979348108904	-2.556138	6.725485
gilb1244	1.075621334988	2.31296237862125	-3.262771	5.9158535
gily1242	-0.225024038325	2.82827027173196	-5.9373515	5.15604875
glav1244	0.478505200575	1.74958086157763	-3.03613825	3.99406475
gobu1238	2.11259033837	2.29451484649095	-2.044025	7.083314
gogo1265	-1.43012282043	2.47793834545938	-6.5111005	3.18213325
gola1255	-2.538821108195	2.17755689558657	-7.076286	1.60767825
guah1255	-0.12948719484	2.69674793574182	-5.44534525	5.2624375
guan1266	-0.71860499662	2.55987465742429	-6.06397475	3.94006975
guan1269	-0.222023603775	2.7916494253498	-5.820562	5.13037175
guat1253	-0.0711981892165	2.7170313327195	-5.539168	5.17102949999999
gube1234	0.875777766311	2.3752233971892	-3.466953	5.86984075
guer1243	2.351094171079	2.0863999698548	-1.717031	6.62076475
guiq1238	-0.6577189064945	2.56061341327824	-6.0091715	4.19506875
gulf1241	-0.87966647713	2.49435226942941	-6.028222	3.75487349999999
guma1254	-2.858645062295	1.82869075161084	-6.53902325	0.560375724999999
gumu1244	1.161731148815	2.30287393127535	-3.22892875	5.883361
gunw1252	-0.9786488092	2.57808544022465	-6.52405775	4.03713774999999
guny1241	-0.32780302903	2.63697272337654	-5.6480525	4.8518715
gura1251	-1.36301604201	2.43777961449938	-6.45792525	3.16090525
guru1261	-0.97228065244	2.5804344405848	-6.37289125	3.813315
guru1271	1.642244988645	2.07487560042615	-2.22810275	5.792356
gusi1247	-0.379645564091	1.89262979310266	-3.89004625	3.2792575
gyel1242	1.1777967274375	2.2245624696775	-2.805303	5.669315
haaa1252	-2.81877122486	2.21299544302497	-7.48862475	1.07908375
hadi1240	-1.770857359587	2.45955996275166	-6.86066025	3.001025
hadz1240	-0.5495691454915	2.17729663554975	-4.9604315	3.595888
haka1240	-1.46972858963	2.61253000789998	-7.04279325	3.192075
hakk1236	-0.379720646172	2.7927000601065	-6.210984	4.93962575
halh1238	-0.08477975649	2.78030235766084	-5.42589425	5.33161424999999
hali1244	0.809755600655	1.78009524699127	-2.608443	4.2396995
halk1245	-0.878602114465	2.54287531060157	-6.14141975	3.72232775
hame1242	-2.34060576984	1.94374186818918	-6.2732815	1.29398775
hang1263	0.059757070345	2.10673214171283	-4.2137185	4.38988625
hani1248	-0.844412892635	2.43680362663538	-5.64078825	4.138002
hano1246	2.1360650474285	1.82080651888138	-1.267277	5.997178
haru1245	-1.69626409338	2.03886689379789	-5.8180775	2.239126
hass1238	-0.861529248885	2.34528471475137	-5.8701085	3.42376325
hava1248	-0.372856809375	2.65559513480625	-5.8592745	4.50820925
hawa1245	-1.9323075338	2.21948087934773	-6.58550175	2.28566875
hebr1245	2.65022415675	2.38169451187792	-1.57991825	7.59247824999999
hehe1240	0.41137066868	2.06336548044914	-3.59666125	4.5556325
heil1246	4.73390104415	2.38076446747507	0.350700325	9.95695649999999
hela1238	-0.7907110080005	2.57682468511865	-6.01784825	3.94816024999999
here1253	1.101853712975	2.38272550474019	-3.32359925	6.317181
hert1241	-0.999599573945	2.4144127744367	-5.938479	3.51207425
hida1246	-0.31795368383	2.6461947525767	-5.63623925	4.89511525
hind1269	-0.349209825849	2.68992265441181	-5.9140585	4.76652775
hixk1239	-0.070156354695	2.76696728570116	-5.49247125	5.51914525
hoaa1235	2.66220258462	2.2421682272722	-1.4444045	7.46965675
hoav1238	2.58760613871	2.01561732323635	-0.95098075	6.97839725
holo1240	-2.305209401705	2.3621891775929	-7.2475445	2.021965
hone1235	2.17765487244	2.17118448753103	-1.743893	6.69941275
hooo1248	-2.060955176315	2.21931948248807	-6.817166	2.10498274999999
hopi1249	-0.2681700823	2.67206472884164	-5.4653565	5.02140775
horp1239	-0.730091658925	2.51773803406376	-6.06402075	4.03912475
huaa1248	2.2708345925205	2.43847950968117	-2.27797	7.43862774999999
hual1241	-0.167656117325	2.79280233469833	-5.734419	5.0357005
huam1247	-0.1587014215475	2.84636487643097	-5.999826	5.6600715
huar1255	-0.42128326802675	2.66380861513981	-5.9608165	4.78487525
huas1242	-0.290949302165	2.42738624743883	-5.07082825	4.12623575
huba1236	2.636586265629	1.95627027555444	-0.9107282	6.86829474999999
huic1243	-0.35766517236655	2.69459505237102	-5.80909	4.84355724999999
hula1244	-0.97653797843	2.3937255165695	-5.898277	3.3456025
huli1244	-0.863021930055	2.17081785055028	-5.21121625	3.4493485
humb1243	0.95318337275	2.42157685228526	-3.69551325	6.02492799999999
hung1274	-0.1005808464395	2.80932273412864	-5.63226	5.3144155
hung1275	1.67696499104283	2.52485302542503	-2.93116125	6.81006549999998
hunz1247	-0.69800637787	2.59653424796634	-5.8677705	4.11496725
hupd1244	-0.2474859554585	2.69035527792403	-5.985365	5.04632325
hyam1245	0.6442396231	2.05903310666869	-3.0031495	4.887348
iaai1238	1.925951753715	2.07933924171489	-1.617231	6.59272525
iatm1242	-0.822104924525	2.33741745269183	-5.55130325	3.625296
ibal1244	-1.976472652975	1.81737634000621	-5.875256	1.4778125
iban1264	1.744034483605	2.34344847072467	-2.339317	6.90748625
iban1267	-2.35468674457	1.98028553244273	-6.60155025	1.24194775
ibat1238	-2.28433405919	2.27987839102405	-7.028051	1.81845975
ibib1240	-0.4670517110835	2.0898454573742	-4.43133475	3.78406025
idii1243	-1.9896150556735	2.3837315466187	-6.92248375	2.26116275
idum1241	-0.5477829873855	2.56886080194892	-5.82832325	4.5394305
idun1242	-3.83360067995	1.96043500272411	-7.92803975	-0.230146350000003
ikkk1242	1.171005793631	2.44551893172955	-3.50028875	6.25061924999999
ilaa1246	-2.489935161355	2.26790349370995	-7.32668275	1.54778925
iliu1237	1.368474785536	2.22624296385244	-2.72096975	5.92137775
imba1240	-0.01059466081	2.81621000924966	-5.54944225	5.35335574999999
indo1316	-3.333262529475	2.07300442704215	-7.839725	0.239967749999999
ingr1248	-0.200452667815	2.63882387713097	-5.5385625	4.9348435
ingu1240	-0.393651998075	2.71785260695799	-6.04318775	4.89334974999999
irar1238	1.037351208774	1.92740257772441	-2.44826325	5.11242525
iris1253	3.7928192999	2.40267413513544	-0.5945784	8.73272149999999
irul1243	-0.047581134625	2.8342519966697	-5.85222125	5.2857935
isco1239	-0.1625564433145	2.61730008528095	-5.37638	4.65494475
isin1239	-2.63662755556	1.87922002575622	-6.7059295	0.734978324999999
isir1237	0.74460178037	2.06999733092518	-3.19868925	5.25287
isna1241	-2.023562824115	2.14107965769805	-6.5118205	1.922648
isth1240	0.074240493505	2.34737468292363	-4.686877	4.60595425
isth1242	0.0844310423585	2.41506110501501	-4.89808725	4.82121675
ital1282	-0.294898045935	2.62403309635965	-5.9428775	4.457662
iton1250	0.681672583479	2.79192233680231	-4.99845675	6.20497149999999
itza1241	3.592951880395	2.35252499462645	-0.581008025	8.47580025
iumi1238	0.28656227377	2.1289783105996	-3.96317525	4.52675275
iwal1237	-1.24894346915	1.58518870477976	-4.499735	1.77476774999999
iyoo1238	-1.4549301923355	1.81287546926748	-5.1232805	2.11213525
jahh1242	0.7913972614605	2.04842328299932	-3.09177125	5.06548175
jalk1242	-2.1015616358665	2.16992346517558	-6.74385225	1.8935885
jama1261	0.107572266233	2.58402633594738	-4.93881475	5.2655765
jamb1236	1.366154767975	2.30640553307312	-2.77955625	6.5053275
jams1239	0.786769089608	2.07204177847649	-3.30119	4.99229725
japh1234	-0.6684725021725	2.61335688845559	-6.16449475	4.17095625
jaqa1244	-0.166238981119	2.68816799219461	-5.5892155	5.27487125
jara1266	-0.46931951806	1.91922459347848	-4.23291175	3.2225105
jaru1254	-0.22304891996	2.67520052448079	-5.68621275	4.804912
java1254	-3.3076780842425	2.18642478802188	-8.0039505	0.503365274999998
jede1239	-0.250957614995	1.96519628166032	-4.05303775	3.77214525
jeha1242	-0.6849134256705	1.94479309554325	-4.47452	3.0623155
jina1244	0.641907062677	1.75575906376891	-2.82368825	4.17802975
jjuu1238	0.4777375402005	2.08128657940956	-3.201984	4.82874025
juku1254	1.2326268359175	2.10782971603012	-2.7024955	5.51488225
jurm1239	1.3918211383655	2.34541024644826	-2.823808	6.1764635
kaba1278	-0.21350352303	2.68222005420305	-5.51930925	5.12897925
kaba1281	1.893401622265	2.3250706440004	-2.2960305	6.79891625
kach1280	0.80096237574	2.56994081681603	-4.15049475	5.98296725
kach1284	-1.7843430929615	2.50160609947769	-6.968986	2.953014
kado1242	0.4334329723335	2.18420763485972	-3.806833	4.59000925
kafa1242	-2.49730985414	2.46235659490157	-7.64880375	2.06513749999999
kaga1256	-2.7855952049	2.09099375116866	-7.1164895	1.016899
kagu1239	1.74495297648	2.29562292936032	-2.40143675	6.73625925
kaik1246	-0.8594790868715	2.56550366219037	-6.19357575	3.8447405
kaki1249	-2.452132939205	2.34452770502251	-7.404011	1.95942425
kala1399	-0.2558411846275	2.61152121685574	-5.359994	4.90208124999999
kalm1243	-0.090429697585	2.75724650190072	-5.51069275	5.20302425
kamb1297	1.95992622742	2.44202711272707	-2.3681755	7.03012525
kamb1299	0.16497026972	2.04361395948302	-3.660223	4.42723174999999
kamm1249	1.311509784645	2.01263110598868	-2.483838	5.76286025
kamu1260	-0.95562523204005	2.38446357485664	-5.9244685	3.5749855
kana1286	-1.9227657248765	1.77992705561961	-5.80007725	1.3934615
kana1291	-0.15832256937	2.62037447427328	-5.55958075	4.8669785
kani1286	-0.022173806135	2.13735866987052	-4.109473	4.24998725
kank1243	-0.66071503736	1.63331382687978	-3.94400225	2.66571075
kaqc1270	-0.18154401492	2.37970320344137	-4.99716025	4.35915325
kara1476	-0.5728749655	2.64284242402938	-6.17126475	4.42760174999999
kara1482	0.9097833966125	2.33802373410012	-3.55181325	5.967941
kara1486	0.9252167493615	1.69741608629178	-2.22192075	4.435387
kara1487	-1.955915414715	1.69236542548407	-5.5335585	1.39476525
kara1500	-0.11799128983	2.63879722792917	-5.35362175	5.1748415
kare1335	-0.0041066307325	2.66402537214815	-5.422593	5.08419699999999
kare1338	1.93998375408	2.42793924386283	-2.35522025	7.04909225
kari1311	1.53321220709	2.73607079026442	-3.91575725	6.9431815
karn1252	0.06248722918	1.54677357112907	-2.9494425	3.08215824999999
kash1277	-0.3428817377525	2.65740662718066	-5.78698525	4.64390849999999
katb1237	1.666262232835	1.47389669906239	-1.1593645	4.65508
kats1235	-0.0465063331605	2.56523944172579	-5.34865325	4.7504515
kava1241	0.204464871	2.10867670159679	-3.85153675	4.48655349999999
kaya1315	4.8250309148	2.18744124263757	0.87406575	9.51440625
keap1239	-3.449111098176	2.41420688071125	-9.01250175	0.721952249999995
keda1252	1.898047225816	2.13885117707473	-2.09333275	6.22362599999999
keig1242	2.3235496489	2.42157258458907	-2.24850525	7.54755224999998
kele1255	-2.857107815967	2.03747977860367	-7.004435	1.07500675
kele1258	2.210644394915	2.13186105915941	-1.53692325	6.86067424999999
kemb1249	2.138050937775	2.2090961114025	-1.84493425	6.88316175
keng1240	1.2040256721105	2.33615246149464	-3.05947525	6.1959995
kens1248	-2.06854333795	2.06274174882796	-6.1877725	1.86054474999999
kenu1236	-1.549518824545	2.38211467126652	-6.799862	2.88839974999998
keoo1238	1.4203861925295	2.06647954341107	-2.46741725	5.73006575
kera1255	3.099455810215	2.14450138115	-0.6569438	7.65698875
keri1250	1.6189541015355	2.32078002413687	-2.4903695	6.5982065
kesa1244	-1.260015596465	1.87864830708884	-5.04193925	2.2584295
kett1243	-0.3020624866015	2.67369119907646	-5.769071	5.00438675
kgal1244	2.2223179953605	2.36285245946368	-2.10454175	7.37994949999999
khak1248	-0.164566442715	2.70750909308059	-5.48760775	5.06134849999999
khal1275	-1.0453582222695	2.49379614681668	-6.277391	3.67816225
kham1282	-0.142900425582	2.76438201276283	-5.7513485	5.3002425
khan1274	1.058452600987	2.33354166153257	-3.22739575	5.83013875
khan1278	0.4146555186555	2.05166999412238	-3.42206725	4.70758825
khar1288	-1.942246023945	2.43588701346492	-6.89954025	2.6895665
khas1269	-4.4984218523	2.07053266677432	-9.13673425	-0.974579575
khez1235	-1.75066433732	2.50756202259698	-6.96357875	3.08698949999999
khin1240	-0.468732416565	2.60809499754461	-5.98453525	4.65682325
khmu1256	1.087762990015	2.36791377692796	-3.40627375	5.8796235
khum1248	-1.42527712427	2.65443384633017	-7.086308	3.37439399999999
khva1239	-0.7114679259625	2.52135260428199	-5.84941925	4.0898065
kich1262	-0.074426017995	2.39329996614675	-5.026808	4.3112645
kiku1240	2.392605330255	2.44272424139027	-1.85822225	7.66777699999999
kile1243	-0.13213703915	2.84419021592281	-5.85499675	5.49801025
kili1267	-0.517563217003	1.91286707331429	-4.22302825	3.22877725
kimm1245	0.5186431592115	2.42389248640638	-4.30266475	5.307316
kinn1249	-0.386698383405	2.72785283828294	-5.75033525	5.049042
kiow1266	-0.2049816931725	2.74799667138314	-5.56121975	5.23527675
kips1239	1.149101483675	2.22313260210285	-3.0497145	5.6384135
koda1255	-0.09670331891	2.74718894715715	-5.295685	5.56571275
koit1244	-4.23899507535	2.30545872573244	-9.27829525	-0.249781225
koko1269	0.419726887115	1.61585208026461	-2.609429	3.682515
kola1285	1.4510196587665	2.27031737977925	-2.737762	6.29417774999999
kolb1240	2.208130204185	2.42145091738611	-2.062808	7.2532955
kolc1235	-0.696926209235	1.9419628837719	-4.69073025	3.0050985
kolu1245	-3.70855935525	1.86648352579954	-7.678217	-0.351959300000001
komb1274	-0.843879695227	2.59663918684034	-6.231524	4.12440825
komc1235	0.904070952265	1.6818074305857	-2.1770435	4.29697249999999
komi1268	-0.007061140375	2.6808797527554	-5.21682575	5.32308675
komi1269	-0.175893608275	2.65743134822063	-5.37619825	5.06014425
komi1270	-1.44329021746	2.5253379971335	-6.943335	3.26421225
kona1242	-1.56824399001	2.36610032253169	-6.3884185	2.87597125
konk1267	-0.0759802690566	2.69152781076555	-5.581588	5.32509274999999
kony1248	-1.085437535545	2.54922754498807	-6.18478625	3.7373035
koon1244	0.51989597039	2.33126028762234	-3.69366225	5.56219925
koon1245	0.599655948915	2.09245260895502	-3.41675625	4.925514
koor1239	-1.907919872465	2.52681276222873	-7.205285	2.972497
kore1280	-0.114148168385	2.74148072629682	-5.41756225	5.49949475
kore1283	0.03041030602	2.80970681928335	-5.7246145	5.38823299999998
kork1243	-0.942995677279	2.33525962931581	-5.77750975	3.34886125
koro1298	1.161339209899	2.17212441212154	-2.948052	5.68226599999999
korr1238	-0.16515772382209	2.6998569933672	-5.52204025	5.0737625
kosa1249	-0.992978299835	2.47839870406268	-6.07662975	3.69001949999998
kosr1238	1.22306451449	2.29980502697179	-3.02829925	5.94859199999999
kota1263	-0.14570641734	2.67052104336065	-5.272518	5.40514775
koti1238	1.240845500895	2.19525891281346	-2.6920135	6.1334755
kova1243	0.297998990113	1.62028626380136	-2.79867875	3.48929074999999
kove1237	0.0439962501245	1.72362499183863	-3.2049975	3.38665925
koyr1240	0.40434494028	2.53145204033004	-4.2577435	5.6694695
koyr1242	0.67955623003	2.58670881334614	-4.20807825	6.13669124999999
koys1242	-1.39233130815	2.36917400146117	-6.27278325	2.98351825
kryt1240	-0.42977299682	2.61475021959186	-5.89642	4.59264225
kuan1248	-0.782286379205	1.51791498125224	-3.9766935	2.1267505
kuik1246	-0.226278900975	2.78342998377326	-5.76112125	5.248834
kuku1280	3.626557861585	2.36713731328237	-0.892841925	8.47522074999999
kulu1253	-1.09049452463	2.5066984788367	-6.37690125	3.55940675
kuma1276	-1.229496044705	1.65133336443458	-4.59427175	1.9835335
kumb1268	-0.2657901128415	2.57861000037397	-5.576212	4.71701625
kumz1235	-0.1998334096565	2.59186007260099	-5.42931475	4.71310625
kuna1268	-2.1122637094565	2.38726324948938	-7.02117075	2.151403
kunb1251	-1.020277078309	2.46995035862064	-6.23804725	3.597491
kuni1267	-3.5054662889	2.0654436896017	-7.823339	0.157350924999997
kunj1245	-0.05475877284	2.57812270006713	-5.12822175	4.97572175
kuot1243	-0.95852417661	1.61219846181349	-4.29074575	2.08386075
kurr1243	-0.199554370025	2.56240273427653	-5.25903475	4.91986675
kusa1251	2.5193687110495	2.04448595400138	-1.1202095	6.85872175
kusu1250	-1.064430619765	2.51040273228434	-6.34245525	3.6828645
kute1248	1.27867882105	2.01911504372177	-2.41890325	5.3421
kuyy1240	1.6193477596	2.37081922168872	-2.689325	6.84161125
kwai1243	2.871555312885	2.07695352748452	-0.866571175	7.39447699999999
kwam1249	0.61925633454	2.5315889440263	-4.28863525	5.5932645
kwam1252	2.313737865515	1.88978995296201	-1.21310925	6.4484005
kwar1239	2.66187072202	2.0045644871907	-0.875246275	6.9350235
kwaz1243	0.05264688529	2.66600163186499	-5.222917	5.31378699999999
kweg1241	-1.41826885548	1.99269988371216	-5.12709575	2.66366125
kwin1241	-0.143801035069	2.60890326922905	-5.59889275	5.00839174999999
kwom1262	0.0589413794235	2.11246481678206	-4.0557935	4.37369325
kxoe1243	-1.4120490142755	2.41901026334047	-6.58693875	3.08855999999999
kyer1238	-0.68329760760094	2.59051617841424	-5.93987475	4.214574
laal1242	2.0631614262	2.414596367751	-2.47365875	7.20731149999999
labo1244	1.749613962965	1.60328272812377	-1.33044125	5.13637025
labu1248	-0.605497475895	1.37230406546678	-3.362005	2.0924555
lagw1237	1.0326647429	1.83561425587558	-2.452693	4.768294
lahu1253	0.307416641665	2.20766493640676	-4.23847425	4.4354395
lakk1252	-0.67012505684	2.55556602467591	-5.914262	3.91396324999999
lala1268	-4.279748469535	2.14405512641093	-8.97580075	-0.492900175000003
lama1277	2.334761260452	2.22140104815432	-1.61869325	7.09519249999999
lama1288	0.4423432241235	1.7206231688656	-2.95530775	3.83096575
lamb1272	-0.889995832625	1.9460445238914	-4.934276	2.83723825
lamb1273	-2.190414567	2.05237152700559	-6.41756025	1.546456
lame1260	2.14353257198	1.57569958570413	-0.8816705	5.56589775
lamk1238	-1.43116363129	2.56308702715487	-7.112653	3.25316475
land1256	-1.96233875919	2.05946832076617	-6.20801525	1.7592885
lash1243	2.2505762161455	2.46087934068828	-2.475205	7.3858425
latv1249	-0.33420210869	2.62747320343468	-5.82184625	4.756539
lauu1247	2.4182464772722	2.0677077874714	-1.326177	6.59526499999999
lave1248	1.44765433988775	2.45084625835559	-3.073032	6.40001525
lavu1241	0.467586724415	2.06826781320583	-3.62858825	4.48325249999999
lazz1240	-0.3265862123045	2.74302956170003	-6.180547	4.76057975
lega1249	-2.5111887949855	2.32077344364898	-7.57202875	1.68586075
lega1250	-2.71458812285	2.21500940331007	-7.540015	1.22095174999999
lele1267	0.3866815733695	1.59276251850941	-2.67371125	3.52633025
lele1270	2.335079169838	2.10817154311723	-1.33487675	6.967884
lele1276	3.155058378575	2.40823437819439	-1.07399375	8.10842425
lemb1266	-1.60278265653	2.16700157923886	-6.028653	2.4310185
leme1238	2.61390291011	2.21330499369167	-1.1685305	7.20539799999999
lena1238	2.159491043395	1.87697110279251	-1.2868905	6.01004575
leng1259	2.4356703020832	1.93722208843957	-1.03544875	6.47844375
lepc1244	-1.0956476720625	2.60076716958853	-6.363761	3.602889
leti1246	1.32712831774	2.1976626693222	-2.72974625	5.94518824999999
lewo1242	2.165898842735	1.64747756884448	-0.9477413	5.5901445
lewo1244	2.3619325177405	2.20800609406655	-1.57184925	7.0360225
lezg1247	-0.55121189427	2.64976165721247	-6.0958295	4.341517
libi1244	2.29547964279	2.28961793461101	-1.835891	7.08640325
liby1240	-0.9234444100315	2.35964955315825	-5.9682675	3.35728025
liji1238	0.89061769737	2.25887929628664	-3.38145025	5.57500125
lika1243	0.927102307902	2.00124561153861	-2.6688495	5.2312855
liki1240	2.313262610035	2.30166871492653	-1.81221825	7.35387625
lill1248	-0.542799847627	2.51095024576333	-5.6904055	4.15961025
ling1265	1.588518454341	1.43373563450966	-1.18256325	4.45482725
lipo1242	1.60213316795	2.28672115754898	-2.90055825	6.1925985
lish1245	-1.5822805257	2.3145384041937	-6.38469975	2.796602
lisu1250	1.851041867571	2.30565163720376	-2.6942375	6.43077749999999
lith1251	-0.30307925457	2.64199956447258	-5.63056	4.80341675
lito1235	2.1414304452725	2.27164450228592	-2.06283625	6.93889175
litz1237	1.396256698025	1.39004737200973	-1.3397865	4.2325335
livv1243	-0.1804634786	2.7767367734466	-5.87409725	5.388863
loba1239	1.90256179418	2.27629000244107	-2.355278	6.76765199999999
logo1259	-2.658399533945	2.20592890275017	-7.3253935	1.19144125
loka1252	-1.713707424828	1.94721318157786	-5.5838125	2.06650725
lolo1259	1.876405410861	2.29419781487049	-2.49783725	6.58477175
lomb1257	-0.3945194125058	2.63171394888733	-5.79251325	4.69500575
long1395	2.4221480283	1.98846930932875	-1.0282235	6.8235085
loni1238	2.372857743995	2.10580956239499	-1.3712115	6.86972675
lonw1238	1.658968364023	1.48130818162851	-1.21307525	4.8089215
lote1237	1.3415442420975	1.80431890174944	-2.116778	5.179721
louu1245	2.36926006349	2.13340513308457	-1.34173675	7.1430755
lowl1260	2.25917309611	2.24221482760613	-2.01904225	6.57151
lowl1265	-0.477589180295	2.63960152798769	-5.83444425	4.77087724999999
lozi1239	-2.554333422438	2.23695512438674	-7.360641	1.45958299999999
luan1263	1.02550240493761	2.17645848815042	-3.08810675	5.58959125
luch1239	-2.2391769772845	2.15081508902376	-6.84311	1.674069
ludi1246	-0.15419295242	2.77388524790369	-5.67425625	5.27552825
lugb1240	-2.4516029478175	2.23421860678046	-7.1287975	1.52690025
lugu1238	1.537356884565	2.35134789487232	-2.838446	6.70059725
lule1254	-0.0235748549645	2.74300266473821	-5.476062	5.29336875
lumb1249	0.9879332557	2.45264327240277	-3.513496	6.33894849999999
lumu1239	3.18519874795	2.44897920640034	-1.223174	8.39670599999999
lund1266	-2.5317420178445	2.27341470139394	-7.4197165	1.67471549999999
luok1236	-1.26719252874775	1.90003226806423	-5.15405475	2.46477924999999
luse1252	1.833084603725	2.37494390683982	-2.479831	6.67454774999999
lush1249	-1.2472986167445	2.60082379332633	-6.611564	3.28811675
lush1252	-0.785800290846	2.53720116297089	-5.945697	4.10872225
luya1241	-0.5862765238855	2.15692190456106	-4.59881	3.74556525
maan1238	1.466117500455	2.19951669225283	-2.432333	6.293334
maba1270	0.2880368771635	2.06030490258397	-3.66153075	4.57353725
maba1277	-0.9229196136475	2.49312553416862	-5.91448	3.851499
mace1250	-0.408615307684	2.58964815962046	-5.74166525	4.49366949999999
maco1239	-0.18114138715	2.74267485601002	-5.99349	5.28643175
macu1259	0.039156999745	2.80264765356204	-5.4100475	5.97297575
macu1260	-0.24275999209	2.6719876432538	-5.41209525	5.05817649999999
mada1285	-1.7600476954	1.58597234319992	-4.9531415	1.17560275
madi1260	-1.382348026635	2.01812205481204	-5.55088425	2.47400575
maee1241	0.935243122679	1.35724581808613	-1.82640775	3.6993215
mafe1237	1.434048675119	1.5776708618846	-1.63759425	4.4552005
maib1239	2.092305294115	2.31835833457187	-2.31735125	6.739521
mail1248	-3.073472304855	2.59598080475296	-8.45511925	1.6097835
mais1250	-4.13722579418	2.30780961053504	-9.281925	-0.200065500000003
mait1250	-0.90248373114	2.59760242639553	-6.430831	3.899132
maja1242	-2.922674326587	2.16953992647698	-7.6355685	1.089106
maka1304	0.49279717844	1.97476110601825	-3.31483825	4.535209
makc1235	3.1622816623	2.47237935214312	-1.31083025	8.37514425
makh1264	-1.445077567738	2.15415504841563	-6.0907665	2.488368
makh1266	0.6220954805295	2.03751785596266	-3.16800825	4.91611625
mako1251	0.2859732985535	2.1394876604652	-3.5631265	4.67497949999999
mala1463	-0.209099798985	2.77343598494176	-5.860223	5.4230995
mala1464	-0.114349194115	2.78101564212993	-5.476093	5.28223525
mala1479	1.7090491450455	2.2261407056503	-2.54778075	6.43887275
mala1522	-0.106789415765	2.68001709595532	-5.675738	4.82753249999999
male1284	-2.35272040578	2.29225382479075	-7.34447475	1.65072525
male1289	0.9008424825395	1.66820513263186	-2.09436325	4.47772474999999
male1297	-0.2682049041595	2.76354167015652	-5.92126475	4.9864185
malg1251	0.629730827115	1.81134513352551	-2.998635	4.21128025
mali1285	1.853915891505	2.0275367677232	-2.03929225	5.90663974999999
malo1243	0.7808798865125	1.44666047010035	-2.031416	3.59350475
malt1254	-0.746874792715	2.41083099136996	-5.67456475	3.61066325
malu1245	0.8748325067535	1.39572095460068	-1.88161325	3.63831425
mamb1294	3.22650034745	2.26592386242376	-0.892221625	7.88679625
mamb1296	0.87652419938	2.19311106742529	-3.06837075	5.59883425
mamb1306	-1.11382766645495	1.99867416694249	-5.17836475	2.6284785
mamm1241	0.414348287695	2.29188694791899	-4.20188425	4.73436625
mamv1243	-2.501161283015	2.0948198038598	-6.95190725	1.28442349999999
mana1288	-0.7561788694664	2.59546192612745	-6.267639	4.0335775
mana1295	-2.15614686696335	1.87781655593663	-6.29163225	1.272668
mana1298	-0.3294373250225	2.2028529659599	-4.73960575	3.97473449999999
mand1415	-0.145887431825	2.60806187553402	-5.46072825	4.92543674999999
mand1440	-1.6913209487095	1.75942884154388	-5.33969475	1.56977325
mang1378	0.48128442791	2.07617809355444	-3.34905725	4.84717175
mang1381	-0.5493683125075	2.66717010554553	-5.887643	4.538193
mang1394	0.808373562844	1.90231465237146	-2.73293525	4.86927474999999
mang1401	-1.926834733263	2.07207765117475	-6.251763	1.74747425
mang1403	0.952676594175	1.67515681877781	-2.25143325	4.49448425
mang1405	-1.50328807579	1.94345132431572	-5.308306	2.1507195
mani1235	2.278554263025	2.09704190239069	-1.8139805	6.69696625
manm1238	0.0089463141	2.09358118994809	-4.1350995	4.26844775
maor1246	-2.0782933652645	2.13079791444079	-6.7585555	1.75542699999999
mapo1242	-1.199315867947	1.4140273015207	-4.0055375	1.54401425
mapu1245	-0.10432735248	2.72059177986002	-5.66422325	5.02087824999999
maqu1238	-0.0145601025805	2.6509066316895	-5.2179935	5.47719499999999
mara1378	-0.227760506116	2.61906453564374	-5.690367	4.83453075
mara1379	-1.828142644572	2.47556594040237	-6.88960175	2.9297075
mara1382	-0.871895156	2.67850781440237	-6.7361195	4.23348475
mara1399	1.14413149084	1.37309280471009	-1.60682125	3.90002425
marg1265	2.0009289247895	1.94884032979939	-1.5094235	6.2562515
mari1426	2.3450385173965	2.05432901122302	-1.3141515	6.8693615
mari1428	-2.730414150485	1.76950633822994	-6.607253	0.492794174999999
mari1440	-0.464204071045	2.58667771994713	-5.84529	4.48263825
maro1244	2.455440152815	2.08769576542873	-1.35056725	6.90036324999999
mars1254	1.15575139705	2.36084413428028	-3.23795525	5.84674649999999
mart1255	-0.23213270318	2.61159374384778	-5.389534	4.81950725
maru1249	3.394259194425	2.44625439460087	-1.111166	8.30583649999999
maru1252	-0.06724302954	2.78699123090832	-5.55914275	5.1116435
masa1322	2.866814896435	2.14872649687746	-1.01886675	7.44654025
masb1238	-2.573374278845	2.20292310115428	-7.29491625	1.43818424999999
mask1242	1.96087959161	1.54241094919211	-0.9807168	5.22706125
matb1237	1.493576436895	2.24818656818731	-2.56815025	6.165378
mati1250	-2.10452005207	2.30255418461352	-7.1433345	1.93598749999999
mato1252	0.347184352567	1.61431875749744	-2.65468625	3.760758
mats1244	-0.0308271434865	2.73536719670379	-5.513686	5.33428974999999
matu1259	0.7621691614615	2.1147944611278	-3.09863025	5.27213975
matu1261	-3.1775585285061	1.9262247565437	-7.3113105	0.225346324999999
maun1240	-0.9890388117	2.57747539707126	-6.61475875	3.9453755
maxa1247	-0.200173357725	2.4974396811796	-5.1399685	4.8626385
maya1285	-0.24704207703	2.7042877290527	-5.40789825	5.106277
mayo1261	0.336804720325	2.00406743967611	-3.4488905	4.274378
mayo1264	-0.359999740195	2.54352068582791	-5.53748375	4.4693655
maza1304	2.70301218444	1.96094584754948	-0.7696047	7.03130525
mbaa1245	-3.01745907749	2.20882637947049	-7.92190075	0.84494205
mban1263	2.001481313655	2.23841142970721	-2.017309	6.59903299999999
mbar1260	1.59660180058	2.02225073896197	-2.12333575	5.67962374999999
mbay1241	2.791302325935	2.38087701083087	-1.422313	8.019384
mber1257	1.295381999137	2.44200881119211	-3.115836	6.4364925
mboc1235	-1.936426223779	1.88873616750231	-5.78359875	1.619735
mbol1247	-0.4015313069	2.06525715496145	-4.45994175	3.8545235
mbul1263	0.345144634645	1.56345477082144	-2.6615075	3.55953024999999
mbya1239	-0.144609319575	2.7427661724367	-5.9476345	5.01406599999999
meen1242	-2.2196500344825	2.407146532974	-7.23634	2.16444025
meke1243	-3.72657887137	2.08821358231073	-8.2925355	-0.138181375
mele1250	0.468258340646	1.5710529783444	-2.5474155	3.59887525
melp1238	-0.844891626075	2.01375468150704	-4.76043925	3.19851075
mere1242	1.600562093495	1.72429777478095	-1.67276425	4.95381774999999
meta1238	0.171432200695	1.86195389787303	-3.48251175	4.0083985
mezo1235	3.48025698323	2.47651621864618	-0.978722175	8.5522965
mezq1235	1.4823299474995	2.11574108234744	-2.50609975	5.96640349999999
mich1245	-0.180394029465	2.58355897066795	-5.382416	5.0135195
mids1243	2.0004284616525	2.48502650436065	-2.378449	7.34983875
miju1243	-0.631623641415	2.57104058091278	-5.70834275	4.10364875
mikm1235	-0.041454731175	2.61300466151688	-5.481809	5.06274699999999
mila1245	-0.698641266444	2.60765550450193	-6.3270655	4.32055274999999
mina1268	1.562288373587	2.39434348590258	-2.89776525	6.753434
mina1276	2.33021881697817	1.82708112896203	-1.110629	6.1721365
mini1251	-0.8174247639165	1.55663560298667	-3.95554425	2.127759
mini1256	-0.1426641878985	2.72234304359008	-5.71814175	5.04191025
minn1241	-0.5266219163015	2.79475424781584	-6.2213015	4.78329499999999
misk1235	-0.212167850625	2.67988368331359	-5.19481725	5.0493255
mixt1426	3.62525908105	2.36933398201284	-0.707219575	8.81195924999999
miya1259	-0.042252298065	2.80074462037051	-5.6127725	5.59828799999999
miya1266	-1.82854954796	2.11904395089408	-6.42408075	1.93876125
mlab1235	1.2852391402	2.32511794358586	-2.95703725	6.2797665
moba1244	-0.26332184492	2.25179948082887	-4.59562875	4.4461255
moch1257	1.37125223433	2.10176490941245	-2.79145425	5.634769
moco1246	-0.11972722063	2.6672287682938	-5.243635	5.266743
mode1248	-0.1958242443	2.62670235231867	-5.618006	4.949462
moke1242	1.691976409075	2.31258127787673	-2.50746225	6.675957
moki1238	1.532224394345	2.39287306245928	-2.68483925	6.71096324999999
mokl1243	1.9522841664	2.21855119303111	-2.1082245	6.68051425
mokp1239	-3.32517070661	1.85696171250813	-7.2792305	0.0342535774999927
moks1248	-0.074148755873	2.7645822725027	-5.6940085	5.2750925
molo1266	1.77476439153	1.80285864327494	-1.5064195	5.43022575
mong1338	1.0180642873695	2.39975131719566	-3.5620405	5.9173745
mono1270	2.151537126555	2.21542250355325	-1.779681	6.86322424999999
mono1273	-1.4272214980906	1.99774840273422	-5.7833775	2.22862575
mono1275	-0.24099785837	2.61578359978051	-5.6623815	4.67404775
mopa1243	0.926098578478	2.32100610805134	-3.575248	5.60846024999999
more1259	0.67968602201	2.46972283883239	-4.140978	5.4251705
mori1269	1.785936635439	2.20709824506485	-2.26512475	6.58965799999999
morm1235	-1.55141253371	2.06662476161062	-5.965431	2.31563175
moro1287	-2.258217267325	2.18898102130401	-7.00312575	1.73448774999999
mort1237	1.13985148315	2.32604609109041	-2.89487425	6.21718425
mose1249	-0.13717776056	2.66349247716098	-5.464479	4.89003049999999
motl1237	2.586259114197	2.23882175546887	-1.45855675	7.47374374999999
motu1246	-4.1602382084725	2.3022312858472	-9.316669	-0.274460800000001
movi1243	0.07259874177	2.59225024366728	-5.13572725	5.14615874999999
mpad1242	2.4815001129405	2.22492151900379	-1.60666025	7.279171
mpii1239	0.706741980835	2.38523941187427	-4.20198675	5.3445695
mpot1240	1.60969934402	2.29730077339201	-2.41285225	6.61557175
mpur1239	3.428225952895	2.22480784883343	-0.584559525	8.34806099999999
mual1241	1.900774659881	2.28552061890851	-2.02958575	6.86697775
mudu1239	-0.1363146418465	2.6807693173208	-5.356665	5.195045
mudu1242	1.428622381215	2.11903885168899	-2.35093	5.9707665
mull1237	1.420066800965	2.40109625943337	-3.10526775	6.19847474999998
munc1235	0.64540664499	2.54022237841221	-4.4519605	5.72943775
mund1325	3.163794508355	2.20035603665124	-0.72926125	7.777206
mund1326	-1.0142138494745	1.73512143564079	-4.39318375	2.3543985
mund1328	1.0576376984975	1.63271065698733	-1.97188475	4.50614075
murl1244	-0.01103792404	2.30512124012594	-4.4620075	4.66011
muru1266	-0.3725022833255	2.70344024885066	-5.895941	4.70365274999999
musg1254	0.87762207056	1.86228450835406	-2.765163	4.63690425
muso1238	-0.0964650679455	1.42109978108858	-2.725157	2.75367275
muyu1244	1.0807985475305	2.21546324144611	-2.98643075	5.53539599999999
mwag1236	-0.267958348365	1.80773183006938	-3.67867925	3.3258305
mwan1247	-1.98989381722	2.00738971126817	-6.15833475	1.67975975
mwer1248	-1.636130840562	1.99111226765246	-5.713087	2.092891
nade1244	-0.119286753975	2.71761555256204	-5.696774	5.18342475
naka1262	1.27386839079	1.73428764677063	-2.07843875	4.8545555
nali1244	0.072740062542	1.61222350549288	-3.151999	3.27614925
nama1268	2.029194659955	1.78727411784802	-1.3815465	5.76920625
namb1293	-2.0083062300915	2.36046572397395	-7.0744315	2.252381
nana1257	-0.02010766323	2.7196838582775	-5.479843	5.33653275
nand1266	2.0267993004	2.48712986557492	-2.452333	7.233499
nang1262	-0.651759878795	1.88617393335948	-4.1434695	3.10535675
nant1250	-0.12227096081346	2.79537133721427	-5.82507825	5.3613705
nara1262	-2.04154191046	2.43449638154015	-6.9967515	2.45077475
naue1237	1.379999220657	2.14504686325833	-2.7173745	5.847413
naur1243	-2.358529317485	2.21072499018042	-7.06311275	1.77588925
nava1243	-0.2643554938255	2.64712898458079	-5.49724275	4.80412499999999
nawu1242	-1.972500653335	2.12829087735497	-6.35823575	2.11373575
ncan1245	0.7417759600055	1.64725709405303	-2.2197475	4.20859974999999
ndam1239	-1.0384839926515	1.98673007241362	-5.1096915	2.85925225
ndob1238	2.26240192565	2.23551471537537	-1.81859725	6.9628575
ndog1248	1.74515697436	2.36999137931289	-2.43565925	7.240667
ndun1249	-1.2758052587345	1.95897930972144	-5.16076675	2.39077525
neha1247	-0.4677540121125	1.90935698093253	-4.52198725	3.21599225
nend1239	-2.074441061245	2.06775495815302	-6.51949975	1.80232075
nene1249	-0.027810962258	2.74964268948943	-5.7082415	5.39388299999999
neng1238	1.25913201858	2.26596587193719	-2.9560475	6.0891415
nenn1238	-2.04848561061	2.33035324608589	-7.026558	2.28309575
nese1235	0.8457797471575	1.39049874977039	-1.9467355	3.59558975
newa1246	-0.80124303023	2.55309753621227	-5.9537315	4.07203424999999
nezp1238	-0.529041630005	2.49148561118538	-5.83317075	4.20999
ngaa1240	-0.155953376905	2.61610278911863	-5.3905735	5.01288949999999
ngab1239	-0.2300897553375	2.72362758376442	-5.90222075	5.12988825
ngal1292	-0.6929099508825	2.59150390443869	-5.982598	4.494902
ngam1268	3.05112876133	2.36076834074503	-1.1399785	8.220014
ngan1291	-0.087607130942	2.68405607307365	-5.42550175	4.925282
ngar1235	0.205031051601	2.75485919605865	-5.348998	5.53761325
ngar1283	-0.594973566902	2.71253777011955	-6.14460025	4.78118825
ngar1284	-0.266794956095	2.57078599711095	-5.3915735	4.72476125
ngas1240	1.5015849534845	1.90406762678681	-2.0988425	5.43473774999998
ngba1284	0.420975234565	2.08863626112337	-3.52421425	4.66021625
ngba1285	1.969942802592	2.20859311034097	-1.984289	6.83178325
ngit1239	-1.010981466627	2.27657660578117	-5.66504725	3.17268324999999
ngom1268	1.47181394628035	2.28292804585491	-2.78014475	6.3436485
nhan1238	-0.24995321723	2.60434924510861	-5.53301575	4.7641185
nhen1239	-0.2218476245475	2.70444796872172	-5.89195675	4.9307935
nila1242	-1.36722728852	1.91562230097319	-5.18057225	2.30770525
nina1238	-0.088549763025	2.72209738179552	-5.34906275	5.595579
nisg1240	3.368254373625	2.38044566219204	-1.03839575	8.09839475
niua1240	1.26487566489	2.31816304798648	-3.0010615	5.9855575
niue1239	1.237029568055	2.16811697993308	-2.56778075	5.89473275
niva1238	-0.036691020651	2.63426574325775	-5.43968825	4.96136275
njan1240	1.4188132688	2.11305425027448	-2.650026	5.67634949999999
noct1238	-0.9134219071845	2.50467905870039	-5.961217	3.61607199999999
noma1260	1.011900388442	1.90948662900487	-2.56996675	5.01095049999999
noon1242	0.9473108604365	2.46572350545622	-3.54095225	6.14844325
noon1243	0.8593377807665	1.65985395249451	-2.238742	4.25975174999999
nopa1235	4.026748615255	2.43896910897639	-0.400051625	9.13329324999999
nort2671	-0.08451904425	2.75749255442829	-5.84569525	5.33005825
nort2684	1.854090825115	2.40818924567506	-2.4721965	7.05544325
nort2690	-0.0716224745905	2.7851992406221	-5.5358605	5.340076
nort2697	-0.603160834425	2.62195646042081	-6.08689	4.2428855
nort2702	-0.6861884360125	2.67334527736868	-6.42462275	4.6320935
nort2722	-0.5736172800685	2.69011985668106	-6.02640425	4.4999165
nort2723	-0.021846540255	2.52420475356478	-5.26270975	4.6758995
nort2732	1.784117574905	2.52460883633335	-3.28850125	6.73020925
nort2745	-0.348990402918	2.72731042346551	-6.101132	4.985318
nort2747	4.20028090279	2.32806355508114	0.0606718475	9.02941799999999
nort2774	1.45362525336	2.16141319196507	-2.37406	5.98841199999999
nort2839	1.817666670565	1.53499329328591	-1.15438775	5.0219615
nort2845	-1.9771403051	2.08561310321298	-6.4515075	1.75250825
nort2847	2.042915875925	1.85344526004138	-1.36184625	5.89892725
nort2885	1.490245346915	2.17499573058793	-2.388675	6.33298125
nort2930	-0.6085345416	2.39357271624906	-5.56974575	4.04787275
nort2938	0.6857939543175	2.65326823847713	-4.4408175	6.14608075
nort2942	-0.21698096124	2.54499226160867	-5.29199175	4.67418499999999
nort2954	-0.238568745365	2.62048480458686	-5.76648575	4.930622
nort2957	0.526588445335	2.37375254354691	-4.011283	5.2023655
nort2959	-0.4265670381785	2.64337561758206	-5.8260385	4.7031255
nort2961	-0.16442190363	2.62223431429115	-5.49877975	4.75591624999999
nort2972	-0.0959757212565	2.80875641954334	-5.74611225	5.47486924999999
nort2980	-0.1401935426595	2.72383305869353	-5.62707525	4.9737985
nort3047	2.040042671922	1.81047210460426	-1.24819375	5.94118975
nort3139	1.30193211035	2.02667832527654	-2.831978	5.22142825
nots1237	-1.398581481177	1.60519819345185	-4.6842265	1.544248
nsen1242	1.2455563090935	2.28859940307247	-2.68913225	6.13102724999999
nucl1235	-0.5313944362435	2.63843776027268	-6.18995025	4.33944025
nucl1240	1.72930486258	2.0378222393973	-2.0154325	5.95435025
nucl1301	-0.1036239016245	2.767761785843	-5.69075675	5.12350075
nucl1302	-0.520868991101	2.62438232079433	-5.86544875	4.543244
nucl1305	-0.02657375395	2.79810903295282	-5.596032	5.4585955
nucl1310	0.094481767565	2.54894095022211	-4.977175	5.08984825
nucl1417	0.6282787351417	2.12398685203153	-3.359322	5.00896724999999
nucl1458	-2.229187811875	1.8649371438657	-6.327143	1.07410625
nucl1593	0.93540426726	2.09726009386134	-3.27587225	4.89693375
nucl1595	0.4146139620175	2.17772630080856	-3.5953985	4.90776525
nucl1622	-0.821796801595	2.66177970936633	-6.219675	3.932897
nucl1630	-4.363004791795	2.35436206615304	-9.743022	-0.193685375
nucl1633	-0.033225642323	2.54946446731166	-5.449395	4.81844899999999
nucl1643	-0.08515271676	2.74484390247638	-5.91715575	5.33320375
nucl1706	-1.130479762345	2.38521303980381	-5.9429425	3.2923225
nugu1242	1.61639274246	1.9632795020607	-2.03573825	6.060662
nukn1238	0.49644111224	1.59662024661937	-2.4680095	3.84138875
nupe1254	0.42212380495	2.26784232550338	-3.872394	5.10983249999999
nuuc1236	-0.041387700777	2.38835593576153	-4.8596815	4.61618375
nyah1250	1.19188019804	2.46700956339898	-3.30726275	6.388083
nyak1260	0.7439999611685	1.93235949832308	-2.76382925	4.83505525
nyal1254	-2.25768630471	2.02158875482242	-6.46685	1.6016215
nyam1285	2.687020263905	2.10387138471563	-1.19085075	7.01554875
nyan1301	-0.318400543805	2.6090405201623	-5.623826	4.608005
nyan1307	0.87474837205	2.2892303238059	-3.33495825	5.68775525
nyat1246	0.80635980695	2.00936878915819	-3.1460185	4.793858
nyor1246	0.8078097533005	2.23512080084752	-3.32970225	5.66530499999999
nzak1246	2.43301635356	2.43139680637653	-1.96253225	7.53872099999999
nzak1247	2.1127111143995	2.34829372277338	-2.00073825	7.136151
obok1239	-0.652781710375	2.27464541139865	-5.2643035	3.72768949999999
occi1239	-0.259737033	2.60642137083523	-5.6442325	4.54888225
ocot1244	4.15051530235	2.40178083365495	-0.225320425	9.23660975
okan1243	-0.704194182565	2.56807788882279	-6.12492	4.1905635
okin1246	-0.02048637743	2.73940115163219	-5.25044225	5.088929
oksa1245	-1.2762807861885	2.41547863313843	-6.24150475	3.25838299999999
okuu1243	0.936212168192	1.70435474056807	-2.21176775	4.35610525
oloo1241	2.368344211495	1.97141567960292	-1.26699125	6.52959375
olut1240	0.224878661265	2.30906728488859	-4.437624	4.70096074999999
omah1247	-0.2850794527805	2.49529405684132	-5.41017875	4.897237
onon1246	-0.1487803922	2.74152500676291	-5.617008	5.50137475
onto1237	1.552791360645	2.30601721677762	-2.51497275	6.68507149999999
oriy1255	-0.6458200165937	2.54407444938566	-6.04333125	3.935104
orma1241	2.450969441693	2.2738367525651	-1.63411375	7.15937224999999
oroh1237	2.16287484148	1.99014322408013	-1.64903625	6.3236925
orok1265	0.0036046011475	2.68660339031299	-5.5410775	5.3283035
orok1266	-1.7150055768715	1.83068772524881	-5.34895825	1.6666085
orok1267	-1.698870807035	2.34156208647358	-6.58099525	2.754962
orow1242	1.814240530835	1.8915945244381	-1.545469	5.8123095
otta1242	-0.15403167298	2.6065713924676	-5.50882525	4.66975125
owaa1237	-1.89322540881	1.9975367690015	-6.07869175	1.8655915
paaa1242	-1.907211427082	2.16789173333967	-6.425786	2.1356525
paam1238	2.112870792205	1.60749055991229	-0.933285025	5.4617675
paas1238	-3.61625836479	2.32543142082691	-8.38475975	0.483507499999995
paco1243	1.21847457398	2.42723426625631	-3.2185645	6.2474195
pagi1243	0.87029634942	1.99252146072975	-2.8655965	4.98144674999999
pagu1249	2.53818078529	2.27686194913183	-1.78147375	7.112777
pahn1237	0.506227069175	2.43567407451268	-4.43095525	5.3333635
pait1244	-1.96416739364	2.45926960450155	-7.117011	2.44274625
pala1344	-1.978146115605	2.23326751689929	-6.844334	2.00918825
pamb1243	-2.12166628343	2.12876834341048	-6.76029775	1.8957075
pamp1243	-2.841663357585	2.19657017728247	-7.5779165	1.09458725
pana1307	-0.28347887666	2.83107510898728	-6.07233975	5.2282635
pang1287	1.3530751972865	2.26600363686785	-2.7095415	6.234352
pang1290	-2.600295536535	2.15462287542067	-7.2758895	1.2853445
pang1291	1.647036680561	2.2713226450195	-2.5220415	6.53322799999999
panj1256	-0.3044284605905	2.74010793872822	-5.80639425	4.98526875
pany1241	-0.1691104189345	2.72574458858986	-5.53906975	5.23287049999999
papa1238	0.0038753191265	2.28008201945992	-4.538117	4.34272225
papa1265	-0.82484957534	1.72881101881368	-4.3921065	2.46384225
para1301	1.4027073130925	2.42071005876201	-3.05541475	6.805286
para1302	-1.05401135096	2.5443218798131	-6.49532925	3.84032075
para1311	-0.16131005875	2.73162186140259	-5.58059975	5.0853525
pare1266	-1.64067908314	2.42357512801409	-6.71953075	2.92274599999999
pare1272	-0.013767236235	2.67490383185393	-5.48790925	5.41775199999999
pate1247	-1.48822707965	1.50456857173717	-4.4989115	1.4089485
patp1243	-0.887145115856	1.60287905844013	-4.0904495	2.36333825
paul1238	-0.9904256400005	1.80680251278349	-4.6946955	2.424223
payn1244	-2.180157113131	2.05358559673078	-6.38998375	1.63421825
pech1241	-0.147398270635	2.57356338528115	-5.414785	4.97839299999999
peer1241	0.956091401959	2.02210884171729	-2.94245825	4.9239035
pela1242	1.583107299815	2.42354113083184	-3.2744865	6.42690175
pemo1248	-0.039222133865	2.66174757804982	-5.35237225	5.2248435
pend1242	2.521748623425	2.28636151077038	-1.67704625	7.27201425
peng1244	-1.600953734805	2.45884664709671	-6.7492225	3.016418
phai1238	1.3688669303	2.40377047821284	-2.91491675	6.57679575
phom1236	-1.2977692837378	2.5732061576966	-6.723841	3.70377924999999
piap1246	-0.1523155459145	2.75634692825411	-5.54269975	5.31014775
pila1245	-0.1585040094535	2.89754925897895	-6.06074525	5.57900624999999
pile1238	0.96057847249845	1.84885927689067	-2.255175	4.81625225
pima1248	-0.403096300147	2.60540516371279	-5.66474425	4.61560125
pina1252	-1.654293886325	2.05001071192907	-5.95833625	2.264341
ping1243	1.54392814287	2.44527713866653	-2.81929875	6.61858225
pipi1250	-0.304063402635	2.65009813564452	-5.60946875	4.86978025
pite1240	-0.019381170279	2.72793976470789	-5.43445325	5.17434175
plai1258	-0.20895463651	2.62155511543959	-5.50643325	4.61464375
pnar1238	-4.3039421198	2.13589471616004	-9.06440175	-0.519296025000003
pohn1238	1.280271336587	2.39889143954377	-2.94831575	6.36873599999999
poko1263	1.64528939346	2.45138193548416	-2.99560525	6.80291424999999
poli1260	-0.25191401289	2.59597340066678	-5.52655825	4.63382224999999
popt1235	3.4740051667439	2.29139353717715	-0.719914275	8.203123
port1283	-0.290221175955	2.68873402433311	-5.5685435	5.016267
port1285	1.94932710029	1.54534363730355	-1.08068	5.17192275
psik1239	1.173240666724	1.74208664147328	-2.2680175	4.60456825
puin1248	-0.232935048465	2.80053519691125	-5.62615575	5.44874824999999
puka1242	1.205940873985	2.09167843889747	-2.669886	5.566126
pulu1242	-2.484516054055	2.04541808264224	-6.97552175	1.260111
puma1239	-1.04721153238	2.60839288020899	-6.4373395	3.95398849999999
pume1238	-0.054455258416	2.68800582405823	-5.17324175	5.2712435
puoc1238	1.449670149262	2.35235730235065	-2.8175175	6.3131005
pura1257	-1.190773727359	2.2996958892767	-5.92815725	3.206231
pure1242	-0.494437522389	2.52281490462111	-5.541577	4.28726975
puri1258	-0.377697172347	2.72177452851442	-5.858835	4.71813925
qanj1241	3.570151978165	2.38848209520379	-0.7476359	8.61025299999999
qawa1238	-0.01431583043	2.76637866853691	-5.795083	5.40066
qima1242	-0.884744338377	2.60506769731027	-6.66793375	3.83184974999999
quer1236	0.18901487575	2.14186989895891	-3.98386425	4.4731615
quio1240	2.93869913832	2.09118982080246	-0.9190875	6.92592475
rabh1238	-2.781958606115	2.61723165170032	-8.3709915	1.8811325
raji1240	-0.711526934879	2.70285812069956	-6.3186815	4.4487785
rama1270	-0.253564665143	2.79535634887327	-5.9483425	5.238018
rapa1245	-1.9173035944617	2.1381077225919	-6.694964	1.82243575
raro1241	-1.900989290785	2.19897177149469	-6.729675	1.9662955
rata1244	1.6551334883875	2.25867379265774	-2.308517	6.3431245
reja1241	1.69378050653	2.3334897073362	-2.398716	6.85816074999999
remb1250	0.625140999436	1.96204605852387	-2.98829825	4.55123
reng1252	0.515553937265	2.14117829537634	-3.5651245	5.0648745
renn1242	-2.132785569787	2.06409794897378	-6.463347	1.5609945
reye1240	-0.1045750607383	2.68819262825389	-5.52881475	5.521608
roma1326	-0.35220303093955	2.60854196587732	-5.71781125	4.52188424999999
romb1245	-2.670229876595	2.2491001425845	-7.321529	1.33617575
rong1264	-0.5913140321482	2.54532269811509	-5.531967	4.145536
ronn1241	0.103168261511	1.75238114465543	-3.2530615	3.6847335
roto1249	-0.616886139485	1.71590310114683	-4.04116025	2.60945349999999
rotu1241	1.235655467827	2.24073256315125	-2.92525875	6.09412225
rovi1238	2.5859570108925	2.01316361883325	-1.06918025	6.81123625
ruch1235	2.10254219594	2.4131116355037	-2.299488	7.20571574999999
ruka1240	-2.5153911938985	1.99366026735241	-6.804182	1.01209125
ruma1248	2.078794280367	2.26429524227603	-1.89052375	7.10155925
rung1258	-0.408036319045	2.38363238914249	-5.152065	4.15637325
russ1263	-0.30087305662	2.6439840252393	-5.5379155	4.81364125
russ1264	-0.19724025493825	2.84589945303939	-6.3459285	5.153541
saaa1240	2.405888005145	2.00187187030882	-1.2521905	6.6619455
saaa1241	1.9874246313655	1.64722984694295	-1.03389125	5.442383
saar1237	-2.123092056015	1.83658556265681	-5.92763775	1.27364175
saba1268	-0.148498967235	2.69535379883235	-5.4506665	5.14585574999999
sabu1255	2.060148321285	2.36220132090609	-2.221711	7.13886
saga1262	0.668376027487	2.0795555519097	-3.14118825	5.0048995
sais1237	-0.648261634225	2.155796822573	-4.81065525	3.573268
saka1289	1.95458595825	1.86326557145388	-1.52693425	5.80978175
saka1291	-2.21461656507	2.23445757822723	-6.7815595	1.99133999999999
samb1305	0.0172773983	1.82360563172359	-3.51405175	3.62045025
samb1311	0.0563029879038	1.86249296777358	-3.57004725	3.764907
samo1305	-2.3520613442675	2.23056048548385	-7.20364825	1.574461
sana1295	-0.650279563213	2.51297460389118	-5.91396075	4.18197525
sanb1242	-0.08207227424	2.75551378507263	-5.42011675	5.3226595
sand1278	0.694406784845	2.42415407001104	-4.0323315	5.35210474999999
sang1321	-1.49047965536	2.48799535620124	-6.55378475	3.3751995
sang1330	0.9633929895315	2.13272590891909	-2.85574325	5.588041
sang1331	0.661820297345	2.33190646205947	-3.66008275	5.50078075
sanm1289	-0.1283874929885	2.71596913879878	-5.59821625	5.09099925
sanm1295	3.712281210665	2.2240878702834	-0.386485175	8.30436975
sanm1301	2.78450364408	2.33567691057524	-1.63939625	7.72011775
sant1436	2.543502638505	2.05652101549512	-1.2378615	6.61817925
sant1451	3.17254561724	2.28522435592797	-1.080896	7.8481605
sanu1240	-0.0269203229045	2.69493968309228	-5.55242975	5.21742575
sapo1253	0.734974055675	1.70198453418785	-2.53827075	4.19648525
sara1321	1.169156798603	2.28551502858324	-2.8769605	5.989115
sars1236	-0.2783739113105	2.64338833210569	-5.54633775	4.72079275
sasa1249	-2.771497050578	2.22598863134027	-7.6181555	1.198301
sata1237	0.797301162545	2.25597003005759	-3.2465765	5.563151
sauk1252	-0.044551331355	1.50486732802426	-2.9749125	2.98620225
saur1249	-1.41322037082	2.51592045619439	-6.63471625	3.53235275
savo1255	1.23420905373	1.90177701849308	-2.4124215	5.051281
saya1246	1.55782271409	2.00272427573873	-2.1737975	5.64924825
seda1262	0.782634107765	2.24910778456514	-3.32297675	5.42801325
seim1238	-2.33605599301	2.20737597967916	-7.13874725	1.77104375
seke1241	1.9858629588875	1.65265884912538	-1.07566	5.55192375
sela1259	0.948684436725	2.22434842492526	-3.0874805	5.6755245
selk1253	-0.0663744484145	2.74299790229658	-5.59833375	5.19979349999999
sema1265	0.9292304218625	2.27585934787113	-3.22476325	5.575279
sema1266	-1.85904962252	1.95519426832481	-5.85791875	1.86042325
seme1247	1.696183281238	2.20242186151448	-2.53427075	6.3953505
sene1264	-0.1958787742145	2.60343152412127	-5.511736	4.76090775
seng1281	-1.30670925356	1.77798725623101	-4.92726625	1.94580324999999
seri1257	-0.35298569755	2.72100144646552	-5.89452275	5.06033025
seve1240	-0.1377255589945	2.69553037592774	-5.870236	4.90090624999999
shab1252	-2.965565586325	2.25140770446458	-7.77554825	1.213662
sham1280	-1.915302938848	2.00305919726768	-6.204904	1.69517175
shan1283	-0.2916418366496	2.79954128944142	-5.795691	5.266393
shaw1249	-0.02258776442	2.54414737175981	-4.978166	4.93528925
shil1265	1.79452892864	2.45065198904668	-2.6800795	6.88078075
ship1254	-0.13108151754	2.75484030978132	-5.69394125	5.2000535
shix1238	0.321795181766	2.70235598368367	-5.207275	5.59623399999999
shon1251	-1.818962449551	2.27310361616986	-6.84074625	2.18406049999999
shos1248	-0.0832313061455	2.70002278361108	-5.64655975	5.02768899999999
shua1257	-0.1367215792	2.83032031932982	-5.83082075	5.677318
shwe1236	2.003255536775	2.29454094413283	-2.06959675	6.89524475
siam1242	-1.629460810305	2.01311778544115	-5.65792225	2.22028574999999
sich1238	-0.091686863445	2.58192322485024	-5.34562	5.01086675
sici1248	-0.478080596765	2.68821428449232	-5.9463925	4.7572975
siee1239	1.10140235233	1.78394612983993	-2.3191675	4.7151955
sier1250	3.165157946065	2.12709261275801	-0.76226925	7.2666975
sika1261	1.650359381085	2.24567880707219	-2.40936525	6.1857265
siks1238	-0.301235248158	2.61681440580535	-5.570349	4.77500525
siku1242	1.62737852293	2.34249895655642	-2.56159775	6.330414
sile1255	-2.665231312615	1.97363229735013	-6.696903	0.871394774999996
sina1266	-3.99549773702	2.35286982179554	-9.18145825	0.149675649999998
sing1264	-0.83884701413445	2.55119830969026	-6.2437705	3.82378825
sion1247	-0.002073180125	2.71338834695552	-5.39177825	5.347146
sioo1240	0.587762742346	1.66666013003445	-2.558591	3.9715585
siri1273	-0.1304223389565	2.79748384955053	-5.956938	5.15546625
siri1274	-0.2361687253565	2.73399017341804	-5.76942075	5.20614175
situ1238	-0.7193223721295	2.54046054538999	-6.1482455	4.07670325
siwi1239	-1.9903492067135	2.26219888651679	-6.7859615	2.07410749999999
skol1241	0.0377839251005	2.75982951107163	-5.4573915	5.46046775
slov1268	-0.3286220683118	2.65127313434157	-5.80094325	4.562519
sobe1238	0.762608486372	2.10483277892353	-3.15240075	5.14685125
soch1239	2.903666870632	2.1166847393957	-0.923298675	7.25033875
soga1242	1.109622350545	2.26140319630714	-3.08914925	6.0977515
soli1239	0.799445438365	2.15518141350121	-3.25940125	5.32455625
sons1242	1.0169380989175	2.25426409509483	-3.09493125	5.89446975
sooo1254	1.86706997353	2.38426695153391	-2.21995975	6.91033524999999
sout1528	-0.22262262564	2.56553149141158	-5.21238275	4.547554
sout2649	-0.238787199725	2.68264131945476	-5.5981085	4.675199
sout2674	-0.125292677045	2.69968176692237	-5.6548865	5.25045
sout2679	-0.1232756719	2.73440417988714	-5.7134	5.1285455
sout2728	-0.6349812356345	2.55969702435216	-5.898601	4.27987275
sout2729	0.868355260989	2.66912299420054	-4.433219	6.23011749999999
sout2730	4.93950187545	2.3781075700264	0.7917304	10.026605
sout2782	3.130065922115	2.31636339768273	-1.037121	7.98922574999999
sout2797	-1.4472571380945	1.73306781320803	-4.8206985	2.07542625
sout2807	-2.1268121804655	2.19909106457661	-6.9149815	1.75936525
sout2826	-2.5111680317	2.16640589318412	-6.948872	1.56776625
sout2856	0.605169614674	1.5895185040382	-2.4363565	3.82920099999999
sout2857	1.80040265136	1.63787442432451	-1.32676825	5.1410495
sout2859	1.95941687014	1.58787585147308	-0.915223325	5.39846999999999
sout2869	2.2844471198	1.89874137817904	-1.2555455	6.22935774999999
sout2895	-0.203767675495	1.84684866655568	-3.73708725	3.4921905
sout2912	-2.257085727145	2.26568165408712	-6.9655265	1.729157
sout2954	-0.046865294045	2.80630773220804	-6.01838825	5.20248325
sout2956	0.52867622086	2.62667986926722	-4.700379	5.90422825
sout2959	-0.19822167921	2.52920902307912	-5.5299085	4.5785615
sout2976	-0.310470186655	2.67386689459734	-5.58509	4.9558265
sout2994	-0.2214182534178	2.83979942510134	-6.14564125	5.36805325
sout2996	-0.014442986825	2.70349641333493	-5.189484	5.39857349999999
sout3236	1.1314719266365	2.36555989328005	-3.217068	6.356766
sout3261	-0.6346276701	2.63158375790445	-5.91607775	4.34689225
stan1289	-0.262062908955	2.6256644237807	-5.55795475	4.78540875
stan1290	-0.0923025671365	2.62756576598532	-5.439337	4.85948949999999
stan1293	0.532815987415	2.48861654171395	-4.51662775	5.30027849999999
stan1306	1.034211399672	2.02432312782216	-2.6901835	5.2289415
stan1318	-0.684892630155	2.51695952188635	-5.947508	3.95006374999999
sude1239	0.939135990055	2.13650584044699	-2.83557275	5.5685135
sumi1235	-1.65088243519	2.53606240050942	-6.70955725	3.107457
sund1252	-2.42121283159	2.16232801166243	-7.0583415	1.43983825
sunw1242	-0.942012073599	2.58258504290774	-6.315866	3.93847875
supy1237	-1.3529631553	2.41980469112685	-6.6276845	3.21029125
surg1248	-0.005262508175	2.80276029547865	-6.0198515	5.43658199999999
surs1246	-0.021005652285	1.66059391669995	-3.2566925	3.20286575
swah1253	0.970092169437	2.12888301929329	-2.8979105	5.428243
swed1254	-0.245072683035	2.60970231609419	-5.57618575	4.6546745
taba1263	1.529928669575	2.23576171913133	-2.670699	6.21446299999999
tabo1241	-1.1546092083605	2.53602584487308	-6.51892775	3.6467355
taga1272	-2.4567080263425	2.23994228125266	-7.2916635	1.389735
tagw1240	-2.5623702713945	2.28014264448912	-7.4410675	1.52356375
taha1241	1.374037666677	2.22044052494121	-2.7157885	6.06036775
tahi1242	-2.013462559305	2.24860505871762	-6.68006	2.1061005
taia1239	-1.024699777271	1.9871290107778	-5.11189625	2.91062675
taji1246	2.59604759634	2.27824319626943	-1.69686875	7.52850125
taku1257	1.317213049005	2.16336151656727	-2.62363675	5.89023525
tali1259	1.9824953429328	1.96009012699201	-1.636891	5.99547249999999
tama1365	1.013584458015	2.03228279665153	-2.90119025	5.21994225
tami1289	-0.0516069522645	2.69765498054937	-5.328576	5.21599725
tami1290	-1.2442726612	1.71681999317956	-4.72854675	1.98568325
tane1237	2.110173171715	2.07984287760443	-1.67076925	6.29255599999999
tang1336	-1.666049686475	2.4878912288799	-6.8818105	2.97964
tang1347	1.1090779953325	1.57070634793518	-1.97059375	4.27278825
tang1348	0.470209816305	1.93919570233732	-3.211342	4.3486225
tang1377	-0.605361942025	2.58603202679766	-6.0499905	4.48588125
tani1257	-0.211079794388	2.61384130315928	-5.24983	4.94564775
tari1256	-0.154408016515	2.69133312427545	-5.65966775	5.1861715
tari1263	1.8079386968	2.30772344953304	-2.538322	6.5380185
tata1255	0.0910398582315	2.73889366292095	-5.4280135	5.51782424999999
tata1257	1.52110537632	2.11972408063058	-2.434715	5.91038425
tata1258	3.61778295089	2.3299113183069	-0.7655805	8.47183399999999
taul1251	-0.438854570586	1.58010583956032	-3.5223145	2.578733
taya1257	-2.40057692313	2.13949102299879	-7.13312325	1.447535
tbol1240	-2.13130452023	2.24828789937762	-7.10110975	1.81427375
tean1237	2.0373709282655	2.05967085381586	-1.7220055	6.318269
teda1241	-1.429226440445	2.37390396356512	-6.41543525	3.03771299999999
tedi1235	-1.7048872904	2.50490973207151	-6.90374175	2.8601185
tega1236	2.515278901918	2.44376991383721	-1.96513475	7.60203525
tehu1242	-0.08732132314	2.65890629034149	-5.158444	5.04142849999999
teke1275	1.26667667186	2.45715176016363	-3.08667	6.4672075
tekt1235	1.56444008035	2.1114978616117	-2.5123805	5.78387875
temb1272	1.26724231672	2.21552616731931	-3.0024595	5.92159125
temo1245	0.2557459420765	2.11702982771656	-3.84822	4.4481615
temp1235	-0.466983548666	1.85516029353587	-4.1733255	3.212316
tene1248	0.050102275825	2.49693161245669	-4.838775	4.97327475
tenn1246	0.8732842839095	2.40540321582439	-3.77782425	5.77477049999999
teop1238	0.36926203764	1.68489878705021	-2.825571	3.6214805
tera1251	2.4233614089205	2.19152571222174	-1.6210925	7.00482124999999
teri1250	-0.2998827726	2.64914822071429	-5.83958675	4.78973249999999
term1237	1.928898210415	2.28109530067513	-2.17163775	6.66102299999998
tern1247	3.07268520765	2.30871516294655	-1.0804885	8.0617925
tete1251	0.96579669635097	2.52358386981719	-3.875584	5.88179875
tezo1238	3.480204832625	2.28670958495798	-0.7072445	8.23527075
thad1238	-1.91228559388	2.45883037600139	-7.19140325	2.6865595
thak1245	-0.8403401652435	2.61770985636334	-6.1867315	4.17834325
than1259	-0.597710428806	2.68941681461553	-6.10642875	4.83599349999999
thao1240	-1.74934980332	1.9736020742788	-6.1046565	1.95054875
thul1246	-1.02462672294	2.5168951883338	-6.34359375	3.674911
tibe1272	-0.796550451005	2.58589843913101	-6.1280705	4.0629175
ticu1245	-0.234629124285	2.60067130137594	-5.437045	4.8024485
tief1242	-1.400121568625	1.72793287189237	-4.83000325	2.14837575
tief1244	-1.374803691915	1.67014318457392	-4.6280935	1.981761
tien1242	1.061108513095	2.40313887578944	-3.396716	5.96401375
tiga1245	1.44652437644	1.87482877524733	-1.939736	5.371837
tigo1236	0.946376584865	1.91553941767461	-2.8030955	4.827432
tika1246	1.697557981312	2.18618938532323	-2.47349625	6.32010275
tiko1237	2.2854014186	2.390890982757	-1.86166325	7.27546825
timn1235	1.300543560515	2.27406384053578	-3.11705275	6.150196
tiri1258	1.35906190138	1.89983826778976	-2.09414375	5.245754
toab1237	2.01973517005	2.01823808870842	-1.606936	6.096792
toar1246	-3.0527470911	2.19365807880348	-7.6763395	0.824640874999997
toba1268	-0.1223675203295	2.70409410057572	-5.56517375	5.3042175
tobe1252	2.961715179622	2.43979861872689	-1.625671	7.94099275
toho1245	-0.375018246625	2.68824215505143	-5.82661175	4.50012
tojo1241	3.73509309395	2.43400876272222	-0.8189012	8.6676265
toke1240	-2.358134211695	2.22625971220672	-7.31131125	1.4587905
tomm1242	0.0574897635279	2.34413382396186	-4.722444	4.74361225
tond1249	0.460910796975	2.30986764009951	-4.281873	5.12489624999999
tong1308	0.534726824335	2.23897567907524	-3.633768	5.293244
tong1318	-2.655200104015	2.29896957343772	-7.48955325	1.73371875
tong1325	1.323216503968	2.30236783708082	-2.8095925	6.36642725
tosk1239	-0.2398622073135	2.61704655517046	-5.667636	4.64822899999999
toto1302	-1.226751179355	2.81088278685195	-7.4021665	4.08284549999999
trin1274	-0.0958219988	2.76874284673172	-5.52911625	5.40505825
trio1238	0.00972185937	2.80773532815624	-5.49664425	5.6644095
trum1247	-0.314283542335	2.7332691975552	-5.86311625	4.86107549999999
tsam1247	-2.6734849369565	1.99402259101993	-6.9712545	0.887001424999997
tsat1238	-1.64696941253	2.25192948465307	-6.660902	2.5604415
tsha1245	-1.292320256225	2.59663474384142	-6.79662875	3.688252
tsis1238	1.184205067065	2.35507143160159	-3.038444	6.1070215
tsix1234	-1.717108987275	2.51528263894794	-6.93751275	3.10148799999999
tsog1243	1.32512354606	2.36579225447756	-3.0458435	6.37865675
tson1249	-1.356063831663	2.40976491056252	-6.4189375	3.05069225
tswa1253	2.545420293905	2.23570177743161	-1.29158175	7.35287299999999
tswa1255	-1.976721630135	2.21514221710056	-6.66152075	2.157888
tuca1252	-0.24977782854	2.6764123484758	-5.7838725	5.0642445
tuge1241	2.25215949071	2.45923414994244	-2.2534935	7.41985649999998
tugu1245	1.568382706526	2.274186459392	-2.556739	6.34143325
tuka1248	1.020418464555	2.32468617565088	-3.4595655	5.93241125
tuki1240	1.7935788728445	2.1294796932538	-2.258194	6.33016024999999
tula1252	2.74805718229	2.16404433463801	-1.288347	7.31939275
tulu1258	-0.16332993849	2.70760504221081	-5.52321625	5.15615875
tung1290	2.0067825778755	2.24511315571596	-1.960456	6.86578675
tunn1238	-1.329238220365	2.32855515493279	-6.09256775	3.0961865
turk1303	-0.299122731595	2.74161754365522	-5.8749605	5.08228925
turk1304	-0.041721497955	2.72084278586116	-5.20010925	5.33476399999999
tusc1257	-0.27099151208	2.68608095927194	-5.6316655	4.73402925
tutu1241	1.111885923645	1.47701619719917	-1.8072425	3.9928245
tuva1244	1.3824175625133	2.21477549380169	-2.49185675	6.3433545
tuwa1243	-1.90221899851085	1.71137182663064	-5.3656555	1.451029
tuwu1238	0.616843470195	2.22786461109141	-3.4567025	5.04831825
udih1248	-0.080273835275	2.77164146100382	-5.59201475	5.438932
udii1243	-0.509168063485	2.54012607965825	-5.61684975	4.4413885
ughe1237	2.4761775131	2.14116585644437	-1.470161	6.9903245
ukra1253	-0.2638883520395	2.60214933344882	-5.40795525	4.63679375
ulit1238	-2.35013547867	2.13209650313547	-6.8453425	1.60584375
ulwa1239	-0.112781433255	2.6992366258711	-5.335306	5.1872565
umaa1242	1.859848220865	2.23877403787799	-2.1404615	6.57378574999999
umbu1257	0.946452987488	2.36810707250214	-3.4712775	5.68358275
umbu1258	-0.66598517455	2.06714689619955	-4.70860675	3.39992425
umes1235	-0.065040908555	2.72893269417312	-5.42678725	5.277537
unua1237	1.730396505765	1.45837804811527	-1.1602725	4.62925175
uppe1275	0.36882676574	2.29753769018172	-4.0669955	4.782006
uppe1427	1.1834048367155	1.96505135470126	-2.60501475	5.294186
urak1238	1.83162812454	2.23739488147168	-2.0523105	6.65838274999999
urar1246	-0.062361247985	2.75794974053762	-5.4329835	5.46870425
urav1235	1.0172878989275	1.8012773038832	-2.33469775	4.814561
urim1252	1.03340583689	2.01622783605604	-2.934884	5.3347625
urip1239	1.0548932764815	1.35280818830262	-1.751039	3.756616
utes1238	-0.191520796396	2.63169421825288	-5.660614	4.94184525
uuuu1243	-2.33281118223	2.02179305270781	-6.59432325	1.4673075
vano1237	1.918479413942	2.0487821090339	-1.8185495	6.1579285
veps1250	-0.1277710656975	2.68711151899247	-5.61962075	5.023494
vera1241	2.6429568264935	2.16827738006855	-1.07482075	7.37479225
viem1243	-2.45120832454	1.95606098730256	-6.6477795	1.16304525
viet1252	1.22309068541	2.44506098937859	-3.34008525	6.03630499999999
vinm1237	1.55128109701	1.45198721711028	-1.32733575	4.48602575
voti1245	-0.199579589945	2.60761619198776	-5.56840525	4.83565275
vunj1238	1.552926980245	2.262080888148	-2.57140975	6.299974
vure1239	2.64331350473	2.16315262283881	-1.00244875	7.2579625
vwan1235	1.03216891951015	2.08219823550623	-2.67969875	5.3325405
wage1238	-0.09810939047	2.67264403148997	-5.69125425	5.089065
waig1244	2.14759863707	2.3831607985117	-2.03723725	7.34113375
waim1251	-4.0884092434	2.12299509968091	-8.6078125	-0.3516005
waim1252	1.20484541054	2.01789536931569	-2.50985025	5.479144
waiw1244	-0.12377237478	2.7154533980487	-5.625557	5.2446755
waja1257	-0.244283362525	2.6675496706361	-5.87660275	4.834755
waka1274	-0.358357548873	2.64035348668888	-5.7399475	4.78714425
wala1266	2.660517448475	1.98829664733013	-0.882818825	6.776352
wall1257	1.045091372935	2.08383734377847	-2.7512935	5.38105099999999
wamb1257	-1.020286264575	2.55151364360193	-6.33864875	3.65773425
wand1267	0.1931310825545	1.78513524552245	-3.398691	3.634818
wand1278	0.6327230867	1.79321709746877	-2.867765	4.311445
waor1240	-0.006962894945	2.77697672997148	-5.62986975	5.449162
wara1294	-1.81640948919	2.40519208591404	-6.9939515	2.7511285
wara1303	-0.03803666684	2.81392138394543	-5.615634	5.66979825
ware1253	1.113284810525	2.20846699160565	-3.00106525	5.65880174999999
ware1255	-0.232133727487	2.65950193463287	-5.559903	4.910653
wari1268	4.29315104765	2.56114583570982	-0.366446425	9.44280125
warj1242	-4.2576156884	2.14597612521669	-8.98117425	-0.490544575
warr1255	-0.375140580197	2.65321418987241	-5.61028925	4.625623
waru1265	-0.261924666822	2.71699387770905	-5.77223225	5.14103275
wawa1246	1.292733794952	2.16377721575888	-2.7694555	5.72884725
waya1269	-0.066009929975	2.65778919111336	-5.30516875	5.558715
wayu1241	-0.94731143347	2.58978944685218	-6.3224405	3.810964
wayu1243	-0.1053624949605	2.79201756307642	-5.83205125	5.26692325
wels1247	3.72455685546	2.37825869706875	-0.569122925	8.48224624999999
west2354	-0.393226929703	2.78389313393605	-6.32191675	4.81748175
west2369	-0.30833810783	2.81136010583265	-6.160815	5.217631
west2396	1.311840677495	2.32340014638689	-3.090682	6.1424385
west2397	1.808176060615	2.56024235385787	-2.8519425	7.312553
west2415	-0.710105613665	2.6181318425285	-6.086598	4.31564025
west2418	-0.876926816254	2.63086583125834	-6.3459385	4.08094925
west2430	3.574824452855	2.30097134483149	-0.70621605	8.493931
west2466	-1.655354825145	1.87115590542459	-5.263254	2.050954
west2516	1.90046199342	2.15501239512908	-1.80495375	6.89033825
west2519	1.637970600255	2.15447904473616	-2.3416985	6.440919
west2548	-1.799710499455	1.9916801305879	-5.88371525	1.8669765
west2557	2.1149406726075	2.15276746686094	-1.847555	6.625754
west2560	0.6537679316045	1.87229289188369	-2.829205	4.28323449999999
west2594	-1.365908335642	2.32544270359814	-6.3218375	3.11911099999999
west2600	3.37326701775	2.42028079642549	-0.94674595	8.6758295
west2618	-0.2517340161	2.57958849331406	-5.59888575	4.55787325
west2632	-0.363158990119	2.50271212238726	-5.3903455	4.69363225
west2635	2.913138444445	2.24668202863828	-1.30597175	7.46711149999999
west2644	3.980926695425	2.36056965352768	-0.41700375	8.899574
west2650	2.501003720175	2.19417451520023	-1.602559	7.06984775
west2763	2.24063341558	2.00974008069899	-1.559716	6.43365725
west2778	-0.325960534475	2.65441165220674	-5.727386	4.84000674999999
whit1269	2.23608824945	1.85422378767131	-1.31891325	5.965835
wikm1247	3.42023108575	2.32798656237851	-0.963970475	8.0797525
wiru1244	0.2470090322	2.17992937886305	-4.13047625	4.5435865
woii1237	1.243837090565	2.09268737594109	-2.6839195	5.7142505
wola1242	-1.93224417993535	2.49608558495976	-6.970964	2.7692675
wola1253	-1.188340986775	2.53016877465376	-6.21455275	3.43064825
wole1240	1.182647169696	2.3572628082164	-3.1171495	6.423246
wood1236	-0.0952972283184	2.66550732147943	-5.504873	4.930094
wotu1240	1.34763415015	2.18368033608946	-2.64512875	6.07260475
wuch1236	-0.179287032558	2.76873256188455	-5.84915875	4.889802
wudi1238	0.332212012215	2.5829034518689	-4.78407075	5.27495174999999
wusa1235	0.47084945416709	2.56440254982863	-4.6722685	5.55382425
wutu1241	-0.27635886957	2.64985080436992	-5.80532775	4.72854199999999
wuvu1239	-1.9223035193345	2.05567962646224	-6.27519025	1.8915685
xamt1239	-1.47545567895	2.32136354448085	-6.45451175	2.60755375
xara1244	1.2364339134885	1.82182359184432	-2.2408975	5.1847135
xava1240	-0.0559409656511	2.68088761176188	-5.67362075	5.179207
xhos1239	-2.002108885005	2.24340340068089	-6.866589	2.07020624999999
xish1235	2.354209044	2.4655322655439	-2.164232	7.11802099999999
xokl1240	-0.22550637828	2.6664523405259	-5.774415	5.09921
yaak1241	2.73178081028395	2.23533118070469	-1.07799725	7.73489924999999
yaey1239	-0.110342008495	2.73266393902199	-5.642652	4.89998174999999
yagu1244	-0.079907640415	2.64480192272014	-5.478677	5.141915
yaka1272	-1.8761760888655	2.08473684247223	-6.2322525	2.118597
yaka1277	1.94851188441	2.28209796060232	-2.232678	6.6593275
yaki1237	-0.63719699238	2.72356675667536	-6.2351595	4.6822165
yakk1236	-1.054456701731	2.50950566580026	-6.541961	3.68684125
yako1252	2.028075533586	2.36023962746532	-2.28434	7.16246775
yaku1245	-0.107903424303	2.84855171991341	-5.83005175	5.402499
yale1246	0.564178321672	2.09378809953604	-3.87991775	4.58039825
yama1264	-0.062043764944	2.7745042773224	-5.6976965	5.0955345
yami1254	-2.3496552674	2.27198607299476	-7.0895845	1.75242999999999
yami1256	-0.135327462376	2.67300795646074	-5.609716	4.9846495
yamp1242	-1.024013912745	2.57214416473742	-6.3270885	3.942994
yand1253	-0.3009010494475	2.64427820880724	-6.012748	4.65081675
yane1238	-0.20726552313	2.67956683223811	-5.395048	4.80967125
yank1247	-0.186194066525	2.72707942449171	-5.54963325	5.174473
yano1261	-0.12163753553	2.76379599860862	-5.97032425	5.195788
yano1262	-0.00795046497	2.65506563911936	-5.269375	5.35946149999999
yaoo1241	1.396143654535	2.31285035285008	-2.841265	6.25069625
yape1248	0.525929511385	2.16137133886255	-3.62932475	5.31661075
yapu1240	1.8594413292495	1.97757494704726	-1.87926875	6.157636
yaqu1251	-0.3533826300405	2.73595354452731	-5.98670625	4.63628049999999
yare1248	-4.110767923865	2.33908827583946	-9.2262785	-0.182151125
yasa1242	1.75420036485	2.27248186408397	-2.47423775	6.5857075
yatz1235	3.2381453480145	2.23504373001977	-0.90369975	7.90180925
yaul1241	-1.2191358905845	2.1602678836024	-5.59703075	2.89093775
yaum1237	0.252275286855	1.56224521619037	-2.6513845	3.405735
yawa1260	-0.1476879489385	2.79315568195089	-5.91515925	5.12428625
yawu1244	-0.648526955785	2.46101097995937	-5.71408625	4.327536
yele1255	0.3872805334255	2.31551826428397	-4.05221925	4.76339999999999
yems1235	-1.773854374705	2.42014232075974	-6.61682375	2.62014349999999
yidi1250	-0.3490569569565	2.62041976521999	-5.77489575	4.76778425
yind1247	-0.31892835077	2.49832242750681	-5.48389525	4.5112805
yoga1237	-2.5401270356755	1.93231436542505	-6.652141	1.0381065
yona1241	-0.021138684315	2.58471727835603	-5.07906625	5.10396825
yong1280	-1.309947759119	2.56038315315879	-6.55966175	3.51334575
yora1241	-0.12364839264	2.68765754576171	-5.51377	5.10826849999999
youl1235	-0.29768497955	2.10998148949961	-4.4373775	3.91474349999999
youn1235	1.183275653845	2.42115757055785	-3.5814035	5.99825575
yuca1254	-0.054594619768	2.43178407161419	-5.02847675	4.68013625
yucu1253	-0.18066765004	2.66986761758013	-5.55078975	4.83936775
yuec1235	-1.223186858887	2.59681247043167	-6.36618225	3.991216
yulu1243	1.64842278533	2.40527405580442	-2.86661825	6.60737899999999
yura1255	-0.1466065529275	2.73682344924775	-5.7908925	5.004323
zaba1237	1.583412399142	1.95908698273664	-2.15822425	5.654026
zaca1241	0.5860635744681	2.36491636634835	-3.906191	5.33625674999999
zaca1242	3.835995608395	2.41626648428575	-0.450762975	8.75230325
zagh1240	-1.4366074724205	2.26266140486727	-6.35421525	2.78893375
zamb1245	2.184558123856	2.16551503549838	-1.5753075	6.86017474999999
zani1235	4.15143405645	2.34894432088101	-0.29439475	9.10474325
zarm1239	0.39081664952	2.48005745537059	-4.35067075	5.6007185
zaye1235	4.9645512099	2.25789123031353	0.89746735	9.92760799999999
zays1235	-2.3166191015335	2.39029739930152	-7.4825265	1.97414875
zenz1235	3.84457005781	2.27384764204221	-0.392307075	8.61651875
zinz1238	0.30199368634	2.30255448359888	-3.90205775	4.973419
zoog1238	3.304137983	2.23175685797999	-0.906986025	7.8831365
zulg1242	1.477965589605	1.75013311795446	-1.7066225	5.26245725
