Estimate	Est.Error	Q2.5	Q97.5
abad1241	-0.0024667796205	0.896086511143109	-1.82941525	1.74119825
abkh1244	0.382046286326	0.947512941341492	-1.288861	2.46895575
abua1245	-0.598194618273	0.952920840628217	-2.82684625	1.0744625
abun1252	0.0538393495735	0.973530284318862	-1.8780175	2.10102775
acha1249	-0.0766686692395	0.928958059707952	-2.07985775	1.77047525
acha1250	-0.766769439051	1.10709974294476	-3.4623195	1.06830325
achi1256	0.071387525204	0.96744609125465	-1.94829225	2.16838875
achi1257	0.1387757490758	0.907679845748757	-1.649766	2.05120575
achu1248	-0.062836172514	0.931056039650408	-2.0536815	1.861076
acol1236	-0.2785688439415	0.985868073484373	-2.38932675	1.5437525
adan1251	-0.3244032754294	0.901783943123544	-2.32434375	1.42736525
adon1237	-0.018189118762	0.862203127543972	-1.76161375	1.86964649999999
adze1240	0.2842295710679	0.817979316228279	-1.3218995	2.11352475
afad1236	0.515445089977	0.923899087162239	-1.148498	2.5576
afar1241	-0.381987580554	0.917608689470044	-2.4383625	1.34789825
aghe1239	0.0202750520397	0.890646365743383	-1.773331	1.85227325
aghu1255	0.489565076293	0.951246552262927	-1.15361	2.702935
agob1244	0.11756746078	0.935609712735661	-1.79916575	2.16153425
agus1235	0.1422535297929	0.907663358999948	-1.69026625	2.080599
aheu1239	-0.186242216835	0.961603085737963	-2.321418	1.7450235
ahin1234	0.2479458577585	0.846226826030138	-1.4219955	2.088369
aime1238	-0.30672611576915	0.94634068565896	-2.4977165	1.526733
ainu1240	0.16678157922605	0.962423441042106	-1.7385025	2.30754275
ajab1235	-0.2980248579335	0.988872966237806	-2.48788325	1.48222675
ajie1238	0.134666756041	0.910279220360828	-1.80837475	2.0200435
akei1237	0.70421607194705	0.919172806206875	-0.7849484	2.900382
akha1245	0.0089720700374	0.853326712687846	-1.793388	1.718902
akun1241	-0.531895655085	1.01472292679451	-2.828781	1.17186075
alab1237	-0.0015602761175	0.969577559109807	-1.96444825	2.0072635
alab1254	0.1302004344895	0.863159957828018	-1.51549175	1.9995935
alac1244	0.197856806677	0.943361018549864	-1.604976	2.211849
alag1248	-0.04854450839575	0.860250398921987	-1.8121605	1.6640815
alba1269	-0.51090985163	1.00974571213573	-2.7586295	1.2655715
aleu1260	0.045956197061	0.966705102509374	-1.943013	2.13327325
alor1247	-0.3957628566055	0.907449670535382	-2.35752175	1.2975185
aluk1238	0.303746462323	0.911153376990953	-1.39291875	2.36398925
amah1246	0.27439729765	0.920396925698035	-1.4442735	2.2723885
amam1246	-0.41948050456	0.893127311406927	-2.45841975	1.2255915
amap1240	-1.13878952783	1.10963676681137	-3.6267595	0.519597774999999
amar1272	0.670063743167	0.967512077021276	-0.854866925	2.9783905
amar1274	-0.1486566229791	1.01709253472499	-2.38760025	1.828969
amas1236	-0.1830082343285	0.966934257498314	-2.43137825	1.67030325
amdo1237	-0.0057160822092	0.949069126516869	-2.0157485	2.0284695
amii1238	0.1570577459675	0.955380244497792	-1.657523	2.19697175
amis1246	-0.4992957202235	0.946888570641716	-2.7304985	1.20010225
amri1238	0.2339383552745	0.898006612764505	-1.48445325	2.23120725
anei1239	-0.043893323725	0.886836349382791	-1.91332075	1.76532175
anfi1235	-0.2792480007455	0.958162783964706	-2.4876725	1.5353665
anga1288	0.5070589335185	0.843565762865274	-0.9790319	2.31792525
ango1257	-0.32884536007495	0.957377252613317	-2.395716	1.4929845
anuf1239	-0.270447057858	0.936919039221814	-2.41984075	1.5415425
anuu1241	-0.371206031316	0.926523775129251	-2.5454805	1.33570125
aona1235	0.4196277156205	0.839310237465555	-1.062753	2.32210125
aoua1234	-0.068562104587	0.990663015154791	-2.180856	1.9471985
apat1240	0.2108834862465	0.90476139636526	-1.59801425	2.24088275
apin1244	0.069282566222	1.02588475439878	-1.93529125	2.285283
apma1240	0.1365979129815	0.792773240246008	-1.4586715	1.73887025
apur1254	-0.11053322251335	0.975993628165492	-2.22754225	1.78860575
arak1252	0.717491692745	0.901229214272298	-0.734629675	2.83760475
arao1248	-0.02810713355085	0.905341491617238	-1.91654225	1.816432
arap1274	-0.010175434295	0.956896752660125	-1.99167275	1.9771815
araw1273	0.029463585669	0.988561305892131	-1.99802225	2.14453425
arbo1245	0.23982564743515	0.851765215760017	-1.340364	2.2363465
area1240	0.52718051323885	0.954886005463818	-1.104954	2.69966
aree1239	0.254287061517	0.968216302787971	-1.592306	2.4164095
argo1244	-0.495193555325	0.978953593504087	-2.7991215	1.140185
arop1242	-0.6520408457895	0.950194507117969	-2.79766875	1.009502
arop1243	0.76962928941035	0.980384368095523	-0.786897125	3.058331
aros1241	0.4030691394715	0.944377868049542	-1.306369	2.585997
arta1239	0.452319990315	0.87350175478767	-1.13811775	2.34907
ashe1272	0.3283844128598	0.952688926806337	-1.4209585	2.46749049999999
assi1247	0.00754195770507	0.978265028744058	-2.06777525	1.9436925
asur1254	-0.1750095798677	0.989939661694776	-2.34696975	1.80045149999999
atam1240	-0.2942639991365	0.917876448567387	-2.36559275	1.46323775
atay1247	-0.4418981811195	0.959021642688254	-2.6048265	1.271761
athp1241	0.6131988662845	0.938619231275628	-0.920741725	2.77605475
aton1241	-0.02957900208	0.914746913818446	-1.89729375	1.8661035
aulu1238	0.376209150961	0.817910696988348	-1.08969725	2.18290725
auuu1241	-0.9137287729955	1.01048348787761	-3.1430255	0.750134474999999
auye1238	-0.722033523566	0.9825652602966	-2.910002	0.969773149999997
avac1239	0.0536892016815	0.970593848902266	-1.934777	2.019803
avok1242	-0.1608368159195	0.909097102420102	-2.1467655	1.73441425
awad1243	0.197876770271	0.929250001376749	-1.585594	2.1826645
awad1244	0.8082396034785	0.967159651615863	-0.733633775	3.07660675
awap1236	-0.0178105064205	0.811488637751155	-1.75732325	1.60867125
awar1248	0.5181235790725	0.86101584124613	-0.9939551	2.4467105
awar1249	0.2076758226215	0.898712609866658	-1.58901175	2.11130724999999
awet1244	0.23575605664	1.02090871268145	-1.70327225	2.52357025
awji1241	0.1413885409871	0.971723575612864	-1.83755075	2.250758
awtu1239	-0.964941960897	1.02351472958155	-3.2536035	0.635523499999999
axam1237	0.358995608209	0.82166514466417	-1.208994	2.10401375
axiy1235	-0.25871818077	0.936964787401664	-2.28347075	1.54372975
ayac1239	0.282635796651	0.970240816629507	-1.65690725	2.4040945
ayiw1239	0.6391328115575	0.949909241447514	-0.91536405	2.83442375
baba1264	0.315093078955	0.902740978696271	-1.35846425	2.312605
baba1266	0.2601638941627	0.905245850337045	-1.47856725	2.2651915
babi1235	0.0573590687185	0.965412951768046	-1.850449	2.08932575
bada1257	0.25612796828475	0.916885305149581	-1.535085	2.24558825
bafa1247	0.1119452724345	0.886315179627082	-1.5857145	1.9656805
bafi1243	0.59217756459625	0.954517184881993	-0.985751025	2.71656
bafu1246	0.1191500903295	0.901172667656887	-1.6632675	1.99671025
baga1273	-0.230181894755	0.950911032301241	-2.3621035	1.64902625
bahi1252	-0.0381122053785	0.812002387112921	-1.70043325	1.66735425
bahn1262	-0.379539117003	1.01438941858409	-2.61691425	1.4540165
baik1238	-0.557610990561	0.946633876941399	-2.7068115	1.130916
baim1244	-0.01595330527725	0.960766394078013	-2.065354	1.91982625
baki1244	0.32857337841245	0.7868605768923	-1.17728175	1.9649345
bala1311	-0.271011140208	0.959982980416251	-2.459969	1.4361135
bala1315	0.3305116908065	0.990632047778124	-1.39131525	2.55412725
bala1316	0.3901489876815	0.980690284540524	-1.41639625	2.673749
bali1278	0.307866859439	0.988844080072815	-1.47949925	2.55762075
balo1261	-0.108777442514	0.932364706900156	-2.15175775	1.70004375
balu1257	0.386375669738	0.993475773125836	-1.42337875	2.71569475
bamu1253	0.517408936912	0.968061567460663	-1.162675	2.81042675
band1344	-0.2471048824165	0.946340069673721	-2.353776	1.5754895
bang1369	0.000385200785699999	0.919844232050606	-1.858853	1.90025625
bant1281	0.538609668885	0.911913957123524	-0.89546015	2.633543
bara1357	-0.4067136232985	0.90517916354571	-2.32132725	1.346306
bara1369	0.14924127864425	0.943979538511694	-1.72157925	2.045748
bare1276	0.1030199136035	0.926198031508527	-1.751742	2.151887
barg1252	0.677596240765	0.960212026041981	-0.92364555	2.86708475
bari1286	0.6696262169267	0.971006606961342	-0.866963375	2.981544
baro1253	0.488803751825	0.950223142318531	-1.1647645	2.69311025
bash1264	0.01708248738885	0.936848701821349	-1.93000475	1.98485724999999
basq1248	-0.2920483520614	0.982242291572574	-2.45003675	1.558747
bata1285	-0.2080757456805	0.969664853036287	-2.32159375	1.647305
baur1253	0.21078452484	0.981279885284694	-1.76240375	2.388014
bawm1236	0.0477982973715	0.846396924850151	-1.5864705	1.9428495
bayb1234	-0.1679728387182	0.964837962443311	-2.3708485	1.74069375
bebe1248	0.0368196999725	0.95069714693614	-1.8911125	2.0673785
beem1239	-0.1172507965595	1.01690420755789	-2.3527595	1.976263
beka1241	-0.0458202676925	0.909331919507227	-1.955816	1.7966425
bekw1241	0.013152729418	0.949801233541063	-1.9698835	2.01036475
bekw1242	0.590962506939	1.00566217685312	-1.0947955	2.9084625
bela1254	-0.11954664110115	0.964199830252908	-2.164454	1.82311075
belh1239	0.642177689549	0.931396845843061	-0.8667447	2.824111
bell1243	0.05834012766395	0.928457607161902	-1.81528325	2.0371835
beng1282	-0.2058090266925	0.965375408235368	-2.3587375	1.628124
bert1248	-0.01132773382	0.933117052539095	-1.9437025	1.8926625
bhoj1244	-0.236626220224	0.929539552783509	-2.23910875	1.61057375
biaf1240	-0.29556763463	0.961683557577159	-2.3860225	1.51366125
bian1252	-0.4261015453504	0.862667526642522	-2.40000975	1.0576505
biao1253	-0.092164191042	0.961063942664522	-2.122192	1.7866485
biao1254	-0.1047487708095	0.952503112735549	-2.193292	1.7645885
biao1256	-0.080139515026	1.0053036183903	-2.344393	1.957018
bier1244	0.32734973506525	0.783703615799959	-1.14709675	1.95313075
bign1238	0.5901631940821	0.856921544614506	-0.8590354	2.52876575
biha1246	-0.589637869161	0.959237328253389	-2.8466555	1.03505499999999
bila1255	-0.194015865342195	0.910969377075311	-2.26736525	1.5382345
bilb1241	0.7048387131555	0.955038848746719	-0.8893358	2.82832949999999
bimi1240	-0.941285507662	1.04262984945669	-3.37568075	0.717014674999999
bina1277	-0.307211696075	0.887942411664078	-2.26471525	1.2904465
bini1246	-0.1862132094515	0.934192533957369	-2.18657275	1.62957825
bisu1244	0.293015052778	0.89041712819037	-1.363876	2.288017
biwa1243	-0.2275771983845	0.905455419308828	-2.1527715	1.53893075
blab1237	-0.0551056489697	0.850098334190885	-1.876261	1.64888475
blan1242	0.694610976165	1.02331995461507	-1.0174745	3.0719595
bobo1255	0.282183786445	0.948236431538735	-1.47737425	2.37546375
bodo1269	0.2057405273235	0.870291391130343	-1.51531325	2.04599425
boht1238	0.168510577928	1.00979402106292	-1.77048775	2.4129185
bola1250	0.5419232641195	0.970995817146924	-1.17149875	2.81336525
boly1239	-0.1812914966485	0.980860860394354	-2.218927	1.66742925
bomb1262	-0.1929908115528	0.951265499014464	-2.31965175	1.665486
bomk1234	0.15539100887	0.882525201957395	-1.58024975	2.0600405
bond1247	0.517206444259	0.993482975007081	-1.21911025	2.7665185
bong1289	-0.395218661691	1.02108192908671	-2.7004035	1.42974725
bora1263	-0.0007721293835	0.950357193960622	-1.974526	1.94493125
bori1243	0.3519736462175	0.881244643305162	-1.29159925	2.464517
boro1277	-0.19964574303305	0.948041042901532	-2.282444	1.5766215
boro1282	0.090950235735	1.02399511554366	-1.869285	2.2825795
boto1242	-0.25443947993935	0.904945120638346	-2.231977	1.45572225
boun1243	-0.175904354103	0.940102182164718	-2.08096025	1.6833175
boun1245	-0.52481298515065	0.883851449158429	-2.47969325	1.07064125
bret1244	-0.13533555553	0.979631943886226	-2.30552725	1.84592375
bube1242	-0.1189708139735	0.95414404971775	-2.1110105	1.88850425
bubi1250	-0.204066272467	0.972321904249812	-2.37199375	1.65752325
budu1265	0.196096303636	0.919097088195974	-1.61520975	2.15018075
budz1238	-0.248943506795	0.986185896224284	-2.450301	1.7082185
buga1247	-0.191558312787159	0.990981043044753	-2.4471285	1.839696
buga1250	0.1058969544727	0.837462442349901	-1.64947575	1.8422865
bugh1239	0.19467529662435	0.874019687898722	-1.540159	2.05417075
bugi1244	0.3426864595565	0.970446331284883	-1.4551135	2.50215474999999
buhu1237	0.20724016797135	0.956169292175844	-1.622413	2.28588
bujh1238	-0.331315901194	0.932806893917544	-2.416776	1.4416375
bulo1242	-0.3695187105945	0.988382842583413	-2.5811635	1.4462805
bulu1251	0.396944125719765	0.921124626064008	-1.26252425	2.59789475
bumt1240	-0.0997889570205	0.913749198850135	-2.16479775	1.68670125
bund1253	-0.0897092164252	0.955462308656882	-2.01153975	1.95733325
bura1292	0.343144338824	0.8392542913686	-1.2207555	2.22121125
bure1242	0.326400578143	0.834898484210362	-1.25111925	2.2157655
burj1242	0.2276224254	0.939728268008535	-1.613102	2.421721
buru1320	-0.1458619335675	0.894178041533785	-2.07696575	1.5327895
busa1253	-0.23269208827435	0.930393840640192	-2.3457625	1.542573
buwa1243	0.0842908206605	0.839099801724934	-1.643404	1.8595535
bwai1242	0.3044149172645	0.976483736606219	-1.499275	2.51655975
bwat1240	0.1887459390725	0.915658363682695	-1.65736775	2.223876
byan1241	-0.010923866157	0.991848584666247	-2.13555825	2.028146
caac1237	0.3782546103875	0.972243692922731	-1.3678705	2.533704
cacu1241	-0.80020228708935	1.06250332985802	-3.2731645	0.9298812
cakf1236	0.4504590547824	0.89298650650175	-1.1323555	2.47528125
cald1236	-0.81655715785265	1.04255310731887	-3.15962575	0.864052999999998
caml1239	0.265886556685295	0.837174005540012	-1.26741675	2.0862755
camp1261	-0.1298088990645	1.00996630829443	-2.4317775	1.958631
cane1242	0.02301444845	0.991902812778658	-1.991581	2.03657025
caom1238	-0.118095966764	0.940182584358085	-2.167778	1.824278
capa1241	-0.3229947992985	0.989971372496462	-2.51402075	1.4669085
carn1240	0.6059395422505	1.01153275257063	-1.023416	2.928218
caro1242	0.185897970225	0.937398470986556	-1.65694275	2.23002074999999
cash1251	-0.0543073640236	0.937483269494807	-2.0964115	1.895197
cayu1262	0.3859190807075	1.00408006826027	-1.50117	2.6238475
cemu1238	0.272562952845	0.929779315209022	-1.64949025	2.31035375
cent1989	-0.302898823781	0.951875626554463	-2.38645725	1.47151375
cent1990	0.0947392345725	0.899202251515561	-1.75855575	2.082953
cent1992	-0.463225140443	0.98898439989837	-2.705581	1.19139
cent2004	0.2503860600288	0.961491987317307	-1.58784575	2.274403
cent2050	0.2387066376255	0.91348778239675	-1.5387735	2.24956325
cent2058	0.0925366079795	0.850965886932036	-1.681183	1.7989475
cent2084	0.01561178139075	0.88041349194126	-1.8995245	1.93103225
cent2087	-0.4683047495205	0.990439536362427	-2.77161425	1.236852
cent2090	-0.1929153185015	0.935222893290204	-2.2332235	1.60471749999999
cent2126	-0.26455830834585	1.034729828483	-2.50688875	1.66163475
cent2127	0.027470106765	0.933117574690118	-1.94371175	2.035653
cent2131	0.1361143552696	0.951132511143764	-1.6619145	2.1994675
cent2140	0.124491951793	0.945811254103827	-1.80293125	2.20755225
cent2142	0.151044493162	0.952853199149725	-1.75744475	2.15786525
cent2292	0.4912248963915	0.923241301375528	-1.15176125	2.52936675
cent2314	-0.22135877575375	0.936287212477859	-2.24639625	1.70686475
cent2322	0.0867107301426	0.910123823605582	-1.72105825	2.0201875
chac1251	0.405836263424	0.909890000704697	-1.29225925	2.45389675
chak1270	-0.303132672308	0.947526824049701	-2.412068	1.47540275
chak1271	-0.295591088345	0.950788545661294	-2.45683275	1.45283425
chal1275	0.1980292077005	0.953110256168984	-1.61925125	2.25423525
cham1312	0.270822748638	0.979723730928902	-1.43751575	2.4964805
cham1315	0.1303208150355	0.976326670902284	-1.7059255	2.2086275
chan1313	0.41391301056875	0.875485081130164	-1.2435345	2.327957
char1269	0.054098750524	0.895882297366114	-1.713791	2.05779975
chas1234	0.350907169781	0.967808463279108	-1.5926225	2.34438775
chek1238	0.04166082367	0.857425546457218	-1.78266725	1.805413
chen1255	-0.06052440251885	0.961496722327262	-2.1424095	1.9027585
chep1245	-0.4516106939855	0.899959403842179	-2.60809925	1.1525035
cher1273	0.0256157599685	0.961889842777714	-1.8639505	1.9400615
chic1270	0.03416368895	0.95977450831369	-1.89821875	2.07678125
chil1280	0.07567700671	1.00819213267895	-1.9907695	2.11984275
chin1286	-0.095785131522	0.950154216210011	-2.1343635	1.82241475
chip1241	0.05199116982035	0.980804177090921	-1.9502505	2.097063
chip1261	0.0250418292224	1.00899970241287	-2.0896415	2.23369225
chiq1248	0.11150722123885	0.991340972323149	-1.8121165	2.21817275
choc1276	0.0104751552479	0.984125989764439	-2.01484475	2.09661899999999
chon1284	-0.2446933054595	0.955971654512523	-2.40935525	1.6120785
chot1239	0.964229193902	0.987950577899163	-0.45763005	3.242381
chra1242	-0.258911922676	0.973448319074781	-2.44958975	1.67526825
chug1252	-0.0993474075565	0.932703428822644	-2.098915	1.7510295
chuj1250	0.151191643998	0.95333832496503	-1.87168425	2.194205
chuk1273	-0.21741113499913	0.949895963851406	-2.29030275	1.513079
chuu1238	0.12524953027285	0.938850783535908	-1.797744	2.172065
chuv1255	0.2437690583645	0.934756555803339	-1.61561575	2.28529025
chuw1238	-0.2199996568819	0.928235368644109	-2.26725625	1.6000955
cici1237	-0.203588211627	0.920318992587719	-2.26706175	1.60950875
coat1243	-0.345135334071	0.909439752378312	-2.3482435	1.34229825
coca1259	0.0616964664945	0.987033976857221	-1.88924975	2.18140925
coeu1236	0.007917144925	0.945048567390357	-1.92435275	1.96287475
cofa1242	-0.6988442526682	1.02714154619958	-3.22863675	0.964303274999998
cogu1240	-0.262611947967	0.982886041408931	-2.51930675	1.555607
colu1241	0.0072040096535	1.05182378676702	-2.29232525	2.2249705
coma1245	-0.4141000409465	0.945377061253985	-2.55208525	1.20630975
como1259	0.0695882318356	0.971046460431202	-1.95314325	2.06506025
cori1240	0.46843490521565	0.928475296394748	-1.15592825	2.5878825
cosa1234	-0.1370356200765	0.897646180544359	-2.050127	1.67705725
cota1241	0.222505564739905	0.838357674592752	-1.440257	2.01060525
cree1270	0.008696805657	0.997947975870268	-2.16179975	2.16866125
crim1257	0.027038614245	0.949482534752682	-1.8498935	2.027635
crow1244	0.028500629135	0.985173727093361	-1.90581175	2.03915675
cube1242	-0.672401608022	1.02573830502469	-2.92711175	1.08506475
culi1244	-0.354897255324	0.963135821993352	-2.63910225	1.36778975
cusc1236	0.206505644365	0.892049916350993	-1.52231025	2.10370775
czec1258	-0.123531154477933	0.98414613934316	-2.39591825	1.80912775
daai1236	-0.509952017504	0.948101222455781	-2.591557	1.1227585
daas1238	0.298278976677	0.945584826141875	-1.3722485	2.484634
dagb1246	-0.3079402707695	0.980083421131595	-2.46815825	1.650618
dagi1241	0.3318301422865	1.01355848217484	-1.5687005	2.70819075
daka1243	0.2460179988	0.793410427168335	-1.30337325	1.9999145
damp1237	-0.1012349393665	0.92525740647626	-2.04509325	1.7097235
dand1238	-0.1292248203635	0.981057255171385	-2.2113005	1.87701125
dani1285	-0.08042467751105	0.923434972115943	-1.95804175	1.76717425
darl1243	0.58581967769585	1.06004303282309	-1.17839425	3.080515
dawr1236	0.06550324083	0.906493293702352	-1.720362	2.0094275
daza1242	-0.0362343096733	0.949125109196398	-2.07811925	1.888506
dege1246	-0.1692529950085	0.93868250556679	-2.11292775	1.832542
dera1248	0.7020861228735	0.886416745516899	-0.707004675	2.76008625
desa1247	-0.784935977715	1.08457268506753	-3.43646175	0.939591524999998
dhao1237	-0.4786323196995	0.881806189678995	-2.480329	1.1440255
dhim1246	0.0875161078425	0.863022814570367	-1.66678525	1.928575
dhuw1249	0.0259690248355	0.954933053509793	-1.89618675	2.0954255
diga1241	-0.13441053487775	0.953713087369107	-2.16943475	1.79173425
digo1243	0.6470835738655	0.983953337690764	-1.03956675	2.88471325
dima1251	0.463106933794	0.871483143493678	-1.038365	2.35106525
diri1252	-0.0876080413144	0.962454601374736	-2.0789435	1.7920555
djam1255	0.2393181754076	1.00046385624372	-1.70850825	2.6465595
djee1236	0.51351562769	0.998374310417254	-1.20862725	2.82732675
djeo1235	0.362808738868	0.970189406626329	-1.53379475	2.558833
dobe1238	-0.1761387499505	0.915649337858317	-2.1178455	1.6415965
dobu1241	0.310165134933	0.978749604191422	-1.5425025	2.516061
doma1260	-0.08960236179585	0.956307041906844	-2.20242675	1.84905675
domm1246	0.1140228007335	0.886076082265719	-1.5824535	2.01278125
doro1266	-0.464792249481	0.938062744594102	-2.5279975	1.28673825
drun1238	0.729628849957	0.99066457210887	-0.858111875	3.09204225
dual1243	0.0410709187948	0.910776342227137	-1.81676075	1.98377425
dumb1241	0.108950274322	0.900905453581106	-1.783411	1.94264825
dumi1241	0.21779513464	0.847384976636242	-1.44970275	2.09174375
duru1236	-0.137081735659	0.986045225009783	-2.2292395	1.7873305
dusn1237	0.07055800962665	0.937446728262406	-1.7361325	2.01798199999999
dutc1256	-0.052974776709	0.978024101859493	-2.2363875	1.934055
dyul1238	-0.024617610329	0.841527036011702	-1.7843625	1.60957175
dzao1238	-0.086018364012	1.04437417367512	-2.26628	1.87755125
dzon1239	-0.059691101188	0.963647939108985	-2.19396275	1.789224
east2328	0.2763381519927	0.930402592502562	-1.5635085	2.279842
east2342	0.0587349113705	0.903961329325142	-1.73014225	1.883209
east2379	-0.1240551756145	0.982920051362431	-2.16441525	1.88070625
east2443	0.26890071112415	0.823547659191924	-1.3091325	1.9941025
east2447	-0.2329866578685	0.924710701717892	-2.33540625	1.49194025
east2485	-0.380032824526	0.9439169874473	-2.50711775	1.3773975
east2516	-0.583185374495	0.914266843600145	-2.74170125	0.9882224
east2555	0.0781261454075	0.980977532460305	-1.8818905	2.1176535
east2556	0.363900536042	0.953808690449299	-1.36741575	2.4224575
east2690	0.16012226752185	0.926435394150388	-1.597686	2.24176825
east2773	-0.2339527400615	0.84661363048523	-2.0873815	1.39734575
east2782	-0.073939801132	0.950532617000986	-2.1872585	1.78786025
eipo1242	-0.4192735692905	0.963357181069645	-2.604944	1.33414625
ekar1243	-0.565246926408	0.939847235882605	-2.7509395	1.062513
elip1238	0.5061973464837	0.912902545519465	-1.084903	2.50957275
elna1235	0.10271622663365	1.00020546611564	-1.8902885	2.16019
emae1237	0.2672103453652	0.810417531386947	-1.29254225	1.9777365
emai1241	-0.1783021910725	0.942750225719009	-2.2625265	1.65406175
enap1235	-0.014557772321	0.927658773964588	-1.8109635	1.97851
enuu1235	-0.204501444887	0.929407227508907	-2.25303175	1.4945215
ersu1241	-0.292000731772	0.941759859506303	-2.38394725	1.3920335
erzy1239	0.1849342373515	0.964256425791361	-1.6753005	2.2674175
esee1248	0.0165063424805	0.89706374550527	-1.8919345	1.957383
esim1238	-0.0404738293186	0.870389198454633	-1.84332375	1.68930875
esto1258	-0.680506539009	0.968216536451016	-2.89488125	0.903250274999999
even1259	0.078011832572	0.973340311792919	-1.86843675	2.19973875
even1260	0.042062098872	0.991471874921734	-2.00376575	1.9653305
fait1240	0.480606471687	0.924072654844569	-1.17449775	2.56841375
fala1243	0.08737456960475	0.873950892935668	-1.73608725	1.931791
fare1241	-0.269855746265	1.01330802486472	-2.4403535	1.64245725
faro1244	-0.05866484001	0.945195704894277	-2.0659075	1.82874725
fass1245	-0.804060418513	1.01689868207887	-3.10669475	0.770321699999998
fasu1242	-0.4825009470415	0.992951070569955	-2.726559	1.299167
fiji1243	0.4732116009055	0.955900535923286	-1.21138425	2.647845
fili1244	-0.4759921599015	1.01596032874418	-2.723373	1.362216
filo1235	0.327294766398	0.952050168537402	-1.46283	2.50483725
finn1318	0.240617090916	0.988719712328504	-1.609371	2.407009
fonn1241	-0.2988721881785	0.989857683808583	-2.5774225	1.50563875
fore1265	0.0635726680485	0.933762357771226	-1.85795375	2.0565345
fran1266	0.175820349107	0.944047207737124	-1.663428	2.23186
fuln1247	-0.4403273148635	1.03254678542892	-2.7722255	1.41567825
furr1244	-0.1155581668645	0.994321452022654	-2.3806155	1.89489674999999
furu1242	-0.1623280837425	0.944641226083051	-2.0496375	1.69752425
futu1245	-0.183743218285	0.861252320073247	-2.0494045	1.4881285
fuyu1242	-0.18419735736585	0.90467039695182	-2.1407215	1.59000225
gaaa1244	-0.210211628925	0.940924626690507	-2.199378	1.601318
gaaa1245	0.81877202124	0.944655242242107	-0.64771685	2.9628555
gaan1243	0.266669027715	0.829770939932294	-1.3061105	2.0419065
gade1242	0.09755215256715	0.870635653487581	-1.65632	1.9288385
gaga1249	0.028703255348	1.02026707353197	-2.00971575	2.24133675
gahr1239	-0.109120767503	0.956718555801883	-2.1872585	1.76215125
gala1264	0.5651492217165	0.873615139331191	-0.913225325	2.56574575
gale1259	0.297114035727	0.972923901854974	-1.51348175	2.551391
gali1258	-0.07059230107	0.982489434484649	-2.17148625	1.8727035
gali1262	0.073724491284	1.02271615279617	-1.9284085	2.38488125
galo1242	0.1375406821145	0.866542443743929	-1.68723425	1.9411295
gami1243	-0.12854525819	0.976160301448086	-2.35854875	1.7763775
gamo1243	0.1002745784328	0.891207909006149	-1.71693425	1.954376
gang1266	0.9704939384105	0.991780626886948	-0.46335365	3.22713825
gant1244	0.1645563915425	0.866412458763496	-1.52507975	2.01048875
gapa1238	0.210881212473	0.95428657362727	-1.67266775	2.340149
garo1247	-0.06372417419	0.91764883302381	-2.02478475	1.8031195
gayo1244	-0.154216271699	0.88384793499706	-2.15663525	1.57036725
geba1237	0.491891504964	0.950853496299192	-1.15898325	2.61301675
gebe1237	0.299629024176	0.971183533473839	-1.6013575	2.50308825
geda1237	0.71143008638395	0.958771884362965	-0.88491935	2.88190025
gela1263	0.4971298551265	0.922835982682631	-1.08792025	2.630886
ghan1242	0.1356979229685	0.958959314448837	-1.74538175	2.33019025
ghar1239	0.507167149486825	0.937284591615987	-1.148966	2.56809125
gheg1238	-0.29544194623755	0.937176355063697	-2.35660875	1.43624449999999
gilb1244	0.1339733294955	0.962746527752466	-1.794173	2.335546
gily1242	0.20664971611435	0.956586740856447	-1.64018925	2.33475975
gira1247	0.532816076286	0.934956143052703	-1.13733825	2.681738
glav1244	0.27980962918825	0.854258049089193	-1.316641	2.2250875
gofa1235	0.0593398579395	0.903598564365256	-1.6772775	1.94597375
guah1255	0.0934271396992	0.985919390136673	-1.899864	2.3186595
guam1248	-0.3192505812635	1.00163735785411	-2.57359425	1.563682
guan1266	0.0749662659455	0.899801665565715	-1.780604	1.87628975
guan1269	-0.7708412830305	1.05112808235599	-3.24743175	0.902992424999999
guat1253	0.1451663049865	0.981538258757573	-1.795907	2.31612699999999
gube1234	-0.1183268500775	0.952298309661506	-2.091701	1.782404
gude1246	0.2595978027415	0.82666735797084	-1.33782625	2.15003725
guer1241	0.1778608457955	0.952215376097175	-1.75206975	2.1663855
guer1243	0.007373860175	0.882657802539698	-1.7994815	1.76989275
guhu1244	-0.3652563265355	0.907564029504754	-2.29428875	1.17471475
guiq1238	-0.191847603207	0.95137601050952	-2.27264375	1.63180775
guma1254	0.313928067216	0.980727964243127	-1.47635075	2.4819635
gunw1252	0.37309537293275	0.962958094092206	-1.4141625	2.50111825
guny1241	-0.1190575234201	0.92628739783035	-2.14586325	1.794226
guru1261	-0.096490498603	0.817421710802934	-1.7917705	1.5027295
guru1271	0.696245198815	0.906755913096043	-0.755953775	2.74154825
gusi1247	-0.1244853156692	0.94377139373016	-2.2435745	1.8102245
gwen1239	0.0219643801525	0.924815770663327	-1.818052	1.866524
gyel1242	-0.0979622210205	0.986864289092187	-2.303916	1.8738425
haaa1252	-0.225746966587	0.990863848166202	-2.50343875	1.6785535
hadi1240	0.288053343138	0.867742190186154	-1.320835	2.13308775
hadz1240	-0.251809727288	0.939939954744884	-2.31066475	1.4752505
haka1240	0.3234025920155	0.944897671613227	-1.29369225	2.50199775
halh1238	0.20016899769185	0.976331454003464	-1.611124	2.3913705
hali1244	0.42387845101865	0.919156142550453	-1.174141	2.58278125
halk1245	0.053421531369	0.955414643233863	-1.840589	2.16499175
hame1242	0.1927508306945	0.841372318795562	-1.42897675	2.1297045
hang1263	-0.764103166726	1.01962306310036	-3.05937375	0.899137
hani1248	-0.19964899923275	0.917271122193562	-2.1179555	1.550485
hano1246	0.1479393074595	0.805648171292044	-1.4964615	1.8083475
haru1245	-0.08124505768985	0.842773964653314	-1.82842225	1.7074825
hava1248	0.10838388812	0.93758430646847	-1.8398115	2.2087275
hawa1245	-0.2027822460565	0.981791254149107	-2.350496	1.6596375
hehe1240	-0.0350777736137	0.963744832080825	-2.030854	1.90241999999999
hela1238	-0.388766849315	0.900022788858707	-2.310495	1.3361685
here1253	-0.08489228015645	0.942670090039105	-2.2007195	1.75316325
hida1246	0.030150444055	0.972629882801869	-1.93998475	2.17620575
high1276	0.173154753427	0.953012784156677	-1.70443875	2.18098274999999
high1278	0.322849080622	0.952816943391656	-1.444831	2.44524925
hind1269	-0.1542586829325	0.961258687403225	-2.294099	1.75820625
hixk1239	0.0326355809065	0.994670082324853	-2.0052125	2.1271965
hoaa1235	-0.195902545196	0.991165459174261	-2.30968425	1.755869
hoav1238	0.11773672868778	0.93071155996107	-1.76454275	2.04135899999999
hone1235	1.047033603255	0.985066269584749	-0.460163875	3.2814905
honi1244	-0.21445758482815	0.918708383566495	-2.2628605	1.51002575
hopi1249	0.1627688834274	0.915334804512884	-1.612864	2.10316475
horp1239	-0.076730623874	0.918129025285223	-1.98892675	1.72424775
hote1245	-0.325445043333	0.836515665138029	-2.17076575	1.194913
huaa1248	-0.111833243173	1.02411930873434	-2.36654	1.882721
hual1241	0.2297521290545	0.936380268262017	-1.619324	2.1873575
huam1247	0.101211101684	0.970182791344396	-1.9133545	2.19648775
huar1255	0.1221349908625	0.959449259553513	-1.8705625	2.1032205
huas1242	0.24629084818655	1.00081754748509	-1.6499155	2.47609275
huic1243	0.090987132891	0.991080567792125	-1.92443675	2.11563925
hula1239	-0.498537619033	0.932016587880265	-2.46589525	1.222827
hula1244	0.132174667685	1.00546562966562	-1.8337765	2.28626475
hung1274	0.092888611213	0.959969023481977	-1.727389	2.1168035
hung1275	-0.156503790808	0.923900947848088	-2.11471625	1.6305605
hunz1247	-0.0626987381935	0.932591975168483	-2.1201055	1.86078825
huuu1240	0.0984294971895	0.87782188458154	-1.61076125	1.925427
iaai1238	0.0425256992795	0.899375777937968	-1.77524075	1.8834215
iatm1242	-0.57804348232345	0.965788170235536	-2.80535275	1.08816125
ibal1244	0.263242354518	0.849509548528856	-1.3700095	2.14821325
iban1264	-0.3011686787815	0.928055542773241	-2.41337725	1.385934
iban1267	0.353610825054	0.846902942943783	-1.3058205	2.18707125
ibat1238	-0.307843241035	0.944578382368485	-2.377351	1.44167975
icel1247	-0.0573453148285	0.994295689870627	-2.154091	2.00014725
idom1241	0.3345275716014	0.919132312878534	-1.33122975	2.38722
idun1242	0.2876260924355	0.966734777324976	-1.5840055	2.416375
ilaa1246	-0.0142618579235	0.909706198765481	-1.97280625	1.88418825
iliu1237	0.35587119063845	0.934704451202131	-1.3571115	2.456218
ilon1239	0.4479056220885	0.867317123534897	-1.13271875	2.31096725
imba1240	-0.8162310353605	1.03318996621003	-3.16680075	0.822800825
ingr1248	0.05702761050075	0.926274866278403	-1.724618	1.99801899999999
irar1238	0.2479546720395	0.954875795155569	-1.599552	2.376534
iris1253	0.614685706629	1.01530953950703	-1.101735	2.962138
irul1243	-0.0109671752195	0.976452564022685	-2.058384	2.0278785
isco1239	-0.331010123187	0.96375130766685	-2.48890875	1.47947649999999
isin1239	0.309121859385	0.839175481227256	-1.2148565	2.1601915
isir1237	-0.219266975815	0.911593861341945	-2.09991175	1.5450655
isna1241	-0.02729604103185	0.894562896775032	-1.89248675	1.769686
isth1240	0.202625917535	0.964975498249867	-1.56713875	2.34945775
isth1242	0.1944195816005	0.971469166280258	-1.53625125	2.25625775
ital1282	-0.107565468523	1.03862031486662	-2.37555975	1.837417
iton1250	0.3413093024735	0.992534823168196	-1.55921025	2.59184
itza1241	0.01458013276885	0.986632879766717	-2.00459725	2.02573974999999
iumi1238	-0.0854025926559	0.881561464822172	-1.95289275	1.74507675
ivat1242	-0.33894722043	0.979750617182043	-2.56621275	1.44022775
iwal1237	-0.3185521420225	0.844596285919279	-2.16094375	1.21101925
iyoo1238	0.744559722222	0.929550464170073	-0.7839225	2.933377
jalk1242	0.017476805705	0.887872371089619	-1.79999425	1.8832265
jama1261	-0.182850735319	0.985561866028839	-2.37877725	1.731154
jamb1236	0.36254176380554	0.96271805931925	-1.3897445	2.362347
japh1234	0.2344356367835	0.900944413553188	-1.4002175	2.29546275
jaru1254	-0.118379545438	0.977834537446222	-2.1356205	1.71628375
jenn1240	0.275639132625	0.945399465835881	-1.50896625	2.357307
jeru1240	-0.134858900858	0.818881084513266	-1.9305845	1.434548
jiba1237	1.3007173727478	1.08090014950352	-0.26601985	3.8445845
juku1254	0.05405343404685	0.857711124104492	-1.70211375	1.79701725
kaba1278	-0.120102082341	0.940888157089133	-2.15042625	1.70254125
kach1280	0.118781546071	0.976244345527225	-1.86845175	2.10625725
kach1284	0.2244428998455	0.923738060163682	-1.59241725	2.286485
kada1242	0.219243302526	0.903582109450453	-1.58486	2.1807085
kado1242	0.57414926591285	0.932748515255338	-1.000544075	2.72978225
kagu1239	0.157643924114	0.930414419079703	-1.763656	2.020653
kaik1246	0.2111729377275	0.894366851878065	-1.54597925	2.10108175
kaki1249	-0.5019368085285	0.976776294540024	-2.74216525	1.157562
kala1384	-0.126810588275	0.982123828492856	-2.20423775	1.7978465
kala1388	-0.330317644721	0.893372105670559	-2.32672525	1.3432635
kala1399	0.031067674369	0.938138304786073	-1.90150025	2.06707775
kama1370	0.38068824282	0.839445807420438	-1.1684795	2.23341825
kamb1297	-0.194157462125	0.962390086229704	-2.3302635	1.74577375
kamb1299	0.255785264591	0.945872404759518	-1.460565	2.41434475
kamm1249	0.889410309726	0.993030404887693	-0.62595205	3.242534
kamu1260	0.0318530227304	0.95926361799008	-1.97914425	2.028417
kana1291	0.011883175154	0.992905547250721	-1.963096	2.1902735
kani1286	0.225052524355	0.830312173438324	-1.37613475	2.06350575
kank1243	0.41740087517365	0.883164329431507	-1.12406025	2.381428
kapi1249	-0.224108311709	0.96760351510168	-2.3445735	1.6327555
kaqc1270	0.083970122255275	1.01984161984004	-1.87192025	2.31522475
kara1486	0.323555632908	0.892527740136447	-1.23110575	2.27652675
kara1487	0.30748334517715	0.844780210877946	-1.1799025	2.10405025
karb1241	0.3972964668745	0.87527527270888	-1.1728445	2.36750125
kare1335	0.19489373569175	0.989513750959421	-1.83054575	2.40398975
kare1338	-0.2077373926455	0.8728407289631	-2.14871775	1.5161395
kari1306	0.5131905984208	0.973170804877278	-1.2150075	2.66012024999999
kari1311	0.2032296996665	0.996770870507923	-1.73627325	2.3371065
kark1258	-0.955614798105	1.07788807795394	-3.46956875	0.705997575
karn1252	0.7100637632015	0.964456922208425	-0.866645075	3.00545775
karo1304	0.052473832593	1.00535193925728	-1.99724225	2.09338924999999
kash1277	-0.08837719404875	0.928945447658575	-2.064256	1.8297755
kask1239	0.0241304527855	1.02706807125929	-2.08315475	2.24713575
katb1237	0.457215857178	0.836379094236376	-1.025939	2.38414525
kats1235	-0.270995302109	0.936870050807668	-2.333134	1.545583
kava1241	-0.305123016361	0.913587293135068	-2.3102405	1.424844
kaya1315	0.49139525622345	0.973524852141581	-1.144669	2.6567285
keap1239	-0.47277997815	0.939142727554479	-2.524257	1.206702
keda1252	-0.3421364811145	0.892016285088353	-2.33231375	1.3376555
kele1258	0.3412656693051	1.00734298933301	-1.46884125	2.53964925
kemb1249	-0.451770338752902	0.950148802050079	-2.62766525	1.31341625
keme1240	0.1169764753025	0.893809203302234	-1.63806375	2.116449
kens1248	0.071356729523	0.966521154738371	-1.9351615	2.17496825
kenu1236	0.027642554155	0.975887324570466	-2.02397175	2.0763965
keoo1238	-0.102679497041	0.878526379941347	-1.99076575	1.58958875
kera1255	0.4318118928655	0.858913592334445	-1.13820325	2.39995625
kesa1244	0.6003714521578	0.9323098186323	-1.01406875	2.7792175
kett1243	0.0749419634695	0.973867688940728	-1.8931495	2.13735875
kgal1244	-0.114867286345	0.967478544904655	-2.1109985	1.84081725
khak1248	0.1373505533395	0.949905920610817	-1.71457	2.14190225
khal1275	0.65505961725	0.943847149134718	-0.855277225	3.020535
kham1282	-0.0184104490343	1.00921712061695	-2.142456	2.0114495
khan1277	0.422388055354	0.822039967518387	-1.01778675	2.2138455
khan1278	-0.076071037799	0.895449483099494	-1.94883475	1.83403425
khar1287	-0.177994200565	0.945864768374856	-2.118452	1.6786355
khar1288	0.695382640999	0.88337639233708	-0.67033265	2.71745625
khas1269	0.10281101916185	0.846378385181578	-1.54404475	1.90262675
khmu1256	-0.171172660807	0.931774922739	-2.152815	1.647887
kich1262	0.085562817341	1.02117439333164	-1.84736925	2.2998745
kile1243	0.172540344821	0.952298427504294	-1.63430975	2.21759575
kili1267	0.2726501156	1.03559156089831	-1.67081925	2.461219
kimm1245	-0.15456689833685	0.936305685521891	-2.15628025	1.709938
kinn1249	-0.0997747732695	0.966693938515005	-2.14466375	1.6755405
kiow1266	-0.1708595192416	0.967045611443489	-2.306252	1.69677075
koda1255	0.08343952369235	1.0170316051751	-2.0074335	2.28077575
koho1244	-0.4474165136	0.981604155549148	-2.68017	1.24569175
koit1244	-0.00129971702095	0.879667480359581	-1.7940755	1.8213435
koko1269	-0.0304752462145	0.869789581513161	-1.82941375	1.72172875
kola1285	-0.031446586318	0.958632941676394	-1.93893575	2.04802325
kolb1240	0.21423797878	0.899927356951829	-1.6188155	2.132833
kolc1235	0.03258685479405	0.920387765971694	-1.9217875	1.91818675
kolu1245	0.3136574237865	0.976173533451317	-1.50462975	2.519858
komb1274	0.3165415821155	0.920756613808146	-1.39641575	2.387751
komi1268	0.114845743894526	1.03110561387903	-1.92839675	2.280646
komi1270	0.7364993039352	0.923125270597059	-0.7454746	2.818812
komo1260	-0.23085700486	0.946394661745485	-2.47087925	1.52161325
kona1242	-0.78811019638	0.989500666412484	-3.0280525	0.865828024999999
konk1267	-0.0948948547135	0.982641493912891	-2.305954	1.86311625
kony1248	0.483457407805	0.910645239956578	-1.2199105	2.5317915
konz1239	-0.16061488654305	0.959293937820313	-2.113174	1.67877325
koon1245	0.0039556851575	0.959142952874226	-1.997271	1.98174125
koor1239	0.12611810872	0.884344389267474	-1.5462365	2.0507705
kore1280	-0.21675653354	0.957484746676087	-2.29329675	1.72233625
kore1283	0.0658981810075	0.913855812509991	-1.87854825	2.025028
koro1298	-0.0267691185259	0.957004833570523	-1.99678	1.982044
koro1313	0.21052015965	0.887648246639263	-1.5124275	2.196517
korr1238	-0.0296160727435	0.972973086935006	-2.0465845	2.039058
kosa1249	-0.360207764086	0.95182352060285	-2.520046	1.4769395
kosr1238	0.135810866596	0.969579190653483	-1.784988	2.24231025
kota1263	0.348812357357	0.947971254758253	-1.36428775	2.423895
kova1243	0.73134837352765	0.956952867732621	-0.791077525	2.96315225
kove1237	0.587261716985	0.954580857931208	-1.12830325	2.770541
koya1251	-0.120812633054	0.946423101444001	-2.207878	1.7184555
koys1242	0.23260519265605	0.948154593211003	-1.5703745	2.37252275
kuan1247	-0.03869313427445	1.01618666401014	-2.0806445	2.1636625
kuan1248	0.637853014993	1.03156253852421	-0.9953384	3.073751
kuik1246	0.238942830257	0.993742806975724	-1.56155675	2.39631825
kuku1273	-0.118793753945	0.933850223936007	-2.09783625	1.70449725
kulo1237	-0.476478992618	0.915990890881962	-2.561319	1.0728715
kulu1253	0.679742626156	0.948027098604028	-0.8291456	2.8689585
kuma1276	0.386700073206	0.970084605170528	-1.443377	2.54565
kumb1268	-0.1188601844045	0.935214989220745	-2.20911475	1.75740125
kunb1251	0.5289189137001	1.008069413126	-1.1938105	2.7774095
kuni1267	-0.377222757897	0.88977946652519	-2.34011975	1.20710425
kunj1245	-0.1714241388605	0.983558640961006	-2.40890575	1.82317075
kuot1243	0.3454873032685	0.879677085658543	-1.294462	2.27271375
kurr1243	-0.1258144518785	0.975668141934692	-2.2404495	1.86769075
kusa1251	0.1175417304575	0.924100882896129	-1.77120975	2.16140975
kusu1250	0.38039451687685	0.922757962029115	-1.24680475	2.4298775
kuyy1240	-0.2816321209315	0.984447319341638	-2.39447575	1.594704
kwai1243	0.522113047963	0.957861124025912	-1.11571525	2.7613535
kwam1252	-0.1575702622445	0.838061816481567	-1.94422525	1.47909025
kwar1239	0.5084782854654	0.946223788634187	-1.03661775	2.662912
kweg1241	0.1300649218393	0.845808154241445	-1.4495775	1.912253
kwin1241	0.2250804050045	0.951824830992539	-1.64707925	2.26378325
kwom1262	-0.887056998335	1.04304954613002	-3.21841425	0.746410224999999
kxoe1243	-0.10555525997	0.924045879252552	-2.1279995	1.77414725
kyer1238	-0.405304399891	0.921108705080047	-2.38689325	1.40676325
laal1242	0.3258847822965	0.969088071291778	-1.3963355	2.60430475
labe1239	0.583505793783	1.01482185998902	-1.157884	2.96234475
labo1244	0.4495310915785	0.840944107432165	-1.056714	2.3536185
labu1248	-0.1371169489765	0.818149639981657	-1.99396325	1.36931525
lafo1243	0.393382800905	1.01944278021833	-1.489958	2.6054545
lagw1237	0.594985270385	0.93830175603606	-1.003963	2.79210975
lahu1252	0.0040561411855	0.854932311105376	-1.7738445	1.706411
lahu1253	0.4986166980985	0.918413808913821	-1.1439395	2.554777
lala1268	-0.0421890313265	0.902416749134502	-1.871411	1.69943375
lama1277	0.081318710786	0.877340058300888	-1.6039785	2.0174065
lamb1269	-0.1175922592495	0.979922970833776	-2.34358525	1.830329
lamb1272	-0.131007005404	0.945205917485055	-2.15812375	1.78991275
lamb1273	0.365282723464	0.925734207181486	-1.31303025	2.38127675
lame1260	0.3195769623055	0.784586738553494	-1.19705	1.96798225
lamo1244	0.595102636808	0.967414793860652	-1.04519925	2.8007265
land1256	-0.302175216149	0.934433198550001	-2.45558275	1.3812845
lang1320	-0.053714152496	0.868564801093539	-1.8481015	1.68591824999999
lara1258	-0.083643901950355	0.941823578382224	-2.159463	1.80103425
lash1243	0.340315089118	0.952564505123679	-1.55032675	2.3690335
latv1249	-0.32437045969825	0.962617872763567	-2.372496	1.489573
lauu1247	0.439572889467	0.938730528112555	-1.2256845	2.582374
lave1248	-0.3379783147638	1.02538068052898	-2.52447875	1.6763335
lave1249	-0.3493245935905	0.971578948714868	-2.54084975	1.4331885
lavu1241	0.350854564987	0.945856752116253	-1.366047	2.53472425
lega1249	-0.205847183412	0.995049345377507	-2.394808	1.75862625
lele1267	0.1622024352267	0.804861009006075	-1.4675745	1.7860155
lele1270	0.339113651382	1.01570184770894	-1.5158745	2.58495125
lele1276	0.3348186454895	0.90628818934898	-1.358659	2.31431725
lemb1266	-0.373119954615	0.88340815318536	-2.24491675	1.3003275
leme1238	0.5181749588445	0.93469670636827	-1.04160025	2.71332175
lena1238	-0.21181317426	0.833335390346456	-2.044318	1.377323
lend1245	-0.241655391491	0.951467672176813	-2.353417	1.5861125
leng1259	0.574717475295875	0.958324199065869	-1.046504	2.76792925
lepc1244	0.096743380302	0.861464401022372	-1.652027	1.91592575
lese1243	-0.1369436222635	0.911939975056224	-2.10497125	1.7404555
leti1246	0.5817191144195	0.930188409222962	-0.9173749	2.76644399999999
lewo1242	0.3170469157265	0.812430086158291	-1.30731775	2.03618175
lewo1244	0.055304563604	0.881679462137284	-1.70906525	1.90485649999999
lezg1247	-0.0853584382445	0.940477969538713	-2.1917695	1.836505
lian1251	0.656887633392	0.882451800171606	-0.7675047	2.62942525
lihi1237	0.403735083791	0.963095746740414	-1.451079	2.69244025
liji1238	0.1790979618995	0.840691897927255	-1.4867215	1.936375
lill1248	0.0749765540465	1.01093068307956	-1.92516	2.2349765
limo1248	0.36994718667051	0.906448731190046	-1.4097325	2.3217315
lipo1242	-0.2058993804693	0.953777167398228	-2.2487875	1.621339
lish1245	0.2132847241445	0.961765315830484	-1.621419	2.2514855
lisu1250	0.800951659819	0.952467216743754	-0.75613545	2.881013
lith1251	-0.163435339965	1.03060919989449	-2.33149625	1.772375
litz1237	0.509194987425	0.840490658461209	-0.95886345	2.4277145
livv1243	0.178708387854	0.981580455822922	-1.665381	2.35243225
logo1259	-0.38112437949	0.969160967938221	-2.5786225	1.28304725
loka1252	-0.0368378756	0.915522820630864	-1.90312825	1.86730325
lolo1259	-0.1867657708135	0.957702368354874	-2.25140675	1.69076325
lomb1257	-0.102882217616665	0.988136790862981	-2.309013	1.9089155
long1395	0.5528653491255	0.955837156797625	-1.097869	2.69732175
loni1238	0.340477072772	1.00782506111095	-1.5392765	2.62185
lote1237	0.468414327613	1.00520885540723	-1.2591045	2.7826405
loth1237	0.3761010198931	0.82685998899774	-1.0999865	2.17543
louu1245	0.3782272484425	0.979301007792169	-1.355859	2.688111
lowl1260	0.0540103702245	0.8763797866771	-1.62024475	1.9456975
lowl1265	0.150357116151	0.987032815942698	-1.78450825	2.240746
luan1263	0.54698291659	0.909821976393563	-1.02048	2.6236405
lubu1243	0.48204805180085	0.941575029574712	-1.266354	2.55462525
ludi1246	-0.474385900126	0.994241808571111	-2.6756905	1.323101
lugb1240	-0.419708958635	0.964590623057111	-2.56559925	1.2720655
lugu1238	0.464013275082	0.955984970180546	-1.31531225	2.602528
lule1254	0.08454448306	0.965897503064221	-1.8310595	2.27099425
lumb1249	-0.085482204332	0.966870996290295	-2.1633355	1.865336
lumu1239	0.268017370795	1.01890753178479	-1.68315075	2.4403795
luok1236	-0.112329278602	0.917394530275838	-2.17574175	1.785538
lush1249	0.21976628840175	0.916927846049444	-1.49450225	2.23706175
lush1252	0.0076882024075	1.01340206396511	-2.08377775	2.0501525
lusi1240	0.6479681580419	0.956598475862251	-0.97064095	2.8868755
luva1239	0.45118597085	0.945202498558866	-1.16457075	2.60970425
luya1241	0.0743671427425	0.898653201984845	-1.7170925	1.9954235
maan1238	0.1344524447135	0.964876197645443	-1.843091	2.18640525
mace1250	-0.2386309298957	0.957537238203573	-2.3940715	1.53891825
macu1260	-0.652782802145	0.999539473026078	-2.9042955	0.990399575
mada1285	0.4427937509395	0.920756684846123	-1.20943625	2.46505625
madi1260	-0.4524531419101	0.983471003123522	-2.6417835	1.2706465
maee1241	0.600081558317	0.861126829453573	-0.8650965	2.57420025
mafe1237	0.6511351574065	0.880938258880063	-0.81984355	2.7508985
maga1260	-0.140780486825	0.954772892981975	-2.1167325	1.84936975
maib1239	0.23004960066	0.995469833041035	-1.659502	2.48128525
mais1250	-0.2397872416155	0.858005663395346	-2.13625425	1.47059
mait1250	-0.0630367210455	0.886024326998806	-2.017585	1.6914895
maja1242	-0.2643896361715	0.944494145974163	-2.3037305	1.598075
makc1235	-0.1231375236225	0.978941366034231	-2.290236	1.74330375
makh1266	-0.15513808854915	0.992706609303893	-2.33279425	1.718486
mako1251	-0.22747659543565	0.975277957771257	-2.428343	1.62889425
maku1277	0.575285509128	0.977865601208052	-0.994977425	2.7969595
mala1463	-0.040652766336	0.976296787266384	-2.077526	1.95451975
mala1464	-0.001129923424	0.997307229119567	-2.10411725	1.92589675
mala1479	0.74861982198065	1.00239545314443	-0.789244875	3.08065925
male1284	0.160317015122	0.853677578830001	-1.50477875	2.04654025
male1289	0.68408050709	0.95600481775819	-0.822990375	2.92626375
male1297	0.31198140904	0.993934811082794	-1.528025	2.55059075
malg1251	0.397423808949	0.923595857728417	-1.2658815	2.54750825
mali1285	0.199410390588	0.94610612527925	-1.6481815	2.2570015
malo1243	0.6853389459595	0.88248166112213	-0.74063705	2.702458
malu1245	0.627928810633235	0.871113911306643	-0.850719375	2.656794
mamb1294	0.4969243011075	0.860744844611433	-0.994773875	2.499449
mamb1296	-0.0815367302675	0.96685061331232	-2.21108125	1.94042475
mamm1241	0.095910472081	1.00027118571317	-1.92213	2.230312
mana1288	-0.06031725916	0.878759151461162	-1.8589505	1.756724
mana1295	0.289169855775	0.92609810930956	-1.4770685	2.29897524999999
mana1298	-0.823896392493	1.01700041283849	-3.128556	0.7928422
mand1415	-0.07197656347015	0.943318729295132	-2.0403025	1.869305
mand1440	0.3241587555765	0.922114856844773	-1.384151	2.4042505
mang1381	0.2269637037725	0.93417634355987	-1.53193325	2.2411255
mang1394	-0.067290112533	0.881213138189884	-1.94357125	1.66742525
mang1403	0.4874603381064	1.00365899711378	-1.173587	2.84279875
mang1404	-0.3412701365725	0.851806420624372	-2.3403355	1.15500275
mang1405	0.26290885179	0.892147159943402	-1.47513725	2.28108175
manm1238	0.1153309148025	0.889351535149593	-1.683182	1.99142625
mans1260	0.174570441148	0.935047887251831	-1.622107	2.324721
manu1258	0.4419492541975	0.945200414752249	-1.2430625	2.6014805
maor1246	-0.16104890176	0.957341072570595	-2.27311075	1.65785225
mapu1245	-0.2737406940509	0.957899348895943	-2.3574075	1.58331475
mara1378	-0.122747350379	0.99887807318332	-2.26972075	1.84068575
mara1379	0.5843462936594	0.849116871844788	-0.82507595	2.49765975
mara1382	-0.163049130872	0.873794105999312	-1.983614	1.61412675
mara1386	0.138784673449	0.947682850668298	-1.64671175	2.1679155
mara1399	0.5657554767465	0.853418545092761	-0.89721915	2.4683925
marg1253	-0.116734161665	0.912273346369475	-2.12633225	1.70050825
marg1265	0.1733017569852	0.864650462213256	-1.53643275	2.0627905
mari1414	-0.092938616483	0.958855576390399	-2.1779455	1.845593
mari1416	0.93495725023	0.97851501625418	-0.490218525	3.23646075
mari1424	0.0830211178315	0.926886075284528	-1.77451225	2.05993874999999
mari1426	0.151062554277	0.852312704800291	-1.5306315	1.90545225
mari1428	0.6209668749465	0.941027642532222	-1.00789225	2.80035525
mari1440	0.0835354623598	0.969839440265701	-1.94095625	2.23049375
mars1254	-0.62920070993	0.996000071736393	-3.06176625	1.0914525
mart1255	0.3932736315066	0.962229220341025	-1.33163075	2.58840025
maru1249	-0.081200401673	0.949186740216216	-2.18482025	1.7882215
maru1252	-0.376022248936	0.949323092328125	-2.4827365	1.36380475
masa1322	0.3311860012743	0.835469543027758	-1.18599625	2.19835825
masb1238	-0.4658558191445	0.999289512929538	-2.6735175	1.33807675
mask1242	0.3250342267199	0.80851998225947	-1.23872575	1.9887345
matb1237	0.3646532120805	0.934930772652924	-1.349396	2.4824345
mati1250	-0.3382204980958	0.910110269390293	-2.36957175	1.345474
mato1252	0.6741630120025	0.889439978296968	-0.8073648	2.6486355
mats1244	-0.3310992252195	0.955479608821925	-2.494083	1.58326125
matu1259	0.0800169224395	0.986522004752307	-1.96766175	2.22053975
matu1261	0.6906249966655	0.960489201363759	-0.930345825	2.89281025
maun1240	0.49308945149065	1.00873692152498	-1.27780725	2.8002105
maxa1247	0.0203058267965	0.988480305957531	-1.9087235	2.20066025
mayo1261	-0.21671964930385	0.922439507968238	-2.289339	1.50810925
mayo1264	0.091671777355	0.94968902365066	-1.7640525	2.149266
maza1304	0.271117125947	0.813433099091188	-1.278153	2.041936
mban1263	-0.1747407704215	0.924828083224956	-2.1686875	1.58777725
mbar1260	0.45243994771	0.893371082588142	-1.14163675	2.509519
mboc1235	0.456965760386	0.943905846791694	-1.1830415	2.622012
mbul1263	0.712442080638	0.967612529584242	-0.813631825	2.964766
mbya1239	0.03117244153435	1.03508918164969	-2.009772	2.11317675
meen1242	0.235600179174	0.964303812778942	-1.58061675	2.49392075
meke1243	-0.33594872434935	0.901534234490466	-2.31049	1.31375025
mele1250	0.1648716403495	0.799899307406871	-1.42840375	1.8346525
melo1242	0.0376099857435	0.888982655581978	-1.68954525	1.96319275
melp1238	-0.2757332677948	0.886766302924369	-2.22258725	1.46947575
mere1242	0.7110449264585	0.903371807342786	-0.755887875	2.76205275
meru1245	-0.3315484214382	0.950381425670177	-2.47572225	1.4794775
mesc1238	-0.0084978775545	1.02974022048074	-2.15686375	2.169738
meta1238	0.1693389791967	0.90794901519167	-1.552336	2.11073775
mezo1235	0.0120552126338995	0.923628343175747	-1.8459075	2.03591125
mezq1235	0.3235428667891	0.948440598638965	-1.4286145	2.55421575
mich1245	-0.07627337176615	0.977499692674904	-2.12614675	1.90898624999999
miju1243	-0.096028270781	0.948426519005747	-2.0479945	1.762408
mikm1235	0.0438244089095	0.978444965467813	-1.91027925	2.14606224999999
mila1245	-0.1128144674195	0.90792891308525	-2.1278405	1.7624505
mina1276	0.1564906082575	0.824538323553095	-1.49804325	1.951034
mini1251	0.626854438663	1.0171695710764	-1.009775	3.0109655
mini1256	-0.2197855935155	0.928739560486524	-2.32497	1.569085
minn1241	-0.167416644175	0.933652570893091	-2.17786225	1.66814375
misi1243	0.225487036271425	0.947022535144895	-1.616699	2.30096525
mixt1426	-0.094621281836	0.892207299886464	-1.957315	1.73069125
miya1259	-0.0938941592285	0.977766704802697	-2.191823	1.860682
miya1266	0.06210813541055	0.824070492063645	-1.60916425	1.7835695
mlab1235	-0.18921003557195	1.00383490830574	-2.4959585	1.812383
moba1244	-0.2376011219044	0.978753148570781	-2.4052335	1.6044845
moch1257	0.147012099314	1.00138053096744	-1.8835395	2.37358574999999
moco1246	0.0339541796975	0.981212012176061	-1.974138	2.04008525
mode1248	-0.119013150512	0.993953200045669	-2.183581	1.831518
moha1258	0.02840961211	1.03818676231291	-2.0307835	2.195608
moii1235	0.3230737982765	0.954677910094851	-1.504539	2.49955925
moki1238	0.197305867534	0.9383245244019	-1.6575845	2.3543835
mokl1243	-0.546277416846	0.994854068385562	-2.75268725	1.178111
moks1248	0.163986270963	0.938084340422319	-1.638103	2.289819
molo1266	0.1742540958485	0.834989191030601	-1.44816425	1.98980875
moni1237	0.1380415329332	0.971096198031205	-1.7623845	2.30600625
mono1273	0.20585852659	0.933034701735995	-1.61088225	2.2991925
mopa1243	0.0318915763535	0.977934726424866	-1.89997675	2.120478
more1259	0.2626228308999	0.970532944789499	-1.56103825	2.34208
morm1235	-0.7814308716223	1.01088449159021	-3.03691725	0.833513725
mose1249	0.0934203340995	0.961816179915645	-1.93929575	2.10770075
mota1237	0.4919577212045	0.912599954929536	-1.1227285	2.64355725
motl1237	0.45938842604855	0.889048876129468	-1.07772575	2.50287824999999
motu1246	-0.2651561852425	0.869580626881336	-2.218334	1.418973
mouk1239	0.6377906694995	0.960167826514365	-0.957309825	2.7643085
moun1252	-0.07992478936985	0.886901000003838	-1.89826775	1.78476825
movi1243	0.30395102060935	1.00183256371295	-1.521197	2.50045725
moyo1238	0.94668553564395	0.998071929727485	-0.4949666	3.23472975
mpad1242	0.256340966758	0.89867577552976	-1.48277375	2.2656005
mpii1239	-0.15039398820005	0.969329908939044	-2.2188285	1.78035725
mpot1240	-0.1110789105635	0.995153200000403	-2.160403	1.811984
mpur1239	0.0650790260926	0.946794588556832	-1.789316	2.04307374999999
mual1241	-0.508374970902	0.977195033393222	-2.732145	1.19203575
mudu1239	0.2009998854941	0.905671203918778	-1.67424025	2.1098005
mudu1242	0.503493554732	0.957952797756946	-1.19528325	2.66155625
mull1237	-0.09537537108485	0.942328459595366	-2.134358	1.82683125
munc1235	-0.4428410789995	0.960636629942266	-2.642745	1.3694135
mund1325	0.54853893801	0.882400094463783	-1.0184945	2.561314
mund1326	-0.2196280566735	0.933366384212156	-2.361702	1.6168675
mund1328	0.0357174661625	0.883096603653612	-1.7309625	1.93874175
mund1330	0.07900657449505	0.968512100439451	-2.001173	2.10768825
murl1244	-0.1691414405945	0.928198499535447	-2.1821825	1.6996925
muru1266	-0.1589397258708	0.974334928084483	-2.326189	1.7484655
muru1274	-0.3073391229795	0.96691265947273	-2.41792025	1.5958895
musa1266	0.4276899352685	0.922979389606229	-1.219305	2.561927
muso1238	0.081744357663	0.794708783714198	-1.66902825	1.666355
muyu1244	0.218220080162	0.97991887334757	-1.72431775	2.457602
mwag1236	0.4989499864958	0.888463745434562	-0.99232605	2.44073625
mwan1247	-0.2337361148455	0.960973169622883	-2.391553	1.72866425
mwer1248	-0.0458596510055	0.93568630875532	-2.0126275	1.9101925
naka1262	0.496623378375	1.01869954216333	-1.2320945	2.7483165
nali1244	0.3239054098275	0.886099187423363	-1.3454865	2.1874765
nama1268	0.262365578439	0.838431180185481	-1.35300375	2.03965875
namb1293	0.108025342605	0.897351082218242	-1.64360875	2.08531225
nana1257	0.1100721219315	0.955603679804355	-1.888637	2.14672275
nang1262	0.55218504185045	0.967866402280964	-1.19231275	2.76816575
naru1238	-0.1088357427965	1.01705023024947	-2.3910815	1.80213325
nati1244	0.4313399191241	0.838496116052943	-1.0775455	2.300642
natu1246	0.5635126465675	0.96610469550442	-1.12105025	2.81620775
naue1237	0.519114162999	0.961740761221378	-1.1083375	2.83801475
naur1243	0.09145714435915	0.93969186133664	-1.7567795	2.1298065
nava1243	0.00664164926175	0.993402640740237	-2.1721355	1.95451275
nawu1242	-0.271060641619	1.01857396296955	-2.5078765	1.63519425
ncan1245	0.174686008577	0.893679350455861	-1.57349425	2.03492575
ndam1239	0.0264829225165	0.964953632168196	-1.9954725	1.91084375
ndog1248	0.454851930032	0.958816982051943	-1.280236	2.63085124999999
ndun1249	-0.319073376646	1.01772963339963	-2.63174325	1.548902
negi1245	0.168174213113	0.968792153245851	-1.68115325	2.32010775
neha1247	0.378259297856	0.980949119172058	-1.346112	2.5692505
nend1239	0.226571679562	0.88329983595545	-1.47235475	2.160445
nene1249	0.0185536696335	0.982282443905903	-2.03702475	2.0621395
neng1238	0.1410450546464	0.898098688890727	-1.6526745	2.0271385
nenn1238	0.1030248094923	0.893299706066051	-1.7151955	2.04781725
nese1235	0.63124674998545	0.871411404164581	-0.867230675	2.68470825
newa1246	-0.4503701991339	0.908939753993612	-2.430939	1.17633625
ngaa1240	-0.1273406970485	0.955803673289806	-2.0851485	1.77057125
ngal1292	0.2602980118285	0.910511976504568	-1.53106575	2.29991675
ngan1291	0.0959159050915	0.928435191130864	-1.72733875	2.058773
ngar1284	0.2252593368795	1.04371747253198	-1.85196	2.4889085
ngba1284	0.2437162068255	0.885153195354233	-1.35467525	2.138283
ngba1285	-0.237294578776	0.88876856258262	-2.136885	1.4103465
ngeq1245	-0.3236619423685	1.03619121152372	-2.62371875	1.5921165
ngit1239	-0.106479501143	0.945798212864315	-2.22184675	1.7681385
ngul1236	0.09933671908575	0.974727147254754	-1.83329725	2.1104105
nhan1238	0.595821604798	1.03302809464464	-1.16090575	2.92301625
nhen1239	-0.008075403516	0.95457220910066	-1.9488085	1.99682
nila1242	-0.219959746575	0.932998267128024	-2.2330665	1.48705675
nisg1240	0.0835328785325	0.993064172167211	-1.99933	2.28473675
niua1240	-0.250384220481	0.995964513555562	-2.55963025	1.59077575
niva1238	0.064909254837	0.973471441268851	-1.89935	2.1414865
njan1240	0.4950506472825	0.955958125814589	-1.169104	2.701941
nkon1248	-0.3293472678585	0.96708075452205	-2.516533	1.34574075
noct1238	0.3226083846865	0.907211472787376	-1.4636525	2.38295075
noku1237	0.637949203894	0.939446096337192	-0.951265425	2.7361875
noon1242	0.327641029856	0.966903063731378	-1.50752225	2.529734
noon1243	0.232279930505	0.892498192966334	-1.490449	2.12070375
nopa1235	-0.4049432309842	0.941122136326842	-2.512534	1.292183
nort2684	-0.304397050131	1.00072313906361	-2.61672	1.54344225
nort2690	0.059023269929	0.993716747608711	-1.996476	2.18875625
nort2697	0.1446103022695	0.976642731920412	-1.77386075	2.1951535
nort2702	-0.1180167748275	0.965846877488104	-2.19989125	1.82552975
nort2722	0.046573060277	0.92185570940018	-1.83642275	2.04955399999999
nort2723	0.042952816902	0.958638270494728	-1.93674325	2.09149875
nort2732	-0.2288190971893	0.974377687389318	-2.46129825	1.66309775
nort2745	0.298268530197	0.993613882946402	-1.578281	2.50508975
nort2747	-0.097511464981	0.98346896224923	-2.174514	1.8747925
nort2836	0.17801367560625	0.804340261538263	-1.4241235	1.80091875
nort2839	0.171847914268	0.782694717661147	-1.35399725	1.82276925
nort2845	-0.15824757501305	0.972502683722893	-2.2369005	1.7661955
nort2847	-0.2170488396124	0.835920384316534	-1.997756	1.4000655
nort2864	0.4233310811045	0.93366804308276	-1.26850425	2.61601075
nort2885	0.28835117479	0.929399988122006	-1.44682525	2.35745525
nort2930	-0.38406669922755	0.935574228384216	-2.54093325	1.26724425
nort2938	0.0832160659325	1.00004241463438	-1.9991305	2.24048475
nort2942	0.0382711519465	0.952281318778971	-2.01124225	2.03843375
nort2951	0.007011968177	0.963899387351216	-2.01600375	1.9274605
nort2954	-0.318397314685	0.954390326035236	-2.51725725	1.40309375
nort2957	0.365097200977	0.950970757935026	-1.40253625	2.52345925
nort2959	0.1187574192095	1.00096068964879	-1.87716925	2.312893
nort2980	0.329050045844	0.948753176483967	-1.53666975	2.44797475
nort2994	-0.538623309851	0.97646258175729	-2.7262485	1.22196025
nots1237	0.35127076828	0.88577397484738	-1.28069925	2.28396175
nsen1242	-0.017847721635	0.950311708357004	-1.96560575	1.96904875
nucl1235	0.5035300736547	1.00733318162716	-1.29803025	2.62945599999999
nucl1240	1.193533557984	1.06542298004499	-0.3098432	3.6160455
nucl1301	0.017115448722	0.958371592300297	-1.87291125	2.04647174999999
nucl1302	0.0471171466385	0.931597069073223	-1.8324995	1.9863975
nucl1305	-0.02820836470715	1.01200112123827	-2.050137	2.0693645
nucl1310	-0.5029619281955	0.943386651233999	-2.6285515	1.10565
nucl1327	-0.1762917440282	0.967308515603252	-2.25362575	1.71201925
nucl1417	-0.1309763541455	0.898163081332365	-2.13083575	1.74024625
nucl1458	0.275374525914	0.884716078294013	-1.4642675	2.09711249999999
nucl1593	-1.0045342816455	1.04625937098181	-3.46725575	0.543212524999999
nucl1622	0.509913152196	0.98746875926069	-1.23848875	2.8514935
nucl1630	-0.424419606564	0.926523658267725	-2.53579925	1.31680675
nucl1632	-0.587115237022	1.05733752121314	-2.9522185	1.33439125
nucl1633	-0.54415119401645	1.03561442048042	-2.94708725	1.374361
nucl1643	-0.2058808115315	0.984354289187214	-2.35099925	1.67079975
nuer1246	0.1081824949045	0.976552091068977	-1.90603925	2.17371475
nukn1238	0.603935722632005	0.860838285676163	-0.891214875	2.44778325
nuku1260	-0.2191585740385	0.954524916489773	-2.32062475	1.58912175
nung1282	0.900477396071	1.00373179076651	-0.649854275	3.1716705
nupe1254	-0.272845270943	0.960202334877194	-2.43762525	1.5290685
nusu1239	0.74598916348685	0.946228279441119	-0.83086045	2.9078165
nuuc1236	0.0707436353595	0.959045949455907	-1.8141935	2.0596215
nyah1250	-0.15380070885745	0.930580388725389	-2.101842	1.6531875
nyak1260	-0.136981609901	0.977763731842671	-2.269194	1.88929375
nyal1250	-0.21204657499772	0.941673799129724	-2.2475075	1.623678
nyal1254	0.2892524591251	1.02145243812255	-1.61043775	2.593534
nyan1307	-0.157298040628	0.949336794227853	-2.2324655	1.80277775
nyat1246	-0.173603707035	0.909890145488155	-2.2062185	1.56618725
nyaw1247	-0.08160925350775	1.01277062018077	-2.3522815	1.82518425
nyis1236	0.1862020608295	0.904214508100761	-1.58796625	2.18678675
nyor1246	-0.154024818008	0.98727608793724	-2.30099125	1.701157
obok1239	-0.28944346886035	0.888145104722751	-2.2215385	1.427156
occi1239	-0.0492453096425	0.958914045217739	-2.06714075	1.88625875
ofay1240	0.049786466391	1.01242878597236	-2.09894075	2.1375175
okan1243	0.05825873493145	1.01149521662629	-1.951401	2.1006325
oksa1245	-1.028206370388	1.08230853756634	-3.530729	0.647895674999999
okuu1243	0.2552909754165	0.892390971531473	-1.4481335	2.1989025
oloo1241	-0.7748469675005	0.963932835244114	-2.9059055	0.799815849999999
olut1240	0.187713170338	0.951336791764868	-1.572698	2.3202045
omah1247	0.04413178280715	0.966498976662401	-1.919315	2.10761824999999
omie1241	-0.3910196733255	0.898203124739062	-2.456435	1.2430505
onon1246	0.0499070021375	0.996468143128442	-2.02350875	2.18730675
onto1237	-0.2271015495815	0.920299618632969	-2.3254765	1.5526145
oriy1255	-0.13240073724425	1.00567087047214	-2.241615	1.7572195
oroc1248	0.0878214667155	0.957358990823435	-1.84107525	2.07516925
oroh1237	0.4694380126295	0.975124664574839	-1.27292025	2.64472675
orok1265	0.0841861365955	0.968126015401967	-1.8414	2.06244825
orok1266	0.0627927905925	0.8748048337646	-1.66997	1.95290125
orok1267	-0.473371424805	0.955564558448444	-2.5711395	1.23483799999999
orok1269	-0.3657528516745	0.893428979429776	-2.34229225	1.24028775
orow1242	0.054411940092	0.870275957013759	-1.82812825	1.85717575
osam1235	-0.051907406681	0.962299526094476	-2.02572325	1.87086375
otta1242	0.0539283018635	0.998639335508171	-1.92635425	2.28186949999999
owaa1237	0.242974736842	0.942038597903073	-1.57209775	2.344352
paaa1242	0.208685884168	0.888710529457664	-1.5150275	2.2653305
paam1238	0.271067829129	0.786456416228422	-1.2759505	1.93838
paas1238	-0.2847151341935	0.92395028422734	-2.35812975	1.4416045
paco1243	-0.246009426855	1.00016273550335	-2.4126555	1.66506875
pagi1243	-0.3774525301645	0.942826120636723	-2.533919	1.30776525
pagu1249	0.1981680963591	0.932394401638141	-1.625032	2.15385975
pahn1237	-0.147191384316	0.940142421558826	-2.16775325	1.76979825
pala1344	0.1175164260375	0.953948096995272	-1.8049555	2.2401205
pali1279	0.0440980470375	0.966276915998376	-1.99924125	2.11331175
pamo1252	0.292369501032	0.949715467921484	-1.43492875	2.32462825
pana1307	0.0928631674055	1.01474758983158	-1.94784825	2.1699745
panj1256	-0.137094171295	0.976307952918455	-2.22634375	1.80856075
pany1241	-0.191494245098715	0.977690616218463	-2.30709275	1.7912645
papa1238	0.2895050804245	0.941870538922586	-1.439894	2.31298749999999
papa1265	0.3978963937979	0.932265325449954	-1.1849185	2.524522
para1301	0.25006980926965	0.996254959558985	-1.66241875	2.40361275
para1302	0.30769578043745	0.858884756918432	-1.32709925	2.2165735
patp1243	0.541904558925	1.01365389991287	-1.17268325	3.05469625
patt1248	-0.0979829978061	0.964888412292456	-2.18526	1.8299885
paul1238	0.4145471312225	0.921832751573091	-1.24965775	2.568526
pawa1255	-0.2584723766165	0.865994501112544	-2.15081025	1.455962
pawn1254	-0.490341072675	1.00053219762961	-2.784128	1.2849085
payn1244	0.2285533080125	0.880180169586329	-1.4544085	2.132849
pela1242	-0.0874654510082	0.936425634994666	-2.11343	1.7939935
pemo1248	0.1044507952195	0.979739937022515	-1.86096775	2.25723624999999
pend1242	-0.615920195925	0.990482614084983	-2.9204165	1.060025
peng1244	-0.1386707794555	0.999870823796073	-2.357627	1.80571224999999
penr1237	-0.159589331771	0.986552985936812	-2.22531425	1.8286085
phai1238	-0.1973908156515	1.00734656501319	-2.36827575	1.85941225
phom1236	0.43640847937	0.876017762517477	-1.1678875	2.38733225
pich1237	0.26401365951443	0.940133348424921	-1.5161115	2.24255725
pila1245	0.0927319713755	1.02036135082735	-1.93776875	2.29284025
pile1238	0.661234214734	0.959418238353779	-0.9276995	2.931903
pima1248	0.102634272721	0.995954520810172	-1.83619475	2.3497665
pina1252	-0.2500443662395	0.851993486467823	-2.0756395	1.46600775
ping1243	0.18163937955525	0.943201630676075	-1.693552	2.18172075
pite1240	-0.194862903144	0.905284539892231	-2.18153475	1.560821
plai1258	0.034879140238	0.994402554766177	-2.04497425	2.03189275
pnar1238	0.1582007363958	0.863216425736857	-1.57613725	2.037424
pohn1238	0.1466907733465	0.987494070631164	-1.725347	2.33574925
poli1260	-0.2076719605735	0.958070175262019	-2.2252935	1.658736
popt1235	0.14574579605545	0.950324387927453	-1.76627125	2.25642474999999
port1283	-0.032875818667	0.975540337655402	-2.207571	2.09801975
port1285	0.3341272836	0.814139880568072	-1.2161105	2.047132
psik1239	0.092925933727	0.842540525252529	-1.62321075	1.918982
puka1242	-0.184453278185	0.954833740963489	-2.3186405	1.68297075
pulu1242	0.134771285514	0.958395539042847	-1.73751825	2.25801275
puma1239	0.3789543488345	0.870452659462098	-1.1981215	2.37956875
pume1238	-0.1544703597645	0.96005514897319	-2.205753	1.75635825
pure1242	-0.3611764840115	0.974205498112985	-2.53588425	1.498588
qanj1241	0.1124531082025	0.93853166262165	-1.774836	2.13106
qawa1238	-0.27996576841048	1.00340924510046	-2.4790615	1.5961805
qima1242	-0.3907578575945	0.955288233210489	-2.5954985	1.2675265
quer1236	0.221639870932	0.960629136878394	-1.541595	2.3631375
quio1240	-0.45956465823035	0.89906571398897	-2.4072255	1.13262024999999
rabh1238	0.14776863746145	0.898372407370874	-1.54613575	2.161352
rade1240	-0.588116125722	0.997543539723166	-2.91963825	1.1717275
rapa1244	-0.16882941472605	0.922254887984993	-2.099601	1.67873225
rapa1245	-0.134485074065	0.984780140430642	-2.1314635	1.883926
rapo1238	0.464558663956	0.911296245376677	-1.14270875	2.5234015
raro1241	-0.162671948065	0.975269967396693	-2.35057425	1.8768955
rata1244	-0.189931967747	0.924677522985602	-2.22608625	1.6340865
reja1241	0.03034696224	0.928356238375343	-1.88250475	1.959982
remb1250	0.0893655778325	0.875188611190589	-1.65487525	2.11849925
reng1252	-0.36754280425005	0.981905723750365	-2.58630375	1.3711405
renn1242	-0.06019621281965	0.953672212220719	-1.96232925	1.894904
rere1240	0.3987744696145	0.828017693881771	-1.080559	2.31329025
reye1240	0.06066620654095	0.99417998072708	-1.91740375	2.1878515
rian1263	0.1056067911775	0.931565613902006	-1.87391475	2.095566
rikb1245	0.0224562512155	0.986167798268802	-1.94849925	2.15038775
roma1326	-0.081115485414	0.989072078792219	-2.16781825	1.9399335
romb1245	-0.394398151385	1.0143206342409	-2.73553125	1.418904
rong1264	-0.04891979416471	0.964593377638801	-2.06552675	2.01803075
rong1266	0.746733880995	0.900516062721829	-0.6429704	2.80241875
ronn1241	0.4702565922295	0.860028598587514	-1.009307	2.374522
roto1249	0.4274195848655	0.919297154549986	-1.1748065	2.57151024999999
rotu1241	-0.3746584943775	0.963184190785551	-2.5992625	1.38521825
rovi1238	0.109153195453	0.919288836599051	-1.79200125	2.06704675
ruch1235	0.1169125182455	0.925760388844506	-1.69737525	2.02171975
ruka1240	-0.371058633865	0.891355106418671	-2.38932875	1.2589455
ruma1248	-0.04644768817055	0.934034227622589	-2.047058	1.7745775
rung1258	0.2800360580075	0.979393172919264	-1.52990525	2.5286395
russ1263	0.7093584435605	1.04564534978855	-1.06733575	3.23893499999999
russ1264	0.2109753456455	0.972840200535449	-1.69293	2.2969865
saaa1240	0.479812682294	0.972967170495087	-1.24462925	2.6977365
saaa1241	0.11877745159835	0.790834910375058	-1.437459	1.70937375
saar1237	-0.4628144808585	0.920761190967645	-2.60079875	1.14540675
saba1268	-0.34747424161895	0.956027083017929	-2.456101	1.38682275
sabu1255	-0.4431619625035	0.932818944425233	-2.60904175	1.26741425
saga1262	0.16649213953258	0.913270919793082	-1.63929025	2.14893925
sais1237	-0.4536907645323	0.9418407133837	-2.53191875	1.283524
saka1289	0.661677680486	0.895660132712218	-0.808727175	2.83898725
saka1291	0.1496539393025	0.984077221625263	-1.93359325	2.23529625
saki1247	-0.50421515173645	0.952150595967506	-2.65570625	1.13334925
saki1248	-0.0231620857265	0.944326632860191	-1.9703935	1.98416675
samb1305	0.650826822829625	0.88703034355455	-0.843287	2.76384275
samb1311	0.5671814193497	0.870021268822619	-0.8893771	2.61764699999999
samo1305	-0.20594267181295	0.937816026456413	-2.3528185	1.653792
sanb1241	-0.321434709926	0.898842005196212	-2.3529395	1.32429775
sand1278	0.1491047876655	1.0109078818672	-1.802781	2.334297
sang1321	0.3310811994575	0.823061414030965	-1.20592825	2.155072
sanj1284	-0.30564571217465	0.891885565224601	-2.20388025	1.4795565
sanm1289	0.1828630259705	0.926231956148394	-1.5744485	2.20450174999999
sanm1295	-0.179366390413	0.897235933196519	-2.14776575	1.544557
sanm1301	0.1648689283599	0.923387237499023	-1.61683425	2.233621
sant1436	-0.0880627509665	0.869923442436628	-1.9746645	1.593655
sant1451	-0.0199287718697	0.878455250442761	-1.84517925	1.782208
sapo1253	0.458094045742	0.916135449581708	-1.121957	2.5600775
sapu1248	-0.33457169588	1.0228422136071	-2.646535	1.614353
sars1236	0.0079174495825	0.996365006647157	-2.123904	2.02398675
sata1237	0.1218521073785	0.923240320531552	-1.7465695	2.1757305
sauk1252	0.29740622463115	0.806171457924164	-1.27763925	1.99639125
saur1249	-0.101901248849	0.941517946658284	-2.25872	1.68867375
savo1255	0.428339329538	0.905157367914118	-1.1653365	2.53544175
seim1238	0.1218488853271	0.965570468444041	-1.7520955	2.20029399999999
seke1241	0.1319731878025	0.790125539090689	-1.46120225	1.7227085
sela1259	-0.44512816083895	0.963906800101036	-2.6240145	1.284015
selk1253	0.062544777726	1.03823874960669	-1.926491	2.14811
sema1265	0.3650454581425	0.966124041067622	-1.5279435	2.49505625
sema1266	0.47962661537285	0.971136726202349	-1.30147675	2.62373225
seme1247	0.9246926367476	1.08046690930304	-0.736799525	3.49753625
sene1264	0.051332073045	1.00452397797383	-2.06260725	2.21302275
seng1281	0.506618445632	1.02428103959624	-1.3868105	2.85146725
seri1257	0.066443675223	0.971071876827244	-1.832306	2.25332
seve1240	0.03268785818335	0.904619780972444	-1.826962	1.97798825
sgaw1245	0.4979789044085	0.957623671746037	-1.152647	2.68843675
shab1252	-0.231954534352	0.945480806174041	-2.239146	1.66100025
sham1280	0.56522203050175	0.996083696077218	-1.1459175	2.91393625
shan1283	-0.310089317045	0.957837674041296	-2.53243575	1.42734425
shil1265	0.33477568549505	0.997851834742511	-1.503291	2.662252
ship1254	-0.3185302241965	0.979409516501323	-2.52487725	1.42453325
shix1238	0.5588141241053	1.01098280855907	-1.144305	2.95318175
shon1251	0.6723359786175	1.04771290642058	-1.0041655	3.16812474999999
shor1247	0.0250845261725	0.961904333436365	-1.87005125	2.060417
shos1248	-0.4372241969485	0.970828423435667	-2.65319525	1.22529475
shua1257	0.0607790259896	0.954257651903389	-1.90957	2.12361575
siaw1243	-1.1048050977443	1.08932113040625	-3.53244525	0.51824645
sich1238	-0.1247487172105	0.955589897954316	-2.1162155	1.82084025
sici1248	-0.073269669472	1.02851260073334	-2.25716375	1.902409
sici1249	0.191929996577	0.901139777588214	-1.56280925	2.1786175
siee1239	-0.276514091481	0.866260531972046	-2.16440275	1.39972575
sier1248	-0.155786593489	0.925546721934058	-2.13304575	1.696534
sier1250	-0.4399732485783	0.901713244676212	-2.4389095	1.1634385
sika1261	-0.0466890958985	0.929082912566966	-2.0621535	1.83310375
siks1238	0.046629192511	0.961600855278778	-1.87071025	2.0080975
sile1255	0.437406506657	0.919565180630379	-1.27025425	2.4782575
simb1256	0.124366311695	0.948260122153089	-1.756633	2.2279125
sina1266	-0.485017001542	0.925321667058407	-2.5409055	1.1150105
sing1264	0.2311654738505	0.905576435366872	-1.53851025	2.21543875
sion1247	-0.405609164444	0.968686124221353	-2.64274875	1.29035025
sioo1240	0.633101887243	0.898888513718635	-0.872917175	2.64538225
siri1273	0.2125095718205	0.927992694558335	-1.537421	2.240817
situ1238	0.23517609478	0.8933372864587	-1.40530225	2.30739
siyi1240	0.6419210770805	0.94325957579986	-1.00094225	2.7812545
skol1241	-0.41310914939695	1.01228818666537	-2.68824125	1.39466975
slov1268	-0.07722723470695	0.942027454043932	-2.03867725	1.83712725
sobe1238	-0.2137061130935	0.920689633187342	-2.107199	1.603284
soch1239	-0.47306803328005	0.90621641523689	-2.47986725	1.14760275
soga1242	-0.1248653290245	0.980337786536124	-2.21093825	1.95841725
soli1239	0.0434771392575	0.937587393922648	-1.885139	1.9303255
sons1242	-0.67133613526875	1.01626079577437	-2.999514	1.00293625
sout1528	-0.102605951242	0.969478323456132	-2.242204	1.77059625
sout2649	0.4712272932035	1.02398190517082	-1.387795	2.8360385
sout2674	-0.4417401940025	0.990380862623942	-2.738567	1.33672975
sout2679	-0.69718336053655	1.00853148132339	-2.9679525	1.065989
sout2715	-0.4209781048915	0.908603643209697	-2.44833175	1.206238
sout2728	0.0706198656701	0.891521217395293	-1.75076925	2.0612165
sout2729	0.348151436308	0.959944776738969	-1.41622975	2.5435205
sout2730	-0.055634355484	0.977777686318107	-2.10214825	1.9097945
sout2782	0.392742276201	0.877806585627712	-1.207954	2.40628675
sout2807	0.47095073055635	0.983049669806476	-1.1889415	2.7687135
sout2856	0.163100334227	0.802873482059629	-1.4644805	1.85817275
sout2857	0.43076599031425	0.847546196152154	-1.11125775	2.29811249999999
sout2859	0.202921825555	0.785442417492494	-1.3682985	1.84996975
sout2869	-0.169820813252	0.833748181129025	-2.00293525	1.41333125
sout2895	0.4668909364375	0.934033032252604	-1.1553255	2.664762
sout2896	-0.227262666731	0.863158386778263	-2.0967925	1.53807225
sout2954	-0.228064709371	0.913001171677446	-2.27339125	1.43613225
sout2956	0.090661573773	1.01857993259073	-1.99827525	2.2515215
sout2959	0.0080040698125	0.976852889964989	-2.1034335	1.99671625
sout2976	0.0857664501455	0.956338745742674	-1.83774075	2.1566195
sout2985	0.1152408605195	0.950617940404552	-1.79776025	2.14395825
sout2994	0.0183468468575	0.9689072178522	-1.87594825	2.08607225
sout2996	0.132147747265	0.913335563965399	-1.6438615	2.070567
stan1289	-0.1237571018795	0.95679644148826	-2.13864	1.821839
stan1290	-0.035136699604	0.939386251902346	-1.83977325	1.8494585
stan1293	-0.04907502969795	0.999762234082906	-2.2665565	1.90686925
stan1306	0.70720353822	1.00478931167028	-0.953663675	2.99383
suba1238	-0.117541197236	0.93659873891762	-2.11153575	1.81873175
sude1239	0.246028628361	0.93854113425409	-1.49726425	2.43103399999999
suku1261	-0.25929993422	0.961808681936209	-2.3775235	1.42525975
sumi1235	0.3837909316365	0.829510357946137	-1.09601275	2.22624375
sunw1242	-0.1097588293635	0.824963670720394	-1.84714675	1.52176425
supy1237	0.512766329508	0.997564865253738	-1.11500575	2.7586835
surg1248	0.0970314599505	0.956460567868736	-1.8563975	2.25187575
surs1246	0.5536333344335	1.02722447740033	-1.24923325	2.95587775
swah1253	0.5658854954745	1.03841082610777	-1.16205475	2.952566
swed1254	-0.089127043089	0.95589983483695	-2.157541	1.8354595
taba1263	0.2341619289475	0.963063808803472	-1.64622725	2.4454045
taga1272	-0.362844041791	0.889438356795594	-2.3774705	1.25738875
tago1246	0.0834196789215	0.947368856208721	-1.83435475	2.05062975
taha1241	0.130761534585	0.974070786156695	-1.7668005	2.29288125
tahi1242	-0.14052137366	0.997666835962736	-2.23136425	1.8614145
taia1239	0.068133035386	0.902655215312539	-1.780263	1.93769825
taji1246	-0.581632667986	0.971104604822804	-2.788989	1.1175855
taku1257	-0.134062989021	0.940830682772621	-2.17591275	1.710435
tali1259	0.5378818536024	0.95936946347715	-1.1551335	2.80680975
tama1331	-0.085642091515	0.960304790860413	-2.17810175	1.910835
tama1365	0.0164034109125	0.988785716459773	-2.06625275	2.143313
tami1289	-5.03445264999998e-05	0.92689601872427	-1.98010275	1.8862315
tami1290	0.2203845128085	0.912294539873087	-1.57140475	2.32441175
tane1237	0.042642573726	0.859802270686481	-1.710458	1.82826
tang1336	0.6947277795115	0.893072628143045	-0.718099775	2.7925195
tang1347	0.7221172677225	0.902605525580153	-0.733837825	2.8931815
tang1348	0.422453154366	0.997112538842295	-1.36776125	2.699624
tang1377	-0.1482236493153	0.923349876626456	-2.14461775	1.6936005
tani1257	-0.534996144174	1.01484204434446	-2.8223375	1.22103975
tara1313	0.9735483919685	0.997100846698945	-0.44373495	3.2785785
tata1255	0.2336809787595	0.923314973053141	-1.57027775	2.15348175
tata1257	-0.4137394825275	0.939578944699778	-2.51604675	1.26514125
tata1258	-0.362342426937	0.921146983713458	-2.50576725	1.30456725
taul1251	0.638538378482	1.01738232460238	-1.0172415	3.0402625
taus1251	-0.2303945407815	0.92069476569595	-2.297326	1.48639225
taus1253	0.0759566337035	0.953957035674176	-1.895288	2.18191175
tbol1240	0.2644454750795	0.878033419676666	-1.3118015	2.229719
tean1237	0.07803248480855	0.855302670857517	-1.587437	1.900022
tega1236	0.107782600953	0.937613815708299	-1.77088	2.13040975
tehu1242	0.19795561984955	1.00104873196886	-1.76434575	2.4627245
teke1275	-0.09954658212615	1.00741928997268	-2.282784	1.81777225
tekt1235	0.146884444579	1.00503634526951	-1.85935125	2.4139015
temi1246	0.5758358667271	0.999394405314211	-1.16325725	2.81620625
temo1245	0.27650756046	0.941317171618301	-1.40616025	2.39810375
temp1235	-0.355157008428655	0.922746990225404	-2.43703125	1.401525
tenn1246	-0.2462724260465	1.00611508695577	-2.42608425	1.7118545
teop1238	0.441342796301	0.912158241914583	-1.169105	2.543919
tera1251	0.032337281925	0.878698071970441	-1.788216	1.86804775
tere1279	0.109673679612	0.967790035592466	-1.83920725	2.20694725
term1237	-0.306315839319	0.887646678783122	-2.267449	1.43226625
tern1247	0.2043588681255	0.965183849324054	-1.70609425	2.321845
tete1251	0.280175328366	0.95556690892658	-1.599251	2.26881874999999
thad1238	0.706317410202	0.933098992744488	-0.8417968	2.9023865
thak1245	0.090499232082	0.884774625077407	-1.6716165	1.99890375
than1259	-0.2974407519205	0.950277639229653	-2.337781	1.48737525
thao1240	-0.4637515793126	0.924400875632394	-2.53695825	1.13941675
thul1246	0.599053123528	0.927013843325644	-0.8784076	2.7988245
tibe1272	-0.085780480597	0.916801753398214	-2.10377275	1.69429675
ticu1245	-0.279269278475	0.987375475041834	-2.41655975	1.6400615
tief1242	0.06674262466015	0.798814693453832	-1.62809725	1.7700345
tief1244	0.13177108169775	0.819728347570612	-1.49764325	1.888265
tien1242	-0.1383106157425	0.881966060621976	-1.98025825	1.619279
tiga1245	0.3118635324505	0.901403238653958	-1.38999525	2.28502925
tika1246	0.54204485254	0.950309757912843	-1.07474975	2.672796
tiko1237	-0.1197230613465	0.927415256637161	-2.1643185	1.68573925
tilu1238	0.016710352997	0.814573201266323	-1.673382	1.733262
timn1235	0.420980112578	0.920521727228119	-1.20573075	2.572755
timu1262	-0.409494420555	0.937446258741612	-2.63113925	1.21648
tina1248	-0.2023306516805	0.879297266984029	-2.2134315	1.4907465
tiri1258	-0.0401443323511	0.851597294097853	-1.866323	1.65672274999999
tiru1241	0.0218713780668	0.839612154936016	-1.7119385	1.75449325
tita1241	0.340734250605	1.00480056904811	-1.4702575	2.5165235
toab1237	0.3808124532887	0.953601628457275	-1.31675325	2.47037875
toar1246	-0.432159540992	0.933216518276885	-2.49943925	1.18705325
toba1268	0.128834163709	1.00629804204421	-1.89971275	2.19725025
tobe1252	0.23656937816	0.930268724218147	-1.6110775	2.2545285
toda1252	0.336893529404	0.943762057319718	-1.3828075	2.45087025
toho1245	0.0512044915115	0.98466642807343	-1.952635	2.15218825
tojo1241	0.1357551533795	0.999582000293372	-2.075364	2.406118
toke1240	-0.183636255553	1.0154572102708	-2.23885075	1.83046275
tolo1255	0.6946302356275	0.914287906423324	-0.840342525	2.6993855
tong1308	-0.32489849754	1.00496105043694	-2.505884	1.4114905
tong1318	0.71460414336905	1.0652735401737	-1.00961	3.12829425
tong1325	-0.2464651957405	0.979340060681656	-2.35936275	1.68572875
tora1259	0.320662258055	0.907468124963218	-1.279966	2.3931685
toto1302	-0.07809026730215	0.897982624141036	-2.0258385	1.70644975
touo1238	0.0519158356985	0.931327166534386	-1.87881675	1.9865065
trin1274	0.205574108255	0.976843716027772	-1.7106615	2.3550365
trio1238	0.087231491859	0.975779060735591	-1.879133	2.02847575
trum1247	0.2269100187149	1.000151783073	-1.67421075	2.38756325
tsam1247	0.1311026327685	0.822784431339996	-1.51920175	1.90786925
tsis1238	-0.273366784541	0.929345416400265	-2.3357665	1.433736
tsix1234	-0.03674283305215	0.929070901970413	-2.1426025	1.85706575
tsog1243	-0.204461440115	0.976238239592342	-2.3394705	1.71626775
tson1249	-0.1489969975355	0.954399006639604	-2.3756385	1.59344275
tswa1253	-0.1902148039055	0.970729580197343	-2.22237975	1.671963
tswa1255	-0.16112679658215	1.02956284530802	-2.37792975	1.72085475
tuba1278	0.292459163847	0.913576158641371	-1.42829375	2.3946575
tugu1245	0.5222490882375	0.971757533478953	-1.2085995	2.7247475
tuka1248	0.271892675358	0.931640552579207	-1.42942525	2.25625675
tuki1240	0.4582261671895	0.926298940096388	-1.21980425	2.53470725
tula1252	1.0776209082505	0.983358553599062	-0.393488075	3.33079375
tuml1238	-0.621704100221	0.926464032481905	-2.68628225	0.988900174999999
tune1261	0.55112654467115	0.985928886244854	-1.124314	2.87348475
tung1290	0.2700687009745	0.953749512929151	-1.60192325	2.40600025
tunn1238	0.362427869501	0.958373630220829	-1.40094025	2.474729
turk1303	0.077260326261	0.972227483043035	-1.8659705	2.24256375
turk1304	-0.0084668322485	0.959737326631537	-1.938076	1.966465
tusc1257	0.017399730129	1.01076031260008	-2.139227	2.0463285
tutu1241	0.654130592391	0.864429275222339	-0.74041875	2.6183495
tuva1244	-0.1900080158655	0.931540195086882	-2.180332	1.643294
tuvi1240	0.0212911908682	0.985524200907971	-1.91528925	2.071593
tuwa1243	0.3524874696735	0.841292236621191	-1.15802825	2.23326175
tuwu1238	-0.3320949022935	0.963772449792152	-2.56478975	1.346066
ubir1237	0.037721222206	0.920293643453124	-1.768731	2.0355715
udih1248	0.080371473787	1.06264265488131	-2.03580675	2.31818175
ughe1237	0.0744580000115	0.923608189012102	-1.865288	2.00791475
ulch1241	0.1652653155575	0.959884777606046	-1.715792	2.25193875
ulit1238	0.188730058111	0.900199996905864	-1.60916875	2.21459675
umaa1242	0.0443569436155	0.938657848885301	-1.81432875	2.0099595
umbu1257	-0.0819461728835	0.948309720055203	-2.18054325	1.85279175
umbu1258	-0.6035990728795	0.88627157689286	-2.574807	0.90015485
umes1235	0.2355020757465	0.879744461479451	-1.4839555	2.153821
unua1237	0.42093974590985	0.832856560167943	-1.058954	2.3499765
uppe1275	0.3520212800085	0.948384051480779	-1.3773055	2.5553475
urak1238	-0.6859038795715	0.982858289779901	-2.90028	0.923041575
urar1246	0.1584075689555	0.993940453292763	-1.8641905	2.34819599999999
urav1235	-0.288808783570325	0.866248734728349	-2.2219455	1.33205625
urim1252	-0.749755186559	0.975603071390052	-2.93889725	0.91013675
urip1239	0.5728037278695	0.857687632863015	-0.8672103	2.55727025
urni1239	0.0259739075075	0.944184651439782	-1.93940775	2.02001575
utes1238	-0.413792479571	0.998974525459763	-2.717895	1.43066025
uuuu1243	-0.1928356760905	0.905618983862714	-2.13230275	1.57522075
vano1237	0.11844798126	0.856876501389106	-1.5528605	1.94054325
veps1250	-0.06066150771215	0.952620113788121	-2.06714475	1.94887299999999
vera1241	0.5366031031475	0.940085155326973	-1.0773995	2.725932
viem1243	0.0306254618115	0.911852223720547	-1.8836795	1.883513
vinm1237	0.4805735671186	0.835476496598795	-0.997344425	2.40291299999999
vunj1238	-0.054754606962	0.962570654848469	-2.01092925	1.7765045
vure1239	0.536209859351	0.940042187181127	-1.0768565	2.75874875
wadj1254	-0.1344736469811	0.945922022620493	-2.1939755	1.77104525
wage1238	-0.204592825423	0.949327209216743	-2.4190125	1.523354
waig1244	0.3266580950315	0.911315647554639	-1.4104435	2.3304495
waim1251	-0.167091021484	0.900302493827027	-2.03968725	1.6609465
waim1252	0.4655289509565	0.931829117440949	-1.13640775	2.713192
waim1253	0.0290434840225	0.995148472929366	-2.054425	2.083327
waiw1244	0.05300729535905	1.01622814729594	-2.01188675	2.04000525
waja1259	0.948987277693	0.939274494972399	-0.44647915	3.12529025
wala1266	0.5231694403775	0.958447669081818	-1.0644315	2.7489715
wall1257	-0.2686664198865	0.976981309151032	-2.43121075	1.61508375
walm1241	-0.0826853250115	0.933750202541687	-2.18981625	1.87784375
wamb1257	0.0295536278245	0.816481807270318	-1.647793	1.73841075
wand1267	0.2092529326375	0.960662646331549	-1.64030475	2.279405
wand1278	0.3715013886935	0.876813283174763	-1.17844075	2.3672225
wang1291	-0.0993100989135	0.923610474234175	-2.173421	1.70573825
wanm1242	-0.07796047996335	0.95605303788559	-2.11680125	1.771391
wara1294	0.24053048552	0.898683434762211	-1.493625	2.18257775
wara1303	0.230695627676	1.01616752305012	-1.76387725	2.470754
ward1246	0.003325526301	1.00253371426327	-2.088733	2.00236325
ware1253	-0.206726911536	0.959583927082483	-2.22719575	1.75408175
ware1255	0.13323150973	0.921035092052671	-1.67974975	2.105157
wari1268	0.3095532799555	0.997891747010413	-1.56257575	2.43784875
warj1242	0.05646914538595	0.861275754917814	-1.7565575	1.8595185
waro1242	-0.7397099942235	1.03812147737831	-3.04329975	1.0916775
waru1265	-0.10108422201505	0.975347190168036	-2.18777575	1.87578975
wash1253	0.013760519099	0.906794423259719	-1.906242	1.87111725
wawa1246	0.3438666082225	0.94675120822136	-1.44030025	2.41941825
waya1269	0.0736367124225	0.920527556772453	-1.76892875	2.03150175
wayu1241	-0.19754340060545	0.824847063038765	-2.0332865	1.3261005
wayu1243	-0.00419735476555	0.976451280269684	-2.08544425	2.00821449999999
weda1241	0.254442228966	0.948223155105053	-1.59341575	2.30160775
wels1247	-0.060937277935	1.0192534213374	-2.3175185	2.033149
weri1253	-0.4321126131157	0.879892171720786	-2.374992	1.09101425
west2354	-0.0777560298355	1.00363136292759	-2.12424125	1.99878775
west2369	0.49930734617	1.01926804693632	-1.24129975	2.84844824999999
west2386	-0.124435614469	0.984892268146431	-2.34284475	1.872033
west2392	0.26187487357	0.995293794933275	-1.54922125	2.4873735
west2396	0.008768720213	0.923457726484904	-1.93746475	1.927443
west2397	-0.22461911427205	0.980695743260988	-2.35163725	1.671668
west2415	-0.4558428510223	0.907503174027533	-2.47273875	1.18655625
west2418	0.176145334333	0.888502607344432	-1.53709675	2.0388975
west2430	-0.138482812897	0.941762349903949	-2.141721	1.6336035
west2441	-0.0927640642495	0.936404161149419	-2.0933085	1.818718
west2466	0.01235096081405	0.829712616693689	-1.72834475	1.70031575
west2516	0.0158779183004	0.900288235858527	-1.8675695	1.88983175
west2519	0.45281442024525	0.95290296985228	-1.204902	2.78253425
west2538	-0.38829265163715	0.922772006581211	-2.35236975	1.3515245
west2548	0.430136685624	0.921901646521738	-1.21098425	2.605737
west2560	-0.268460889215	0.894720039344435	-2.211408	1.5121655
west2594	0.0449381831245	0.931696050897545	-1.85291975	1.95837425
west2600	0.1259481136355	1.00252477869371	-1.97555425	2.3208925
west2615	-0.0291805591255	0.984502962524713	-2.10051275	1.9237745
west2618	0.029400441481	0.985171061218394	-1.9497045	2.086277
west2624	0.2693749686475	0.987075031457239	-1.63031675	2.53926575
west2632	-0.141154754649	0.973960375689833	-2.21308475	1.81297925
west2635	0.1517030294035	0.964914005976283	-1.775821	2.26033125
west2644	-0.4112045539505	0.934885582060053	-2.44326025	1.28999125
west2650	-0.377296531317	0.962485674137119	-2.49303775	1.36039775
west2763	0.156694205792	0.985871079768005	-1.6851325	2.16192574999999
west2778	0.09265647429	0.973921137669378	-1.911118	2.145148
whit1269	-0.184063331434	0.836936916241723	-2.00778675	1.478811
wiru1244	-0.4706500138105	0.887618191434228	-2.52985275	1.115077
woii1237	-0.15986540970505	0.986694117154656	-2.188316	1.811388
wola1242	0.180685359512	0.897246600691758	-1.60910925	2.15759575
wole1240	0.10200764471475	0.928222309958323	-1.7606415	2.03527725
woli1241	0.300844034568	0.973347710749421	-1.643794	2.49882825
wood1236	0.0445250342175	0.988669587051376	-2.09491725	2.058853
wotu1240	0.31237307326275	0.959931150222266	-1.49331775	2.42427275
wuch1236	-0.029314602628	0.975809830387347	-2.14973025	1.947618
wudi1238	-0.2893771092505	0.930603491290886	-2.3039745	1.4717285
wusa1235	-0.263143382229	0.944488679131863	-2.38549825	1.50396075
wutu1241	-0.04449775307995	1.01691478376641	-2.225615	1.94760175
wuvu1239	-0.039561507081	0.969068550679673	-2.01932775	2.00537825
xamt1239	-0.60035836598145	0.973829950063805	-2.84986725	1.13759225
xara1244	0.0013193229143	0.862493903412976	-1.771958	1.7323315
xava1240	0.099917842153	1.00010172419563	-1.89400725	2.30878525
xhos1239	0.000957788962600002	0.985711945908312	-2.0727405	2.06063475
xish1235	-0.179447593337	0.93640999348886	-2.24601425	1.556676
xokl1240	0.0583928269785	1.01479702732508	-2.12768725	2.1960925
yaak1241	-0.376776122855	0.921511169129084	-2.38176775	1.36586925
yaey1239	0.27174315285285	0.955115570348181	-1.52209975	2.4878775
yagu1244	0.087385475738675	0.969379432907154	-1.8665625	2.20896925
yaka1277	-0.0394677011565	0.918150733384781	-1.920606	1.7756235
yaki1237	-0.399427415634	1.01766231754504	-2.6824755	1.47082125
yako1252	-0.3846135542945	0.975173326730847	-2.5551335	1.385306
yaku1245	0.0301069148495	0.944296973059432	-1.84248775	2.07997925
yala1266	0.453524067797	0.942974171437211	-1.24406475	2.66910125
yale1246	-1.11583252745	1.07204875308234	-3.561208	0.461318025
yami1254	-0.403972792215	0.928810602421483	-2.458106	1.300977
yami1256	-0.060619618169	0.938236379352875	-2.17587775	1.82660025
yamp1242	0.33187918679785	0.87782520531339	-1.2652405	2.354939
yane1238	0.3163144870935	0.953897315627975	-1.42008625	2.4450035
yano1261	0.10977331767645	0.978825761663958	-1.8672545	2.24149175
yape1248	0.168072455211635	0.969402638185865	-1.5911095	2.28993075
yapu1240	-0.7786165245265	0.97246699889629	-2.91652525	0.86500655
yaqu1251	0.0864935952575	0.963158275131993	-1.9606975	2.17604125
yare1248	-0.3205357002715	0.897724586260525	-2.30259825	1.438393
yasa1242	-0.085284627854	0.936368490725804	-2.0090125	1.93246075
yatz1235	-0.2263513564565	0.884745651832435	-2.080551	1.54164225
yaul1241	-0.1717515789065	0.894081796903435	-2.0837755	1.6402735
yaum1237	0.5542258435035	0.848674772389056	-0.954197875	2.461417
yawa1260	-0.32908444227205	0.989037546271649	-2.54690225	1.4533295
yawa1261	0.233679825709	1.03008138302728	-1.69679425	2.44088575
yawu1244	-0.1966897571727	0.968277472611359	-2.187329	1.67544175
yecu1235	0.2373228571869	0.935598551414328	-1.545911	2.29060225
yele1255	0.2813927143333	0.963641315671053	-1.46329475	2.496472
yems1235	0.3665541195445	0.906033234769544	-1.27103375	2.4542415
yind1247	0.095937870889	0.954532619235835	-1.81010775	2.14533975
yoga1237	0.427427799733	0.892347499790932	-1.23831775	2.38698675
yoku1256	0.13604178129135	0.98692319182998	-1.81832275	2.2931165
yona1241	-0.0303783121875	0.90774333517562	-1.955238	1.88517325
yong1280	0.255469926382	0.939213846257868	-1.44883875	2.40495625
youl1235	0.01308472867095	0.875047425907684	-1.80988975	1.833925
youn1235	-0.10925220695085	0.978206494573863	-2.3082975	1.8382425
yuca1254	0.026505823806	0.992107469689273	-1.92625325	2.06779025
yuch1247	0.0705568864075	0.9828876329216	-1.869266	2.17800575
yuec1235	-0.0863339548205	0.998232214450878	-2.319395	1.98569475
yukp1241	-0.094868524796	0.953935170496304	-2.06560525	1.8427495
yulp1239	-0.2010849636275	0.958187776344769	-2.2827455	1.633904
yuqu1240	0.268399180345	0.912224617584201	-1.471393	2.40055625
yura1255	0.2755014390892	0.904854404572891	-1.36541	2.3635105
zaba1237	0.000645133942499999	0.93055295082564	-1.8755395	1.88449475
zaca1242	-0.41772858051845	0.947157238365976	-2.48616775	1.31974625
zaiw1241	-0.074671765387	0.963786861103451	-2.142152	1.908687
zakh1243	-0.048316999294	0.917563605531649	-1.98038625	1.76343225
zamb1245	-0.131797926711	0.944507935924838	-2.199913	1.675877
zapa1253	-0.3038732494565	0.945427454067521	-2.399818	1.48331225
zarm1239	-0.0881018588904	0.992615876096823	-2.14655325	1.98850125
zaye1235	0.1338949104825	0.88603200714264	-1.561525	2.11558325
zays1235	0.1277673732095	0.859802705057484	-1.50321075	2.01695725
zeme1240	0.5989594905065	0.863728546490171	-0.736901975	2.590963
zenz1235	-0.3720569595685	0.913990377185113	-2.42129525	1.31460725
zinz1238	-0.252079719874	0.94949206452124	-2.38711675	1.48669325
zoog1238	-0.2565395407755	0.883012000573884	-2.14967625	1.6044035
zulg1242	0.1278853351865	0.835086272227789	-1.5141845	1.9410105
zuni1245	-0.3452554135565	1.00691040737077	-2.58797825	1.5696255
