Estimate	Est.Error	Q2.5	Q97.5
abar1238	0.0124204658738	1.43861684445738	-3.0481315	3.19247874999999
abee1242	-0.012198678756	1.48085245602417	-3.19514475	3.13265975
abkh1244	0.497497564578615	1.47479196690445	-2.045075	4.17244075
abun1252	-0.01440845184565	1.55350154174447	-3.40180025	3.38749
acha1249	0.1263941586705	1.37269146793684	-2.82462575	3.250589
acha1250	-0.0228859352995	1.44648569405002	-3.30227125	3.138507
achi1256	-0.08937322317285	1.44878664242005	-3.59424875	2.85227375
achi1257	0.006761871794	1.54560821907515	-3.5292035	3.566429
achu1248	-0.0549379820107	1.50080323633364	-3.3924025	3.01156925
acol1236	-0.0288136458365	1.52983321788873	-3.56608625	3.20618525
adan1251	0.0100379306345	1.53631289217208	-3.2743325	3.45337025
adon1237	-0.010337651346	1.56490006818164	-3.43931025	3.40911825
adze1240	-0.067801589491	1.43896608451989	-3.52428875	3.0554915
afar1241	0.184423396776	1.44537763261721	-2.76759075	3.75537474999999
aghe1239	-0.0024891471309	1.4027404424899	-3.22330525	3.0185675
aghu1255	-0.0445819195625	1.54729853603571	-3.442619	3.13604324999999
agob1244	-0.0461193889765	1.40312892741179	-3.48708375	3.191435
agua1253	0.0036954802205	1.50831204268041	-3.27920125	3.388787
agut1237	-0.0612078560545	1.49151705180346	-3.33095175	3.3578525
aheu1239	-0.06833793562605	1.40192775496673	-3.231821	2.7606695
aime1238	-0.05195675240755	1.57274485308076	-3.64164575	3.48958
ainu1240	-0.016247912047	1.48761484935178	-3.25133175	3.25755749999999
ajab1235	-0.0371034109	1.54733521802009	-3.3749895	3.218352
ajie1238	-0.02929659051805	1.52229876951662	-3.2386675	3.40056875
ajyi1238	0.01355177500675	1.46660225356006	-3.09925825	3.37092974999999
akha1245	-0.2733961978384	1.5411346635178	-3.929645	2.59737575
akoo1248	-0.0512690696525	1.52102666438954	-3.41921875	2.96106899999999
alab1237	-0.0622895076438	1.40125507904957	-3.17339725	2.9422585
alab1254	-0.1077932122595	1.41926226447575	-3.32059375	2.9209405
alag1248	-0.04684080359867	1.44186898476575	-3.2704975	3.10936724999999
aleu1260	-0.0409119911675	1.5089459919158	-3.69530825	2.99463925
alor1247	0.0118819109612	1.50976472281235	-3.24246925	3.27323025
aluk1238	-0.1562144589925	1.36263778197306	-3.36434775	2.616139
alya1239	0.006447717885	1.50246707846916	-3.2487825	3.01185475
amah1246	-0.0346111401178	1.47805967759827	-3.33498425	3.2265225
amap1240	-0.0555641220669	1.40531137554737	-3.27107875	2.67831075
amdo1237	-0.074130229625	1.46186908147562	-3.394657	3.08989125
amii1238	0.00477162600875	1.51667928596452	-3.384123	3.38545375
amis1246	-0.0265673028188	1.52937589979461	-3.25316325	3.3014265
anei1239	0.04752698983325	1.56780765122902	-3.2688035	3.503616
anfi1235	-0.054399927197	1.57784242602448	-3.67834275	3.36556974999999
anga1288	-0.3477487689044	1.48835728949399	-4.0326185	2.52716425
anta1255	-0.0022066931869	1.50623898627025	-3.429132	3.0714215
anut1237	0.0184254079095	1.60300419587628	-3.284529	3.4086795
anuu1241	-0.313949394613	1.35672680796146	-3.60394	1.9653525
aoua1234	-0.0181598560801	1.50762982725724	-3.204737	3.12126525
apin1244	-0.0215912913705	1.51007004284617	-3.42016225	3.27109725
apma1240	-0.06550331571	1.53220925327999	-3.3143155	3.15596799999999
arak1252	-0.0459539156301	1.52165069537029	-3.648699	3.241601
arao1248	-0.0440270653923	1.54363217977173	-3.306565	3.25133149999999
arap1274	1.6157740395835	2.25752840860321	-0.68818035	7.37062749999998
araw1276	-0.01842326892225	1.5467279176334	-3.31023575	3.31327899999999
arbo1245	-0.0660177344065	1.4851707586932	-3.27364475	3.138473
arch1244	0.35316561015775	1.20839258659553	-1.795844	3.34429125
area1240	-0.05139890357545	1.49426556705966	-3.36326375	2.9881475
aree1239	-0.0857013915165	1.53682398743273	-3.8415925	2.8420635
argo1244	1.6200122666246	2.3213318878385	-0.8152751	7.40047199999999
arhu1242	-0.02651196154785	1.47412995596347	-3.308547	3.22937399999999
arig1246	-0.0465601185804	1.59419019724742	-3.8943715	3.101999
arop1242	-0.0421404082974185	1.40142483115996	-3.34894525	2.8146565
arop1243	-0.0743783855064	1.59195585193159	-3.81059275	3.1616205
aros1241	-0.0628367861372325	1.5621479528512	-3.4528675	3.29252975
arta1239	0.0030422907265	1.54996347581913	-3.3817875	3.31740725
ashe1272	0.0177438231895	1.54237041889204	-3.37694	3.57979949999999
assi1247	-0.062684499166	1.54240521581641	-3.417786	3.220936
asut1235	-0.012262973641	1.45981686748434	-3.17563475	3.30157374999999
athp1241	0.19853109041	1.24104378784465	-2.26283225	3.1713765
aton1241	-0.11498916621735	1.36404254074498	-3.1753285	2.68740325
auuu1241	-0.054074087795	1.44859397507215	-3.25929875	3.0880115
auye1238	-0.075297437195005	1.48042711087504	-3.35945475	3.18304175
avok1242	-0.0206164630175	1.53913573554915	-3.500315	3.42373875
awac1239	-0.0616538746285	1.47820483743414	-3.26233675	2.93466375
awad1243	-0.256044549437	1.45048904307433	-3.758917	2.69925425
awar1248	-0.052315981918775	1.4465010882819	-3.42239225	2.9434195
awar1249	-0.0196176255115	1.42629491524436	-3.30582275	2.97269724999999
awji1241	-0.0222992107598	1.52460217602779	-3.18268	3.3056665
axam1237	-0.0706300538945	1.50562496728897	-3.44713125	3.07761425
axiy1235	-0.0466247983	1.46167185846513	-3.537193	3.1193095
ayac1239	-0.0236057577815	1.52164851642471	-3.20344475	3.0841545
ayiw1239	0.0046113691665	1.46465230871019	-3.15679675	3.27496425
baba1264	0.0014818964875	1.43307424828623	-3.2469515	3.026921
baba1266	-0.0005094860297	1.43721685475583	-3.20133475	2.95207375
bafa1247	-0.0455045033048	1.49347645788733	-3.44438175	3.036285
bafi1243	-0.0374532869087	1.45482061561831	-3.39858225	2.98088975
bafu1246	-0.004957462024	1.40925166912289	-3.166324	2.94793874999999
baga1272	-0.0210931512254	1.50399579454399	-3.435946	3.45428325
bagi1246	-0.0792685889692	1.54395223740257	-3.39006525	2.95306675
bagv1239	0.6949109454275	1.30603434420272	-1.21463975	3.97007
baim1244	-0.11272684619763	1.51703028129902	-3.8374095	2.972127
baka1272	0.011747122916	1.49009461373874	-3.2277785	3.423404
bala1311	0.00677848410545	1.47171063256263	-3.058674	3.13854675
bala1315	-0.0124232742401	1.45280527080852	-3.12881875	3.1039785
bala1316	-0.056609040669	1.4658994367289	-3.2843665	3.17119575
bali1278	-0.008374295281	1.55773867271648	-3.134472	3.29275074999999
balu1257	-0.0252824336255	1.51025312721787	-3.31178975	3.24814375
bamb1270	-0.065267230738	1.55668377175993	-3.5223845	3.33424975
bamu1253	-0.0317441169854	1.47904583034391	-3.57678075	3.14758624999999
band1344	-0.009587486523	1.61939001997691	-3.4974135	3.3708525
bang1354	-0.0474135205225	1.57781081753419	-3.58423525	3.24115875
bang1369	-0.25693399620215	1.40695391850653	-3.77211975	2.45153825
bant1281	-0.04012977083385	1.17406330583055	-2.66387975	2.527855
bara1357	-0.41638550934	1.26030097712391	-3.51043125	1.859256
bara1380	-0.0583525243765	1.50207996686732	-3.2864095	3.02569
bari1286	-0.0851682259662	1.55055701856473	-3.34203375	3.211608
baro1253	0.0004938857092	1.44208341239994	-3.31583775	3.1436595
basq1248	0.00192983299	1.44470445552997	-3.1642115	3.37048775
bata1285	-0.047286612322	1.46146735194878	-3.41081125	3.07527175
bats1242	0.9928737451615	1.53812689465296	-1.01522675	4.87819
baur1253	-0.036318674550215	1.60355137997814	-3.71463925	3.42981675
bawm1236	-0.358583915597	1.461408847757	-3.796689	2.1223005
bebe1248	0.0157515676455	1.46170772894231	-3.11008575	3.103038
beka1241	0.0203065149024	1.63633821649763	-3.45641075	3.4953115
bela1254	-0.07492282511125	1.52341135323004	-3.48799225	3.1664445
beli1257	-0.055344618061	1.51094368006932	-3.3363705	3.13467275
bell1243	-0.0147499626585	1.38408834810404	-3.0843785	2.85233725
bemb1257	-0.0184706962035	1.41014288027226	-3.12282025	2.96557699999999
beng1282	-0.031228984536	1.5173723863671	-3.384924	3.25325124999999
bent1238	-0.0640525310045	1.53455471296717	-3.50692675	3.20375024999999
bert1248	-0.007815485918	1.54499950336131	-3.40498275	3.46226075
bezh1248	0.93832324745785	1.53066415555161	-1.107441	4.69820575
bhoj1244	-0.274302087987	1.37471306173824	-3.478649	2.302285
biao1253	0.84344446461505	1.55982204931377	-1.33275425	4.99905575
biao1254	0.8739781955345	1.65314494811844	-1.38577775	5.23425475
biao1256	0.29211868134573	1.38909833012775	-2.44534025	3.57365475
bier1244	-0.0371770354945	1.40625556005459	-3.21391325	3.048543
bign1238	-0.0781248980625	1.55551583351602	-3.833578	3.19362125
biha1246	-0.0324258859235	1.44089498085517	-3.3460645	3.08685774999999
bilb1241	-0.05764073897655	1.48253198289998	-3.54274125	3.1765115
bimi1240	-0.05604756774375	1.38264776897278	-3.18111075	2.92217799999999
bini1246	-0.017905561837	1.55813825731166	-3.4743265	3.39064425
bira1253	-0.1037525762781	1.53173903138304	-3.60049675	3.17765099999999
bisu1244	-0.2562416737755	1.49141956330826	-3.91715125	2.38895599999999
bitt1240	-0.234732122486935	1.53193535839562	-3.81128875	2.72704049999999
biwa1243	-0.0599642101905	1.47119200828133	-3.4157665	2.75430249999999
blab1237	-0.039506207833	1.43478537905757	-3.150205	2.93997574999999
bodo1267	-0.17763020767635	1.40026018491206	-3.699566	2.60632575
bola1250	-0.05428205586495	1.57800108864327	-3.2944475	3.18663274999998
boly1239	-0.097052441271	1.51479377340424	-3.88866475	3.057825
bona1250	-0.1028922342665	1.42129233840109	-3.418122	2.73414349999999
bong1285	0.0042791992565	1.44580804727363	-3.3087445	2.93445275
bong1289	0.02110939755325	1.53540665828685	-3.4785925	3.39366149999999
bora1263	-0.0172162344535	1.39752580570118	-3.06433775	3.04083475
bord1248	-0.048040445869	1.5376579032868	-3.350717	3.10039425
boro1277	-0.01799154520645	1.60716899232949	-3.49904525	3.42673075
boro1282	-0.015122186140154	1.42696149229046	-3.22260575	3.16225874999999
boto1242	0.010529406555	1.44894236329426	-3.082018	2.90726999999999
boun1243	0.0266957273749	1.54332487143404	-3.5578715	3.35544275
boun1245	-0.0665563789976	1.51135045916407	-3.6206385	3.15007274999999
brah1256	-0.0392617473915	1.4337629024945	-3.3548875	3.02279825
bret1244	-0.0059642309814	1.52030042004098	-3.2743205	3.28471499999999
brib1243	-0.024175117585	1.43982753987611	-3.387375	3.04695225
budu1248	-0.1662321047945	1.34105734286087	-3.29636175	2.54052999999999
budu1265	-0.0674554144375	1.47120772491512	-3.36002625	3.1216555
budz1238	0.019005062698	1.55623086478172	-3.320729	3.52403375
buga1247	-0.153142320974	1.52531546563356	-3.510958	2.9032975
buga1250	-0.0512332310805	1.53005167791773	-3.39260625	3.2732805
bugh1239	-0.05121463204	1.39614694246279	-3.20935725	2.79560775
bugi1244	-0.02599219311175	1.52747262039761	-3.28961675	3.33495925
bugl1243	-0.003980431212	1.48046679408103	-3.24532425	3.08884425
bujh1238	-0.424290834318	1.31187614281398	-3.91646925	2.001142
bull1247	-0.0385909053885	1.60868051613623	-3.598583	3.3518315
bulo1242	-0.0360487875935	1.57338545486436	-3.6065175	3.23619775
bumt1240	-0.11249212695595	1.45401099219456	-3.2917325	2.86016125
bura1292	-0.0974995229143	1.51014536428465	-3.54205725	3.16892049999999
bure1242	-0.0414495208205	1.35656700868707	-2.97039775	2.95769624999998
burj1242	-0.0581634054694	1.52108838263212	-3.65494725	3.17390475
buru1296	-0.135132719603	1.59114988332099	-3.79149825	3.22311749999999
buru1320	-0.0468139485931	1.46633393731896	-3.5117845	2.76497199999999
busa1253	-0.03273117694545	1.54106694306346	-3.33687175	3.17753074999998
bush1247	-0.015891266035305	1.52044904792324	-3.4815615	3.2714135
buwa1243	-0.12281972176905	1.44980594525364	-3.50103	2.72017725
bwat1240	-0.0152001392655	1.53340304114372	-3.09118825	3.111015
byan1241	-0.205915006358	1.3507336682335	-3.4346215	2.5889185
caac1237	-0.0365195617005	1.45445807950782	-3.25731125	3.15007349999999
cahu1264	-0.063410128249	1.55089095850646	-3.5217315	3.0077515
cakf1236	-0.109133769615	1.49314291618758	-3.53729025	2.8074715
camp1261	-0.0320666075795	1.51182953416558	-3.28607575	3.04299549999999
cane1242	-0.0463916371495	1.4899759660086	-3.376727	3.206106
caom1238	0.78090600839435	1.61163875672308	-1.4337595	4.97428874999999
capa1241	-0.069328714645	1.4813995420052	-3.40297575	3.13822124999999
carn1240	-0.0944419829415	1.52612371273922	-3.592462	3.167148
caro1242	-0.02022704728585	1.41446623986315	-3.34908125	3.05842875
cash1251	-0.00760662203265	1.45169673697144	-3.315588	3.33877175
cavi1250	-0.0131033728245	1.5105391876911	-3.3418265	3.22903799999999
cemu1238	-0.02096634949785	1.51574363327114	-3.23339325	3.420961
cent1989	-0.0256102356895	1.46746709397294	-3.43571075	3.25455225
cent1990	-0.11312410659665	1.47171342230573	-3.4502555	2.9364355
cent1992	-0.0632267000985	1.52072133029986	-3.721352	3.05793699999999
cent2004	2.2462984377215	2.6816872318221	-0.4029997	8.90983249999999
cent2050	-0.1065499941492	1.57298507468257	-3.59752375	3.24965525
cent2090	-0.04979638141615	1.48674507228811	-3.3835645	3.3193495
cent2126	-0.1157725649465	1.55622151343367	-3.45990025	3.03503125
cent2127	-0.09589759605565	1.45237191075256	-3.45672725	2.87435125
cent2131	-0.1072376222275	1.50659443392961	-3.47101675	3.14841375
cent2142	0.01919242906125	1.54868149705804	-3.473337	3.45789175
cent2150	-0.0137958800269	1.50505920507855	-3.687174	3.259535
cent2292	0.0138079916075	1.52171954616477	-3.318335	3.5417445
cent2314	0.004098577237055	1.44088421125911	-3.3879265	3.121521
cent2322	-0.0591120977155	1.43556714489048	-3.294023	2.971688
chac1251	-0.0738521270985	1.56855771257646	-3.5627165	3.412121
chad1249	-0.024198189084	1.50017975814212	-3.18034575	3.043897
chak1270	-0.26592537067095	1.2884591503937	-3.29806875	2.0807535
chal1275	-0.11362228654595	1.42659893219521	-3.52227425	2.7270615
cham1309	0.638471401044	1.24548588715039	-1.2313955	3.7377035
cham1312	-0.013534253038175	1.48671766058217	-3.15694825	3.08050499999999
chan1313	-0.34711576404515	1.41180382290106	-3.852971	2.12547825
chas1234	1.15658197607135	1.75786523086296	-1.0870365	5.57251449999999
chec1245	0.212348457479	1.20991070840049	-2.097054	3.0395215
chek1238	-0.04242758821315	1.40248885988213	-3.13987825	3.0574545
chen1255	-0.103644320207	1.48767719038097	-3.55397725	3.01441575
chep1245	-0.43722593823485	1.30245035786064	-3.63849525	1.78789425
cher1273	-0.0490903323845	1.37831441908677	-3.125805	2.73410675
chhi1245	0.08090667383115	1.17968123856253	-2.450538	2.77176425
chil1280	-0.04289244849	1.60576998163925	-3.5777605	3.29681124999999
chim1302	0.01704903493445	1.59262806001748	-3.29549425	3.6659655
chip1241	-0.0856774866725	1.4489472211684	-3.27513175	2.9421555
chip1261	0.02204960140545	1.34624667366966	-2.911537	3.010008
chiq1248	-0.0459578869056	1.46375223592718	-3.4503925	2.99122725
choc1276	-0.0295422643155	1.53441972373445	-3.2776815	3.19249825
chon1284	0.00286534987	1.43848907923432	-3.17776525	3.15317225
chot1239	-0.3364741764935	1.46042560212286	-3.95939325	2.3672295
chra1242	-0.04551054972335	1.49511724510017	-3.501241	3.15357349999999
chuj1250	-0.1188432638375	1.45495070129008	-3.482821	2.68509525
chuk1273	-0.104019178989	1.34653239908425	-3.091564	2.78136475
chuv1255	-0.1552219484525	1.4356371043731	-3.66031525	2.625697
chuw1238	-0.0640130180315	1.45311753129599	-3.4117255	2.96323375
cici1237	0.0467012914115	1.54983502389871	-3.26764475	3.43514549999999
coat1243	-0.110831987046	1.528143335029	-3.59225125	2.96583375
coca1259	-0.02859603932725	1.43080850898002	-3.36113825	2.98176425
colo1256	-0.03229965405138	1.48648164665259	-3.303771	3.01327175
colu1241	0.6385019438645	1.53870095725215	-1.86060525	4.6947375
coma1245	-0.073687609564	1.47997678587587	-3.233327	3.09911974999999
como1259	-0.04873911329395	1.48702889370271	-3.25822475	3.173833
cong1236	-0.0120810218424	1.52364888137661	-3.30842225	3.13097124999999
copa1237	-0.13260913611335	1.48780769644232	-3.5365385	3.088469
cori1240	-0.031758045548	1.45773718592364	-3.25445125	3.24592474999999
cors1241	-0.0452663095419	1.54862273091998	-3.49188125	3.47129
cosa1234	-0.24973538503655	1.45804397666458	-3.54359175	2.5112795
cree1270	-0.0839302115205	1.44007471167237	-3.37799125	2.81619674999999
crim1257	-0.058316522079	1.53403279082555	-3.329384	3.09619225
cros1244	-0.07842935139875	1.55391490877715	-3.76867525	3.14811725
crow1244	0.24826238003595	1.53846447421227	-2.683985	3.91854375
cube1242	-0.042780519684	1.50967141149056	-3.40153325	3.40968
culi1244	-0.04869141764575	1.47589203851571	-3.40978075	3.16338174999999
czec1258	-0.051734293939	1.4270426490174	-3.11634775	2.92675799999999
daai1236	-0.25059757732925	1.46848507267404	-3.592314	2.3644045
daas1238	-0.036337696956	1.44391727356953	-3.38027625	3.0022905
dagb1246	0.0247531741624	1.57485442824716	-3.31309325	3.5478595
dagi1241	0.039917416794	1.46759445094172	-2.92904375	3.32689125
daka1243	-0.063642690678	1.47454061287779	-3.5080675	2.918395
damp1237	-0.00108302966885	1.58859043653308	-3.53688325	3.53545925
dana1252	-0.196700578823	1.47471649082792	-3.51590275	2.744235
dani1285	-0.030585119217	1.38374874262766	-3.19375525	2.98910274999999
dara1250	-0.3905433314825	1.36920914870262	-3.52075675	2.16609725
darg1241	0.0886563392535	1.23342735654317	-2.37946475	2.927784
darm1243	-0.2088293414145	1.35783009514566	-3.488827	2.5635695
daur1238	-0.0902915008135	1.47596220759197	-3.61880575	2.88351774999999
dawr1236	-0.1219545861656	1.49171514750564	-3.76234025	3.0042845
daww1239	-0.05775995529855	1.48778588982693	-3.31369	2.96836475
daza1242	-0.0091343703057	1.57572129063828	-3.54450075	3.61693575
dege1246	-0.0294341779785	1.44832865075807	-3.1911935	3.17276974999999
dera1248	-0.06264683751	1.48840502238298	-3.42910175	3.04247075
desa1247	-0.0565766803006	1.42297704614052	-3.2971715	3.0717355
dhao1237	-0.002944946088	1.44068637775254	-3.0737025	3.124961
dhar1247	0.0148007066135	1.4394466576129	-3.1005975	3.09368675
dhim1246	1.0509049461917	1.73655162678816	-1.105104	5.41510925
dibo1245	-0.038175932825	1.51411761982124	-3.48448775	3.20579075
dido1241	0.877944802567	1.45212968585155	-1.05842525	4.52727875
dier1241	-0.0183513348445	1.57013396485826	-3.5402525	3.4441235
diga1241	-0.2262032429265	1.40574122540143	-3.649654	2.38070249999999
digo1243	-0.0153806718635	1.46043377741064	-3.08498975	3.38114125
dima1251	-0.36766213524972	1.44790457480144	-4.0624425	2.274407
djee1236	-0.02201235359635	1.48020728003211	-3.03018525	3.10291999999999
djin1251	-0.0818806144842	1.38887645463412	-3.26429225	2.83072225
djin1253	0.008281090653	1.58088358934043	-3.106128	3.300262
domm1246	-0.056260445142	1.45933706998209	-3.3502895	2.9357135
dong1285	-0.07971679134325	1.40383642482363	-3.33579625	3.021103
doro1266	-0.060237148894	1.55398309519027	-3.5286025	3.09534475
drun1238	0.1011270230506	1.39842109696372	-2.6428235	3.22875975
dumb1241	0.031020918983	1.43292238751795	-3.01924425	3.1809085
dupa1235	-0.02324426432845	1.58957940794133	-3.32218225	3.29035274999999
dusn1237	-0.02721004430725	1.56057110148438	-3.465381	3.31759999999999
dutc1256	-0.08471987209905	1.43118321589255	-3.40915475	2.87586575
dyir1250	0.0189012312351	1.46007294588487	-3.1720205	3.2356025
dzao1238	0.38855662733	1.35119257601719	-2.11697625	3.66437474999999
dzon1239	0.20712507425465	1.3968386899753	-2.54188225	3.33886575
east2328	-0.14741549606475	1.46932332472201	-3.7125215	2.86567274999999
east2332	-0.093673284624055	1.42530990821718	-3.20453175	2.91679499999999
east2342	-0.214492457164215	1.43108168850432	-3.53660825	2.56676275
east2379	-0.0143977992882	1.37530674967945	-3.17236725	2.91324725
east2443	-0.0454727093095	1.47583814704195	-3.23834825	3.14450299999999
east2516	-0.070828570779	1.55567765732632	-3.439901	3.13408949999999
east2555	-0.02103704255215	1.40882691192466	-3.19752775	2.99934775
east2690	-0.047754769485	1.49315740800618	-3.374942	3.21822775
east2773	-0.429944040393	1.33172038830423	-3.7148525	1.80461375
east2782	-0.0353192301125	1.49080487276203	-3.381857	3.2074335
egyp1253	-0.068209486979	1.58322252270062	-3.695324	3.09242375
eipo1242	-0.0194845271405	1.52793383445386	-3.41100125	3.5134705
elem1253	-0.040030224098	1.48575762877206	-3.4813785	3.24720175
emae1237	-0.0256704676504	1.48929439516919	-3.19153675	3.40931675
emai1241	-0.068297963307	1.48359630420774	-3.60501875	2.89419725
embe1260	-0.04928758028	1.51734686835338	-3.55403275	3.23919
embe1262	-0.0332543792695	1.55997112920187	-3.43122525	3.13783775
enap1235	0.0074525258975	1.48561281101388	-3.1968765	3.31907025
enuu1235	-0.10010780799495	1.51347667563332	-3.58227975	2.91969275
epen1239	-0.003932619586	1.44370183163691	-3.17048975	3.35521475
ersu1241	-0.097675266115	1.42995957452971	-3.31931625	2.72729124999999
erzy1239	-0.0397390724505	1.43964479072599	-3.064262	2.96205599999999
esee1248	-0.0506365015205	1.44680316776701	-3.30880225	2.902719
esim1238	-0.00313132020455	1.40366290150466	-3.08847725	3.0520445
esto1258	-0.0789499909705	1.3991671881919	-3.000578	3.04298975
even1259	0.031334378110305	1.44411712358305	-3.204763	3.18928325
ewee1241	-0.02520627887899	1.52193435463417	-3.3970415	3.119178
fare1241	0.0151220107049	1.59214442006138	-3.633405	3.403725
faro1244	-0.0868846139906	1.51327610062487	-3.415154	3.1743245
fiji1243	-0.0133195465296	1.51906152696406	-3.38033225	3.631596
fina1242	0.01546053356105	1.50657578923727	-3.05011625	3.436204
finn1318	-0.0676073700705	1.53274579030511	-3.57500775	3.08360925
fonn1241	-0.0359710494655	1.55067699907082	-3.39953725	3.26110025
fore1265	-0.049330426959	1.47236368363816	-3.371406	3.00302975
fuln1247	0.0143485856208	1.47530331192819	-3.12653725	3.377991
furr1244	-0.077897797213	1.54098833972464	-3.7655875	3.31533775
furu1242	-0.012514213742	1.50023009597989	-3.33073375	3.24790125
futu1245	0.04224866748175	1.50466945839249	-3.07298675	3.50288725
fuyu1242	-0.0719667304695	1.55837874430396	-3.647394	3.4128235
gaan1243	-0.110115165035	1.49401919018767	-3.57266375	3.0709695
gade1242	-0.067364163631	1.52332857212098	-3.5292495	2.97338575
gaga1249	-0.058041452701	1.42659915883612	-3.14416975	3.115739
gahr1239	-0.17755585371235	1.38097511949299	-3.366191	2.48727524999999
gali1258	-0.03364487168455	1.37624869594273	-3.1771245	2.8761655
gali1262	-0.0222236886422	1.53114735312587	-3.3506865	3.35898225
galo1242	-0.245016617616	1.53837564409684	-3.665907	2.5104105
gami1243	-0.01332012178	1.60378793964026	-3.6328955	3.59659049999999
gamo1243	-0.14780144615095	1.51490569714457	-3.65862675	2.8212645
gant1244	-0.06871972853205	1.46541317661206	-3.49520925	2.936162
gapa1238	-0.0852289200598	1.51825887298192	-3.656403	2.91411125
gata1239	-0.1963165563411	1.35180586485307	-3.5569985	2.6011815
gayo1244	0.015123329141	1.68497687630051	-3.70563925	3.489892
geba1237	-0.15719655796265	1.48493392512254	-3.550795	2.92160399999999
geda1237	-0.055190696678	1.4970678139505	-3.4601345	3.11716399999999
gela1263	-0.056072700372	1.52633278292419	-3.89005125	3.29963224999999
ghad1239	0.0109042586124	1.51366160729108	-3.309424	3.39146925
ghan1242	-0.028566831271	1.4975690295429	-3.660186	3.12894075
ghar1239	-0.06637388924655	1.50459801525511	-3.437046	2.98523625
gheg1238	-0.11451992832	1.51414625936319	-3.658963	2.96906574999999
ghod1238	0.4114958837407	1.16699094920727	-1.56950675	3.25633725
ghom1257	0.005346460403	1.46490446434271	-3.219522	3.4559835
gilb1244	-0.0153565022005	1.51484617748118	-3.44023975	3.29975599999999
gily1242	-0.0590623851727	1.42563084967227	-3.3414645	2.7773365
glav1244	-0.1195575111259	1.53741851769785	-3.645684	2.96833899999999
gofa1235	-0.137258676971	1.52307708325886	-3.96274525	2.789408
gogo1265	-0.048926266911	1.48545062538732	-3.3676435	3.28281425
gola1255	0.0407185316155	1.53534927674192	-3.2248465	3.39543074999999
guah1255	0.00443005910355	1.46169621847697	-3.21236025	3.25833175
guan1266	-0.205031445526	1.46418600526573	-3.506091	2.720963
guan1269	-0.05902523900325	1.54122667006486	-3.52951125	3.249561
guat1253	0.03289460447295	1.5163000188114	-3.21494525	3.29349875
gube1234	-0.0272477386415	1.44456525428726	-3.27033625	2.98068075
guer1243	-0.115137395454	1.46885986748072	-3.4615875	2.977395
guiq1238	-0.158928592436	1.45874555455894	-3.71433125	2.66804225
gulf1241	-0.0797599647885	1.46683879310066	-3.43836425	2.9486515
guma1254	-0.09230246606605	1.55984032377567	-3.8286935	2.84382674999999
gumu1244	0.01621053940517	1.52211401443837	-3.11497925	3.33159975
gunw1252	-0.009243568093	1.46138361703284	-3.3237605	3.25347474999999
guny1241	-0.04551889397425	1.55788103803638	-3.5669505	3.2409515
gura1251	-0.0937372561605	1.39263737138278	-3.30376575	2.77199774999999
guru1261	-0.3645150588465	1.30803392809893	-3.73231525	1.94695449999999
guru1271	-0.077402783473	1.44954118759733	-3.31563775	2.79951275
gyel1242	-0.0026377293	1.4842971089368	-3.34007075	3.2257665
haaa1252	0.031212944959	1.52107528192067	-3.35136675	3.33891825
hadi1240	-0.113386491156	1.36088184462557	-3.28144375	2.556285
hadz1240	-0.0513579379885	1.53145069835286	-3.29583125	3.1930365
haka1240	-0.39892572564835	1.48408414010816	-4.12747575	2.22798075
halh1238	-0.087521384984	1.48482983104871	-3.47628575	3.004301
hali1244	-0.0267984973327	1.46251064835346	-3.46935575	3.19943549999999
halk1245	0.15110820857	1.39804607864223	-2.5987155	3.47181799999999
hame1242	-0.077937662478	1.47440326367728	-3.34649825	2.98659224999999
hang1263	-0.0560389478695	1.41803289616587	-3.2220655	3.15360475
hani1248	-0.09812883208745	1.44686707456086	-3.26793425	2.90723575
hano1246	-0.054728516127	1.51231849420387	-3.24766325	3.056924
haru1245	-0.0652663570905	1.50743869715984	-3.5102075	3.14166375
hass1238	-0.0703666861441	1.46825205957987	-3.36215025	2.99417799999999
hava1248	-0.0337372435465	1.49982643403358	-3.37173075	3.16514125
hawa1245	0.0387709356375	1.5724905141169	-3.25291825	3.326453
hebr1245	-0.0270819038425	1.46755371798928	-3.29282125	3.23413225
hehe1240	-0.0244942820375	1.54716238232274	-3.42854825	3.261329
hela1238	-0.47042471153961	1.31781431073574	-3.825471	1.8381565
here1253	-0.0432084259682	1.57368233273621	-3.51845025	3.37409075
hida1246	-0.05115211765665	1.41358969137102	-3.179548	3.0541395
hind1269	-0.0728579543485	1.4860292183233	-3.63296625	3.06970125
hoaa1235	-0.0434880670825	1.5205796990665	-3.17553	3.03419425
hoav1238	-0.01208180869	1.39262279584417	-3.06342575	3.01532675
holo1240	-0.02468025039	1.62046507038309	-3.65715975	3.371372
hone1235	-0.0497546509726	1.43670900697695	-3.14936525	3.11613475
hooo1248	-0.0331847588115	1.4453754469742	-3.19143725	3.11528525
hopi1249	-0.12247213922955	1.55669461841914	-3.82276175	3.208215
horp1239	-0.1833766491465	1.36455109604353	-3.4091465	2.55384975
huaa1248	-0.000149999005000003	1.52804938532065	-3.409413	3.16427075
hual1241	-0.01803902637335	1.51000475911954	-3.2669845	3.33748475
huam1247	-0.0262186779866	1.56844909828423	-3.50360875	3.5000015
huar1255	-0.083106401616	1.46905148425415	-3.5630215	2.84495225
huba1236	-0.13067727517245	1.45730537414418	-3.63225	2.87909825
hula1244	-0.07458227938815	1.32633649395177	-3.210153	2.67794549999999
humb1243	-0.0462328204465	1.50544757253399	-3.26620275	3.315719
hung1274	-0.06386340933715	1.40937536591722	-3.1787805	3.0313145
hung1275	-0.0806524615945	1.46600197319519	-3.3897265	3.03097
hunz1247	0.891155316691895	1.50282901170769	-1.13694225	4.56680675
hupd1244	-0.056057382029	1.45920011949255	-3.3231825	3.04514
hyam1245	-0.031804410904	1.47493064305024	-3.274631	3.26768899999999
iaai1238	0.01203772281	1.49846595553012	-3.3031485	3.31560725
iatm1242	-0.080026964369	1.42287032896878	-3.3788925	2.83366874999999
ibal1244	-0.0152374607192	1.42819859745528	-3.07912075	3.20227674999999
iban1264	-0.03076620116965	1.55266744751104	-3.504751	3.33547375
ibat1238	-0.0241840489305	1.49730554999611	-3.2748865	3.16049125
ibib1240	-0.0304570426965	1.53060281984814	-3.27654675	3.0860505
idum1241	-0.2455095116555	1.49860895568648	-3.794581	2.69160024999999
idun1242	-0.09092242083695	1.56430929005082	-3.871056	2.8820495
ikkk1242	0.013056738536	1.49125487309091	-3.15924975	3.36238624999999
ilaa1246	-0.017485127725643	1.57972171571597	-3.17117525	3.29684575
iliu1237	0.032490307645	1.45590785383142	-3.071086	3.27935125
imba1240	-0.0560119349225	1.5675568898246	-3.7825385	3.34656499999999
indo1316	0.0038432010495	1.45293219734524	-3.431205	3.3742905
ingr1248	-0.0968902119465	1.49493226657326	-3.6246455	3.103996
ingu1240	0.456119386816	1.29599494983454	-1.7483895	3.72724874999999
iris1253	-0.0014722076975	1.49907659241041	-3.34051575	3.2056905
irul1243	-0.050548261778	1.42819984108854	-3.3087555	2.96616625
isco1239	-0.0177311222272	1.55254555587163	-3.6231295	3.142627
isin1239	0.0031996561331	1.43456405103901	-3.0303555	3.02898225
isir1237	-0.0050285268505	1.44534287167774	-3.272545	2.98260575
isna1241	0.03923256271865	1.44709099426459	-3.091246	3.12793
isth1240	-0.122945854334	1.42513080787804	-3.75884125	2.58924575
ital1282	-0.092406226821	1.47447807436628	-3.35508075	2.95012575
iton1250	-0.0599943859523	1.61468782165953	-3.91439725	3.31753975
itza1241	-0.0380489249325	1.53652711943683	-3.3959215	3.212319
iumi1238	-0.2883388762965	1.47958574261545	-3.93157125	2.50601925
iwal1237	-0.045847540508	1.53195646721016	-3.37376825	3.25243325
iyoo1238	-0.0560356821796	1.45968122677989	-3.443012	3.19688775
jahh1242	-0.0271728881457	1.54851112145709	-3.546162	3.55083875
jalk1242	-0.0949658902215	1.51417090764205	-3.5927005	3.01352525
jama1261	-0.02543803109035	1.46640436071308	-3.1876795	3.16150199999999
jamb1236	0.0162121070275	1.52704546580867	-2.99959175	3.6480525
jams1239	-0.0740845184795	1.49596511583769	-3.41239425	3.16161974999999
japh1234	-0.15883867819705	1.45367453932377	-3.55491975	2.78183575
jaqa1244	0.01737939496	1.44801382543057	-3.217219	3.19699799999999
java1254	0.00363001207392	1.45040585532871	-2.99453	3.16684525
jede1239	-0.0482666747229	1.49153766777284	-3.4193465	3.178559
jeha1242	-0.0565904637856	1.42410825428857	-3.324578	2.725325
jina1244	-0.0759821955301	1.55643411367738	-3.48999575	3.01336075
juan1238	-0.114025301799	1.35622769872398	-3.350319	2.72125425
juku1254	0.0177028314861	1.4140623728006	-3.21976725	3.3992585
jurm1239	-0.01896490929735	1.50533233193264	-3.19982475	3.287209
kaba1278	0.465411216656	1.36840016458261	-1.86371225	3.84625825
kaba1281	-0.0456310533315	1.56775697957191	-3.519076	3.16925825
kach1280	0.149227223708	1.42208969861762	-2.8646965	3.41048025
kach1284	-0.15738959759005	1.52855938312403	-3.71758175	2.7119195
kado1242	-0.256603266696	1.46102156006679	-3.84642675	2.48220825
kafa1242	-0.0874843856402	1.41163086505863	-3.5383055	2.93578425
kaga1256	-0.05592966494955	1.47110051320859	-3.2042375	3.3103095
kagu1239	-0.0195568261795	1.57083363473792	-3.40464475	3.36325975
kaik1246	-0.3307307846478	1.3665023919753	-3.48555625	2.316889
kaki1249	-0.09476203386025	1.5286766440358	-3.54912	3.02605975
kala1399	0.0739819082425	1.51664786873247	-3.19794675	3.3949195
kalm1243	-0.069271677202	1.47556308098555	-3.35938	2.89313274999999
kamb1297	-0.0434754648185	1.51260882251573	-3.40613325	3.1847905
kamb1299	-0.0199274809125	1.53767537552409	-3.35144525	3.33899725
kamm1249	-0.03445821898745	1.48450220382019	-3.19515675	3.0630495
kamu1260	-0.064423000964	1.49725374346597	-3.403294	3.088364
kana1286	-0.00833424129315	1.51784558639004	-3.06012625	3.196987
kana1291	-0.0112901356916	1.47331866210961	-3.11606625	3.01335725
kani1286	-0.0692714965995	1.54636962911782	-3.554293	3.15338899999999
kaqc1270	-0.0964727369442	1.43118169132207	-3.3898105	2.90142175
kara1476	-0.0359154745455	1.58186464322197	-3.565931	3.441885
kara1486	-0.0164291677095	1.59641412009032	-3.33146	3.54371974999998
kara1487	0.0011434924995	1.46345053965207	-3.035633	3.191882
kara1500	-0.0351569656065	1.57319995161616	-3.64275075	3.25945099999999
kare1335	-0.0520320046915	1.47364515154366	-3.16620225	3.29816725
kare1338	-0.062649029542	1.46012589390094	-3.14792675	3.04643049999999
kari1311	0.000761307647999998	1.41853902187441	-3.23857025	3.05072825
karn1252	-0.087881062534	1.50179346495131	-3.32794625	3.11365475
kash1277	-0.08299761775475	1.43241473096458	-3.39965625	2.88796025
katb1237	-0.070175051836	1.54951213136824	-3.6380945	3.1835555
kats1235	0.1395428448935	1.41036317722121	-2.975556	3.19247699999999
kava1241	-0.007287364305	1.41144179513574	-3.190019	3.03814025
kaya1315	-0.170423596702	1.38575042979921	-3.29518875	2.60976274999999
keap1239	-0.086213650744925	1.53735657119492	-3.45716575	3.003931
keda1252	0.0189899640309915	1.47346420907768	-3.11957875	3.219216
keig1242	0.02616354036225	1.47655026988736	-2.86109775	3.2343695
kele1255	0.0558520588755	1.57905895057999	-3.20975975	3.57427749999998
kele1258	0.0149614159977	1.55131863861991	-3.380638	3.4838275
kemb1249	0.0267228941705	1.52888441271659	-3.4497195	3.3076165
keng1240	-0.018250483561	1.48430006744618	-3.11521875	3.106479
kens1248	-0.0469998228975	1.3771751691766	-3.3968175	2.79966625
kenu1236	-0.045206646228	1.46018472706764	-3.44598275	3.108396
keoo1238	-0.028726053465	1.49933989382678	-3.36119125	3.28986275
kera1255	-0.067420572608	1.47229140525762	-3.48100625	2.9577935
keri1250	-0.04220039405865	1.55418942876571	-3.4683915	3.5484295
kesa1244	-0.0549183812245	1.45152558102973	-3.23341275	3.08848649999999
kett1243	1.3218481553611	2.10929507612099	-1.04101225	6.90884149999999
kgal1244	0.0154112318373	1.40228474912674	-3.0417175	2.9252425
khak1248	-0.062564900016688	1.44711581332644	-3.149156	2.81886225
khal1275	0.076818549625	1.2074850444063	-2.32734875	2.754772
kham1282	-0.045517852336	1.41521175292431	-3.3670975	2.95531024999998
khan1274	-0.14816485150265	1.48330404661802	-3.652041	2.743672
khan1278	-0.0392551170069	1.48875665909701	-3.39544075	3.153937
khar1287	-0.107471489353	1.49217783367659	-3.8149415	2.985102
khas1269	-0.3310361619135	1.4525726077354	-3.95105125	2.27630249999998
khez1235	-0.3332733684065	1.4976370694208	-3.92200675	2.47389575
khin1240	-0.1410351315861	1.34865164757204	-3.208406	2.64403875
khmu1256	-0.253019634617	1.55344666820634	-4.08571175	2.82095175
khum1248	-0.4168607276445	1.47241566175926	-4.0435505	2.07025075
khva1239	0.83956574765055	1.42930592365394	-1.12913575	4.37844225
kich1262	-0.09564335420835	1.42080912723063	-3.31346775	2.73494925
kiku1240	-0.01518202861275	1.60836351064542	-3.4874655	3.495733
kile1243	-0.0452649646835	1.44320118431135	-3.1967415	3.11949099999999
kimm1245	-0.173550639885	1.41410686129749	-3.340493	2.54441675
kinn1249	-0.1911738041464	1.34555359080185	-3.1365645	2.437917
kiow1266	0.0002172595405	1.40324418647558	-3.02419575	3.0103165
kips1239	-0.03715430808065	1.52361616803383	-3.68474675	3.12371199999999
koda1255	-0.13763197309885	1.44794211172293	-3.415595	2.88624599999999
koho1244	-0.03561387142345	1.52814877306158	-3.23308375	3.34134925
koit1244	-0.0494166446592	1.58568563013221	-3.9289345	3.40433575
koko1269	-0.03185875235685	1.4537261323493	-3.15272275	3.03050549999999
kola1285	0.0111275351495	1.43963286219221	-2.80336975	3.287412
kolb1240	-0.0140437080925	1.48451078781203	-3.31625625	3.24715524999999
kolc1235	0.0406759077075	1.55895478035183	-3.19367425	3.548007
kolu1245	-0.08762511971425	1.57543544051932	-3.8667255	3.1479205
komb1274	-0.00398031912415	1.59064092831701	-3.6455375	3.34948524999999
komc1235	-0.00720161158045	1.4186835381405	-3.35674975	2.90150824999999
komi1268	-0.0109330742325	1.5053047369758	-3.4951	3.15070924999999
komi1269	-0.063508634549	1.42436676889211	-3.505974	3.005986
komi1270	-0.293034360492	1.46709780869392	-3.64191675	2.46654775
kona1242	-0.04545558657263	1.45999176002393	-3.51983775	3.0658935
konk1267	-0.04176968532405	1.42074553057331	-3.250147	3.009476
kony1248	-0.3412090736701	1.39054847152286	-3.7227655	2.17776775
koon1244	-0.056118681581135	1.57739805460055	-3.61655275	3.41185749999999
koor1239	-0.132759581142	1.50907096075496	-3.65462625	3.03870875
kore1280	-0.1001176332505	1.48831034723156	-3.4036545	2.8070645
kore1283	-0.041732781008719	1.54692226681334	-3.394376	3.18403375
kork1243	-0.080815878558	1.46870942058843	-3.3339445	3.0242485
koro1298	-0.0821010128275	1.4913390608498	-3.79097525	3.03711775
korr1238	-0.0962460818455	1.38729947620977	-3.429444	2.7379425
kosa1249	-0.01514247379395	1.52422611783306	-3.25672975	3.41078075
kosr1238	-0.0102045594985	1.52940139551144	-3.43100675	3.17349525
kota1263	-0.1479445021825	1.33155791524803	-3.43847075	2.52165975
koti1238	0.0207557302225	1.52270309473915	-3.38639825	3.2856885
kova1243	-0.089436876824	1.49007737909574	-3.4400715	3.0340295
kove1237	-0.07007853725005	1.59102593661634	-3.4082645	3.20633924999999
koyr1240	-0.0381709653053	1.55673466826752	-3.445779	3.46235825
koyr1242	-0.0054195227675	1.48406502037919	-3.29508875	3.30916774999999
koys1242	-0.11446670617725	1.38550029066963	-3.316714	2.65564675
kryt1240	-0.155600564324	1.35530762466989	-3.33216325	2.602645
kuan1248	0.0218392953724	1.49973761617099	-3.251411	3.19669825
kuii1252	-0.2134184542546	1.37751791380963	-3.4944915	2.4254985
kuik1246	-0.026648931159	1.51306493601412	-3.39881625	3.31313174999999
kuku1280	-0.0542118036615	1.4419827783459	-3.41451875	3.002955
kulu1253	0.21765494734135	1.21632107535501	-2.07868525	2.91922925
kuma1276	-0.0437772577381	1.48950085831861	-3.1669025	3.274499
kumb1268	-0.0011279864751	1.46081985300697	-3.0643455	3.16781875
kumz1235	-0.02947614004725	1.5210967773254	-3.22250275	3.24872875
kuna1268	0.0137707385175	1.45331760209101	-3.1152945	3.1551375
kuni1267	-0.0862011963124	1.60276824838435	-3.65923675	3.35809075
kunj1245	-0.0108919742067	1.52558026794429	-3.24445925	3.17365725
kuot1243	-0.01960590653265	1.52098788664905	-3.2992205	3.34631275
kusa1251	-0.0187533730106	1.38895584072934	-3.16494175	3.03326775
kusu1250	-0.33531179038265	1.39036233680269	-3.624693	2.32100849999999
kute1248	0.0309697289156	1.4079210003814	-3.04030425	3.393022
kuyy1240	-0.0712149372747	1.59572832642463	-3.682342	3.2054225
kwai1243	-0.0534879646645	1.49093767747061	-3.49541775	3.07763475
kwam1249	-0.000665897954114998	1.65500458638808	-3.712594	3.46254825
kwam1252	0.0427067781095	1.56675659109365	-3.2284955	3.59060575
kwar1239	-0.0483395061485	1.4754564224902	-3.50018825	3.0393375
kwaz1243	-0.06987125907998	1.55324536487809	-3.53317925	3.23277274999999
kweg1241	-0.066820747066	1.42938099588354	-3.2580435	3.1868605
kwom1262	-0.06735523613309	1.42362880270069	-3.28429925	3.02990999999999
kxoe1243	-0.04047272743865	1.44826189329522	-3.34877025	2.93586225
kyer1238	-0.4519215278055	1.31841982978924	-3.7584565	1.84624975
laal1242	-0.05811506011335	1.5960237891736	-3.84013575	3.27070475
labo1244	-0.06934897281	1.55672211710629	-3.58186575	3.15597149999999
labu1248	-0.0654810411901	1.57948913604351	-3.6333015	3.159795
lakk1252	0.25922742269765	1.24843662748291	-2.03311125	3.4051225
lala1268	-0.068661166788	1.58009557456814	-3.50227575	3.14343024999999
lama1277	-0.008837588681	1.60966356126303	-3.5743825	3.31977325
lamb1272	-0.0309356686357	1.48741089957192	-3.33271175	3.28421824999999
lame1260	-0.0426557719005	1.41604439967967	-3.27602225	2.98682575
land1256	-0.0153026919334	1.55985485764355	-3.520016	3.38102575
lash1243	0.9343547168015	1.61230563773428	-1.36724375	5.14435975
latv1249	-0.092045683302	1.39879737916322	-3.17778175	2.66902375
lauu1247	-0.05684313090115	1.4665960275393	-3.40601975	3.0985895
lave1248	-0.09878336494695	1.58448805388795	-3.689901	3.2023715
lavu1241	-0.039263425934	1.42366940111694	-3.092244	2.8815475
lazz1240	1.777892714155	2.31207574879223	-0.592990325	8.045683
lega1250	0.010640912612	1.55527507966468	-3.31010775	3.26805775
lele1267	-0.03779393771365	1.50592578387234	-3.3711705	3.14236524999999
lele1270	0.0076130908979	1.54654836720636	-3.15824725	3.53987199999998
lele1276	-0.0431209408793	1.47571216168737	-3.25986175	3.22145
lemb1266	-0.089602495777	1.56989911061579	-3.62871975	3.008104
leme1238	0.019989864972	1.49567350157966	-3.27074875	3.15529625
lena1238	0.02912659376935	1.5803440048584	-3.25361925	3.47103775
leng1259	-0.0629776950885	1.54853186406974	-3.9490325	3.20482625
leti1246	-0.0068053011353	1.57323699170957	-3.452396	3.33540899999999
lewo1242	-0.04038734157275	1.42943415462069	-3.3507955	3.11837775
lewo1244	-0.015767221108	1.59535075410399	-3.678977	3.40053575
lezg1247	-0.080782420551	1.2962244511109	-2.963521	2.74190775
libi1244	-0.0011285329213	1.50575758854358	-3.40694475	3.3366635
liby1240	-0.0186258740215	1.53055627535251	-3.39733975	3.330752
liji1238	-0.07079054840305	1.53309327415476	-3.43251525	3.10469525
lika1243	0.025178342968	1.55887394026019	-3.31842675	3.315521
lill1248	0.081716590802	1.5215280584664	-3.09145375	3.380909
ling1265	-0.07205288474655	1.54115951410673	-3.74079625	3.20419825
lipo1242	0.9097875320655	1.51975496852381	-1.103967	4.64824075
lish1245	-0.1318448209339	1.44073700717051	-3.29814175	2.74986625
lisu1250	0.9163882886145	1.68160798035017	-1.3592445	5.37300599999999
lith1251	-0.017508157448	1.50898825565641	-3.1918995	3.252182
litz1237	-0.07870869663245	1.55274873351427	-3.6232765	3.13777275
livv1243	-0.0632297185021	1.42422442581638	-3.308199	2.867739
loba1239	-0.004418812933	1.57414759074456	-3.54266925	3.53727475
logo1259	-0.017941417092	1.55463436274022	-3.399483	3.26348975
loka1252	-0.07846204760045	1.5212591158941	-3.762267	3.0598685
lolo1259	1.03141902540805	1.6311208868231	-1.069172	5.28792425
lomb1257	-0.037238896006	1.55487980789342	-3.561737	3.195265
long1395	-0.0773746491681	1.53364558855295	-3.61912475	3.0291285
loni1238	0.01140214700065	1.49467708590251	-3.12912525	3.33258675
lote1237	-0.0477889668864	1.51395818440717	-3.1021215	2.97055324999998
louu1245	-0.013405062958	1.47558124841655	-3.15610425	3.279339
lowl1260	-0.085569249553	1.41640739323414	-3.46981	2.8190795
lowl1265	-0.081495518034	1.41892644015614	-3.15979525	2.82575474999999
lozi1239	-0.0022657249107	1.49848827126141	-3.09873375	3.33286525
luan1263	-0.0123458909793	1.51040912477406	-3.37984975	3.19846475
luch1239	-0.0219391731792	1.42904528052016	-3.02583125	3.03453275
ludi1246	-0.06337738831275	1.46101864127987	-3.476239	2.771471
lugb1240	-0.0686427173706	1.51331679734899	-3.329039	3.39262899999999
lugu1238	-0.006243927547	1.54750523827308	-3.1680205	3.278762
lule1254	-0.120768452679	1.44988292290195	-3.48265225	2.95847175
lumb1249	0.0260695625595	1.49852629790707	-3.31578925	3.3148225
lumu1239	0.03072967101305	1.43192197521062	-2.830534	3.3441875
lund1266	-0.0196155748349	1.5200448024238	-3.4162585	3.20394225
luok1236	-0.037696398667	1.54865068535439	-3.36035875	3.23453925
lush1249	-0.357383134775	1.46283012718957	-3.8554065	2.34130175
lush1252	0.1065876329631	1.43910975144775	-2.8883775	3.40238699999999
luya1241	-0.01473758051485	1.46078115019537	-2.9788945	3.176834
maan1238	-0.0121459239882	1.53148739894708	-3.15066225	3.29353674999999
maba1277	-0.068784883822	1.54978119482084	-3.50439925	3.475295
mace1250	-0.050090294922	1.45210116995053	-3.21254375	3.13017325
maco1239	-0.0191596344509	1.47687856405625	-3.340171	3.19259474999999
macu1259	-0.0111040955245	1.48334168025885	-3.152471	3.11597175
macu1260	-0.03531547499615	1.53542120015212	-3.576024	3.160616
mada1285	9.42456322500002e-05	1.48739037555081	-3.207285	3.16463
madi1260	-0.04950513849575	1.44592661383142	-3.48564875	3.113388
maee1241	-0.0751974597275	1.54677197066514	-3.774595	3.18553975
mafe1237	-0.050622706017	1.49815698066442	-3.453328	3.01748225
maib1239	-0.003894060617	1.51486242784346	-3.2020765	3.482141
mail1248	-0.0962112474229	1.65964914901362	-3.7842495	3.3206715
mais1250	-0.08019303232245	1.50639541534701	-3.35220275	3.038615
mait1250	-0.12627614670185	1.29036541291911	-3.0771505	2.5093865
maja1242	-0.094996555034	1.51455105956048	-3.6966105	3.06660399999999
maka1304	0.01289632415294	1.53558696959007	-3.3872765	3.466072
makc1235	0.1170494249113	1.49405506403893	-3.01091925	3.39712525
makh1264	-0.0205211776875	1.42686266372473	-2.99168375	3.121601
makh1266	0.033824705975	1.48926537764622	-3.3335065	3.355205
mako1251	0.01794776386715	1.49667419361772	-3.15222575	3.23108075
mala1463	-0.1272689488377	1.48004266966762	-3.9169605	2.62207425
mala1464	-0.131987868008	1.35106770556826	-3.19567225	2.52747075
mala1522	-0.0178289549195	1.54970891516495	-3.5953035	3.16594699999999
male1284	-0.1275075579625	1.46967853852624	-3.255021	2.946823
male1289	-0.086560845165	1.51775727026476	-3.41869925	3.08676474999999
male1297	-0.02603831255825	1.44979927520351	-3.15943625	3.095646
malg1251	-0.10640501508135	1.56324653782329	-3.666667	3.2509325
mali1285	-0.073358786768	1.41124321217042	-3.22983675	2.87275449999999
malo1243	-0.054859104201	1.53208406615563	-3.54064875	3.036457
malt1254	-0.1031548160419	1.48917763392207	-3.55639875	2.8930965
malu1245	-0.073910414423	1.55628689728066	-3.84616075	3.16096725
mamb1294	-0.06178169612713	1.45216620375028	-3.469601	2.99908475
mamb1296	-0.0233802385775	1.41985426640023	-3.49944525	2.89187025
mamm1241	-0.133923795446	1.40260973932065	-3.290727	2.6299585
mamv1243	-0.011283096332	1.49803252663348	-3.43764375	3.30664175
mana1288	-0.3719485903895	1.34997426875982	-3.71338775	2.13334675
mana1295	-0.0182276171784	1.46524766268913	-3.303574	3.161873
mana1298	-0.07948235620795	1.4254016965768	-3.35140575	2.867462
mand1415	1.4718164623355	2.04282997565969	-0.70898655	6.83202625
mand1440	-0.0055121971706	1.53869814438622	-3.190571	3.35340024999999
mang1378	-0.2221281869935	1.51635162613963	-3.72667675	2.68271525
mang1381	-0.0515100343835	1.49122853831925	-3.424012	3.0503225
mang1394	0.0147098935894	1.54801885319344	-3.323063	3.464619
mang1401	0.005969683348	1.48485500948921	-3.122108	3.00169849999999
mang1403	-0.05102618749	1.52807184072468	-3.1987885	3.06699175
mang1405	0.003546077713	1.69639918915692	-3.698505	3.704703
manm1238	-0.1826871079123	1.43800808552959	-3.41098075	2.6396345
maor1246	0.018294032739	1.42865633747462	-3.042667	3.1946485
mapo1242	-0.059114243712	1.52116640824317	-3.40926325	3.1645755
mapu1245	0.04354321602245	1.57176056459584	-3.30611025	3.63208524999999
maqu1238	-0.038826020697	1.45168276669889	-3.19518125	2.88687675
mara1378	-0.0781326327495	1.44729263623305	-3.2357265	2.8374095
mara1379	-0.34148431444305	1.4831275530267	-3.959712	2.424388
mara1382	-0.332419062634	1.39973543670601	-4.05149025	2.1283725
mara1399	-0.079451327183	1.55982562396354	-3.779861	3.24356975
marg1265	-0.12289010109725	1.50138168364623	-3.6969275	3.03547574999999
mari1426	-0.021480500796	1.41592647218521	-3.063662	3.160835
mari1440	-0.0621601183345	1.47056330001221	-3.4057115	3.161211
mart1255	-0.04940960234885	1.50914883886044	-3.573527	2.97517675
maru1249	1.38957507769065	1.89907637286811	-0.793045925	6.228048
masa1322	-0.05833411498955	1.46998170394602	-3.55450425	2.9692935
masb1238	-0.040553398592	1.50235529351159	-3.218811	3.204778
mask1242	-0.0664348359735	1.48472380736822	-3.34550875	3.03248875
mati1250	-0.0181237472839	1.57369759912343	-3.43991725	3.2905785
mato1252	-0.04729474345	1.48661413439569	-3.53849975	3.16580125
mats1244	-0.053057951251	1.44170640608696	-3.13164325	3.114042
matu1259	-0.03496903897175	1.44987850044421	-3.17311675	3.21898324999999
matu1261	-0.0399058155975	1.53336477367835	-3.311724	3.35531525
maun1240	0.00674074967245	1.52216968224522	-3.09478975	3.2243195
maxa1247	-0.064409178945	1.53820322629091	-3.51570625	3.15447525
maya1285	-0.029520845111	1.46591105050482	-3.41633775	2.8734155
mayo1261	-0.0049918715525	1.55489545362207	-3.361977	3.7490885
mayo1264	-0.075370589855	1.49363122403559	-3.2909985	2.87377924999999
maza1304	-0.1119360205165	1.43176319645477	-3.465223	2.71500124999999
mbaa1245	-0.0096552634955	1.52602799746426	-3.33365475	3.17857699999999
mban1263	-0.0125169739355	1.51165595430405	-3.4698465	3.4719625
mbar1260	-0.0508101592877	1.47541487286204	-3.3480085	3.2010005
mbay1241	-0.05455533502335	1.42582865616613	-3.3407085	2.87983425
mboc1235	-0.04947253184	1.50399208692831	-3.46259075	3.024874
mbol1247	0.0447096685655	1.61112000431	-3.2112675	3.77456425
mbul1263	-0.09111088201875	1.48143991241521	-3.3396205	3.028919
mbya1239	0.0050104038785	1.44955548467326	-3.1550395	3.197188
meen1242	-0.11816440905775	1.46665122930665	-3.5670465	2.99911325
meke1243	-0.1055496708395	1.59141526466014	-3.5387955	2.9481105
mele1250	-0.03336410289815	1.50881776403716	-3.49378325	3.17181025
melp1238	-0.0552829732499915	1.55828604526454	-3.44112475	3.13128875
mere1242	-0.023790960213	1.4919744660591	-3.62056025	3.28973875
mezq1235	-0.0941046024765	1.40836235457182	-3.30359825	2.87248174999999
miju1243	-0.207083168203	1.41064247743269	-3.5598605	2.57501674999999
mila1245	-0.24822325629835	1.54393827928899	-3.74284625	2.76588199999999
mina1268	-0.0238454013752	1.55245947053137	-3.44697075	3.36545975
mina1276	-0.120438978214	1.44184846568567	-3.606279	2.73529074999999
mini1251	0.0251197467375	1.54421213726908	-3.33313925	3.41588825
mini1256	-0.030717002244	1.49401139623561	-3.09637925	3.01942325
minn1241	-0.06882196961735	1.42768163114302	-3.26249725	2.791823
misk1235	-0.036334103903	1.43400925003845	-3.27359825	2.8382155
mixt1426	-0.10645781766015	1.50973880888494	-3.5215855	2.99902225
miya1259	-0.1074979222075	1.50091292059675	-3.66682	3.01906875
miya1266	-0.0958176917765	1.48758513019862	-3.383294	2.96797475
mlab1235	-0.116597307351	1.45712641262973	-3.40732325	2.8566435
moba1244	0.0106482312961	1.57400196917842	-3.38258975	3.34582175
moch1257	-0.1130251848875	1.45136051954394	-3.11173525	2.706974
moco1246	0.004987586615	1.49343431880177	-3.26399375	3.38291775
mode1248	-0.01827423541477	1.49979270315804	-3.310386	3.370961
moke1242	-0.02636974451185	1.61722094520525	-3.7218305	3.21447699999999
moki1238	-0.015880590338	1.54367633740966	-3.4533145	3.168643
mokl1243	6.26420257000024e-05	1.494422209197	-3.35016925	3.25952574999999
mokp1239	-0.0350300652779	1.48825552509809	-3.31037825	3.14579574999999
moks1248	-0.05105455947155	1.46370095924891	-3.115281	2.983308
mono1270	-0.0072704426555	1.48354501250058	-3.26415475	3.44600224999999
mono1273	-0.027437332993	1.50537390982214	-3.498525	3.070481
mono1275	-0.09370189720585	1.50040400620441	-3.38054925	3.12903475
morm1235	-0.071088708907	1.58637979637545	-3.7122445	3.35434175
mort1237	-0.065691403722	1.61993820647566	-3.487611	3.0578975
mose1249	-0.0061933043238	1.44558646574769	-3.1996685	3.30755125
motl1237	0.0179682521532	1.51177402818621	-3.418922	3.42353525
motu1246	-0.07195047472485	1.60091334737756	-3.907078	3.178093
moun1252	-0.0517778341342	1.53545949358465	-3.6732505	3.22776425
movi1243	-0.02636392492435	1.49776415244087	-3.218453	3.107116
mpad1242	-0.05709944586695	1.48871274611228	-3.2828975	3.077019
mpii1239	-0.099133689347	1.42286964799554	-3.3498835	2.96834975
mpot1240	-0.0354359256715	1.42452393789391	-3.2637855	3.0176135
mpur1239	-0.0188984135325	1.52005836657062	-3.3211885	3.16887925
mual1241	0.0039763528355	1.42931775841062	-3.2411885	3.27677525
mudu1239	-0.1439969989005	1.38934814391921	-3.31261425	2.71922449999999
mudu1242	-0.082302443219	1.56009137301764	-3.28036675	3.15486075
mull1237	-0.008687160469876	1.48752393431271	-3.26922475	3.04610275
munc1235	-0.2226968229943	1.41469521162343	-3.779601	2.3749865
mund1325	-0.0867195274047	1.43920717718644	-3.3738755	2.68616425
mund1326	-0.0243258071958	1.54915971318313	-3.4769795	3.5508985
mund1328	0.0122434442422	1.44443921970516	-3.08821	3.23590375
murl1244	-0.047534571158795	1.40535502864808	-3.23170025	2.86413649999999
muso1238	-0.0605491507255	1.59812751284642	-3.77087025	3.197507
muyu1244	-0.03776463859055	1.55268518721974	-3.65128725	3.2138795
mwag1236	-0.10588061172075	1.44449018342649	-3.5011515	2.858145
mwan1247	0.02084554523795	1.51429371646486	-3.33465175	3.51754124999999
nade1244	-0.0452296267825	1.47481684792554	-3.309153	3.08634549999999
naka1262	-0.0373092166327	1.48532828834072	-3.41573825	3.0132195
nali1244	-0.0165711271274	1.51327462442143	-3.2263755	3.26988525
nama1268	-0.028828892575	1.47002052678726	-3.30439025	3.14287074999999
nana1257	-0.0485761730372	1.50496710310173	-3.40988475	3.0796815
nand1266	-0.016129197635685	1.53210483584165	-3.758062	3.15157624999999
nang1262	-0.000656463788050001	1.55364622848502	-3.277282	3.50574775
nant1250	-0.00394708848345	1.46820175654754	-2.9375985	3.24318274999999
nara1262	0.02754910999087	1.49114417328789	-3.18074675	3.336868
naue1237	0.0083571670575	1.55980111774004	-3.36723575	3.2793095
naur1243	-0.0208607732035	1.46467154169197	-3.16948575	3.06656175
nava1243	-0.109431552808	1.42500918779429	-3.111862	2.9288115
nawu1242	-0.0143271420126	1.47619281727596	-3.290984	3.11552124999999
ndam1239	-0.0178474996188	1.47045949199032	-3.202986	3.12122925
ndog1248	0.0001048909939	1.45073194343421	-3.28424875	3.05677025
ndun1249	-0.02362851009065	1.62536681179272	-3.8644125	3.42364075
neha1247	-0.033775700942275	1.5110403441591	-3.4924235	3.20737599999999
nend1239	-0.053714747496	1.42470999434455	-3.321155	3.08755925
nene1249	-0.071449470309	1.48156953147656	-3.3296145	2.99913575
neng1238	0.085006043071	1.48090168999834	-2.88214675	3.32860799999998
nenn1238	-0.02949698872785	1.54918513437623	-3.58078925	3.33502975
nese1235	-0.074228031827	1.55099444415288	-3.90368775	3.15855525
newa1246	-0.46537840083155	1.30885259386595	-3.9509735	1.73325675
nezp1238	0.09183177142485	1.45743891052505	-3.089861	3.75651575
ngaa1240	-0.0277846262915	1.41741174892943	-2.90821475	2.991431
ngab1239	-0.0315459783826	1.49442666466047	-3.4404065	3.05680099999999
ngal1292	-0.0051902819775	1.48719296064644	-3.253149	3.2583235
ngam1268	-0.036565846715	1.42587252972158	-3.3481825	3.0039645
ngan1291	-0.0586450463995	1.40198962725055	-3.22311725	2.78854775
ngar1235	-0.0208380640605	1.5455947231219	-3.39484675	3.36799949999999
ngar1283	-0.041328615771	1.37348976684815	-3.17545575	3.089989
ngar1284	-0.0818001207851	1.49441478094192	-3.38326475	2.9957865
ngas1240	-0.10914931632045	1.44842317993423	-3.30781775	2.77352774999999
ngba1284	-0.0465610079495	1.61452575516103	-3.9330945	3.3584765
ngba1285	-0.00485698405415	1.47367305213406	-3.22868175	3.28062275
ngit1239	-0.05222790139905	1.35453532206908	-3.09969175	2.8194605
ngom1268	0.0067200193655	1.45235984073511	-3.0756175	3.19633924999999
nhan1238	-0.02880515298925	1.5445577668794	-3.5930865	3.141395
nhen1239	-0.057913547038	1.4499483392229	-3.3729645	3.08264825
nila1242	-0.0216350568433	1.52062100296957	-3.1664435	3.33953225
nina1238	-0.029822584599	1.62158214124817	-3.40504	3.32926175
niua1240	0.10984296102	1.52162616581844	-3.075669	3.78353825
niue1239	-0.0359428078245	1.45368358295455	-3.25918125	3.06507175
niva1238	0.009284073016	1.61607774795589	-3.681074	3.530018
njan1240	-0.0129319588477	1.4624339051954	-3.08632875	3.17027825
noct1238	-0.3299137387815	1.41620349835202	-3.57350325	2.28927
noon1242	0.00916810346115	1.53749347896612	-3.2071245	3.4482845
noon1243	-0.0089354343235	1.43714050879343	-3.24313725	3.00521724999999
nopa1235	-0.11006265821395	1.52374131258844	-3.63805225	3.070279
nort2671	-0.05793243373345	1.53468743389343	-3.61458025	3.16354124999999
nort2684	-0.0900754453315	1.49862288896596	-3.57498825	3.03085325
nort2690	-0.046076692734	1.46492874450269	-3.14655975	2.986976
nort2697	0.356627438451	1.45431267796129	-2.3049575	3.90890774999999
nort2702	-0.1319385038125	1.45559346599	-3.3502965	2.97067449999999
nort2722	-0.14694797611	1.46093436138169	-3.7726765	2.79844275
nort2723	0.0020364934613	1.38591614291499	-3.036887	3.05693025
nort2732	-0.079361861874	1.41952943394712	-3.39254675	2.77329475
nort2745	1.3725074460145	2.06766842735757	-0.983521725	6.73043449999999
nort2747	0.17529309506305	1.53959929657602	-2.9867375	3.92794449999999
nort2774	0.0161321354185	1.45610391382669	-3.1022915	3.0417195
nort2839	-0.0536001682585	1.47781900601187	-3.327871	2.92780299999999
nort2845	-0.0042768447025	1.5004869407758	-3.32649375	3.38141225
nort2847	0.0288441181725	1.57719761909587	-3.23733725	3.632719
nort2885	-0.000108951992000005	1.59290628045014	-3.26126875	3.31866525
nort2930	-0.04038032286	1.48081278730354	-3.0927435	2.81645699999998
nort2938	-0.1031437982844	1.42988830072719	-3.609619	2.80732075
nort2942	-0.06802678191575	1.50712405854249	-3.7457785	3.061543
nort2954	-0.06450806919815	1.42371885006178	-3.21534875	2.913798
nort2957	-0.19110615093665	1.42241072242613	-3.58208075	2.64809925
nort2961	-0.0559166815165	1.46585702498699	-3.3648425	3.076433
nort2972	-0.03433850043465	1.638600131195	-3.7952325	3.349447
nort3047	-0.105033421062075	1.43120400994868	-3.34945025	2.8644485
nort3139	-0.08084545953715	1.59725621176581	-3.720204	3.48912875
nots1237	-0.01869503209235	1.55258025989006	-3.35931275	3.33149825
nucl1235	0.371939678888	1.4790645744969	-2.11856425	4.187704
nucl1240	-0.05818743119	1.55657470043751	-3.66456925	2.93144174999999
nucl1301	-0.11569059389	1.58153318343939	-3.66837375	2.94584924999999
nucl1302	1.78356330273825	2.29986280116919	-0.564847475	7.55784325
nucl1305	-0.060127965579	1.42573867490898	-3.25959	2.87122749999999
nucl1310	-0.254882599948	1.43795377454219	-3.5272825	2.4304405
nucl1417	-0.0462377979647	1.48763931628586	-3.422534	3.12311425
nucl1458	-0.0292667303305	1.43332081651473	-3.249645	3.186446
nucl1593	-0.048014059019	1.43956858287115	-3.4133405	3.008175
nucl1595	-0.01339538778175	1.49058788020207	-3.28989325	3.0266815
nucl1622	0.000275841959999998	1.51789759436943	-3.28320025	3.14451224999999
nucl1633	-0.030682265963	1.56349199859321	-3.70935525	3.04978075
nucl1643	-0.0565486057073	1.50032288640561	-3.64151825	3.24686625
nucl1706	-0.0809719776405	1.49998354651352	-3.48727575	3.002957
nukn1238	-0.0477685334573	1.52381478575692	-3.3943725	3.18428674999999
nupe1254	-0.001821987376	1.54466528436411	-3.4389705	3.481379
nyah1250	-0.0666065521893	1.51526416004093	-3.59910875	3.0825385
nyak1260	-0.0318496689485	1.55860802281493	-3.454792	3.1020265
nyam1285	-0.0619604538065	1.44713104393352	-3.24441825	2.98452874999999
nyan1301	-0.007390900433	1.53748439507182	-3.4278315	3.1638755
nyan1307	-0.077339205604	1.4691892946911	-3.3884055	3.04875124999999
nyat1246	-0.04127540548015	1.41658637301508	-3.34152325	3.004228
nyor1246	-0.1128876930175	1.52759857245745	-3.47350825	3.03484924999999
obok1239	-0.021053829097	1.5257902764831	-3.590475	3.31596349999999
occi1239	-0.026958558676	1.46929145581848	-3.20887125	3.26000875
ocot1244	-0.15462775728	1.51030638664365	-3.8461925	2.86227625
okan1243	1.5688617984295	2.20670956151719	-0.7129119	7.56611774999999
okin1246	-0.1335938477035	1.42435093301691	-3.398295	2.63235949999999
oksa1245	-0.0680238154675	1.35741036328771	-3.15548325	2.8562105
oloo1241	-0.0373227278945	1.39486580640351	-3.14578625	2.9775515
olut1240	-0.1353291716121	1.43358866139015	-3.636614	2.60082525
omie1241	-0.0613640880155	1.51399719282855	-3.5720935	3.00574749999999
onto1237	0.0388842125554	1.46482643174325	-3.04368275	3.18410325
oriy1255	-0.139747484531	1.45397695583775	-3.55595275	2.9231775
orma1241	-0.0093420179652	1.55895302247722	-3.6901895	3.34818099999999
oroc1248	-0.0266119573	1.44461490468894	-3.21062825	2.751323
oroh1237	-0.0822324365345	1.48192015229917	-3.24698075	3.10753075
orok1265	-0.0199029116145	1.39927929904131	-3.32736575	2.882558
orok1266	-0.01777981997365	1.53544391648589	-3.20716525	3.2119345
orok1267	-0.0540912831912	1.46294325687676	-3.47884975	3.079465
orow1242	-0.036156191314	1.51764524051389	-3.283598	3.17048674999999
otta1242	-0.0819316194945	1.39361002955951	-3.38668925	2.66468775
paaa1242	-0.0940807437196	1.48107815030989	-3.249315	2.95914949999999
paam1238	-0.04354593721125	1.44071996184071	-3.44538725	2.945407
paas1238	0.0272617298576	1.50011572180084	-3.179954	3.286553
paco1243	-0.073742484449	1.60741067753782	-3.68246725	3.272215
pagi1243	0.0190812655971	1.5490113129313	-3.41998575	3.12740175
pagu1249	0.028831398279	1.49127794124012	-3.38422375	3.48381999999999
pahn1237	-0.158828229236	1.38357367878094	-3.2378475	2.49619274999999
pait1244	-0.4078528739245	1.40720345572671	-4.13326575	2.068337
pala1344	-0.02140512125275	1.57428235092535	-3.649421	3.289677
pali1279	-0.018391038494	1.47849657492585	-3.2902355	3.0827165
pana1307	0.0128295496335	1.49226130238773	-3.073958	3.224148
pang1287	-0.0133385881805	1.5325712624601	-3.25496575	3.24330399999999
panj1256	-0.0548259150393	1.51676227583198	-3.5118445	3.1758685
pany1241	-0.0304605887363	1.46979896533396	-3.2059945	3.23581899999998
papa1265	-0.031142237991	1.49096571723804	-3.26730575	3.11326075
para1301	0.006289411916	1.47372837427488	-2.96264525	3.26940175
para1302	-0.31989792040195	1.44875311711223	-3.612113	2.42788275
para1311	-0.00742767363	1.47243171517147	-3.29733525	3.39867625
pare1266	-0.1772636297575	1.34677337590785	-3.33231275	2.44128849999999
pare1272	-0.0019616649695	1.55407768001538	-3.3159965	3.39053825
pate1247	-0.0543630938945	1.47068412840705	-3.319166	3.09220224999999
patp1243	-0.01067343933915	1.4745802803502	-3.5996135	3.15825225
paul1238	-0.014395506511	1.51199657175467	-3.14365925	3.23761799999999
payn1244	-0.0473007683836	1.43811923648369	-3.34178775	3.02199225
pech1241	-0.0908218658418	1.41060363917949	-3.36992325	2.579558
peer1241	-0.0166749470969	1.56068353062763	-3.353303	3.1167115
pela1242	0.1287741757985	1.37829456010587	-2.644133	3.30303225
pemo1248	-0.000687355281500001	1.56263368643984	-3.5858745	3.56491299999999
pend1242	0.0453411771471	1.53100760985685	-3.05537725	3.45791374999999
peng1244	-0.2049276158775	1.39576667806537	-3.49427275	2.51264899999999
phai1238	-0.1467945019838	1.4594309506815	-3.63945975	2.92296875
phom1236	-0.353224663972525	1.40015011861411	-3.817573	2.185891
piap1246	0.0105083786785	1.49718382863361	-3.305174	3.6059665
pila1245	0.00233161296455	1.56005945285861	-3.539456	3.3043255
pile1238	-0.00773960265095	1.45725068218638	-3.100345	3.39248325
pina1252	-0.0749958349678	1.53280996594849	-3.5343675	3.01380175
ping1243	-0.024599319635	1.4951045568896	-3.42397625	3.14343175
pipi1250	-0.12063844764655	1.41931684876745	-3.49902025	2.83089325
pite1240	-0.1196591676555	1.43689234038178	-3.242723	2.840969
plai1258	-0.07808810469055	1.39184684328972	-3.18611175	2.84617899999999
pnar1238	-0.36127852630365	1.44945762439562	-3.86523375	2.16049425
pohn1238	0.022292012545	1.45573991784334	-3.12761325	3.18284824999999
poko1263	0.01571499237995	1.51566992753514	-3.33859175	3.306463
poli1260	-0.094164380168	1.45966860467715	-3.42164325	2.73051674999999
popt1235	-0.12425663962	1.47106004234774	-3.5855625	2.64777425
port1283	-0.0664237479095	1.46763014759294	-3.34530375	3.030072
port1285	-0.06660526633155	1.49428561184602	-3.38723	3.04870924999999
psik1239	-0.128971211383115	1.44835487190906	-3.778351	2.80141149999999
puin1248	0.0078252483605	1.56339870560393	-3.1809705	3.5383705
puka1242	0.00181038274415	1.53168307384979	-3.46871475	3.34572575
pulu1242	0.00953775965895	1.5031093398116	-3.249374	3.49050024999999
puma1239	-0.1158020699945	1.20552365523326	-2.96713425	2.348461
pume1238	-0.026587344125	1.61284083840976	-3.599384	3.291891
puoc1238	-0.1387878786665	1.48550058186877	-3.5532355	2.83387274999999
pura1257	-0.053351076572	1.42796868824166	-3.25115625	3.05518075
pure1242	-0.0348152600895	1.51293039306545	-3.321097	3.12861675
puri1258	-0.1073840280738	1.48431155330399	-3.51672575	2.922302
qima1242	-0.0227665335281	1.4391895390741	-3.099037	3.0191605
quer1236	-0.09507582830205	1.41453279064829	-3.4225745	2.73136475
quio1240	-0.137404747147	1.55536103675998	-3.81098225	3.10249024999999
rabh1238	-0.2227674747895	1.36810054998178	-3.52986725	2.581327
raji1240	-0.27642872671455	1.41207978295373	-3.741821	2.59333675
rama1270	-0.0278300022738	1.49091318281644	-3.4181665	3.06570824999999
rapa1245	0.03046995374595	1.52619826744182	-3.16591775	3.3339165
raro1241	-0.00112797691845	1.59486003784359	-3.289576	3.29690725
rata1244	-0.002328725019	1.45170132853538	-3.167121	2.99470224999999
reng1252	-0.1106625939085	1.48400647928031	-3.52938075	2.92959475
renn1242	-0.0169545419577	1.61587289640287	-3.86366475	3.367622
reye1240	-0.02287343475938	1.49539532944442	-3.3070915	3.13661175
romb1245	-0.01135950543045	1.61610274552705	-3.5731405	3.62819375
rong1264	-0.1882311647765	1.42847464337717	-3.64230075	2.61472275
ronn1241	-0.10801027015725	1.47105975799632	-3.6470345	2.89666975
roto1249	-0.0279569548255	1.46690542969752	-3.36831275	3.1165935
rotu1241	-0.0221475119426	1.53836177958198	-3.5134215	3.40236224999999
rovi1238	-0.0139184372134	1.38424933687053	-3.038261	3.06212375
ruch1235	-0.17997841537385	1.52094210851162	-3.6582115	2.7808995
ruka1240	-0.0237833049685	1.5076117008444	-3.21191125	3.16516175
ruma1248	-0.05730227067625	1.52385329795633	-3.210222	3.18399375
rung1258	-0.017477461236	1.44452607447196	-3.07259675	3.193022
russ1263	-0.0543309443635	1.50464603099008	-3.39140425	3.14419325
russ1264	-0.06617845317745	1.45434355167265	-3.21673	3.067379
saaa1240	-0.079329836318	1.46077501039948	-3.36854625	2.84544599999999
saaa1241	-0.0621457515045	1.50741915168206	-3.46438525	3.06007524999999
saar1237	-0.008385779535	1.51663117796774	-3.147087	3.11172775
saga1262	0.0013192941756	1.45453019455341	-3.1411745	3.17616824999999
sais1237	0.00116942902335	1.50217584442039	-3.3032635	3.376322
saka1289	-0.0182763435265	1.50296386792037	-3.52769825	3.3057185
saka1291	-0.0066830713221	1.54792649276693	-3.5389185	3.094687
samb1305	-0.045869296830732	1.47176310345468	-3.33933775	3.132253
samb1311	-0.0404205155335	1.45749246871405	-3.41868425	3.05012225
samo1305	-0.02898687210675	1.46926896600375	-3.251686	3.090914
sana1295	-0.060465021062	1.51295075087771	-3.511665	3.23409249999999
sanb1242	-0.0412328275075	1.51519459081498	-3.4992665	3.08426224999999
sand1278	-0.079412263366	1.50209700253808	-3.44701525	3.19401675
sang1330	-0.034572226078605	1.4545027116458	-3.29035675	3.197649
sang1331	0.00465276815485	1.52228057635397	-3.31613225	3.38221974999999
sanm1289	-0.0055790841819	1.59108864353822	-3.68974825	3.4373835
sanm1295	-0.14303043414085	1.48919131903273	-3.56007025	2.85659975
sant1436	-0.1165745835645	1.47224680019026	-3.45443675	2.87705
sant1451	-0.094558135158	1.46950875144872	-3.3450545	2.84294549999999
sanu1240	-0.0503734916104335	1.44719884021396	-3.099264	2.91235525
sapo1253	-0.031225529397	1.48329629009414	-3.32117025	3.01504499999999
sara1321	-0.012674996578	1.49938227025119	-3.14412025	3.16844875
sars1236	0.007573223755	1.4433250311037	-3.1983155	3.08476725
sasa1249	-0.03703231139185	1.56878433072375	-3.54223275	3.50780324999999
sata1237	-0.017627803355	1.46602909467084	-3.2664415	3.13626799999999
sauk1252	-0.053776683094485	1.54013556578014	-3.58561225	3.25947225
saur1249	0.102730619634	1.38296246751876	-2.79254625	3.36151175
savo1255	-0.0516582864495	1.50393295315293	-3.46071875	3.27209475
saya1246	-0.112597348656085	1.45852549536634	-3.38765525	2.91170425
seda1262	-0.091183830690705	1.51241128042551	-3.46883625	2.99760325
seim1238	-0.026642109161	1.49614889319372	-3.23848125	3.22324749999999
seke1241	-0.0659936064225	1.52692054825382	-3.3348515	3.18503525
sela1259	-0.0006508853449	1.53666198924402	-3.39019675	3.30861075
selk1253	-0.0580147098555	1.51751396283773	-3.3469435	3.19223775
sema1265	-0.0257559808905	1.55771268962381	-3.90145225	3.30480175
seme1247	-0.01827311881916	1.55944147648009	-3.4576395	3.34052975
seri1257	0.00156766664345	1.43556318246412	-3.078079	3.082669
seve1240	-0.1326945373205	1.49448436413965	-3.666556	2.69370225
shab1252	-0.099002126619	1.46634698757808	-3.47182325	2.98412975
sham1280	-0.0162373967365	1.43815685298716	-3.21212375	3.06768225
shan1283	-0.0164550977656	1.41916063458041	-3.11766475	3.10572525
shaw1249	-0.1222731052565	1.54215682810326	-3.60114075	2.90153924999999
shil1265	-0.04023538681355	1.52813238896046	-3.48924025	3.31659075
ship1254	-0.0148699765395	1.56007188396715	-3.45338625	3.49586775
shix1238	0.14269585104385	1.32494920157711	-2.5894875	3.11510075
shol1240	-0.1273761474625	1.38848752078325	-3.34117825	2.8405715
shon1251	0.0100329227459	1.58011259739311	-3.56320875	3.4895595
shos1248	-0.0474861485615	1.43979737601828	-3.252155	3.03733425
shua1257	-0.0364405873345	1.58033371217071	-3.52345175	3.47745875
siam1242	-0.0809138505289	1.51440817831682	-3.4150865	3.04243925
sich1238	0.0500695754383	1.37714026006575	-2.99624575	3.28139299999999
sici1248	-0.055821903698	1.54734912787134	-3.67008825	3.30725974999999
siee1239	-0.002374747178	1.56564636148301	-3.3540775	3.39889125
sier1250	-0.1401890265285	1.55725210383388	-3.93368425	3.22008074999999
sika1261	-0.0311157963685	1.51127626886124	-3.31277	3.0767915
sile1255	-0.04950141305155	1.41686240987051	-3.10313625	3.15996325
sina1266	-0.0808711848235	1.55192045634834	-3.48572	3.12417775
sing1264	-0.3115487448215	1.42312182419239	-3.85758375	2.16403525
sion1247	-0.00497012321885	1.55335681743099	-3.2141475	3.43503675
sioo1240	-0.060147255380365	1.56186679470419	-3.6175305	3.075391
siri1274	-0.0545714991105	1.4953112085087	-3.2478275	3.02213
situ1238	-0.1958341656079	1.44960271771111	-3.4635925	2.7002155
siwi1239	-0.0520520325708	1.41616092286356	-3.2620195	2.9202825
skol1241	-0.0181369775015	1.47272529606251	-3.56203	3.28296149999999
slov1268	-0.0573528082849	1.51616867033787	-3.31814575	3.03848975
sobe1238	-0.0155708998955	1.47780583627696	-3.415306	2.98467375
soch1239	-0.1290439053765	1.4992901201128	-3.6150575	3.0285725
soga1242	-0.04270784576365	1.57959074228968	-3.65607	3.2223835
soli1239	-0.0041776076722	1.66740895888315	-3.737769	3.57935775
sons1242	-0.007491004161	1.60483341231866	-3.2011735	3.309573
sooo1254	-0.08405316233435	1.39604820642407	-3.132254	2.7393575
sout1528	-0.059043118521	1.39071771910299	-3.1116565	2.94412925
sout2649	-0.0393377408015	1.41191608717593	-3.200456	3.0078885
sout2674	-0.02521436984565	1.48700853963405	-3.47434825	3.2019525
sout2679	-0.13499351488355	1.46125454414716	-3.642911	2.82548025
sout2728	-0.1494657631072	1.48060836522461	-3.6548745	2.955898
sout2729	0.36702623128435	1.35505358348793	-2.06072275	3.53378425
sout2730	2.172419430683	2.59253070396908	-0.402034575	8.727125
sout2797	-0.0818194712625	1.51851460994466	-3.4888845	2.92904625
sout2807	-0.00389556564865	1.50859100322131	-3.13879825	3.3508845
sout2856	-0.022683437982	1.49399472511383	-3.3466075	3.0654995
sout2857	-0.066196134223	1.53492164988515	-3.590916	3.131015
sout2859	-0.0436505363665	1.45714532207452	-3.34822	3.0499535
sout2869	0.0411467694525	1.58099190645412	-3.39501525	3.5423705
sout2954	-0.128165306027	1.36773035947325	-3.36005575	2.68302
sout2956	-0.0886071081238	1.4730485105096	-3.46822675	2.9201425
sout2959	-0.047899172612	1.5082167435505	-3.55468825	3.252377
sout2976	-0.0940814508485	1.40494282368237	-3.4259905	2.8531675
sout2994	-0.0227543125696	1.45484644751606	-2.98844225	3.05545425
sout2996	0.0218109792934	1.49377591317906	-3.5146885	3.23528675
sout3236	-0.01207586216825	1.52280139944305	-3.41986825	3.17776675
sout3261	0.04674676648	1.24899528362971	-2.63495375	2.9628885
stan1289	-0.0181699752732	1.49498567385939	-3.38953825	3.43266325
stan1290	-0.04741568934	1.42903160134227	-3.09782375	3.054672
stan1293	-0.029839258407	1.38750558771133	-3.24192975	3.03598125
stan1306	-0.003566795358	1.46247846522166	-3.07709625	3.1094955
stan1318	-0.009507911341	1.38545746954322	-2.91793425	3.02181725
sude1239	-0.032856272358	1.47507694843648	-3.289942	3.10233574999999
sumi1235	-0.3377655332025	1.48950019121903	-3.9054185	2.46709225
sund1252	-0.00820019454705	1.44569609182561	-3.092083	3.17257174999999
sunw1242	-0.3866169810405	1.33212088611835	-3.767669	1.86775425
supy1237	-0.02755375750939	1.49493000418388	-3.348956	3.20891224999999
surg1248	0.005885228544	1.49064839194339	-3.42338175	3.15886474999999
surs1246	0.002891952165	1.50520596870519	-3.569048	3.22853599999999
swah1253	-0.042136046208	1.50217387051828	-3.4040375	3.2311135
swed1254	-0.07431388897785	1.44849681910716	-3.57692975	3.144958
taba1263	0.014621154897	1.50780824943221	-3.336747	3.52812024999999
tabo1241	-0.05649790778235	1.46781396765703	-3.252625	3.11036525
taga1272	-0.0329888606616	1.56060399276565	-3.55518525	3.28365625
tagw1240	-0.0202114255765	1.41755484194865	-3.337503	2.92876725
taha1241	-0.0428818723085	1.51622590660193	-3.362719	3.29477975
tahi1242	-0.043511654559	1.49426996950529	-3.22426325	3.18923825
taia1239	-0.0227524666	1.4302257713387	-3.181973	2.947067
taji1246	0.05019919555235	1.56398220950952	-3.2913425	3.647463
taku1257	0.0190615048402	1.54255890427688	-3.3744335	3.43995
tali1259	-0.0982848903149	1.51394903372043	-3.70443125	3.01876325
tama1365	-0.083853779634	1.50162700190592	-3.559746	3.12691575
tami1289	-0.119181468247	1.50981236087007	-3.63642725	2.918625
tane1237	0.043901363094	1.48648064471124	-3.204639	3.44049375
tang1336	-0.313955484671	1.50814339427336	-3.73059225	2.47557975
tang1347	-0.043297562514	1.50914585161083	-3.61411075	3.185851
tang1348	0.007148445238165	1.5348479286082	-3.3253935	3.36881574999999
tang1377	-0.232362220752	1.48448037340346	-4.1394135	2.52323475
tani1257	-0.024944669223	1.5104197194623	-3.4690095	3.20522849999999
tari1256	-0.04369494471665	1.44109459013089	-3.38456625	2.981687
tari1263	0.019534633427	1.462545921837	-3.196178	3.49295499999999
tata1255	-0.1131802579625	1.44085902901457	-3.555094	2.794909
tata1257	-0.0574168515277	1.51077317853226	-3.50339375	3.01605325
tata1258	-0.1163589190815	1.47488443201948	-3.4650275	2.97374525
taul1251	0.02991644554745	1.51144064683017	-3.12027775	3.27960324999999
tawa1286	0.005626044763	1.54044935777072	-3.39487175	3.37140849999999
taya1257	-0.036111879026	1.51014268924299	-3.35458775	3.353107
tbol1240	-0.0031810332441	1.56878140794327	-3.28070125	3.40483675
tean1237	0.043271137144	1.47190745076038	-3.26029025	3.33820999999999
teda1241	-0.0381205649285	1.5274523750957	-3.53674675	3.234388
tedi1235	-0.4229723665445	1.45672972378697	-4.01586925	2.140218
teke1275	0.0156889549838	1.47257262163933	-3.175541	3.076371
tekt1235	-0.114560931389	1.42426996549735	-3.12937525	2.57894499999999
telu1262	-0.1049472532195	1.49125657083274	-3.4818035	3.03530949999999
tene1248	-0.052222827428	1.60734263955615	-3.65153825	3.50939625
tenn1246	-0.036456838418	1.51885475883813	-3.39055475	3.13016975
teop1238	-0.0278627484475	1.49231349962707	-3.4939815	3.119325
tera1251	-0.08060796596285	1.50720272465717	-3.465485	3.13260874999999
teri1250	-0.0101377211085	1.46197988301367	-3.313168	3.1114665
tern1247	0.011720607548	1.4698480586107	-3.08698925	3.300726
tete1251	-0.122817621351	1.45623358282462	-3.37615675	2.67584325
thad1238	-0.401588611693	1.40070964670246	-4.06101025	1.966333
thak1245	-0.35523536061015	1.31989835882097	-3.64820625	1.96983875
than1259	-0.357687550956	1.35636868592472	-3.6580915	2.16705625
thao1240	0.005821098615091	1.47187144677437	-3.29230375	3.26789325
thul1246	0.067840347477	1.25476279382414	-2.45085675	2.898499
tibe1272	-0.05987307951485	1.39254231205197	-3.1277255	2.7656555
tief1242	-0.083629532133	1.55564427751362	-3.7895555	3.06255074999999
tief1244	-0.073038352629095	1.57504310020037	-3.717726	3.14322875
tien1242	0.01801281085185	1.50584398219711	-3.47008525	3.2445295
tiga1245	-0.014481817645	1.59128906137547	-3.271222	3.56049799999999
tigo1236	-0.0069081957655	1.44394818355895	-3.13460175	3.21703075
tika1246	-0.012098246038	1.44509267523094	-3.0957375	3.27789224999999
tiko1237	-0.019189596614	1.47177283133814	-3.19693	3.352685
timn1235	-0.015178533317	1.50672653357256	-3.4027445	3.13343499999999
tiri1258	-0.010089113916	1.53340254781893	-3.257762	3.19156974999999
toab1237	-0.046167979616	1.46199493142123	-3.379044	3.046157
toar1246	-0.100541975944	1.53449215069333	-3.78999975	3.16387325
toba1268	0.0359762595665	1.44537510252898	-3.126485	3.37006225
tobe1252	0.03227066779628	1.46415199765651	-3.11423525	3.34241399999999
toho1245	-0.04863422977875	1.47841860194889	-3.4337495	3.085553
tojo1241	-0.088196154221	1.47617994481193	-3.535626	2.89328325
toke1240	0.0218546334881	1.58713995698381	-3.506046	3.6222835
tond1249	-0.0680100264286	1.50808787138961	-3.550977	3.194372
tong1308	-0.0546593877715	1.47876206762475	-3.4374205	3.112776
tong1318	0.003568452377285	1.51650831475945	-3.32781575	3.28831825
tong1325	0.034672394476	1.44944478297071	-3.1310645	3.15378925
tosk1239	-0.09381004242105	1.52304418714419	-3.73423175	2.9379425
toto1302	0.6918818148955	1.44113701980617	-1.3451375	4.41483849999999
trio1238	-0.023402330241	1.56030002103314	-3.46799925	3.28413199999999
trum1247	-0.0239739390785	1.52567381503269	-3.5092915	3.22612675
tsam1247	-0.09913956195988	1.51792672184602	-3.42479475	3.16847325
tsat1238	-0.0274571936485	1.57976288101474	-3.57256725	3.51991475
tsha1245	-0.226403611037	1.43914695943565	-3.42223725	2.66030999999999
tsis1238	0.00553449840895	1.54503520944079	-3.48127075	3.55097225
tsix1234	-0.06805710447705	1.43523010201467	-3.476259	2.89336749999999
tsog1243	0.0262273569105	1.50932823851054	-3.27149725	3.51921474999999
tson1249	0.014904052294	1.49141174064702	-3.14705225	3.1690865
tswa1253	-0.0666140786705	1.52278086556457	-3.54652675	3.1039015
tswa1255	0.01786564916845	1.50652790426146	-3.18647375	3.50228774999999
tuca1252	-0.05880097380355	1.42724863023232	-3.1153205	2.99149575
tuge1241	-0.02715706093902	1.57934872306158	-3.795392	3.35836024999999
tugu1245	0.011237051384	1.47352451734784	-3.13052475	3.01347899999999
tuka1248	-0.0010628828534	1.5786569170571	-3.4823625	3.5075245
tuki1240	-0.011866949168	1.47549500811332	-3.26580025	3.21532175
tula1252	-0.0520019271977	1.47475300939894	-3.089509	3.092973
tulu1258	-0.10346007060695	1.39347175228252	-3.4878465	2.7966585
tung1290	-0.0007117876405	1.56558990452485	-3.2458525	3.3212025
tunn1238	-0.042846841471	1.56412655613379	-3.629289	3.25889949999999
turk1303	-0.0513406360765	1.46430826499844	-3.185106	3.07403674999999
turk1304	-0.04130088628	1.4147317410386	-3.3080375	2.99479625
tusc1257	-0.081070732687	1.45622635418028	-3.21344	2.95006125
tutu1241	-0.0557806783285	1.49407425100342	-3.48142525	3.01701275
tuva1244	0.000592018969500001	1.48804706475721	-3.468344	3.1819625
tuwa1243	0.010098948236	1.48115911909664	-2.94883125	3.386566
tuwu1238	0.01205757011165	1.49085477133095	-3.425099	2.941268
udih1248	-0.0221736749134	1.40830864101092	-3.2406465	3.0461825
udii1243	-0.0703533623968	1.39531877294818	-3.2144405	2.7339395
ughe1237	-0.009938208373965	1.4030200012892	-3.054578	3.07683
ukra1253	0.00120902923	1.37556394922934	-3.09245975	3.0053615
ulit1238	-0.0278437544705	1.52482681202259	-3.36971175	3.35308299999999
ulwa1239	-0.05362221024615	1.48341511142275	-3.51646575	3.18637025
umaa1242	-0.0021659824335	1.50835196675818	-3.31253	3.44863175
umbu1257	-0.00268990562	1.63226058350548	-3.51716	3.8074575
umbu1258	-0.07551763700665	1.51477453549728	-3.4635595	2.99118174999999
umes1235	-0.056205127369	1.35848719227814	-3.190857	2.854126
unua1237	-0.071097523551	1.55571191146779	-3.6514855	3.18360575
uppe1275	-0.1851996283731	1.43479824087881	-3.66891775	2.7628015
urak1238	-0.03725706610975	1.4970742417089	-3.366933	3.1250935
urar1246	-0.065393223983	1.54295311270988	-3.6366035	3.07808525
urav1235	-0.023441009846775	1.58346194351947	-3.65515075	3.21329325
urim1252	-0.035648864338	1.37456808449948	-3.10364425	2.99277274999999
urip1239	-0.0787393298825	1.54475499148446	-3.68767	3.22533549999999
utes1238	0.0034163108505	1.57602360979353	-3.49150225	3.21701774999999
uuuu1243	-0.14934765142897	1.47802742455093	-3.40597125	2.73338449999999
vano1237	0.0373573408575	1.47752810887213	-3.0081225	3.38800649999999
veps1250	-0.01335057131	1.46267114039949	-3.290171	3.0183925
vera1241	0.032711633681	1.46776901621645	-3.19662825	3.12131649999999
viem1243	-0.027368322495905	1.67203128213358	-3.664641	3.62622575
viet1252	-0.0890811126176	1.54559146469419	-3.77176075	3.17777075
vinm1237	-0.074016199962	1.55308750004628	-3.62103175	3.091303
voti1245	-0.079018912182245	1.47410885814507	-3.30591775	2.99282325
vunj1238	-0.0308081772126	1.50104547123675	-3.20841475	3.2238205
vure1239	0.0335293250625	1.46120189261741	-3.20919775	3.1651705
vwan1235	-0.0128910785553	1.52717318089194	-3.4648475	3.21893075
wage1238	-0.007119982767915	1.5116871292757	-3.561431	3.38614475
waig1244	0.02697742170835	1.71639189554332	-3.833465	3.8494215
waim1251	-0.0998822281975	1.58564133316402	-3.65449325	2.98052425
waja1257	0.09893724604985	1.53764442727022	-3.1854665	3.64439875
waka1274	-0.0572157252415	1.51930406995633	-3.73151725	3.13888999999998
wala1266	-0.04633309157745	1.49033107863844	-3.4702315	3.0385605
wall1257	0.0104875723578	1.43139604910978	-2.9467045	3.129802
wamb1257	-0.2679084487605	1.23813733304189	-3.349127	2.07946724999999
wand1267	-0.009866933212	1.53300257687906	-3.1599445	3.35273124999999
wand1278	-0.11735688719689	1.55558661235004	-3.78286425	3.14124499999999
wara1294	-0.017223587038	1.50606876577094	-3.370642	3.2413725
wara1303	-0.00874463923815	1.57877552848539	-3.56710575	3.403598
ware1253	0.013222149107	1.41106963953155	-3.045071	3.178228
wari1268	0.0014780161323	1.56920592973982	-3.5218895	3.36314349999999
warj1242	-0.26643540402025	1.39476075598267	-3.7207965	2.3562595
warr1255	0.0023586633625	1.42024924311396	-3.11642825	2.96267825
waru1265	0.0205517822715	1.52805185853773	-3.26719425	3.23187225
wawa1246	-0.023928960375	1.57322458819772	-3.399698	3.32243799999999
waya1269	-0.06171398644505	1.51913988452308	-3.709186	3.2139105
wayu1241	-0.386723810717	1.32882259827436	-3.865557	1.9383445
wayu1243	-0.0340452869105	1.5250598734321	-3.4335915	3.21490399999999
wels1247	-0.0224209383889	1.41733259086903	-3.356869	3.09733925
west2354	-0.075793613699	1.45462052539283	-3.37286625	2.88113199999999
west2369	-0.0923551805735	1.55578991367086	-3.48306	3.27901949999998
west2392	-0.1513946177121	1.45219822659075	-3.662806	2.76952225
west2396	-0.184751263891	1.39367152784575	-3.5318955	2.49231925
west2397	-0.0805036465127	1.47250534200169	-3.34563025	3.11416699999999
west2415	-0.45176053862885	1.26399515004918	-3.58390225	1.7906285
west2418	-0.3416744552083	1.43194282846668	-3.78493325	2.43774575
west2466	-0.0894558786632	1.51876061009895	-3.5454665	3.076577
west2516	-0.00297403718015	1.51524624573679	-3.15490675	3.31579875
west2519	-0.03485782025155	1.4987283043416	-3.25362325	3.2679495
west2548	-0.0474618728485	1.55499849146428	-3.45516225	3.3183195
west2557	0.0093241941105	1.52927169977411	-3.21218725	3.36285125
west2560	-0.04030384087725	1.5356904577108	-3.47946975	3.61214424999999
west2594	-0.0223926765425	1.55681011365208	-3.6656535	3.546683
west2600	0.0160128805835	1.49522388793895	-2.983743	3.43274175
west2618	-0.111923516018	1.43349101177069	-3.40836125	2.96599125
west2632	-0.0949193418338	1.46921919535045	-3.6478865	3.0448105
west2635	-0.1248672845807	1.42342021359212	-3.58969025	2.64365625
west2644	-0.104829515329	1.49014453829505	-3.66632725	3.05233475
west2650	-0.0221159121215	1.46709946970776	-3.29958775	3.23147149999999
west2763	-0.0713986685416	1.5508361110269	-3.39749375	3.33196274999999
whit1269	0.039476256729	1.57884014328516	-3.26154275	3.516609
wiru1244	-0.06633828606315	1.51053990774263	-3.608818	3.12407175
woii1237	-0.0422846660488	1.58298715072399	-3.56222225	3.21439574999998
wola1242	-0.157928397528	1.56547574418442	-3.88441625	2.999837
wola1253	0.0142959727695	1.51885477728045	-3.243399	3.514545
wole1240	-0.0137180317515	1.50963871252846	-3.4314145	3.24461575
wood1236	1.6135884514945	2.29483645162041	-0.7085917	7.911858
wotu1240	-0.044629078518	1.46924243994245	-3.323253	3.1008365
wuch1236	1.4836798564185	2.05508790572445	-0.6928274	6.8079595
wudi1238	0.2646960745535	1.46566519782688	-2.83251125	3.60766649999999
wusa1235	0.3387225027674	1.43690879164166	-2.34347475	3.80637525
wutu1241	-0.1084595110795	1.39960659563944	-3.2398615	2.7110955
wuvu1239	-0.068165526935	1.47496574143355	-3.46802075	2.909305
xamt1239	0.324338556197	1.49859392071945	-2.47471825	4.04817625
xara1244	-0.0028928408189	1.52392258668628	-3.2098045	3.18631475
xhos1239	-0.0313483519177861	1.49787765480353	-3.3355095	3.07372425
xish1235	1.0654683007225	1.55902287115853	-0.9654152	5.01884575
yaak1241	-0.009887223454	1.53194916775147	-3.3951875	3.21415475
yaey1239	-0.1355965205431	1.45921186856877	-3.5228265	2.92350275
yagu1244	0.0060512138465	1.46759393930515	-3.20774375	2.97421625
yaka1272	-0.064048977236265	1.58827337874154	-3.62740425	3.52903549999999
yaka1277	0.0080791873069	1.4701539644348	-3.11532075	3.19162525
yaki1237	0.04945098149395	1.40390913726105	-3.15514275	3.08639174999999
yakk1236	0.301236199417	1.25747551049665	-2.04313875	3.30858125
yako1252	0.015162863915	1.50712581121707	-3.439134	3.32482275
yaku1245	-0.04344121162821	1.39821866443114	-3.2690235	2.82265074999999
yale1246	-0.0519931815735	1.4249514989702	-3.298593	2.94884675
yami1254	-0.0154545609485	1.43807818753654	-3.33030125	3.17886474999999
yami1256	-0.0260524617661	1.39935502358026	-3.1538375	3.138263
yane1238	0.02087480876165	1.48206279348215	-3.21240025	3.42943975
yank1247	0.03357537305025	1.56963327360095	-3.32520325	3.67057725
yano1261	-0.0218211318185	1.62989701960642	-3.628089	3.352192
yano1262	-0.066695471073	1.47791602484107	-3.505939	3.29675075
yaoo1241	0.0115845830805	1.51310920525616	-3.1890365	3.22541349999999
yapu1240	-0.0372986674195	1.3715366944039	-2.997589	3.04520149999999
yaqu1251	-0.082258684169	1.47037908792602	-3.32397	3.318032
yasa1242	-0.002668215294285	1.48453431323925	-3.24843225	3.15963175
yatz1235	-0.13856703070695	1.49851607646811	-3.677965	3.00220224999999
yaum1237	-0.0532330359695	1.49237545749869	-3.44587375	3.01332775
yawu1244	-0.025428289929985	1.54963835339034	-3.595991	3.25954975
yele1255	-0.0339172104218	1.47926829946744	-3.41565775	3.1888615
yems1235	-0.10153169010415	1.3857770318903	-3.3355165	2.89237174999999
yind1247	-0.0361338654665	1.40753643020957	-3.068668	3.01711349999999
yoga1237	0.0095167917055	1.53835759568364	-3.363947	3.2220665
yona1241	-0.09421421863685	1.43297035851897	-3.3381015	2.937095
yong1280	-0.0473570338055	1.50205817527981	-3.583983	3.11570725
youl1235	-0.196551476237	1.4076286780666	-3.485848	2.60351325
youn1235	1.47997779962515	2.07266382398599	-0.70562645	6.90162974999999
yuca1254	-0.0383964016275	1.45333904617931	-3.13150575	2.95037625
yucu1253	-0.03049298799475	1.54549360017019	-3.388591	3.41134475
yuec1235	1.3868568159845	1.97977155018054	-0.865526975	6.477138
yura1255	-0.0313983803845	1.61791402523367	-3.482261	3.26299774999999
zaba1237	-0.0195813227235	1.49347244796658	-3.26631575	3.21538625
zaca1241	-0.187025789434	1.42473926729123	-3.5542865	2.7510695
zaca1242	-0.10167280379365	1.49280038588076	-3.62873975	3.07153275
zagh1240	-0.00555383011635	1.53153240276758	-3.40537325	3.34602925
zamb1245	-0.0064582244635	1.51137269525411	-3.3909735	3.082924
zani1235	-0.1405901245356	1.46949490911157	-3.54860175	2.94705375
zarm1239	0.00932464694225	1.4637757113454	-3.37770475	3.39679849999999
zaye1235	-0.19862010242275	1.51622061134932	-3.7453345	2.93275125
zays1235	-0.1359531485005	1.52517734549207	-3.65143375	2.87160224999999
zeme1240	-0.37288868454	1.41460187216507	-3.9709125	2.2659755
zinz1238	-0.0547032550196	1.43577188419548	-3.29634575	3.1254155
zoog1238	-0.143297032623	1.52030056921978	-3.70770225	3.0459855
