Estimate	Est.Error	Q2.5	Q97.5
abar1238	-0.04749567643495	1.38891894143476	-3.164543	2.827755
abee1242	-0.037152545582	1.44876325826823	-3.282599	3.4641735
abkh1244	0.2418243782125	1.35733619168726	-2.4364235	3.61596275
abun1252	-0.03922654112765	1.3375436577077	-3.13537025	2.8034045
acha1249	0.0690058271726	1.34722172230786	-2.775333	2.959405
acha1250	-0.0252950781589	1.32826365653784	-2.78433775	3.05319049999999
achi1256	-0.155647001435	1.28745749140012	-3.00752875	2.48618325
achi1257	-0.039866706611	1.37305532534083	-3.06349475	2.86929975
achu1248	-0.0590936466295	1.43145196491103	-3.45216225	2.82361425
acol1236	0.000618358003499999	1.30834713477183	-2.660832	2.80571049999999
adan1251	-0.0105467047305	1.39282651033628	-3.0758125	3.0218935
adon1237	0.0310129998825	1.42627374470123	-3.09813	3.03068399999999
adze1240	-0.04370991169705	1.37823152426653	-3.15586225	2.838345
afar1241	0.1296524422845	1.34538530920582	-2.629351	3.2148545
aghe1239	-0.057658549336	1.37221197587465	-3.3744215	2.68728524999999
aghu1255	-0.0438740091395	1.45904331278264	-3.3121195	3.36650124999999
agob1244	-0.03145647225655	1.44702461047556	-3.35399275	2.95431499999999
agua1253	-0.0027331855068	1.34468960473837	-2.9222605	2.85464525
agut1237	0.0052662564835	1.38172399553827	-2.8190775	3.02765825
aheu1239	-0.00486526644095	1.43673114761101	-3.1649915	2.945791
aime1238	-0.052779245905	1.25319354853396	-2.75218075	2.8161375
ainu1240	-0.0215796883353	1.26586892379638	-2.6903755	2.805304
ajab1235	-0.0068047703685	1.43249616658758	-3.25865075	3.336167
ajie1238	0.0157237389303	1.27019885600078	-2.77204925	2.9067455
ajyi1238	-0.0323557235185	1.38973370328666	-3.09536525	3.0657585
akha1245	-0.2408693812755	1.37429544940008	-3.5287055	2.325344
akoo1248	-0.054787661647795	1.36989103675663	-3.24276675	2.810948
alab1237	-0.029434343297	1.44902036848377	-3.12787375	3.1595235
alab1254	-0.0338900966475	1.35867855555635	-3.139607	2.91113775
alag1248	-0.00400077459	1.46080977882748	-3.25923325	2.971608
aleu1260	-0.037955189504	1.32214133637009	-2.8589765	2.72998675
alor1247	-0.004936099341905	1.39802798130687	-3.22713125	3.29313025
aluk1238	-0.107186368888	1.29430464793119	-2.966356	2.61858575
alya1239	-0.0304940464664865	1.41644704583696	-3.3729335	2.9163675
amah1246	-0.0490785162305	1.31906957254726	-3.1058605	2.68776275
amap1240	-0.053703660046	1.38355396744547	-3.14567675	2.79796049999999
amdo1237	-0.0775264831221	1.40171703163837	-3.15179775	2.89067549999999
amii1238	0.00675757732845	1.37519808754294	-3.00575975	2.93356125
amis1246	-0.0617108389825	1.32585222906622	-3.05780325	2.8626245
anei1239	0.001535707232	1.32988324408451	-2.865744	2.9870575
anfi1235	-0.04510505944812	1.3688934005403	-3.2824685	2.85143375
anga1288	-0.3594069230785	1.26824479323772	-3.52552325	2.020632
anta1255	-0.0217724876726	1.28393150711568	-2.92402875	3.143084
anut1237	0.0295846481022	1.39591668807964	-3.04849575	3.21636074999999
anuu1241	-0.302757639241965	1.38715852900425	-3.727233	2.026425
aoua1234	-0.02221073979285	1.44159408030717	-3.28777575	3.36665799999999
apin1244	-0.0265129815305	1.34053671042376	-3.20149825	2.91111675
apma1240	-0.05233165769175	1.35138004003897	-3.0366425	2.75898875
arak1252	-0.0856749569176	1.35278710505713	-3.255604	2.734903
arao1248	-0.0214610946445	1.33466872791018	-2.794642	2.8513485
arap1274	1.27828721083386	2.01725257266946	-0.77110315	6.89946324999999
araw1276	-0.03236996059785	1.39736638549993	-3.2236735	2.8937695
arbo1245	-0.0797409129805	1.38212574975795	-3.3055855	2.8502145
arch1244	0.4946426365404	1.24945696955725	-1.47107725	3.83145999999999
area1240	-0.03780736245545	1.36466898108718	-3.03611175	2.9302425
aree1239	-0.0625278312192	1.38221705238471	-3.019288	2.832259
argo1244	1.416826406507	2.21712074957585	-0.7751802	7.81431725
arhu1242	-0.0167915757975	1.32007319816423	-2.9132915	2.86413225
arig1246	-0.05233042907835	1.40727960845445	-3.45648125	2.9539065
arop1242	-0.04610693252225	1.43559909232845	-3.319696	2.92558525
arop1243	-0.02719001547	1.36059377351033	-2.8161175	2.9944955
aros1241	0.012275475743	1.37851691762676	-2.9991655	2.979821
arta1239	-0.0664391155835	1.41324807189812	-3.327581	2.87928749999999
ashe1272	-0.05865669386395	1.44945278606571	-3.11703025	3.212669
assi1247	0.02647838128805	1.34636618707473	-2.87790125	2.89842599999999
asut1235	0.00373674725545	1.47019288775631	-3.31251175	3.1380525
athp1241	0.1148530462325	1.14261352302598	-2.28431825	2.7766175
aton1241	-0.128004186075	1.25022007207277	-3.00254575	2.32651625
auuu1241	-0.0397961042562	1.45235371541571	-3.30801725	3.11084625
auye1238	0.01543216809995	1.42600801296282	-3.125241	3.17477475
avok1242	-0.00632986053865	1.4134006934056	-3.01987725	2.98512425
awac1239	-0.0339323471636	1.36927694587391	-3.3900145	2.847683
awad1243	-0.248087346912	1.33919272409386	-3.60653875	2.4027275
awar1248	-0.045361843166	1.36980959523742	-3.402157	2.75213875
awar1249	-0.0236963664313	1.39302623006771	-3.4680565	2.89938575
awji1241	0.027585137044	1.38091278969431	-2.90583025	3.04258199999999
axam1237	-0.06190886739445	1.39415325234389	-3.273444	2.8940845
axiy1235	-0.0056853516525	1.34221823664439	-2.69328325	2.88753949999999
ayac1239	-0.011645791049	1.24543788212531	-2.981296	2.76061775
ayiw1239	0.01815419406505	1.35218662337067	-2.8897125	3.0976
baba1264	-0.0507898675615	1.33548414670494	-3.0341275	2.72054799999999
baba1266	-0.0556884240202	1.31563514782374	-2.96285325	2.64089099999999
bafa1247	-0.07825996669415	1.34586970466794	-3.15704875	2.687445
bafi1243	-0.0235537115241	1.41150263523835	-3.096682	3.27303725
bafu1246	-0.0662308412265	1.32004501472607	-3.10039375	2.69138099999999
baga1272	-0.0059925126095	1.39658041354418	-2.9004275	3.2881065
bagi1246	-0.0219079849969	1.38285639335171	-3.0618445	2.94534375
bagv1239	0.7951860151284	1.41502879626236	-1.02395025	4.32116749999999
baim1244	-0.0853139933977	1.36579307268533	-3.17145925	2.85274775
baka1272	0.02916585339212	1.39959804979297	-2.8349575	3.19264549999999
bala1311	-0.0186827174675	1.46613704286339	-3.29013625	3.262821
bala1315	-0.0023102882245	1.33113366073759	-2.9220935	2.867626
bala1316	-0.02752369156075	1.45432399762536	-3.42541175	3.17482875
bali1278	-0.0294790342565	1.38820151359541	-3.080796	3.00109775
balu1257	-0.043459264086	1.31838205494022	-3.0363835	2.723962
bamb1270	-0.014619761022	1.39050109407276	-3.34254425	3.10359925
bamu1253	-0.010754165178	1.3771553110883	-3.09965325	2.97906375
band1344	0.01829658223535	1.44105725685207	-2.94672475	3.29123025
bang1354	-1.94461839999984e-05	1.44215493193986	-3.08964475	3.1367915
bang1369	-0.213758329365715	1.31604138787927	-3.3311915	2.2160535
bant1281	-0.09631562123823	1.14971214985872	-2.69371475	2.227507
bara1357	-0.424812825604	1.33443970115306	-3.7219455	1.75797599999999
bara1380	-0.0402288844005	1.34812641565481	-3.050104	2.7241505
bari1286	-0.0076552970098	1.41906970589857	-3.11524125	3.05307424999999
baro1253	-0.0779742589565	1.34419847418746	-3.26600025	2.71576825
basq1248	0.01336321846845	1.48393781044776	-2.9808895	3.29700425
bata1285	0.03691484043995	1.39218860988	-2.721743	3.102885
bats1242	0.946356419006	1.63581301912675	-0.9817804	5.32438175
baur1253	-0.0683009330493	1.46746522170687	-3.5893455	3.0807865
bawm1236	-0.379041647176	1.36259444840208	-3.796864	1.8588535
bebe1248	-0.01024337462895	1.3309046675032	-2.821251	2.7831905
beka1241	-0.00908315127767	1.46210131364603	-3.1373675	3.2022025
bela1254	-0.012615414024	1.40795503334636	-3.306523	2.86522225
beli1257	-0.0312801897636	1.41557679633805	-3.235588	3.09379775
bell1243	-0.043139458304385	1.39432368311955	-3.21658975	2.99898325
bemb1257	-0.00893499690635	1.45577230547448	-2.950966	3.3338875
beng1282	0.015203014632	1.35031571892431	-2.68813425	3.00372824999999
bent1238	0.0041941271745	1.38673519818436	-3.05550575	3.022146
bert1248	0.02309427537595	1.3481431731794	-2.8396655	2.91599174999999
bezh1248	0.9869062877318	1.62530668888335	-0.86954515	5.35661724999999
bhoj1244	-0.207367533492	1.30651729740487	-3.17914775	2.59413049999999
biao1253	0.74268925685235	1.48143526553352	-1.22727375	4.936748
biao1254	0.77820689951385	1.53032512899277	-1.21842925	4.97511025
biao1256	0.3007072486214	1.28525847842844	-2.12559775	3.57819925
bier1244	-0.0671190344703	1.44978120559625	-3.2503525	3.00914075
bign1238	-0.07231876200075	1.33737745026624	-3.1324735	2.84491224999999
biha1246	-0.042128315153	1.34892054512403	-3.0982715	2.74617949999999
bilb1241	-0.01700612958615	1.28352485516109	-2.98673925	2.80697724999999
bimi1240	-0.03999561961315	1.31063592293617	-2.9927085	2.7063725
bini1246	-0.0433725222615	1.42260809495735	-3.32435275	3.09081874999999
bira1253	-0.060612815471	1.43106465692564	-3.23407025	2.9228755
bisu1244	-0.2837049324155	1.29551347102229	-3.4736085	2.05264124999999
bitt1240	-0.157604709279455	1.33360323859327	-3.33397175	2.48235925
biwa1243	-0.070049828908705	1.28580908711566	-2.9876975	2.58947
blab1237	-0.04145441347095	1.42143579640415	-3.35133175	2.77750275
bodo1267	-0.08062090424695	1.35346267045794	-3.31829575	2.57195825
bola1250	-0.0185993413485	1.41626458557518	-3.24461725	3.078876
boly1239	-0.028135594552	1.43604644151949	-3.17978625	3.14089549999999
bona1250	-0.105634545762	1.20227576023889	-2.7899695	2.3217235
bong1285	-0.01499445476675	1.2848847445027	-3.12209775	2.9068195
bong1289	-0.00941853983915	1.39625163472296	-2.99368275	3.10407075
bora1263	0.0026133987608	1.33170626085966	-2.9228605	3.0942385
bord1248	-0.0500325661383	1.38983006878868	-3.21228325	2.835288
boro1277	0.01110016487305	1.32705870660761	-3.00397375	3.09068249999999
boro1282	-0.0323196627825	1.4715311444164	-3.522702	2.9441015
boto1242	-0.05641349368161	1.39177702488625	-3.1873065	2.7970705
boun1243	0.0431076284088	1.39076011613978	-2.73787575	3.3067815
boun1245	-0.05378947104435	1.42497206203356	-3.3006215	2.99967
brah1256	-0.04105097161208	1.37161151386192	-3.05974175	2.93584875
bret1244	-0.0238023440706	1.31944020562421	-2.90801775	2.83741775
brib1243	-0.0274861542937	1.35182181777544	-3.18515225	2.98234874999999
budu1248	-0.06206863389	1.33213265864853	-3.06364525	2.5998655
budu1265	-0.0363478052069	1.41509077363691	-3.143665	3.1192595
budz1238	-0.0184280154013	1.36877949197843	-2.8595615	2.99643474999999
buga1247	-0.0968365931945	1.26725454144093	-3.07155425	2.534234
buga1250	-0.0402938027985	1.30649505996525	-2.92659025	2.69333975
bugh1239	-0.029792330494	1.38871614729494	-3.32711525	2.82239275
bugi1244	-0.061845852971665	1.44420300898426	-3.22763325	3.002131
bugl1243	0.00945914319995	1.33742340434312	-2.87997525	2.61371349999999
bujh1238	-0.439144394986	1.32643466601227	-3.68520025	1.62735925
bull1247	0.0243052347458	1.46899296928342	-3.051597	3.28681825
bulo1242	-0.0357046825095	1.39122754155537	-3.052322	2.870912
bumt1240	-0.12008930332935	1.25300699706691	-3.198106	2.59340025
bura1292	-0.0935971556762	1.42971051169758	-3.43097125	2.878833
bure1242	-0.0295850008942	1.39406160871822	-3.12605275	2.86273449999999
burj1242	-0.0671569958395	1.33285172625743	-3.08302225	2.67497425
buru1296	-0.0509098049722	1.48661476385052	-3.43555375	3.28542825
buru1320	0.002001353471	1.37701840596626	-2.936689	2.89316125
busa1253	-0.0891961689465	1.37199257286853	-3.38128425	2.79194275
bush1247	-0.0675562791453	1.47542988278957	-3.3934875	2.97536949999999
buwa1243	-0.0545979008925	1.33824601585277	-3.22046725	2.85693775
bwat1240	0.0189449291683	1.27606143269208	-2.66538725	2.88734225
byan1241	-0.2707392730027	1.28554134054997	-3.54793975	2.14128449999999
caac1237	-0.0198879605625	1.37641686534129	-3.155098	2.92260149999999
cahu1264	-0.03546722253085	1.40845193011797	-3.310388	2.92450349999999
cakf1236	-0.026883534749	1.47472192638092	-3.466735	3.084293
camp1261	-0.02354131091905	1.4383355038827	-3.1527905	2.96800624999999
cane1242	-0.04145422721985	1.52226935210183	-3.307765	3.126874
caom1238	0.70691205822395	1.52913669045784	-1.295207	4.73632725
capa1241	-0.0430331393391	1.36531692552707	-3.0814345	2.82959
carn1240	-0.0194303650225	1.37309399921228	-2.886636	2.98039875
caro1242	-0.0248258088225	1.43401526555686	-3.31348875	2.97912625
cash1251	-0.01960905511487	1.43100362288827	-3.005078	3.14789
cavi1250	-0.0428572458736	1.34254341646379	-3.1583025	2.97115325
cemu1238	0.0105658521185	1.31503059607488	-2.874091	2.9517555
cent1989	-0.04350714273345	1.41362611116607	-3.21361975	2.95117125
cent1990	-0.04723599825185	1.38160302869352	-3.02900975	2.73082874999999
cent1992	-0.0584017847932	1.38465499330648	-3.27563675	2.86166499999999
cent2004	1.840747078284	2.47548833953853	-0.401455325	8.75869325
cent2050	-0.08908028363105	1.34787000436125	-3.17900075	2.69364575
cent2090	0.00664056637105	1.4012053263991	-2.9173425	3.1061235
cent2126	-0.0621362995775	1.29065277021196	-3.01660925	2.65334275
cent2127	-0.0800870943508	1.37948470188432	-3.139886	2.832741
cent2131	-0.101497576985	1.34270483526099	-3.1713495	2.668161
cent2142	-0.02545118864885	1.43318567559005	-3.39870525	3.25991825
cent2150	0.008090626547	1.47189706008097	-2.969865	3.3235705
cent2292	-0.0640434914665	1.43632066183855	-3.209669	3.015492
cent2314	-0.041119108037155	1.32807908363407	-2.819981	2.701208
cent2322	-0.08542194017715	1.50959441019997	-3.23054475	2.74697425
chac1251	-0.04922069160805	1.51864413827432	-3.4125565	3.141749
chad1249	-0.0145978766604	1.33343790323249	-3.1196085	2.931648
chak1270	-0.2720237869195	1.35246086957721	-3.835651	2.25298649999999
chal1275	-0.05882681573145	1.34929436307552	-3.16451475	2.8241135
cham1309	0.7470261886997	1.38291279263607	-1.0936005	4.26322725
cham1312	0.01544504955795	1.30117381167996	-2.98780725	2.8851235
chan1313	-0.3488515922565	1.30205937374918	-3.6069985	1.98462975
chas1234	0.9305775853815	1.61418148204684	-1.00572775	5.1958595
chec1245	0.2540755785485	1.24806111630348	-2.07850025	3.217577
chek1238	-0.03199529602715	1.41676044871599	-3.2977765	2.96996
chen1255	-0.0811482276755	1.32402564409599	-3.12796375	2.82346925
chep1245	-0.4472977155265	1.25849296740352	-3.3331565	1.60306275
cher1273	-0.0404573298155	1.36910436510768	-2.96590475	2.591365
chhi1245	0.009896016389	1.13844343873858	-2.41810675	2.60157025
chil1280	-0.0605286385655	1.31582047874581	-3.029568	2.62248
chim1302	-0.024736486208	1.36025955998936	-2.93601925	2.8335345
chip1241	-0.0869495071085	1.28971159968878	-3.12752275	2.484827
chip1261	0.02724411257737	1.30852677306222	-2.710894	2.78711175
chiq1248	-0.027207912183	1.38115656386932	-2.9827855	3.15910649999999
choc1276	-0.0148759650432	1.36237882916178	-3.33176925	2.9436615
chon1284	-0.0322776785793	1.29493596088102	-2.87669375	2.718385
chot1239	-0.31723692968745	1.34387288666384	-3.57552075	2.16703425
chra1242	-0.0592232169775	1.33608203446716	-3.27801925	2.62689825
chuj1250	-0.124810543079	1.37040985237931	-3.42488675	2.65125325
chuk1273	-0.0841601491227	1.3306464298305	-3.1456605	2.7095365
chuv1255	-0.0591832973365	1.34965780140341	-3.10997825	2.72213175
chuw1238	-0.002149690702	1.47019815687248	-3.037946	3.25186874999999
cici1237	-0.040780472293778	1.37370542877627	-3.10438725	3.05635899999999
coat1243	-0.1107122225565	1.39890714999195	-3.37524575	2.9059735
coca1259	-0.0266727056225	1.37310177568242	-2.97312625	2.73427599999999
colo1256	-0.055049170351	1.36514725591586	-3.249135	2.9491925
colu1241	0.4690922338311	1.37462046329712	-1.78607625	3.971731
coma1245	-0.0558015991713	1.30990740362526	-3.0602395	2.829821
como1259	-0.00367327434465	1.28866110367912	-3.004228	2.7775625
cong1236	-0.02072019075395	1.36270212383	-3.08708	3.1879955
copa1237	-0.13649846394045	1.37284456321509	-3.6122705	2.629091
cori1240	-0.0054881103651	1.30248564818285	-2.867997	2.978068
cors1241	-0.04871094497235	1.3929595144239	-3.1928045	2.9887995
cosa1234	-0.1923800230805	1.34313056586614	-3.2719255	2.25694475
cree1270	-0.0228883454656	1.34527073548038	-3.1995875	2.74402775
crim1257	-0.0501583316185	1.34070311747664	-3.0433935	2.72853875
cros1244	-0.0269320953155	1.31712215299787	-2.9777275	2.882295
crow1244	0.215106011507	1.27190682476184	-2.3593125	3.22385575
cube1242	-0.05369231188775	1.36811590062489	-3.210984	2.8519395
culi1244	-0.001412132144	1.31307725268763	-2.7285095	2.9459155
czec1258	-0.0228286256585	1.33361526088447	-2.9240935	2.91861824999999
daai1236	-0.220838011904	1.39182192810374	-3.593569	2.334291
daas1238	-0.02713033852405	1.36495888091756	-3.07792575	2.936565
dagb1246	-0.029789500957	1.4524420982104	-3.1861825	3.0529735
dagi1241	-0.016423786322	1.44748058174506	-3.149772	3.149757
daka1243	-0.0739649468113	1.35067719388714	-3.06694175	2.68465224999999
damp1237	-0.0354647958665	1.41507000286719	-3.227946	2.92615949999999
dana1252	-0.1312248882775	1.36763536585378	-3.30336625	2.45940275
dani1285	-0.0081933797514	1.31189012240712	-3.00525375	2.77755724999999
dara1250	-0.380176348464	1.30111756248303	-3.41262925	1.90548725
darg1241	0.22660112726015	1.2421046199901	-2.19561475	3.34830125
darm1243	-0.2682535909251	1.28290061360337	-3.51376525	2.10958075
daur1238	-0.0436743200689	1.34608076730088	-3.06443225	2.77012775
dawr1236	-0.07437754623085	1.38773524039434	-2.9592535	2.9958355
daww1239	-0.0188545206295	1.42837897765708	-3.21348275	3.0116465
daza1242	-0.042142017857	1.34162680265478	-3.09744925	2.873726
dege1246	0.0013478231303	1.40874814930819	-2.87878425	3.08537799999999
dera1248	-0.063422427157315	1.3812472644698	-3.20616225	2.87217274999999
desa1247	-0.067247078895845	1.25909321868304	-2.6475695	2.528803
dhao1237	-0.01011614524985	1.38543224952852	-3.048869	3.185091
dhar1247	0.0120517576202	1.45653050584393	-2.91487075	3.2591075
dhim1246	0.8401174780775	1.62803687779106	-1.16827575	5.67158425
dibo1245	-0.0080267671355	1.44493638784053	-2.88253975	2.99255425
dido1241	0.9304621351145	1.54436844897172	-0.88430075	5.05508875
dier1241	-0.013536898938	1.43766136409181	-3.43289125	3.10556375
diga1241	-0.2280643506475	1.27405063066131	-3.57818675	2.094846
digo1243	-0.04578638121945	1.44985085681015	-3.33993425	3.01216025
dima1251	-0.35275440684505	1.26099616737493	-3.5162525	1.934062
djee1236	-0.0667245904166	1.38359608747683	-3.299754	2.892212
djin1251	0.02478035754655	1.28795518561104	-2.648129	3.01329
djin1253	-0.064333894677	1.31499831656068	-2.967385	2.61162999999999
domm1246	-0.02805293984065	1.34003802644113	-2.913541	3.0060175
dong1285	-0.0576221476282	1.34670739639151	-3.0368125	2.84674625
doro1266	-0.0641704455472	1.24997122669138	-2.965188	2.5692125
drun1238	0.08486175659555	1.27659860187393	-2.677495	2.84927625
dumb1241	-0.02028416468475	1.36448342542815	-3.018263	3.11602874999999
dupa1235	-0.03768686409407	1.39356864448611	-3.00985075	3.040461
dusn1237	0.0610324367295	1.32271917725159	-2.84662425	3.0675445
dutc1256	-0.0712635791035	1.4238671632705	-3.27657075	2.7898645
dyir1250	-0.0270227723235	1.31669017261151	-2.99219425	2.82489525
dzao1238	0.40353154526787	1.31313370130587	-1.91497475	3.86438675
dzon1239	0.16204193772025	1.31809226189772	-2.37482125	3.4214075
east2328	-0.06381987770184	1.3010017958655	-3.11734	2.61625725
east2332	-0.039401354105	1.43534159063969	-3.10121525	2.80271199999999
east2342	-0.2306945632379	1.36197043458551	-3.4221905	2.3261965
east2379	0.0287317178195	1.45116319992195	-3.00847775	3.26214324999999
east2443	-0.08276088565475	1.44759017408756	-3.22882575	2.840337
east2516	-0.0452468619084	1.3817130852058	-3.057445	2.94636975
east2555	-0.04036307348685	1.44791679887292	-3.434234	3.16220625
east2690	-0.0656744801885	1.34793072026601	-3.0687025	2.584307
east2773	-0.39746383444315	1.22199605817019	-3.56419725	1.719654
east2782	0.019354100963	1.36546353638613	-2.97203325	3.01983725
egyp1253	-0.01637070898005	1.39381705318552	-3.0991555	2.98213124999999
eipo1242	-0.0650197307013	1.37623206647302	-3.02754375	3.21666675
elem1253	0.0017596886595	1.35693391908495	-2.993894	2.9960475
emae1237	-0.0648247164085	1.52646181014048	-3.44183125	3.1494455
emai1241	-0.066634771602	1.34374663905382	-3.34475025	2.7328925
embe1260	-0.026718202933	1.3457916735985	-2.9472915	2.79541275
embe1262	-0.06928670039255	1.32355918203464	-3.04915625	2.747532
enap1235	-0.0357012273659	1.36182386787013	-3.013802	2.97385775
enuu1235	-0.0914219176625	1.29244926241151	-2.9169725	2.75459975
epen1239	-0.0326231335378	1.3629578917325	-3.10431225	2.77019275
ersu1241	-0.1512547190627	1.37165542863131	-3.67421175	2.33632875
erzy1239	-0.069373359048	1.27943023762934	-2.9000545	2.49883375
esee1248	-0.01506434488735	1.40132143017204	-3.042132	2.7148255
esim1238	-0.0472315630265	1.38071317428384	-3.40691125	2.87839574999999
esto1258	-0.1230470638705	1.32759940064258	-3.26001125	2.57533375
even1259	-0.0423520532609	1.38696050436359	-3.162735	2.80922
ewee1241	-0.0138887631789	1.4224624369229	-3.07774575	3.04673049999999
fare1241	-0.02637609127375	1.46408333116119	-3.46808	2.954474
faro1244	-0.0129995647283	1.4024071509048	-3.05157225	3.12832725
fiji1243	-0.01468730807	1.40422723060325	-3.158551	3.17280824999999
fina1242	-0.0688354254355	1.41390256319786	-3.34625875	2.98835825
finn1318	-0.09099439566445	1.457344626754	-3.6883905	3.0118585
fonn1241	-0.000189696860550002	1.42991583999784	-3.22805925	3.23730375
fore1265	-0.046941574106	1.36216318498569	-3.12562875	2.88106675
fuln1247	-0.065604942390325	1.3534966757514	-3.281683	2.71621524999999
furr1244	0.00591450638545	1.36530197676357	-2.9542325	2.92704775
furu1242	-0.0010761842824	1.37958991559143	-3.06895625	2.86519999999999
futu1245	-0.00175801623105	1.42582692823289	-3.12517525	2.99711899999999
fuyu1242	-0.08463191751039	1.30747211833791	-3.004035	2.727283
gaan1243	-0.0932507935425	1.39791583640003	-3.27317925	2.88679775
gade1242	-0.037314460877	1.33066013309368	-3.127586	2.7575785
gaga1249	-0.0784102920213	1.4215811300214	-3.27572375	2.89902375
gahr1239	-0.1503961100195	1.26455834515352	-3.33255725	2.28599325
gali1258	-0.0991273363917	1.37668354082117	-2.9236545	2.8432295
gali1262	-0.02872588980005	1.37148776873942	-3.117118	2.8265605
galo1242	-0.2479319579251	1.30527627055765	-3.30940225	2.32944025
gami1243	-0.005027486151	1.36738785493786	-3.0114685	2.86140149999999
gamo1243	-0.0732569138145	1.39471570006823	-3.23504075	2.86247125
gant1244	-0.0505568106431	1.33828284221093	-3.31759975	2.85974875
gapa1238	-0.0719974064139	1.41602132613075	-3.0402205	2.96956625
gata1239	-0.0766596487075	1.334802282338	-3.084182	2.69287825
gayo1244	-0.00342366623095	1.3315407188361	-2.89526	2.9240695
geba1237	-0.148776105156925	1.29520451039614	-3.248166	2.50085
geda1237	-0.0166314302451	1.29575889307414	-2.870824	2.81019775
gela1263	-0.039237227409	1.42167630325659	-3.126756	2.95722025
ghad1239	0.0395893381215	1.3958497043128	-2.87414425	3.25101625
ghan1242	-0.008861208516	1.36564872179251	-3.234051	2.67981
ghar1239	-0.0303549561645	1.4598936514093	-3.19080325	3.22780625
gheg1238	-0.0444225017202	1.31311806264334	-3.050368	2.81421025
ghod1238	0.5414357939355	1.21233476285889	-1.3870445	3.64216525
ghom1257	-0.0512781886545	1.29452234071757	-3.05487125	2.7916505
gilb1244	0.04018305145865	1.3650417668614	-2.876602	3.256931
gily1242	-0.096476678462	1.49204011761695	-3.252522	2.80927424999999
glav1244	-0.05537125443855	1.36660215843393	-3.10812675	2.759013
gofa1235	-0.08047415244165	1.40490696796656	-3.14553575	2.9189095
gogo1265	-0.0674764143235	1.39043240396623	-2.98312175	2.6610675
gola1255	-0.02983043293655	1.37657496216338	-2.87475625	2.974268
guah1255	-0.0238468191425	1.41807923918708	-3.263264	3.22804524999999
guan1266	-0.2024564957751	1.2877990951326	-3.4165855	2.17101024999999
guan1269	-0.0574570722179	1.36688526334029	-3.11204125	2.89005875
guat1253	-0.02424404997285	1.34774320104831	-3.190849	2.79340975
gube1234	-0.0025851292333	1.40447336170645	-3.07544425	3.183529
guer1243	-0.1083653297617	1.34765077385125	-3.15106875	2.51204949999999
guiq1238	-0.182360077327895	1.32005313803067	-3.4809665	2.37537675
gulf1241	-0.081080743088	1.28204368789889	-3.064574	2.495889
guma1254	-0.05720584028175	1.35635483462939	-3.0526175	2.82027824999999
gumu1244	0.05929278136096	1.3692028817022	-2.83388625	3.27695775
gunw1252	-0.039870207444	1.43258492798746	-3.2513095	2.98028399999999
guny1241	-0.0524652620533	1.36297424982973	-3.19554175	2.70728349999999
gura1251	-0.0772915571452	1.39735621465928	-3.51951525	2.82684975
guru1261	-0.36062993131	1.16596749648479	-3.26631875	1.70832649999999
guru1271	-0.030962843742	1.40110786767434	-3.0213205	2.86628075
gyel1242	0.0418011057144	1.33846711380159	-2.799219	3.0658465
haaa1252	-0.03975854364765	1.28134171961884	-2.95532375	2.49186725
hadi1240	-0.059010542928	1.35468257871449	-3.00841125	2.91065549999999
hadz1240	-0.0258296569661	1.43576548549548	-3.3153335	2.84650449999998
haka1240	-0.395302873445	1.33093419685642	-3.77901575	1.73941
halh1238	-0.0776131803588	1.2727762811533	-2.996205	2.67867899999999
hali1244	-0.064991984058	1.41298213966163	-3.14592375	2.81410374999999
halk1245	0.10505680122695	1.26429925302731	-2.41300075	3.2154025
hame1242	-0.0627971189907	1.33853559963024	-3.20875675	2.570257
hang1263	-0.0395241911115	1.38845903006825	-3.282172	2.8945595
hani1248	-0.093189958572	1.33493287517062	-3.33414525	2.53180375
hano1246	-0.0504971342395	1.3510963721932	-2.87776725	2.87400325
haru1245	-0.0433300141213	1.34756860126276	-3.00252425	2.792239
hass1238	-0.011577504158995	1.38646844265539	-3.02631325	3.007695
hava1248	-0.037314642902	1.42053323106536	-3.44170925	2.86037925
hawa1245	0.01271371342105	1.38854246263829	-2.7929035	3.32962474999999
hebr1245	-0.0197414686595	1.34079293933222	-3.0319045	2.79637025
hehe1240	-0.0162622239697	1.35985629552254	-3.1273765	3.03551825
hela1238	-0.43261596077515	1.27997486529352	-3.80446575	1.6797695
here1253	-0.0391255601905	1.3423358020306	-3.0773775	2.721502
hida1246	0.02029079114165	1.32972999017213	-2.94455075	2.85798175
hind1269	-0.0260537107597	1.35719715671192	-2.87259475	3.07049774999999
hoaa1235	0.03226411940365	1.39780633182341	-2.9159355	3.22794725
hoav1238	-0.0172912574535	1.33858472374514	-3.113149	2.70095875
holo1240	-0.0159040950161	1.48242813407882	-3.416238	3.06303175
hone1235	-0.023926478597	1.44946070174383	-3.26570825	3.0387595
hooo1248	0.058951248736	1.32513841106235	-2.7109995	3.08991475
hopi1249	-0.08887193788	1.40488116877447	-3.36591525	2.71968124999999
horp1239	-0.2014667091836	1.27761467849065	-3.38512825	2.23715775
huaa1248	-0.0258952033149	1.47197463221112	-3.45765625	3.21587749999999
hual1241	-0.0672730587353	1.39382157760643	-3.22444475	2.90591874999999
huam1247	-0.02076793745305	1.35255509228229	-2.925356	2.84448049999999
huar1255	-0.05889138832255	1.34366421278364	-3.22217925	2.66397075
huba1236	-0.073655004565135	1.45107889064171	-3.322448	2.89793099999999
hula1244	-0.0759186984295	1.40171120056465	-3.55805875	2.9005625
humb1243	0.020279231682	1.38149435435279	-3.148016	3.18033075
hung1274	-0.06780503021435	1.36491881745395	-3.24475125	2.88508975
hung1275	-0.01738865164405	1.38573346973618	-3.177025	3.19475974999999
hunz1247	0.94636783380375	1.59078661116375	-0.942478625	5.31580425
hupd1244	-0.0652075054165	1.24102423925777	-2.69162925	2.5658615
hyam1245	0.00287998435675	1.30243172134129	-2.87743225	2.96488225
iaai1238	0.0120389329505	1.3902829444231	-2.844765	3.19806825
iatm1242	-0.0719956546685	1.34667893608626	-3.21849325	2.59629225
ibal1244	-0.07348950104475	1.35743939155538	-3.22828925	2.6682675
iban1264	0.00808950254365	1.39077253951069	-3.0305065	2.78932625
ibat1238	-0.0357035087755	1.32861619307228	-3.0864015	2.750264
ibib1240	-0.027338469893	1.42211536837854	-3.24585125	3.00539649999999
idum1241	-0.2256103753864	1.25437067738912	-3.2445365	2.283644
idun1242	-0.04639095213165	1.37368892355346	-3.101399	2.97326275
ikkk1242	0.0251191214075	1.36933528147548	-2.923557	3.007458
ilaa1246	0.0268242642791	1.32380171506901	-2.793743	2.96881775
iliu1237	-0.01815328913775	1.37499352190524	-3.040826	3.046071
imba1240	-0.0211405110475	1.3320130160957	-3.001314	2.913065
indo1316	0.0189124201326	1.49535134866005	-3.382394	3.14132775
ingr1248	-0.06816788957	1.31656979806414	-2.90080975	2.84167875
ingu1240	0.4708702015188	1.3033505296115	-1.60564225	4.00807075
iris1253	0.0377861174552	1.38057663968279	-2.90550875	3.15829625
irul1243	-0.0451561621356	1.31266056638915	-3.009841	2.723225
isco1239	-0.0244876781995	1.27915127853424	-3.01872975	2.827939
isin1239	-0.0872277441755	1.33738558080367	-2.9934305	2.6689615
isir1237	-0.0169343456545	1.37354180826769	-2.9436535	2.9152485
isna1241	-0.03946698065695	1.31234034555638	-2.89144075	2.84013949999999
isth1240	-0.09276651042885	1.29102528017757	-2.94367225	2.68777725
ital1282	-0.01927784089945	1.4179367943634	-3.075419	3.021699
iton1250	-0.061224764683	1.44199583762295	-3.5190965	2.91678075
itza1241	-0.0521495164624	1.34226863029757	-3.12970975	2.94497225
iumi1238	-0.2041221813385	1.3706619000346	-3.49165425	2.36930725
iwal1237	-0.0481777257291	1.33040518419617	-3.1324825	2.9197185
iyoo1238	-0.0295767677	1.32861272664218	-3.09597475	2.87167525
jahh1242	0.00340503520075	1.4266046845564	-3.1188455	3.06424375
jalk1242	-0.04827937570665	1.38215708823554	-3.15490325	2.79304525
jama1261	0.007669166221	1.38003980871747	-3.06406775	3.20404375
jamb1236	0.0147769799965	1.38507691322586	-2.96211	3.07402075
jams1239	-0.00769872176795	1.42243709383828	-2.9638465	3.021491
japh1234	-0.1684257028965	1.27473264666726	-3.31575025	2.3085425
jaqa1244	-0.00780531198465	1.34512456835714	-3.12662375	2.93332825
java1254	0.0051931391042	1.48923356972828	-3.212216	3.3635555
jede1239	-0.0466104832115	1.47715245945536	-3.70052675	2.93379975
jeha1242	-0.02877661667856	1.42522557339298	-3.19242575	3.07707225
jina1244	-0.0412091308855	1.3292650868547	-3.27622475	2.7320675
juan1238	-0.040670359427	1.33095587683829	-2.85354525	2.753674
juku1254	-0.0080416809169	1.38874773438041	-2.97564925	3.04947324999999
jurm1239	-0.0350134761123	1.38091750546671	-3.1534955	2.80545599999999
kaba1278	0.2667967585023	1.29220933673751	-2.1291265	3.37316424999999
kaba1281	0.0291919000795	1.37805894027253	-2.953681	3.09672925
kach1280	0.10641421734045	1.28662920998014	-2.41678275	3.20204525
kach1284	-0.061578637703715	1.31615244474245	-2.83081775	2.68916174999999
kado1242	-0.272089126306	1.37110850467088	-3.607597	2.104464
kafa1242	-0.06626532249845	1.46840436736	-3.3240695	2.9827075
kaga1256	0.000275948185249999	1.39180087557629	-2.81183175	2.99451374999999
kagu1239	-0.015951309698	1.45076899635227	-3.285674	3.0717705
kaik1246	-0.3407837316835	1.31246878623445	-3.406045	2.14049425
kaki1249	-0.05134359922055	1.24846357232568	-3.0051305	2.31079575
kala1399	-0.01347707903185	1.34700386064605	-2.94421525	2.96430799999999
kalm1243	-0.029878792912715	1.34642807331495	-3.03676575	2.96465375
kamb1297	-0.00714058912335	1.44460741729537	-3.069649	3.11824525
kamb1299	0.0122451853126	1.35191509746591	-3.10448975	2.9890935
kamm1249	-0.043097896395	1.34115535220628	-2.965888	2.83876425
kamu1260	-0.060010343748735	1.2524527079631	-2.94427975	2.5260365
kana1286	-0.06527365495015	1.40112005713203	-3.1719255	3.22627249999999
kana1291	0.006579770689	1.44026610987772	-2.83745525	3.11498375
kani1286	-0.00828779264865	1.37819587232487	-2.904894	3.01677275
kaqc1270	-0.119207109779	1.30130157286278	-3.231465	2.61073075
kara1476	-0.067542501543	1.46825422950241	-3.478716	2.798552
kara1486	-0.0418776538998	1.29336398051036	-3.047866	2.73059375
kara1487	-0.084395882906	1.34699206020572	-3.1849085	2.803811
kara1500	-0.0184256402065	1.42355736535856	-3.25327475	2.9095245
kare1335	-0.04105974184155	1.32830642631215	-2.864068	2.7096165
kare1338	-0.01141137932	1.3112285440418	-3.1398055	2.80843774999999
kari1311	0.00543853280535	1.33499317225375	-2.887297	3.08207924999999
karn1252	-0.01165717667375	1.4488282947217	-3.25106475	3.08298325
kash1277	-0.071213061263	1.38337914187696	-3.33226875	2.82897975
katb1237	-0.06803831841243	1.32681480990613	-3.0291485	2.895653
kats1235	0.164443733085	1.26297409919981	-2.17525075	3.120181
kava1241	-0.0500058573787	1.33441466363728	-3.073043	2.85212099999999
kaya1315	-0.169830628943185	1.33410377728641	-3.189398	2.41973575
keap1239	-0.051736228034	1.30575578445444	-3.140249	2.768798
keda1252	-0.0023130081845	1.38991906863501	-3.10153125	3.0604155
keig1242	-0.01619117552245	1.35573899309386	-2.95976425	2.96894925
kele1255	-0.0075159993586	1.32767548169541	-2.77460325	2.89797174999999
kele1258	-0.03836372316135	1.35414553417819	-2.945158	3.03036
kemb1249	-0.0353045258395	1.41811448778352	-2.99513325	3.114777
keng1240	-0.0452380794235	1.38706482734712	-3.4581125	2.77390475
kens1248	-0.0050724558465	1.34345702377927	-2.9721555	2.81928399999999
kenu1236	-0.011317097291	1.47086905135058	-3.06965675	3.041485
keoo1238	0.0211163750945315	1.3398634286695	-2.929546	3.01485425
kera1255	-0.0594598515685	1.37181851789535	-3.2153755	2.8580535
keri1250	0.01764685185485	1.40912388588622	-3.12785275	3.21909975
kesa1244	-0.0241061212578	1.32315484810055	-3.24438325	2.69554675
kett1243	1.1254339935395	1.960697038757	-0.9672472	6.66638425
kgal1244	-0.017460611754	1.39151282395881	-3.00890125	3.0887075
khak1248	-0.0761955657935	1.34853891606378	-3.20799025	2.63852225
khal1275	-0.01006868491	1.16897395021228	-2.657998	2.556855
kham1282	-0.0384854850916	1.40424892935543	-3.1947245	2.8754985
khan1274	-0.10783824593	1.38482908192099	-3.325549	2.772774
khan1278	-0.0183942249925	1.33755509189212	-3.056913	2.75906574999998
khar1287	-0.043564859659	1.29991391334196	-2.613005	2.636746
khas1269	-0.26199400420085	1.27909514605139	-3.4196555	2.170552
khez1235	-0.3364868834945	1.30823438850046	-3.48148375	2.08040775
khin1240	-0.0194797483735	1.2507373479877	-2.7175145	2.569841
khmu1256	-0.1148786167701	1.45073330087254	-3.55706475	2.9442615
khum1248	-0.396741831602	1.35407340619251	-3.746482	1.7194455
khva1239	0.9106136802804	1.52422761629782	-0.9363373	4.93514575
kich1262	-0.134302364097005	1.30557051528562	-3.2385725	2.48794375
kiku1240	0.0070245209245	1.40125224850314	-2.97752725	3.18008975
kile1243	-0.07958257271255	1.42796508915147	-3.28654	2.92268774999999
kimm1245	-0.11003723804465	1.26518714834763	-3.12117625	2.6078985
kinn1249	-0.2002245812146	1.28657105630914	-3.3026625	2.23826025
kiow1266	-0.0586488216945	1.31305506292124	-3.07534225	2.72994
kips1239	-0.0247646825868	1.34172261813144	-3.0446525	2.66818674999999
koda1255	-0.108562667405	1.3008376167213	-3.089093	2.59415975
koho1244	-0.04454214832036	1.38721971096807	-3.28738075	2.8749685
koit1244	-0.0768759533265195	1.30232973889131	-3.011217	2.58666825
koko1269	-0.02978007825535	1.43727155134912	-3.21201925	3.01202374999999
kola1285	0.0020346913947	1.35641124363807	-3.03029525	3.11262775
kolb1240	-0.031054990785	1.30383408371814	-3.00058275	2.683507
kolc1235	-0.03646259277535	1.32822478518735	-3.0159615	2.80754225
kolu1245	-0.04676752598345	1.34411201927468	-2.97566675	2.70925749999999
komb1274	-0.080266980854	1.50592638109653	-3.56190125	3.06631325
komc1235	-0.0593299126285	1.34907506566792	-3.1031255	2.8376895
komi1268	-0.062347506413	1.34732552493548	-3.22720225	2.7313465
komi1269	-0.0149232330097	1.35412044252853	-2.9426635	2.969806
komi1270	-0.30419801162965	1.3595568873148	-3.3893465	2.365738
kona1242	-0.0328694580836	1.30792944785327	-3.056413	2.66024425
konk1267	-0.034832389448	1.31174714889916	-3.01638225	2.61384049999999
kony1248	-0.347233385721	1.32661663288394	-3.62356725	2.0424805
koon1244	0.013893402669	1.38541133810229	-3.006374	2.9663515
koor1239	-0.06259843025855	1.37745446557511	-3.004338	2.89529575
kore1280	-0.0625918636796	1.37095257358778	-3.10412425	2.8085815
kore1283	-0.00570725657155	1.41345736141785	-3.1163625	3.02009975
kork1243	-0.065615604852	1.33179117112474	-3.051617	2.88155899999999
koro1298	-0.00356743055475	1.42806953039141	-3.20254675	2.97502
korr1238	-0.0986758816165	1.38000721352971	-3.297146	2.6872325
kosa1249	-0.0622055209077	1.40264897222987	-3.03649025	2.94727125
kosr1238	-0.000696406436500001	1.36498557158694	-2.8766685	2.8018425
kota1263	-0.121295689824	1.28100586078844	-3.04051275	2.302243
koti1238	-0.0015906095079	1.40477293732715	-3.085462	2.96591775
kova1243	-0.0084319885235	1.44667568986343	-3.1550855	3.04367625
kove1237	0.01174924372039	1.35953476866488	-3.0594985	2.9973965
koyr1240	0.02558429625645	1.38691733868387	-2.96822225	3.03427174999999
koyr1242	-0.0357103858082	1.36514637307064	-3.013791	2.98572324999999
koys1242	-0.069502797722	1.34638446417099	-3.309786	2.5235285
kryt1240	-0.043313143732	1.28550577764156	-3.06897525	2.589232
kuan1248	-0.0622164699425	1.35536813444627	-3.3628365	2.8522045
kuii1252	-0.041159147267385	1.29835249828972	-3.0862745	2.85256049999999
kuik1246	-0.0049923800006	1.37286462987097	-2.99716325	3.03349275
kuku1280	-0.0229216648445	1.38690312137872	-2.90856075	3.1237985
kulu1253	0.12463658669875	1.1770650083742	-2.24611675	2.82633999999999
kuma1276	-0.021701637206	1.44903343730894	-3.378291	3.02146149999999
kumb1268	-0.0223823055125	1.42000406503211	-3.286021	3.14185275
kumz1235	-0.0320080685421	1.3621471374866	-3.09634425	2.72540975
kuna1268	0.0072257983344	1.39785337449869	-2.86079625	3.07701374999999
kuni1267	-0.08677362622545	1.36457788726934	-3.49662	2.54678274999999
kunj1245	-0.0125177265582	1.36383736589486	-2.9688105	2.89993475
kuot1243	-0.0880723531334	1.30496535787343	-3.15995575	2.56691749999999
kusa1251	-0.0067569786696	1.28777398717309	-2.89809275	2.65558825
kusu1250	-0.3167719561973	1.35614512712052	-3.53016725	2.076654
kute1248	-0.00942291016393	1.35297475185122	-3.0227745	3.06241024999999
kuyy1240	-0.03606857277485	1.4241655499921	-3.25877825	3.07599925
kwai1243	-0.04431773680715	1.40378454989673	-3.3277935	2.89693025
kwam1249	-0.02586826348712	1.38666641599634	-3.06114325	2.9836405
kwam1252	-0.04629842828835	1.41031233338446	-3.13066675	2.962243
kwar1239	-0.0404853232484	1.37370027816782	-3.05677525	2.9115905
kwaz1243	-0.0324956881965	1.3717232325134	-3.21613375	3.0036205
kweg1241	-0.06338816554	1.42739480731751	-3.50108775	2.954251
kwom1262	-0.036737489105	1.40325843915099	-3.278659	2.964297
kxoe1243	-0.0579016886844	1.43635579671543	-3.34167475	2.8829815
kyer1238	-0.4178803202578	1.30284228430104	-3.52759975	1.763515
laal1242	-0.038470783246	1.33325355684602	-2.99587675	2.81473425
labo1244	-0.06004243540335	1.35994633499556	-3.23967575	2.9520275
labu1248	-0.044073254156	1.3647931878285	-3.361573	2.77624649999999
lakk1252	0.3855795086152	1.23889829456798	-1.723515	3.50511825
lala1268	-0.0733191206589	1.27494639352799	-2.978538	2.50552325
lama1277	0.0359126836445	1.44944310782061	-3.02966125	3.098989
lamb1272	-0.03396411727965	1.38383867623745	-3.20782425	2.90915125
lame1260	-0.0655598705785	1.42995311035216	-3.28287975	2.91581125
land1256	0.009066943282	1.34022973688105	-3.05852125	2.979154
lash1243	0.76467189085735	1.52097339208181	-1.25359275	4.67534049999999
latv1249	-0.059862349723	1.41582604266943	-3.28714825	3.10450775
lauu1247	-0.0349942591135	1.35725298798019	-3.01367675	2.840129
lave1248	-0.05101769730245	1.45599140150167	-3.4324335	3.08270525
lavu1241	-0.00568184381425	1.41924072780534	-3.16351625	2.90994599999999
lazz1240	1.272178314757	2.02446369216292	-0.809228975	6.7851895
lega1250	-0.0039595429045	1.3270894185095	-2.94310875	2.920345
lele1267	-0.06805751426115	1.48617467452177	-3.49503025	2.99337325
lele1270	-0.056490544513	1.34137509439678	-3.0136805	2.94788999999999
lele1276	-0.0153219519765	1.35347823558093	-3.027631	2.8662965
lemb1266	-0.050462413336235	1.37015821915598	-2.99408025	2.76029125
leme1238	-0.06720724033	1.29896961584262	-2.91877075	2.7255415
lena1238	-0.05703864611995	1.37620213270067	-3.29303425	2.77446125
leng1259	-0.045477810458	1.40949527652361	-3.1834845	2.92838925
leti1246	-0.0389053780775	1.44664790084832	-3.03669425	3.1834115
lewo1242	-0.059099942013	1.45221201904689	-3.268728	2.94086399999999
lewo1244	0.0310899106334	1.40675247892553	-3.0507835	3.18483325
lezg1247	0.047876441031	1.2285282789525	-2.8527135	2.74819025
libi1244	-0.0497260740266	1.41722246145823	-3.57685675	2.9601285
liby1240	-0.0181551322525	1.38477424428991	-3.156111	3.151112
liji1238	-0.0297088689015	1.34851985678401	-3.05684	2.78968425
lika1243	-0.0073403394796	1.35238997338994	-2.9392435	2.84959475
lill1248	0.045856280671	1.35734774766665	-2.67081825	3.26235275
ling1265	-0.0735658898284	1.32777043340339	-3.0078415	2.8262655
lipo1242	0.731632568102161	1.45683778395169	-1.35886575	4.54309575
lish1245	-0.052155817916	1.29737468964509	-2.9683355	2.63592049999999
lisu1250	0.7634617993538	1.5253569243004	-1.374186	4.62350725
lith1251	-0.03639666056025	1.42180988986969	-3.31770375	3.04748325
litz1237	-0.08103734777245	1.31877555978289	-3.16995575	2.84971925
livv1243	-0.0823524537025	1.462149222391	-3.49362	2.96537324999999
loba1239	-0.02223475653	1.38440334781596	-3.1251635	3.022552
logo1259	-0.0247766916285	1.3948847431951	-3.23287225	2.99630074999999
loka1252	-0.02498942873465	1.35701385103842	-3.23372575	2.922699
lolo1259	0.8379449055716	1.53255043971325	-1.09905975	4.80607349999999
lomb1257	0.003065911133	1.39012261262478	-2.960374	2.8718865
long1395	-0.0454814617935	1.36922686752531	-3.07959475	2.81395675
loni1238	-0.064167022895	1.34110648917853	-3.055699	2.80107475
lote1237	-0.02641402315435	1.48418667918899	-3.50005575	3.0385145
louu1245	-0.04588420845875	1.30933066951034	-2.94703	2.79882649999999
lowl1260	-0.13993546044055	1.38158022215685	-3.4478445	2.6663995
lowl1265	-0.079358950042215	1.32388243077039	-3.204002	2.616988
lozi1239	-0.06563646352475	1.34758879827142	-3.095256	2.80628125
luan1263	-0.03697705083	1.48005237620856	-3.06917975	3.144113
luch1239	-0.0232641202065	1.37472812477843	-3.007673	2.8555915
ludi1246	-0.095704922101	1.44277935615792	-3.3452825	2.6214635
lugb1240	-0.0006893265876	1.34047697414019	-2.96023	2.97625049999999
lugu1238	0.0032989435495	1.4196106576128	-2.88035525	3.08189475
lule1254	-0.05985304308215	1.37732591720963	-3.18453075	2.90476175
lumb1249	0.0233571076685	1.37393015191417	-2.9071075	3.21585749999999
lumu1239	-0.02630817462285	1.47677290183638	-3.14479175	2.86903475
lund1266	-0.000436738885350002	1.44857786440505	-3.05618825	3.04687
luok1236	-0.052970726545	1.41016294692201	-3.2133325	2.994069
lush1249	-0.38095577061802	1.33161892694423	-3.77772825	1.88756175
lush1252	0.06521221669125	1.27883225482397	-2.81451425	3.047822
luya1241	-0.0108224551355	1.46609024544663	-3.08887975	2.958708
maan1238	0.0099396577387	1.47562246865367	-2.9048245	3.50708425
maba1277	-0.0106334829797	1.42808384851029	-3.0659685	3.0563085
mace1250	-0.0583404025392	1.33383999396735	-3.18752175	2.60002725
maco1239	0.03653824091805	1.32359619513954	-2.81930325	3.0801145
macu1259	-0.03280172664835	1.48431031950619	-3.16476975	3.00631675
macu1260	-0.06581673158345	1.31148407782095	-3.30313575	2.65894825
mada1285	-0.08734871236615	1.28700270374318	-3.154755	2.78435275
madi1260	-0.0104805912702	1.43119242008801	-3.251464	2.764221
maee1241	-0.08333846045698	1.34424963678535	-3.18111125	2.81078725
mafe1237	-0.09850273211565	1.42414345916342	-3.4541365	2.9326605
maib1239	0.039062707692625	1.27877779550708	-2.74885	3.0653565
mail1248	-0.0545131805545	1.42557499337363	-3.167732	2.970967
mais1250	-0.0602371772231	1.39553776982055	-3.0891225	2.7840095
mait1250	-0.10621013291091	1.28483404449818	-3.048188	2.62531874999999
maja1242	-0.0505676871659	1.35630785715337	-3.0406745	2.91316825
maka1304	-0.043802207807	1.37355220556275	-3.26609725	2.93254175
makc1235	0.153335123268	1.40818399838624	-2.8933545	3.740231
makh1264	-0.0155226076155	1.43943639542946	-3.228672	2.86824175
makh1266	-0.0121981913715	1.30375716352721	-2.78023925	2.81983075
mako1251	0.003997368222	1.36931702228493	-3.0078695	2.900571
mala1463	-0.0609896409185	1.32669903710731	-2.88746575	2.7131615
mala1464	-0.0265079394315	1.3101108973129	-2.8716825	2.91667724999999
mala1522	-0.006336036386	1.35060357868662	-3.088768	3.1275015
male1284	-0.05906219818135	1.38168362910507	-3.18658275	3.03328325
male1289	-0.01245171322083	1.43416477567148	-3.1502065	2.89579099999999
male1297	-0.06006324763685	1.37617530349076	-3.1331375	2.82881174999999
malg1251	-0.0637626693038	1.36424821672721	-3.27669775	2.7637745
mali1285	-0.1094335680474	1.43190014046777	-3.38540575	2.83197599999999
malo1243	-0.085589554849	1.39825863134583	-3.31856825	2.90399849999999
malt1254	-0.09884411420215	1.31873551968513	-2.96422475	2.55631599999999
malu1245	-0.0772378309166	1.34640843139032	-3.27566275	2.859574
mamb1294	-0.0719670028145	1.30195880894258	-3.26305225	2.6638755
mamb1296	-0.0095652220785	1.25001286376416	-2.76702975	2.616254
mamm1241	-0.1252668059908	1.31970450911683	-3.084448	2.5932365
mamv1243	-0.01005060397	1.43947457837802	-3.169691	3.22570274999999
mana1288	-0.4021770051015	1.35649164720762	-3.9171205	1.66725425
mana1295	-0.00627154366525	1.4047405443066	-3.28543775	3.00077825
mana1298	-0.0413127582459	1.35950937942726	-3.37527375	2.88356425
mand1415	1.1926482054205	1.85994306490082	-0.772717775	6.38817725
mand1440	-0.0490175284814	1.30379804737852	-3.017419	2.8280005
mang1378	-0.14693806619575	1.33084125894289	-3.21306425	2.435126
mang1381	-0.0517458411385	1.41163553143297	-3.15275625	2.94930674999999
mang1394	-0.021459270049	1.37051727371727	-3.147456	2.90530499999999
mang1401	-0.0319638953675	1.37250166429205	-3.03966225	2.70085049999999
mang1403	-0.02932252297765	1.45143300706151	-3.41936075	3.13615275
mang1405	-0.00717812638675	1.26456492424418	-2.73282325	2.73899624999999
manm1238	-0.1680414500295	1.41661795835287	-3.374901	2.511021
maor1246	-0.0188616900315	1.36856210878978	-2.99325675	2.983856
mapo1242	-0.032353336516	1.36995130844874	-3.26177425	2.788208
mapu1245	-0.067493830902	1.45201036222353	-3.5084455	2.94083474999999
maqu1238	-0.00876090130985	1.40331584468168	-2.92693975	3.09170724999999
mara1378	-0.039222492582	1.37735664592195	-3.212245	2.86262525
mara1379	-0.3443024807482	1.27631480780472	-3.5715305	1.88575
mara1382	-0.34680931354753	1.36305101117985	-3.756003	2.01628875
mara1399	-0.0798961903416	1.32132791879557	-3.0988335	2.82468825
marg1265	-0.07810428094115	1.46851772155669	-3.36727275	2.83578249999999
mari1426	-0.06831825314775	1.49620161407101	-3.39286975	3.01283225
mari1440	-0.03286457416715	1.43462957032823	-3.44802075	3.19382425
mart1255	-0.01279115789195	1.41270407828995	-3.28185875	3.07651825
maru1249	1.114776844638	1.77940054903016	-0.81355505	5.87283375
masa1322	-0.0494024851103	1.3767473011633	-3.11407525	2.944058
masb1238	-0.0271438424094	1.37617898914532	-3.24548	3.16505325
mask1242	-0.06366887801965	1.39405410489545	-3.263261	2.9143935
mati1250	-0.04328267091105	1.37252373598649	-3.24047975	3.10169725
mato1252	-0.06101403993105	1.34175045203009	-3.1978425	2.9782095
mats1244	-0.0060470909245	1.36285117974975	-3.1063795	2.853462
matu1259	-0.012807387161	1.44559670384865	-3.366533	3.3277735
matu1261	0.000502556208499999	1.28713825288569	-2.99248375	2.82874525
maun1240	-0.02165497102165	1.33746625242718	-3.10212675	2.88590449999999
maxa1247	-0.027633148794	1.38645631241679	-3.14137975	2.91662525
maya1285	-0.0398895101701	1.2432127830716	-2.942671	2.61827099999998
mayo1261	-0.0157769077455	1.42684566378948	-3.4293415	3.073101
mayo1264	-0.06861939650565	1.38112230207691	-3.4364275	2.86035075
maza1304	-0.0652911248595	1.3830348704063	-3.519178	2.74421325
mbaa1245	-0.0415085360115	1.37939660575162	-3.27273325	2.91849725
mban1263	-0.005797215138	1.46529733651196	-3.14622375	3.05747825
mbar1260	-0.048434770287	1.45178513306211	-3.5478035	2.90160825
mbay1241	0.004466535214565	1.33315438052955	-2.919394	2.78625249999999
mboc1235	-0.065129425189	1.33192019925115	-3.14160475	2.76347749999999
mbol1247	0.03307486475905	1.40569560956095	-2.9568395	3.20529274999999
mbul1263	-0.0048654172	1.43465765646177	-3.1331105	2.9251875
mbya1239	0.017543323251	1.29388674692317	-2.78698025	2.85148275
meen1242	-0.064628050811	1.40515125596707	-3.23308075	3.0803235
meke1243	-0.07977279642665	1.31808261835383	-2.91214425	2.56964799999999
mele1250	-0.06599977007425	1.50479083759634	-3.49711875	3.186095
melp1238	-0.04779454918463	1.38905634037212	-3.2537395	3.071812
mere1242	-0.10045377089205	1.38829448844272	-3.409579	2.84909175
mezq1235	-0.104865390328	1.25103678745356	-3.36276525	2.3372205
miju1243	-0.210437202063	1.25062243907757	-3.3836515	2.20806
mila1245	-0.24202877993	1.34548102334532	-3.40488525	2.39894325
mina1268	-0.0054464325145	1.31294794961547	-2.86614425	2.6815415
mina1276	-0.06349422991715	1.39372384721841	-3.45643725	2.8364795
mini1251	-0.05977306239205	1.35843265105972	-3.1964455	2.82435525
mini1256	-0.028614734519785	1.37956407186914	-3.24555375	3.0312
minn1241	-0.0746761270115	1.28392521457705	-3.0488835	2.44182149999999
misk1235	-0.06229149604624	1.34096467188444	-3.12968875	2.87170924999999
mixt1426	-0.10198176307175	1.34672991220306	-3.04304625	2.6495075
miya1259	-0.0235584943435	1.24863246812975	-2.93711425	2.6954095
miya1266	-0.0537227671505	1.25022475022877	-2.8432825	2.5853765
mlab1235	-0.04396658077265	1.39125520735707	-2.96665125	3.086125
moba1244	-0.040320903081	1.37847242385243	-3.118693	3.0280635
moch1257	-0.1327663818765	1.34562749602567	-3.17756975	2.61379225
moco1246	-0.038235516864	1.42852584026074	-3.0904875	3.2764125
mode1248	-0.0230953048755	1.40785514605253	-3.119309	2.8433635
moke1242	0.024287573383	1.37482190766701	-2.970761	3.21761049999999
moki1238	-0.00275081537355	1.46097918797752	-3.19076425	3.0269425
mokl1243	-0.00085745531565	1.35527207777736	-3.1670315	2.9117755
mokp1239	-0.08071508831135	1.33104511794691	-3.3278045	2.68718424999999
moks1248	-0.05910371198745	1.34055388755548	-3.26819125	2.58420625
mono1270	0.0126513724545	1.46543215295343	-3.40525275	3.13732475
mono1273	0.0033756904425	1.40752724265397	-2.9749095	2.89187674999999
mono1275	-0.0608943103102	1.29752249669504	-2.91351325	2.670072
morm1235	0.024663506887	1.37851878788644	-2.85979625	3.034407
mort1237	-0.0325863363125	1.42822936585861	-3.11916975	2.98226025
mose1249	-0.00105230322675	1.31544226697694	-2.903143	2.8333205
motl1237	-0.05638673866045	1.38513971761329	-3.1445315	3.13409525
motu1246	-0.0975805824565	1.27219049968457	-3.06918825	2.4302775
moun1252	-0.0672573310031	1.30516338590367	-3.09823675	2.60837275
movi1243	-0.02170334677	1.37752664208911	-3.24285025	2.89936699999999
mpad1242	-0.04781261265045	1.39167477018199	-3.17981025	2.8514315
mpii1239	-0.0876711848467	1.42646796295228	-3.34399975	2.87972175
mpot1240	-0.02939982984	1.34973142385394	-2.9581635	2.8028505
mpur1239	0.01647297015755	1.30533546713938	-2.78090975	2.9355185
mual1241	-0.031649787172	1.46029206642424	-3.17889025	3.112177
mudu1239	-0.0960301060204	1.31964051509721	-3.01740125	2.798897
mudu1242	0.000403861545999999	1.3274267475441	-2.75702675	2.67003625
mull1237	-0.001102225119	1.39930162728306	-2.99694025	3.0306885
munc1235	-0.1786957129735	1.4448523410084	-3.43684625	2.57281749999998
mund1325	-0.0703689072095	1.33465651161018	-3.30964675	2.73541925
mund1326	-0.001218702656	1.40861619166057	-2.9527835	2.8981165
mund1328	-0.04643774032095	1.38934307845949	-3.10770175	2.83416099999999
murl1244	-0.04571893953185	1.4352822786592	-3.22229275	2.99565
muso1238	-0.0527835521305	1.35193190716988	-3.33548775	2.84935624999999
muyu1244	-0.019524813541	1.35584463626559	-3.127375	3.1335515
mwag1236	-0.02169264478	1.36061569564382	-3.10757925	2.69807225
mwan1247	0.0183397197839	1.39205006529875	-2.97228275	3.31181474999999
nade1244	-0.05533897637559	1.45238810687105	-3.2471075	2.96521499999999
naka1262	-0.01749360906	1.47667253405092	-3.28961375	2.96809625
nali1244	-0.06526583622885	1.29390656220066	-3.2725025	2.67725075
nama1268	-0.0617912830835	1.47368199420751	-3.233489	3.0160825
nana1257	-0.0826285289013	1.42545868911504	-3.569985	2.77925825
nand1266	0.01852003595005	1.33286308812723	-2.86901325	2.8337215
nang1262	-0.0174233099225	1.43086913524578	-3.20822825	3.12835474999999
nant1250	-0.024646096517	1.34838982039295	-2.9745575	2.9006885
nara1262	0.00727340238675	1.3355423066822	-2.923859	2.9567075
naue1237	-0.0219912237405	1.43239056312605	-3.207707	3.18044899999999
naur1243	-0.02778026960865	1.36671964799218	-3.1283305	2.8582365
nava1243	-0.09130380192505	1.40032388002021	-3.2799395	2.76854125
nawu1242	-0.0185354462535	1.44522251158869	-3.304294	3.147969
ndam1239	0.01544127623105	1.37649172736683	-2.9238695	2.89726724999999
ndog1248	-0.0088095926012	1.33178213947459	-2.80257025	2.8709705
ndun1249	-0.012701140154	1.44409319792928	-3.23827625	2.99366125
neha1247	-0.0893232889271	1.35767481620466	-3.32732025	2.6909985
nend1239	-0.036659845579	1.35419320826345	-3.06924975	2.84263024999999
nene1249	-0.0534612626975	1.30399011776491	-3.26278375	2.70750974999999
neng1238	-0.0229657575795	1.42524995557226	-3.32524875	2.9466105
nenn1238	-0.0251634637883	1.43133577167675	-3.19627625	3.04823149999999
nese1235	-0.0790167162089	1.34826526211264	-3.23940275	2.88359625
newa1246	-0.4451617874845	1.24801282777023	-3.536929	1.79285775
nezp1238	0.0418874019935	1.33010004037574	-2.957309	3.05648425
ngaa1240	0.01255609190515	1.41132941581858	-3.097826	3.26639975
ngab1239	0.006377233686	1.36029580446661	-2.75610825	2.95936725
ngal1292	-0.025469009806	1.32033721696167	-2.92740775	2.89418775
ngam1268	-0.0210817880867	1.31774570893791	-3.0684875	2.86531199999999
ngan1291	-0.0945755874954	1.41616440625942	-3.38224125	2.89929725
ngar1235	-0.01369416296335	1.38875535143925	-3.11734625	2.96540125
ngar1283	-0.0188918849365	1.30706795512413	-2.85785625	2.82254024999998
ngar1284	0.00144695171885	1.40472907414722	-3.20123175	2.92244875
ngas1240	-0.0175491187022	1.41640943606572	-3.25202475	2.92938999999999
ngba1284	0.0297096981295	1.43671622326232	-3.02098875	3.23899874999999
ngba1285	-0.0435585429351	1.45727258779129	-3.3221365	2.98716724999999
ngit1239	-0.009520038655	1.40772122306644	-3.2261595	3.11599399999999
ngom1268	-0.07672315073885	1.38141742578915	-3.2745335	2.65442375
nhan1238	-0.05812258004185	1.45013741685904	-3.23569975	3.13769975
nhen1239	-0.03824804776145	1.48625961196229	-3.490568	2.870466
nila1242	0.00487641451535	1.47308391689725	-3.3038575	3.0356625
nina1238	-0.0113348524905	1.42614622380884	-3.16034075	3.08184575
niua1240	-0.01017330863025	1.35079753463234	-3.17396275	2.88863675
niue1239	-0.026716840581515	1.39011986803117	-3.224813	2.69842099999999
niva1238	0.0104955603415	1.39443736990479	-3.03368975	3.339698
njan1240	-0.022669651859	1.41264799060296	-3.29170325	2.98269099999999
noct1238	-0.2818600478072	1.33170316878793	-3.4196655	2.06636
noon1242	-0.00495064443445	1.32380890810454	-2.92388275	3.032201
noon1243	-0.0542174832466	1.3755927200982	-2.98237625	2.98970775
nopa1235	-0.08910548479925	1.37994899728038	-3.21486275	2.9537785
nort2671	-0.06573351364085	1.31465588304203	-3.1042535	2.6554135
nort2684	-0.023393168517	1.37475235488332	-3.10696875	2.896951
nort2690	-0.0604152214485	1.28454832003998	-3.13484725	2.66194475
nort2697	0.44639333971734	1.38558853990432	-1.8459765	3.93798425
nort2702	-0.043607316361	1.40493283225905	-3.25411425	2.9271345
nort2722	-0.1304303437429	1.32468075089248	-3.03677525	2.5105875
nort2723	-0.067902761842	1.2990072793922	-3.09931175	2.66130125
nort2732	-0.0493294614313	1.33393823370151	-3.1740065	2.73119225
nort2745	1.22521167993205	1.93006713962236	-0.6977788	6.99874775
nort2747	0.224977088820735	1.36985747380534	-2.5005525	3.43660099999999
nort2774	-0.0524989082175	1.51310116494894	-3.0874885	3.06411675
nort2839	-0.061835785003	1.35946862769663	-2.977815	2.7553795
nort2845	-0.00862316750775	1.32078726160356	-2.92411075	2.841068
nort2847	-0.0624511239971	1.36771282758571	-3.2860405	2.66389325
nort2885	-0.0025964366122	1.3971493843495	-2.919687	3.04503425
nort2930	-0.0237118766215	1.31118168758483	-3.1036465	2.78181075
nort2938	-0.121534922847	1.39764399406684	-3.5785465	2.637344
nort2942	-0.044096354402125	1.34860784374706	-3.2366715	2.94877499999999
nort2954	-0.0661238364975	1.30981114202969	-3.166705	2.732488
nort2957	-0.132914286404	1.28457432481823	-3.038983	2.29228775
nort2961	-0.1160994726596	1.38045598674503	-3.383959	2.64991674999998
nort2972	-0.04773977425615	1.39751601442749	-3.19824025	2.93274349999998
nort3047	-0.0572507653308	1.40618679234431	-3.241587	2.91609075
nort3139	-0.0239588270252	1.33254553391547	-2.7554615	3.15400525
nots1237	-0.0976791064875	1.31824823219794	-3.29878725	2.56923249999999
nucl1235	0.38021363240335	1.35573189499314	-1.92025375	3.888777
nucl1240	-0.06898146037375	1.3452186425761	-3.3088765	2.7394935
nucl1301	-0.0442085103785	1.33133205412703	-2.96783275	2.7473995
nucl1302	1.362166995239	2.10850182192868	-0.6646963	7.0942015
nucl1305	-0.1101529688415	1.37214077274036	-3.313176	2.61330575
nucl1310	-0.22007688298745	1.38487443030531	-3.633438	2.43503399999999
nucl1417	0.006137801881	1.36443558067214	-2.9339105	3.140279
nucl1458	-0.01392694229655	1.40606333023913	-3.0596595	2.919114
nucl1593	-0.04821388560045	1.39870382726351	-3.2270775	2.890707
nucl1595	-0.0231356506875	1.36488297598255	-2.871218	2.90218525
nucl1622	-0.003955930054	1.38373180064865	-3.0147465	3.0742705
nucl1633	-0.05214753123045	1.43963893550087	-3.19414525	3.1323045
nucl1643	-0.055645621766	1.37360184581432	-3.157573	2.67162225
nucl1706	-0.0848971518905	1.38682045354074	-3.28924875	2.9188125
nukn1238	-0.068520377018	1.3505891262695	-3.286643	2.76560699999999
nupe1254	-0.06840537653905	1.48055702763914	-3.474256	2.88880274999999
nyah1250	-0.0130593619155	1.44795183414132	-3.09606275	3.02845399999999
nyak1260	-0.01332010641	1.44794905984927	-3.42996125	3.2847015
nyam1285	-0.0293320068685	1.38033687787727	-3.22888775	2.97621475
nyan1301	-0.0309598509555	1.34797378872176	-2.90106125	2.949355
nyan1307	-0.0434302644965585	1.37247727723844	-3.234348	2.87392875
nyat1246	0.0058233615655	1.55918092337842	-3.410708	3.27918824999999
nyor1246	0.0042735790745	1.36960648205308	-2.988253	2.940555
obok1239	-0.0358407371085	1.34456550874545	-3.01923725	2.753499
occi1239	-0.0299095787469	1.38626872891637	-3.175262	3.09369825
ocot1244	-0.1183726935282	1.29471528453454	-3.0236565	2.674288
okan1243	1.2329031671239	2.00039154920794	-0.85046445	6.96596825
okin1246	-0.0801701206295	1.31244355058175	-3.17335225	2.6847045
oksa1245	-0.0363604603261	1.36995123648649	-3.00756375	2.70527625
oloo1241	-0.05400159436602	1.43066363766036	-3.24446825	2.96145
olut1240	-0.093409177551	1.24153219536411	-2.95142025	2.654364
omie1241	-0.09676073032125	1.3647458905241	-3.34070275	2.5645045
onto1237	0.04633488090863	1.47251582700841	-2.9559585	3.20200375
oriy1255	-0.03560210400735	1.41449291674111	-3.00387325	3.09042124999999
orma1241	0.0251627285304	1.41222508759612	-3.20605775	3.0829735
oroc1248	-0.0553229610215	1.43014657530048	-3.25112225	3.215607
oroh1237	0.0072796678959	1.36561353014914	-2.90065925	3.01418099999999
orok1265	-0.0322007235535	1.35324808425894	-3.074072	2.76525374999998
orok1266	-0.0387796587057	1.30204463306341	-3.198719	2.745926
orok1267	-0.035428987837	1.28596276306195	-2.9910825	2.69696225
orow1242	0.0147665095715	1.30124202181152	-2.5997425	3.02234
otta1242	-0.0919583694516	1.28087927427488	-2.8993015	2.4831125
paaa1242	-0.051887014556	1.28052128280318	-2.7724495	2.5377965
paam1238	-0.06534309036755	1.40175550953933	-3.221783	2.849226
paas1238	-0.0062080205745	1.38654549285047	-3.02655075	3.215441
paco1243	-0.0225181877448	1.38342379293289	-3.09496425	2.976719
pagi1243	-0.04321885604805	1.51911427922952	-3.33914475	3.11718175
pagu1249	-0.01777868317865	1.40123502966881	-3.015254	3.0788275
pahn1237	-0.094335638565575	1.33600238658516	-3.282161	2.74846175
pait1244	-0.35917869311375	1.29102094961666	-3.461501	1.84732999999999
pala1344	0.006659319564	1.41114850106111	-3.08072175	3.14359274999999
pali1279	-0.0020640797845	1.39266912313528	-2.99735975	2.9992245
pana1307	-0.011444591164	1.40289145420722	-3.03789725	3.1256105
pang1287	-0.0124885268599	1.31740779598438	-3.01827475	3.030719
panj1256	-0.0487176204774	1.34076181710343	-3.10082325	2.733899
pany1241	-0.0055409389065	1.350723196512	-3.00893125	2.8682105
papa1265	-0.03754812257655	1.39011127242455	-3.26466025	2.86582825
para1301	-0.022827825795	1.44820656433268	-3.112788	3.031976
para1302	-0.3152590010615	1.34132549936223	-3.5093745	2.02723425
para1311	0.0201130404941	1.38848612524439	-3.0947435	3.01310525
pare1266	-0.051768295295	1.27452750166284	-2.909068	2.708391
pare1272	0.0106020837895	1.38178584811039	-3.01358275	3.11142275
pate1247	-0.04021284802995	1.37520932592233	-3.3181375	2.79833174999999
patp1243	-0.07540278792215	1.40499939766745	-3.5950915	2.736203
paul1238	0.011752435294	1.35155536468487	-2.984694	3.0238535
payn1244	-0.0347205824735	1.36504295903308	-3.11042025	2.78349774999999
pech1241	-0.0788601762646	1.41086734351925	-3.3371635	2.83270825
peer1241	-0.0319617136366	1.39869013382386	-2.964468	3.05803
pela1242	0.080068863904	1.32384836969722	-2.6400685	3.1394175
pemo1248	-0.0577857728646	1.37855692951696	-3.37272675	2.74282775
pend1242	0.00370350342195	1.43997722367421	-3.3694615	3.11521125
peng1244	-0.0356444182239	1.27095709570373	-2.81776125	2.810623
phai1238	-0.0613413132015	1.40259279618281	-3.2627645	2.90031925
phom1236	-0.36235801010055	1.27717606711039	-3.47106675	1.8213975
piap1246	-0.022011089149	1.49611887686661	-3.2771525	3.29186299999999
pila1245	0.02006061375725	1.30696336828135	-2.7657615	2.9551915
pile1238	0.0215634655673	1.35886416308461	-2.83406825	3.140245
pina1252	-0.0488414528245	1.37769971864296	-3.1293765	2.89268325
ping1243	0.0050438030518	1.36401829949757	-2.965269	3.10470825
pipi1250	-0.0501726955435	1.43114717348182	-3.32810375	3.11766525
pite1240	-0.0723583017945	1.29148043569134	-3.1243685	2.4499725
plai1258	-0.080855310657	1.39108364068002	-3.266737	2.87673124999999
pnar1238	-0.2802086368685	1.28623695844556	-3.5590625	2.113691
pohn1238	-0.01790504077	1.52192217435019	-3.46728975	3.3224145
poko1263	-0.000684795726999999	1.26857504740106	-2.93172875	2.80814149999999
poli1260	-0.06624959445625	1.47367208591998	-3.35018425	3.0203535
popt1235	-0.1472002859212	1.3196108109238	-3.37394575	2.60409025
port1283	-0.072028527885	1.3712777580973	-3.324223	2.83349225
port1285	-0.0615964408078	1.39103460473495	-3.24408475	2.93386225
psik1239	-0.04754886189885	1.38954884047535	-3.29239775	2.9624565
puin1248	0.010349385034	1.44406089916791	-3.20298875	3.35540674999999
puka1242	-0.001006671931	1.4718713847331	-3.26743525	3.40824525
pulu1242	-0.015910126014	1.43558054732262	-3.085746	3.21162775
puma1239	-0.15419641767775	1.15456706266628	-2.726944	2.10612749999999
pume1238	-0.0109200909647	1.39660823512444	-3.13366775	3.2045385
puoc1238	-0.0739999878415	1.30024038732616	-3.05574175	2.55917224999999
pura1257	-0.01477515486	1.34072973161535	-3.1367945	2.901223
pure1242	-0.0804363359395	1.31004587221798	-3.15920175	2.6701165
puri1258	-0.103649501266	1.37121852445141	-3.153922	2.55891925
qima1242	0.0555307004365	1.42309197386561	-2.799743	3.35033275
quer1236	-0.06417189417685	1.30829693909983	-3.167798	2.68550924999999
quio1240	-0.0881976933751	1.27785490743361	-3.02768525	2.62518199999999
rabh1238	-0.200202332623	1.25429750666794	-3.0814465	2.19285324999999
raji1240	-0.27014833938725	1.33746544324172	-3.35839775	2.09577725
rama1270	-0.036640240768	1.38865960016777	-3.15032325	2.94492975
rapa1245	-0.0003028683005	1.35446154396141	-2.924834	2.90028349999999
raro1241	-0.056992981579	1.42603257749258	-3.18441825	2.81673625
rata1244	-0.0226969880915	1.38677966336618	-3.06200075	2.94814324999999
reng1252	-0.0347621445712	1.53149796757538	-3.14581225	3.20944875
renn1242	-0.013884249881075	1.42085566924155	-3.100453	2.981909
reye1240	-0.0378274775495	1.32465852542106	-3.17202025	2.81441749999999
romb1245	0.0041136669595	1.32505002514439	-2.9286845	2.948692
rong1264	-0.2677625850675	1.35309152796309	-3.93661375	2.4327545
ronn1241	-0.02242188747585	1.42496065056552	-3.31914225	2.82462724999999
roto1249	-0.03596060936685	1.3766960118644	-3.3271555	2.89007625
rotu1241	-0.03557073993192	1.34155948568726	-3.015715	2.7185645
rovi1238	-0.0118341741825	1.28526731746788	-2.9507705	2.67965074999999
ruch1235	-0.11266838221515	1.35011308307018	-3.43478475	2.80602374999999
ruka1240	-0.024701777337	1.31357097029422	-3.033375	2.90684925
ruma1248	-0.04763281483	1.3484903749586	-3.0129895	2.86931199999998
rung1258	-0.014912457524	1.36484771667078	-2.94437625	2.83810975
russ1263	-0.020186550982465	1.28939685726302	-3.0085225	2.784631
russ1264	-0.03882275238	1.29060270184437	-2.889838	2.6978795
saaa1240	0.002914812109	1.34876532312702	-2.91606125	2.91166375
saaa1241	-0.0484605474535	1.34937198138286	-2.9102255	2.7431365
saar1237	-0.0740757689765	1.41741909048909	-3.19608375	3.2213975
saga1262	-0.0218163250868	1.46513233554838	-3.24970325	3.19625449999999
sais1237	-0.096620057274	1.29915654817131	-3.012857	2.768429
saka1289	-0.10578415272075	1.35874003802586	-3.359656	2.832396
saka1291	-0.0273915296535	1.50405875870734	-3.23760875	2.92542325
samb1305	-0.02244045704	1.36543255082055	-3.05275125	2.96483399999999
samb1311	-0.02034068847825	1.36330851601611	-3.17083925	2.899508
samo1305	-0.017068654835095	1.34559363934183	-3.3400885	3.0697325
sana1295	0.0241580188725	1.35257878029457	-2.83882075	3.06229299999999
sanb1242	-0.00421232032385	1.43863942227738	-3.300451	2.851381
sand1278	-0.10099534094635	1.29390733327295	-3.024652	2.603323
sang1330	-0.0169714361355	1.40254510634638	-3.0036405	2.9927855
sang1331	-0.0293577971705	1.36717148352194	-3.07269025	3.10832274999999
sanm1289	0.020768169684	1.28439216359894	-2.7645825	2.95811975
sanm1295	-0.142370306732	1.35664849092471	-3.52941025	2.48776824999999
sant1436	-0.1136500904245	1.33787453789995	-3.36267525	2.5011945
sant1451	-0.119047428328	1.35603162978967	-3.18507625	2.6184785
sanu1240	0.0064003434275	1.35943080198552	-2.973987	3.0721355
sapo1253	-0.04397353250953	1.4080078664061	-3.3114395	2.980447
sara1321	0.0022380930005	1.44146200795812	-3.210956	2.94279725
sars1236	-0.0230368603523	1.32914285910966	-3.00833675	2.71803474999999
sasa1249	0.00270425208845	1.35656078365811	-2.99506475	3.0456455
sata1237	0.01870723376465	1.37384637644749	-3.091058	3.003677
sauk1252	-0.06110956409415	1.31206829327002	-3.20626475	2.62035675
saur1249	0.12678647251095	1.34289001974507	-2.423214	3.3300155
savo1255	-0.03311410138295	1.42561404158022	-3.03268575	3.035959
saya1246	-0.0194905010494	1.35917386456509	-3.0296185	2.850321
seda1262	-0.0214004003812	1.53525777554476	-3.3527385	3.39786775
seim1238	-0.0262153289563	1.36079164492473	-3.09420225	2.76419975
seke1241	-0.0503994337881	1.3514610816149	-2.9842945	2.72154875
sela1259	0.0245245002939	1.40063361785154	-3.02622575	3.13715174999998
selk1253	-0.05446145940885	1.4035823062661	-3.24821025	2.58666374999999
sema1265	0.0064128134645	1.46097242763065	-3.35138925	3.196009
seme1247	-0.0105610404719	1.37655266486327	-3.30724575	3.00278425
seri1257	-0.02195346059685	1.44155601170376	-3.099287	3.1517505
seve1240	-0.089805994898635	1.36528697789568	-3.37010125	2.76695225
shab1252	-0.0472599102845	1.39469566037856	-3.080385	3.07096425
sham1280	0.0115390795245	1.34976234484989	-3.09040225	2.95833274999999
shan1283	-0.0173959710175	1.44161287629776	-3.472133	3.10654599999999
shaw1249	-0.07801603124985	1.40150065982684	-3.3611015	2.86956525
shil1265	-0.0167352487552	1.33560791256481	-2.95734975	2.94925925
ship1254	-0.0399795744855	1.35460301288498	-3.0822235	3.09569025
shix1238	0.061977947616	1.25958711869897	-2.710618	2.89512375
shol1240	-0.119964774877	1.29229129316055	-3.08979275	2.3101365
shon1251	0.000413792801949997	1.51831850169017	-3.17154125	3.423013
shos1248	-0.02272458569665	1.38825345205862	-3.23352675	3.26218775
shua1257	-0.030234315338	1.41160482759153	-3.13517975	3.01582
siam1242	-0.0524175455165	1.35765154994057	-3.02962475	2.6473845
sich1238	-0.001691614558	1.28728490613325	-2.968092	2.69830625
sici1248	-0.034929273479	1.32023820548075	-3.05468675	2.97361625
siee1239	-0.05847698147841	1.34983979371131	-2.90661725	2.80661975
sier1250	-0.10047579973	1.28195438461777	-3.06733675	2.56497725
sika1261	0.00279080340215	1.37596001590446	-2.890403	3.07284425
sile1255	-0.01967550664555	1.32511734677343	-2.962407	2.89209749999999
sina1266	-0.057834222449	1.23997815059442	-2.89203875	2.566425
sing1264	-0.2600740342655	1.3008870220134	-3.442014	2.10024475
sion1247	-0.0367007073755	1.25464011625686	-2.953966	2.6600635
sioo1240	-0.0330558998951	1.35896917002587	-2.95503975	2.99371325
siri1274	-0.060740849358	1.2757351919504	-2.91077475	2.69829849999999
situ1238	-0.1768259222878	1.31919048133244	-3.2740385	2.39864174999999
siwi1239	-0.03860800310875	1.29317869872381	-2.838053	2.97797899999999
skol1241	-0.06889927976035	1.35234244860405	-3.224423	2.6225345
slov1268	-0.00988787136315	1.48033175211504	-3.21212875	3.23099899999999
sobe1238	-0.01444835809005	1.40666288335408	-3.0110215	2.84832075
soch1239	-0.06444021099805	1.2820867759079	-2.906887	2.602041
soga1242	-0.024397258391	1.50364673461872	-3.32571525	3.06065775
soli1239	0.00285728355655	1.36648575897315	-3.0064535	3.065052
sons1242	-0.01012202714865	1.36230265902238	-2.99373525	3.19257399999999
sooo1254	-0.016425624733	1.42107616095624	-3.07674275	2.91810825
sout1528	-0.0392495435395	1.41046405475127	-3.399774	2.92412125
sout2649	0.0135329234	1.33543987431216	-2.85035025	2.92698075
sout2674	-0.05053992059305	1.49684076361392	-3.575711	3.12290999999999
sout2679	-0.10993791623905	1.43330271253881	-3.59154175	2.8148495
sout2728	-0.1286768479465	1.30824340821138	-3.1137525	2.43516075
sout2729	0.261782151843	1.26260092159709	-2.161901	3.28220724999999
sout2730	1.7776417494294	2.41692568562095	-0.45224565	8.13349449999999
sout2797	-0.0597176154815	1.43567736381823	-3.12910725	2.84921824999999
sout2807	-0.0060500135825	1.35774074419399	-2.87868925	3.05016999999999
sout2856	-0.070468722655	1.49864380612389	-3.46840525	2.984467
sout2857	-0.0577392858348	1.37819011228739	-3.198012	2.99582125
sout2859	-0.0613736868364	1.37710929520608	-3.02606075	2.63953925
sout2869	-0.0443083657852	1.38708376690243	-3.26477175	2.8661185
sout2954	-0.052998584449	1.42448239791006	-3.3531285	2.852613
sout2956	-0.1024098466156	1.39515484230954	-3.4741	2.8162365
sout2959	-0.0593533435314	1.32973720151651	-3.02848975	2.741673
sout2976	-0.061532745901	1.4058332075054	-3.05744675	2.62704325
sout2994	0.01569425428745	1.44686688673608	-3.15364675	3.24399774999999
sout2996	0.00254418686875	1.46304614651632	-3.096749	3.3030615
sout3236	-0.0208800694095	1.45796384014616	-3.30203675	3.0098185
sout3261	0.1798635543582	1.24125740690707	-2.4154305	3.00789
stan1289	0.0115469271932	1.37718408508042	-2.90962625	2.765792
stan1290	-0.0720344108525	1.55503372500232	-3.50526025	3.22468625
stan1293	-0.046818007928	1.31460603198271	-3.131114	2.857485
stan1306	-0.00252006905701	1.30852375343775	-2.886567	2.9596895
stan1318	-0.048781479468	1.31773311684573	-3.11600675	2.80470649999999
sude1239	-0.0245974766842	1.36019237707127	-3.0186185	2.84894625
sumi1235	-0.36016675242475	1.34475894223104	-3.60207275	2.0745335
sund1252	0.031582124654	1.41494326285946	-2.78359125	2.909627
sunw1242	-0.368196380346	1.17062636551389	-3.26740925	1.74057175
supy1237	-0.002115383529	1.40596161853849	-3.212503	3.08324075
surg1248	-0.044869800726	1.32814806531177	-3.0414495	2.77822425
surs1246	-0.0778758662015	1.36910908994868	-3.39607975	2.7264075
swah1253	0.003737048492985	1.44354355264092	-2.97672475	3.08388025
swed1254	-0.040476835859795	1.45694209621773	-3.37506875	2.63743099999999
taba1263	-0.027733267122	1.41363868894545	-3.03839075	3.17913325
tabo1241	-0.0827523157148	1.36357614897132	-2.99012575	2.62757674999999
taga1272	-0.017638223395	1.37286392961957	-2.95773075	3.07762024999999
tagw1240	0.000780545703699998	1.43828267384666	-3.44660125	3.09610174999998
taha1241	0.038848410067	1.44143853907404	-2.9227555	3.538503
tahi1242	0.0130745261976	1.35776997207999	-2.88547175	3.04863525
taia1239	-0.040634629875	1.33279330361841	-3.0893745	2.7686335
taji1246	0.00913609680545	1.45810933321315	-3.18260425	3.06235874999999
taku1257	-0.00417619794565	1.51843512365327	-3.557549	3.2179775
tali1259	-0.0291348058476	1.47703881013285	-3.4424405	2.94032949999999
tama1365	-0.0094616645319	1.42142499607521	-3.03048325	3.10899175
tami1289	-0.0759862643355	1.36227327744274	-3.11043125	2.75525425
tane1237	-0.04590855816825	1.37846797121316	-3.41308175	2.72293625
tang1336	-0.33821948928915	1.35552790556997	-3.54988	2.07578874999999
tang1347	-0.08731982951925	1.35738951738865	-3.242845	2.7036375
tang1348	-0.075508324366	1.4109779696836	-3.316413	2.93226474999999
tang1377	-0.2426109156535	1.31256980835958	-3.45113175	2.34550425
tani1257	-0.0674308144205	1.34061255823364	-3.1233625	2.9126295
tari1256	-0.04319506851145	1.32694860798014	-3.14948825	2.882275
tari1263	-0.046688698755535	1.3845346467513	-3.0092515	3.09849324999999
tata1255	-0.0629625671225	1.26573737357893	-3.015668	2.610744
tata1257	-0.0086978584785	1.44232744485702	-3.0125335	3.15179025
tata1258	-0.0988487241476	1.37415825240835	-3.1820435	2.78687575
taul1251	-0.052798506280055	1.32582996365585	-3.13233275	2.73719825
tawa1286	0.0010351372424	1.30075128565545	-2.8113335	3.03332975
taya1257	-0.0509410485654	1.40827657433185	-3.504141	2.89646
tbol1240	-0.0097569057565	1.35706878765967	-3.092959	2.84789849999999
tean1237	-0.04561434346715	1.37610194406192	-3.30845	2.7432475
teda1241	-0.0223524652675	1.38949158722738	-3.197225	2.929973
tedi1235	-0.37039654885005	1.33327317326078	-3.8900615	1.92317974999999
teke1275	-0.0045204258265	1.3309636995538	-3.010033	3.01323574999999
tekt1235	-0.1358386212935	1.34983818268825	-3.188149	2.5234025
telu1262	-0.05508555837758	1.33050126239772	-3.0563105	2.746368
tene1248	0.0363122070595	1.38416083712103	-3.06331875	2.96819975
tenn1246	0.000365789703349998	1.34660721963669	-2.905157	2.951468
teop1238	-0.04731445266285	1.38602759425113	-3.28237075	2.9067055
tera1251	-0.10079867777065	1.39168763740726	-3.1798435	2.53006875
teri1250	-0.0143202339325	1.3677554370132	-3.28958275	2.8238295
tern1247	-0.0123952657132	1.38926521364972	-2.9817145	2.88002575
tete1251	-0.0845077131505	1.40870091168538	-3.38167025	2.58509349999999
thad1238	-0.3497372852605	1.28532112624936	-3.4989285	1.89823099999999
thak1245	-0.38717308086005	1.30288006647049	-3.836567	1.711178
than1259	-0.32799330663205	1.29812041452311	-3.358455	2.06781625
thao1240	-0.0782750594105	1.4128468409274	-3.24449575	3.10576525
thul1246	-0.011250239607	1.19026447770256	-2.86328375	2.598515
tibe1272	-0.029127411414	1.37901507044371	-2.967993	3.03002175
tief1242	-0.05698967698525	1.42809081261043	-3.03954325	2.93094675
tief1244	-0.0524958941303	1.41424217877292	-3.21837675	2.9951685
tien1242	-0.0294136411498	1.4536681538274	-3.52828	3.3444415
tiga1245	-0.03920253772325	1.3052183636802	-3.21056425	2.85902625
tigo1236	-0.026564252468	1.39023102030905	-2.99245775	2.81060525
tika1246	-0.0242387895575	1.41107324713866	-3.131357	3.0544105
tiko1237	-0.0068238311607965	1.3780458176795	-3.00516175	3.05158124999999
timn1235	-0.00690207163373	1.45847817945657	-2.98668625	3.25531899999999
tiri1258	-0.00382030014665	1.29581196177967	-2.5601605	3.022538
toab1237	-0.026961141184285	1.37456269505672	-3.14824325	2.93480275
toar1246	-0.074334878381	1.31961299936843	-3.078058	2.62888125
toba1268	-0.022621716122	1.37973959059395	-3.145382	2.97611274999999
tobe1252	-0.0434248450115	1.40549185776965	-3.21602025	3.03795024999998
toho1245	-0.0432994325155	1.41826626546061	-3.2143905	2.76290775
tojo1241	-0.0992734893	1.36706743707218	-3.382769	2.7220445
toke1240	-0.006021747349	1.38182584489004	-3.06201275	3.06681625
tond1249	0.0050097354814	1.39996934859708	-3.10646375	3.131567
tong1308	-0.0541255872895	1.31696991920695	-2.962102	2.72805575
tong1318	0.0079629106015	1.45599680864947	-3.41277925	3.12088649999999
tong1325	-0.0065106094596	1.43671670873662	-3.15129925	3.31761175
tosk1239	-0.0202465037915	1.31510837141387	-2.99873125	2.987062
toto1302	0.536433855175	1.38029428268592	-1.58994125	4.35165224999999
trio1238	-0.021023459368	1.4464259638713	-3.28900225	3.14910475
trum1247	-0.008937866445	1.41623367890371	-3.20717025	3.11917225
tsam1247	-0.05613982863855	1.37591117704883	-3.10279175	2.83065
tsat1238	-0.104108925232	1.37010669316776	-3.07797225	2.59865025
tsha1245	-0.181677215072259	1.25978353422535	-2.97900225	2.19283275
tsis1238	-0.05128699735935	1.33996149548613	-3.4449125	2.711156
tsix1234	-0.061634331835	1.50571361827589	-3.5979955	3.299029
tsog1243	0.006978275874	1.36027686894717	-3.01095325	2.8614825
tson1249	0.03257179624325	1.37073560860489	-2.88016375	3.21466725
tswa1253	0.0077892971398	1.31773818707759	-2.91232475	2.9101215
tswa1255	0.00489274899255	1.4385941962262	-3.15582425	3.051174
tuca1252	-0.0660271196845	1.24322663401869	-2.59720825	2.569428
tuge1241	-0.00063197809	1.30137213568741	-2.956804	2.80925249999999
tugu1245	-0.0185899724455	1.40680968284575	-3.03557625	3.0463025
tuka1248	-0.01149479916865	1.38199497382957	-3.030248	2.99985375
tuki1240	-0.021551465144	1.40361143835745	-3.137289	3.12582599999999
tula1252	-0.0728090247535	1.41084883580295	-3.2960195	2.9585645
tulu1258	-0.10111645427635	1.35914429648344	-3.06859925	2.66799275
tung1290	-0.03129078556475	1.37288912809663	-3.0657615	2.91514875
tunn1238	-0.01178001365795	1.35453085783935	-2.81100375	2.93862624999999
turk1303	-0.0557746993	1.23763945315373	-2.70405825	2.6898895
turk1304	-0.0275411665775	1.36391697327224	-2.96773925	2.96160074999999
tusc1257	-0.06007511956855	1.2492049652223	-2.861432	2.65924725
tutu1241	-0.1000765214398	1.40729098283302	-3.4240955	2.77888374999999
tuva1244	-0.01873988526275	1.38925846484224	-3.16859425	3.07315775
tuwa1243	-0.076104192966	1.35482988132406	-3.31041525	2.86096724999999
tuwu1238	0.0037286974806	1.40045747936597	-3.0221515	3.10463
udih1248	-0.0953233203635	1.45658658068792	-3.320197	2.79646725
udii1243	0.050522986555	1.27226916729358	-2.61049025	2.9521395
ughe1237	-0.02552933014255	1.30738513465119	-2.8869305	2.5506665
ukra1253	-0.0488756321775	1.36812376443504	-3.235507	2.60479725
ulit1238	0.01814666822216	1.40412222878084	-3.11119825	3.0369935
ulwa1239	-0.03483443506885	1.35100582640059	-2.9469635	2.89472049999999
umaa1242	0.0942357377755	1.42006475521358	-2.881339	3.42356375
umbu1257	-0.030912242819355	1.35765505384339	-3.03712025	3.10220875
umbu1258	-0.05104995017701	1.42370354040974	-3.15207975	3.1619995
umes1235	-0.064133399373	1.52324001868861	-3.7482055	3.135394
unua1237	-0.0734540843369	1.3253634277284	-2.960941	2.8862225
uppe1275	-0.12006624293758	1.2778733063046	-3.07406375	2.34931674999999
urak1238	-0.0347216660526	1.35414227750504	-2.975286	2.97078025
urar1246	-0.029504899108	1.26360622709256	-2.91013025	2.870697
urav1235	-0.0589478805495	1.32531122914823	-2.92112425	2.8551675
urim1252	-0.041093340949	1.39895930681065	-3.16243075	2.82571974999999
urip1239	-0.0870388850422	1.32695261380861	-3.267595	2.830821
utes1238	0.027161046375	1.30551942979755	-2.9722195	3.005317
uuuu1243	-0.111943261817	1.31079077510541	-3.0206425	2.61848975
vano1237	-0.0402620611915	1.39181364697534	-3.34395075	2.84603749999999
veps1250	-0.0160122862515	1.33171029906378	-3.015517	2.79523525
vera1241	-0.07602286109675	1.28914171877138	-3.053359	2.707943
viem1243	-0.04791332502725	1.38607617397691	-3.236338	3.0297655
viet1252	-0.06958594291065	1.28393837100208	-3.00966125	2.62506175
vinm1237	-0.069238748403	1.3188604902066	-3.04109025	2.799236
voti1245	-0.0815672198675	1.30296389150933	-3.08185925	2.84372825
vunj1238	-0.029619706102	1.45071571816594	-3.35724625	3.00148425
vure1239	-0.07489251390925	1.29329004904604	-3.07792825	2.66727924999999
vwan1235	0.00369684251935	1.3481888727644	-2.9538875	3.06630175
wage1238	-0.015902614052	1.31303365342858	-2.94058375	2.773261
waig1244	0.00254701226755	1.42433470232307	-3.1780395	3.08503925
waim1251	-0.05391480497635	1.26036811068897	-2.806778	2.50394825
waja1257	-0.047624844734	1.39068693945931	-3.2120515	3.14626375
waka1274	-0.02485896506545	1.41080490799693	-2.94425225	2.81365375
wala1266	-0.0449223208625	1.39536463555212	-3.04462375	2.94612925
wall1257	-0.02991281558935	1.4173490102387	-3.18306475	3.012659
wamb1257	-0.274822706095	1.20290130758084	-3.20403125	2.02538275
wand1267	0.05779710028175	1.40836628189726	-3.0498025	3.11108825
wand1278	-0.0591831090296	1.37508496562282	-3.14754825	2.75075325
wara1294	-0.044912632944	1.45032476020797	-3.02546525	3.0373605
wara1303	-0.0350582840711	1.47065842713591	-3.217461	3.06257175
ware1253	-0.0237159529142	1.3243103074732	-2.81696	2.89217575
wari1268	-0.0225579218865	1.27773464549225	-2.81575075	2.67498775
warj1242	-0.23601077237735	1.25827530813378	-3.47232875	2.12979875
warr1255	0.00915617974	1.43564187081035	-3.08130875	3.299787
waru1265	-0.00566310224925	1.49247928190346	-2.997469	3.251754
wawa1246	0.003389110658	1.41397729251279	-2.91919925	3.1435355
waya1269	0.0136190604355	1.36579308351849	-2.91964475	3.14849099999999
wayu1241	-0.364751409735	1.1958990633702	-3.3771095	1.8090695
wayu1243	-0.017944254128	1.37309784953518	-3.21424	3.0406105
wels1247	0.02494244621085	1.33045260040203	-2.854056	3.12005775
west2354	-0.0892544420535	1.33212537560191	-3.27673575	2.664383
west2369	-0.0319237338705	1.36222178077958	-3.044009	2.89362475
west2392	-0.03642524674925	1.25193297350162	-2.80668525	2.46396549999999
west2396	-0.214042949746	1.31216907438012	-3.48758275	2.2427325
west2397	-0.0101573868294	1.442866381488	-3.14896375	2.92847949999999
west2415	-0.4540880674	1.31265432075325	-3.66150925	1.67389375
west2418	-0.3733731774385	1.30445969216455	-3.669687	1.84455175
west2466	-0.05654906870755	1.42751560807191	-3.13768775	2.77084825
west2516	0.0057369847275	1.32663823684808	-2.74422025	2.92308974999999
west2519	0.000360504104954997	1.40152185145213	-2.6772095	3.19391475
west2548	-0.035595078081	1.34922523366362	-3.13971575	2.87035399999999
west2557	-0.005551090895	1.41447828330471	-2.9230575	3.00783375
west2560	-0.015161985533	1.49871860844321	-3.19900975	3.18338174999999
west2594	-0.0190201112397	1.39653235104797	-2.930857	3.05076775
west2600	-0.02480713614205	1.32425566105944	-2.99402475	2.8700005
west2618	-0.028122694604967	1.33918217951655	-3.02155775	3.16166275
west2632	-0.06671574199695	1.32608662146356	-3.14978475	2.757084
west2635	-0.1446994072781	1.34054023353165	-3.31829475	2.53790075
west2644	-0.09904264448225	1.37937153545236	-3.284299	2.81284625
west2650	-0.0593607551525	1.39889079338274	-3.126454	2.931644
west2763	-0.02289628235595	1.39402824552286	-3.05826975	3.06359574999999
whit1269	-0.05086481910625	1.37561191334452	-3.190691	2.83396125
wiru1244	-0.05329007113125	1.37937487798114	-3.25634175	2.8616915
woii1237	-0.0103305973055	1.32982719480908	-2.98484775	3.0348935
wola1242	-0.0705746030176	1.34170494750589	-3.1464125	2.80276225
wola1253	0.036267005684	1.3029250145541	-2.754221	2.9259325
wole1240	0.02893418184855	1.38355447545217	-3.18864975	3.14558975
wood1236	1.32168703543495	2.02018420692809	-0.7302148	6.90101724999998
wotu1240	0.04055708261118	1.39077056475028	-2.7308385	3.15667675
wuch1236	1.2045901991355	1.92266071392424	-0.740978725	6.64160074999999
wudi1238	0.2269827599297	1.40045208160647	-2.44184075	3.30436524999999
wusa1235	0.261259903983	1.4087048517367	-2.44751675	3.39440725
wutu1241	-0.097442596288	1.20028085370659	-2.94475625	2.47191325
wuvu1239	-0.0047614145684	1.37977093408278	-3.117211	3.0895505
xamt1239	0.2759068251956	1.29259305146206	-2.25125925	3.61546525
xara1244	-0.01552312286955	1.32119518423016	-2.90682475	2.969732
xhos1239	-0.0313046921307	1.36709593126113	-3.08236875	2.70788299999999
xish1235	0.87339746501615	1.48094913446519	-1.10458775	4.90041024999999
yaak1241	-0.02875142423675	1.30186097493651	-3.02440975	2.7862105
yaey1239	-0.066623374985755	1.32661714964625	-3.20756475	2.734335
yagu1244	-0.0208912951994	1.33975340605351	-2.9650355	2.89494075
yaka1272	-0.0034831133185	1.47174329312538	-3.20297225	3.578936
yaka1277	-0.012575779787	1.46796663713881	-3.3182695	3.13865075
yaki1237	0.002333728287745	1.34016580428474	-2.94731375	2.85015249999999
yakk1236	0.196532932572631	1.17373638111037	-2.00834075	3.0321
yako1252	-0.0381377304508	1.44912182779819	-3.20391375	2.98042924999999
yaku1245	-0.0123242103635	1.35531715937345	-3.16636025	2.9194675
yale1246	-0.04598810449405	1.41364976537603	-3.16849075	2.78650725
yami1254	-0.0279241929958	1.40511826084637	-3.02417025	3.08415699999999
yami1256	-0.02976418422375	1.27323036072569	-2.874438	2.81631725
yane1238	-0.0633990228465	1.42371959227603	-3.20161075	2.92776975
yank1247	0.0487011040745	1.43249297655846	-3.22547625	3.492652
yano1261	-0.008613012605	1.38610212121065	-3.14482775	2.9851455
yano1262	0.0118272627305	1.38836247118489	-2.99751175	2.98117225
yaoo1241	0.0071546272283	1.39208232246734	-3.1360335	3.161411
yapu1240	-0.042461437422	1.43024655298293	-3.2850095	2.95660075
yaqu1251	-0.04095113147465	1.32364942498682	-3.006544	2.52717724999999
yasa1242	0.03393220994105	1.39845688111218	-2.79256175	3.17748349999999
yatz1235	-0.10664097577995	1.287090895626	-3.1261415	2.61339825
yaum1237	-0.06732962120275	1.34713693210278	-3.31292025	2.77199299999999
yawu1244	-0.0623096605489	1.39286828820757	-3.44696975	2.79265225
yele1255	0.000291420759999998	1.3421548547434	-3.053567	3.066326
yems1235	-0.0520084740055	1.34294485906971	-3.19310275	2.858365
yind1247	-0.030723477216	1.3960226764814	-3.12819775	2.85173224999999
yoga1237	-0.0522693022712	1.38406806908925	-3.105421	2.72798124999999
yona1241	-0.1078952137505	1.39956081130902	-3.327334	2.8106015
yong1280	-0.0545163819809	1.39609524146574	-3.48742575	2.91157025
youl1235	-0.182562200341	1.41727009531075	-3.21504775	2.50644325
youn1235	1.335890635897	1.96866808456856	-0.720032775	6.58724
yuca1254	-0.049460325791	1.42008227362514	-3.26444625	3.05947125
yucu1253	-0.058199470362	1.35304595977305	-3.0812715	3.11131925
yuec1235	1.18022156884935	1.81889443934724	-0.755756625	6.18731875
yura1255	-0.012338929218175	1.37367099451348	-2.97351225	2.8175255
zaba1237	-0.02796136439405	1.39567392477274	-3.1543355	2.91852725
zaca1241	-0.13594986407474	1.28331600566833	-3.032266	2.3487065
zaca1242	-0.0840733474015	1.38830111476828	-3.2857185	2.838011
zagh1240	-0.0042494390679	1.42561218261035	-3.24703	3.11077674999999
zamb1245	-0.03688013626645	1.40772289153299	-3.1896775	2.79900725
zani1235	-0.112143694774	1.38039916746937	-3.30380025	2.81546749999999
zarm1239	-0.023522153962115	1.34957927031062	-3.057726	2.8156085
zaye1235	-0.1544822933543	1.31982158335271	-3.21983075	2.40976474999999
zays1235	-0.0507396098782	1.39018944658383	-3.0615985	2.90223949999999
zeme1240	-0.3774949009375	1.28787579437695	-3.507921	1.835994
zinz1238	-0.0138441229665	1.31987183755516	-3.22354825	3.0179385
zoog1238	-0.10122768822345	1.285568655292	-3.053885	2.53593975
