Estimate	Est.Error	Q2.5	Q97.5
abar1238	1.9805482554705	1.41378319758814	-0.330140475	4.94845174999999
abkh1244	0.0990026079175	1.48339385459417	-2.7749995	3.31359749999999
abun1252	0.790799961904	1.3774472282153	-1.719075	3.794927
acha1249	-0.8332760227825	1.45757593327343	-4.126961	1.61117975
achi1256	0.79336523663	1.39003814684948	-1.7571935	3.6130745
achi1257	-0.0192543887595	1.28131987710323	-2.68868875	2.42161025
achu1248	0.5337286846185	1.35773008008056	-1.9184515	3.439017
acol1236	0.888338826317	1.38931895114474	-1.6449045	4.066458
adan1251	0.5402061384129	1.34348319175292	-2.00657825	3.3607245
adze1240	1.0311137132494	1.44049150860584	-1.39805625	4.40040925
afar1241	-0.3152624208035	1.43471163421103	-3.46152775	2.29894025
agob1244	-1.195790499925	1.4816939628516	-4.49531025	1.31577625
agus1235	-0.269702183135	1.27926869593425	-2.8926705	2.25281225
agut1237	0.220001261727	1.23087508275294	-2.24507775	2.907348
aheu1239	-0.7251353382908	1.37796890343044	-3.62290875	1.78019225
aime1238	0.314641081291	1.38036235527177	-2.33829925	3.3736195
ainu1240	-0.5620999250625	1.49351768279717	-3.78149275	2.23866874999999
akei1237	1.4514459104005	1.40223428714138	-0.807772425	4.5795745
akoo1248	1.2918974993605	1.35009249729906	-1.05481475	4.27993625
akun1241	0.569774745877	1.4264062465966	-2.17539925	3.52375475
alab1254	-0.942155425519	1.44598976079075	-4.17635275	1.606549
aleu1260	-0.16059281347	1.42096691950468	-3.203518	2.58754175
alor1247	0.626184016745	1.35447077060064	-1.7751015	3.50201975
aluk1238	1.0037543550705	1.29117553651551	-1.24759	3.80520275
amap1240	0.7336864670715	1.47628034955245	-1.947656	4.00609325
amdo1237	0.9594112555005	1.50778950399867	-1.75654425	4.22907799999999
amis1246	-0.16299032552235	1.18998724733881	-2.5560855	2.0780235
amri1238	0.02928009180165	1.17079281203625	-2.147447	2.444758
anei1239	1.1454160273455	1.50949598081629	-1.43400325	4.56657024999999
anga1288	-0.03344203831885	1.15227354619699	-2.44375525	2.34858225
ango1257	-0.49015623939	1.41499839869085	-3.509588	2.18165025
anuf1239	0.7856227487705	1.5044939473171	-1.7393915	4.072397
anut1237	0.4977154382415	1.29206753182238	-1.8093815	3.381591
aona1235	0.11378308989	1.11907229878485	-2.08755575	2.43050975
aoua1234	-0.24719713230925	1.52582498148259	-3.5509895	2.7986305
apat1240	-0.4489149675535	1.30457538892461	-3.4335255	1.9119775
apin1244	0.6670054906805	1.4246230779176	-1.92509725	3.71675025
apma1240	0.2930463496925	1.07633236116411	-1.913296	2.48929925
apur1254	-0.172541764814	1.30500745492453	-3.03865875	2.36582975
arak1252	1.48514984973445	1.33828781036523	-0.723408575	4.45819575
arao1248	-0.1888667735275	1.28162764825808	-2.755854	2.42499
arap1274	-0.2562489480105	1.54831344366064	-3.527529	2.59537875
araw1273	0.3613051160425	1.39625598071838	-2.329582	3.3075805
araw1276	-0.462844184147	1.50555000388495	-3.8184835	2.26160425
arbo1245	-1.239617342195	1.52850502711315	-4.70411125	1.31580675
arch1244	1.54568661422	1.59704516275283	-1.065716	5.13753925
area1240	0.7462694953	1.35917004444069	-1.61133375	3.72873775
aree1239	0.5794984223125	1.27503225833662	-1.65977225	3.44320725
arhu1242	-0.63451421595	1.40661128781666	-3.697592	1.89244699999999
arop1242	0.9071234317955	1.40754398672287	-1.53394725	3.89340799999999
ashe1272	0.919797344414	1.41884724007598	-1.4972855	4.11212224999999
assi1247	-0.378264188224	1.45673076557555	-3.58511075	2.44024175
atam1240	0.544492746785	1.17633567714394	-1.693877	3.00766475
atay1247	-0.8470288829905	1.34873914004778	-3.85537325	1.57233575
athp1241	0.8009864572525	1.2577133739461	-1.62691525	3.513146
aton1241	-0.1041084544345	1.15000794753033	-2.52764625	2.18279425
aulu1238	1.0590814312245	1.13310628307849	-0.88700635	3.659861
auuu1241	0.9108752649965	1.39689335917212	-1.687361	4.15421825
auye1238	0.1723963107775	1.40619374678918	-2.586424	3.1377195
avac1239	0.327890112076	1.41141267609292	-2.2626095	3.381276
awad1243	-0.22679793100535	1.33192381357453	-2.939297	2.40439475
awet1244	1.0215048068035	1.38944165963773	-1.35813875	4.08965
awji1241	-0.3660323711835	1.46710804364881	-3.4673815	2.45833225
axam1237	1.0868390623455	1.16180969807637	-0.8651295	3.728426
axiy1235	-0.782026472512	1.33760582574131	-3.6512325	1.62436225
ayiw1239	1.223524583717	1.34993698302175	-0.950322575	4.365835
azha1235	-1.057538147545	1.37709093261329	-3.993199	1.3585205
bafi1243	0.8066865413322	1.35611012622444	-1.739836	3.70566525
bafu1246	1.9933297333765	1.4919595281502	-0.358184125	5.22786925
baga1272	0.5563162402785	1.39164588316745	-1.92234275	3.721854
baga1273	0.608376965869	1.39973745505718	-2.0507235	3.74181925
bagi1246	1.78613162031	1.59702606939751	-0.6708751	5.36346825
bagv1239	1.5458429882805	1.59047346549524	-1.1024255	5.18324749999999
baha1259	-0.2178404853915	1.41526948882814	-3.20441375	2.44855225
baim1244	0.579471982356	1.36962520043289	-1.946739	3.54887025
baki1244	0.8675997798795	1.20831808954835	-1.365841	3.38114475
bala1316	0.966995960975	1.43045371217518	-1.483167	4.18072725
bali1278	-0.654410513352015	1.44567137127592	-3.8027025	2.0533855
balu1257	0.957787187479	1.37748999063249	-1.443016	4.02481175
bamb1270	-0.738722277837	1.44592097275039	-4.0083375	1.74598475
bamu1253	1.4687657620235	1.4423969683672	-0.89942205	4.703265
band1344	0.2946263328425	1.38945855366242	-2.43907675	3.32328425
bang1354	-0.4697734531795	1.52462414542644	-3.88442025	2.34324249999999
bant1281	1.25975610646015	1.29384484353491	-0.939498825	4.07659175
bant1288	0.3115146078445	1.24982543743826	-2.06187875	2.85775075
bara1369	-0.4312939386953	1.45839023456497	-3.5589975	2.265797
barg1252	0.7521894929735	1.35266790940084	-1.5363295	3.68761274999998
baro1253	0.0691034390855	1.12200722362878	-2.10867425	2.28314925
basq1248	0.4297542302345	1.43420964170169	-2.247748	3.71750975
bata1289	-0.60141769939	1.34045894468186	-3.476876	1.830357
baur1253	-0.424699608459	1.49253688641679	-3.64985425	2.37739875
bebe1248	-0.1904307361125	1.36721491154613	-2.960947	2.595154
beka1241	0.6104399600205	1.32184139791849	-1.9126645	3.4720295
bela1254	-0.140250416217	1.52016686282425	-3.39470725	3.0058725
bell1243	-0.0990184849585	1.53986273411501	-3.426443	3.00694825
bemb1257	-0.188019252992	1.52092332145004	-3.37663725	2.62479825
bent1238	0.17315098286	1.33378900990267	-2.3013595	3.12144175
bert1248	-0.1120656565115	1.42015084548321	-2.927863	2.76794175
bezh1248	1.45139500027	1.5724671803943	-1.07776025	5.0075615
bhoj1244	0.3957572227485	1.36515362186862	-2.370277	3.31531275
biao1253	-0.5578320365295	1.49290661101961	-3.96457825	2.1941305
biao1254	-0.3026249614965	1.53045152934681	-3.48667375	2.56721574999999
biao1256	-0.4355796234175	1.48275106998651	-3.69004675	2.4840845
bier1244	0.85146014410885	1.19621106392228	-1.36688125	3.39757575
bila1255	1.072250685025	1.48441106262702	-1.53319575	4.42720075
bimi1240	0.51703645085425	1.48483187302316	-2.26270075	3.7085215
binu1244	0.0367190987665	1.18659283442576	-2.3326735	2.448925
birr1240	-0.92243035756771	1.4214786643811	-4.14599125	1.49665825
bitt1240	-0.77570275282	1.22616131929333	-3.44770075	1.448416
biwa1243	-0.67309406826	1.27395726699401	-3.444081	1.7151985
blab1237	0.6232513119547	1.29676108504137	-1.84009125	3.343075
bodo1267	-0.0195195048235	1.22923477679825	-2.5813915	2.445443
boka1249	-0.2793307967405	1.34070146089168	-3.13647325	2.22050525
bola1250	-0.317688748185	1.10507935153678	-2.729469	1.80479325
bolo1262	-0.51544744335335	1.45414629182366	-3.7734805	2.15203375
boly1239	-0.90962799982	1.40357859193197	-4.06885325	1.55047925
bomk1234	0.5645254296915	1.45103412774659	-2.2239505	3.917629
bona1250	1.8179371017555	1.54904655690653	-0.607973775	5.06409875
bond1245	-0.453552798582	1.12825309139323	-2.803096	1.61057475
bong1284	-0.46033591879	1.41774603862277	-3.63914775	2.19399225
bong1285	-0.788367247195	1.39458648017714	-3.9014295	1.6931345
bord1248	-0.518155911205	1.30033396883517	-3.3534585	1.819957
boto1242	-0.4289502727125	1.22019656737914	-2.99586325	1.976554
boun1243	0.51467246716	1.44671485170368	-2.24607975	3.638124
boun1245	0.27420550009	1.34737136848016	-2.28286425	3.175791
bret1244	-0.169145882176	1.50887268090837	-3.35859075	2.67391125
brib1243	0.1233752595015	1.27725952359517	-2.407076	2.6695005
budu1248	1.1661515575	1.48659718444982	-1.340807	4.627898
buga1247	-1.04800475173	1.40216157269619	-4.17659075	1.38366575
buga1250	1.064199591568	1.39415582566279	-1.224055	4.233976
bugi1244	-0.94163718056365	1.45676302883772	-4.289223	1.59945425
bugl1243	-0.319105576405	1.43243474247525	-3.2746	2.50896925
bugu1246	-0.5146587444553	1.21978229774963	-3.07977	1.74062525
bujh1238	1.0030823050505	1.21449144478157	-1.0802705	3.59121299999999
bulu1251	-0.187100257726355	1.39644434416197	-3.06421425	2.62212825
bumt1240	0.4941846092615	1.35868561796391	-2.0139715	3.39935025
bund1253	-0.1861595797647	1.52933277963113	-3.51139925	2.67355324999999
bura1292	-0.112729895313	1.20944792909824	-2.61237625	2.28341199999999
burj1242	-0.623548971045	1.40025406431654	-3.71434625	2.05810425
buru1320	1.042014262305	1.38633258862574	-1.40597625	4.14210849999999
busa1253	1.1119237779345	1.48964727529044	-1.350936	4.52765775
bush1247	-0.23617011066335	1.48013432554748	-3.3100545	2.6736755
buwa1243	1.1369427959345	1.29761841440963	-1.17146475	3.94192475
bwai1242	0.726007421929	1.33143879399205	-1.62434475	3.587078
bwat1240	0.6868777913095	1.25338623333092	-1.629421	3.43388825
cabe1245	-0.02440703632015	1.3419813090605	-2.74850325	2.7932845
caml1239	1.56699483897	1.43663328791285	-0.76783525	4.644945
camp1261	-0.1112375404115	1.46401942793663	-3.24484925	2.839258
cane1242	0.647497593485	1.41751714501854	-2.0474015	3.79674725
caom1238	-0.0866809149275	1.48644100584519	-3.18667625	2.95503525
capa1241	0.4136543631105	1.36829577885537	-2.16124675	3.2327295
carn1240	-0.6857889784241	1.37810165880328	-3.70306025	1.8396835
caro1242	0.298974919255	1.36471905989959	-2.24804075	3.36728575
cash1251	0.636270962238	1.3409303012072	-1.79448925	3.55990675
cavi1250	-0.6590309709205	1.40754802544753	-3.69442625	2.03435175
cemu1238	0.929820868239	1.33968558190402	-1.3888405	3.92805825
cent1989	-0.518099900163	1.36759090019316	-3.5202765	2.05793025
cent1990	-0.641351476925	1.36889713991532	-3.64720125	1.82586375
cent1992	1.2509565167555	1.4090553688672	-1.112632	4.347702
cent2084	0.462888023874	1.18602626474824	-1.753798	2.9918335
cent2087	-0.623984251164	1.39298561627101	-3.7781185	2.05380825
cent2126	-0.2264934602353	1.45068096300077	-3.25626775	2.504864
cent2127	-0.097242225605	1.52413133686588	-3.158795	2.95308575
cent2140	0.078713947275	1.44742291817716	-2.88288425	3.140967
cent2142	0.661124154856	1.47718725923031	-1.957749	3.89030925
cent2292	-1.285953079763	1.36695897963171	-4.560864	0.960189075
cent2314	-0.0174583147345	1.23791508087061	-2.52452525	2.604033
cent2322	-0.3124163205215	1.43948496782133	-3.41854825	2.49140674999999
chac1251	-0.9974811785315	1.37859875109676	-4.23771725	1.3448465
chad1249	1.68301595328	1.50280108068818	-0.85464415	5.02088549999999
chak1271	0.7273980275495	1.40684751979184	-1.859028	3.813256
cham1309	1.52838805437	1.58591199847642	-1.181928	5.10805049999999
cham1312	-0.5919697387875	1.32888601660658	-3.424136	1.847866
char1269	-1.303242169067	1.53160852086141	-4.7855685	1.2283305
chas1234	-1.114357483705	1.49635355789548	-4.4603445	1.49582325
chec1245	1.2967025235625	1.56467958045007	-1.36784275	4.88689375
chen1255	0.6323955020985	1.34810580464666	-1.72804825	3.58512375
chey1247	-0.3105480007365	1.4447954785378	-3.49324625	2.42926075
chil1280	-0.155158582688	1.41754149679052	-3.0506995	2.65414275
chim1312	-0.033447148173	1.43435332269426	-3.06618975	2.95502725
chip1241	-0.1878529238765	1.41462047847484	-3.1536255	2.60828875
chip1261	-0.108423500569	1.44988687480631	-3.22447625	2.82021825
choc1275	0.383693840495	1.29458828885595	-2.0784695	3.28555975
choc1276	0.46403750423	1.4189741575738	-2.1589515	3.49026
chon1284	0.1186362118605	1.24080851989635	-2.37068425	2.6709905
chug1252	-0.3527626370405	1.15056010981156	-2.76514575	1.89041
chuj1250	-0.5152036895115	1.37229425831331	-3.546015	2.1325545
chuk1273	0.7287512418735	1.48423134824765	-2.00848775	3.88062875
chuu1238	0.543570318215	1.3351872861353	-1.953237	3.5171835
chuv1255	1.343524987647	1.5411589747257	-1.17758675	4.82368775
chuw1238	-0.1726419134976	1.49167587547663	-3.59100475	2.83199049999999
coat1243	1.2691113255957	1.40274990067213	-1.21140375	4.3469075
coca1259	0.312299119682	1.40343076876634	-2.32521475	3.453959
colu1241	-0.21753835575885	1.45226196414717	-3.41363075	2.75915075
coma1245	0.041106243905	1.55762328710785	-3.11926275	3.199803
como1259	-0.2013015385384	1.41439529500551	-3.257387	2.5944735
cong1236	-0.1331993906835	1.38464664312438	-2.9508685	2.631222
copa1237	0.25660332533	1.26192926435855	-2.3033515	2.87652825
cors1241	-0.130939106407	1.46997589381509	-3.34135225	2.777068
cosa1234	-0.472644602881	1.2083015938557	-3.096901	1.764978
cree1270	-0.5453941652385	1.38548221140288	-3.62741075	2.02391299999999
crim1257	-0.2306559499524	1.45992082535748	-3.30907475	2.554286
cube1242	-0.785348590687	1.43706915397023	-4.06707525	1.78516525
culi1244	0.787805312071	1.42328071084391	-1.94212975	3.8966925
czec1258	-0.1124766285375	1.45435465349705	-3.11548125	2.80182575
daai1236	0.2271448796865	1.20976780042339	-2.08250025	2.68768425
dagb1246	0.8233350841595	1.44040437886778	-1.6849675	4.2370595
dagi1241	-0.6883740855495	1.42779204939579	-3.69819925	1.90891425
daka1243	0.643369914123	1.06838804566071	-1.40939275	2.9630245
damp1237	1.09735547686	1.45012052332074	-1.3472395	4.4025875
dana1252	1.474547144498	1.41119403897864	-0.77892175	4.63760475
dani1285	-0.10802918386	1.49564646866412	-3.27498575	2.91382525
dara1250	0.5970577096465	1.21554996852726	-1.676689	3.1418025
darg1241	1.41758029493075	1.58741662888217	-1.23224075	4.83269175
daur1238	-0.29850120003	1.37974956669463	-3.169747	2.393042
dawr1236	-1.2647685905705	1.55861703379876	-4.73635525	1.36686075
daza1242	0.90851505431	1.52147233394808	-1.8641485	4.21792925
dege1246	0.926583775909	1.43389129053277	-1.53056175	4.2084125
dehu1237	1.0124209550139	1.41176570068257	-1.46147475	4.1284245
desa1247	-0.9508729062335	1.37272433106868	-3.84381575	1.443994
dhao1237	-0.0446553455388	1.21319538404988	-2.46588225	2.36387525
dhim1246	-0.2872335862538	1.1725391193876	-2.707984	2.06308275
dibo1245	-0.5066247727715	1.44230812610942	-3.668284	2.192532
dido1241	1.4394440182555	1.5879621397589	-1.18555475	5.09826775
digo1243	-0.1858159442116	1.47354206723715	-3.2982235	2.705859
djam1255	0.750249719661	1.48142309316847	-1.928981	4.04047425
djee1236	-0.228261978187	1.34726818545468	-3.04797225	2.39591
djin1251	0.33507728499	1.55116222685576	-2.6345195	3.739981
domm1246	0.4291964699727	1.43377275402388	-2.38885975	3.53758975
drun1238	-1.0442205113565	1.40126895087108	-4.18736225	1.24522649999999
dupa1235	0.5289104975755	1.23190367086979	-1.72586875	3.1280405
dusn1237	0.85555783746	1.41634793832691	-1.66889225	4.01522125
dutc1256	-0.141044864985	1.51612474215921	-3.36740625	2.827593
dyul1238	0.2580509086945	1.26542752811304	-2.23636225	2.8780285
dzao1238	-0.40090278297	1.51933509112919	-3.54550825	2.47080775
east2342	1.6607905774765	1.48706728369577	-0.7920772	5.0098705
east2443	0.747680151434	1.23006706562777	-1.540766	3.3573395
east2447	0.834454501606	1.4051121668615	-1.5944065	3.99096675
east2555	0.25034742794	1.44820780798681	-2.6355325	3.3394375
east2556	-0.2753528779735	1.37288883996025	-3.12117925	2.422572
east2773	1.73845425865	1.45993635096836	-0.604320825	4.935292
egyp1253	-0.1910210725855	1.36673264462647	-3.06091025	2.4982695
eipo1242	0.2350640645585	1.4719128764762	-2.54560925	3.362593
elem1253	1.026043189798	1.38679326490839	-1.29102225	4.05776175
emai1241	0.6031222404995	1.4884187620411	-2.23248575	3.929696
embe1260	-0.6174721246115	1.31385090779968	-3.54266125	1.85998975
embe1262	0.6629359634148	1.38797715195348	-1.811312	3.77596875
enuu1235	-0.6318914616655	1.32931378294255	-3.5562475	1.779114
ersu1241	0.3905289976905	1.33292884497157	-2.01756775	3.2060595
erzy1239	-0.0656600390711	1.42319475374727	-2.878264	2.805443
esee1248	-0.821360852401	1.35573293700765	-3.91319125	1.56454025
esim1238	1.9141638084855	1.46525949696113	-0.380377225	4.88125125
esto1258	0.149779730513	1.451370562203	-2.75987775	3.2064665
even1259	-0.20976551305	1.3711234560982	-3.09593175	2.43614
even1260	-0.12220848865	1.45666019342776	-3.20247225	2.63548349999999
ewee1241	0.3106303350465	1.38638364709354	-2.32567975	3.32617125
fare1241	0.7046114220265	1.45915582085517	-1.8363105	3.8951915
faro1244	-0.058519836752	1.60919023224614	-3.45342775	3.2016355
fiji1243	-1.113263633077	1.40289761771611	-4.201173	1.40098875
fili1244	-0.7315256172365	1.39640313996422	-3.80828675	1.77179475
filo1235	0.1577888562195	1.38810267039886	-2.641711	3.0016455
finn1318	-0.241791805364065	1.4044330778816	-3.315187	2.50033375
fonn1241	0.595644680482	1.50798042729807	-2.0760395	3.82944899999999
fore1265	-0.276946751676	1.49800957500276	-3.36271275	2.59004325
fuln1247	-0.51558429392	1.55797779610088	-4.0198645	2.3667545
furr1244	0.64429540941	1.40647248483824	-1.81519525	3.81981575
futu1245	1.194853409673	1.42614603088228	-1.27240675	4.5363235
gaaa1244	-0.8034145615145	1.3964543568471	-3.77807375	1.8795825
gaan1243	0.0349348177455	1.24942052740608	-2.38622225	2.71944625
gade1242	0.8078852787734	1.4489639555357	-1.7166635	4.0333955
gahr1239	-1.100993486987	1.46665255328027	-4.24108875	1.33882325
gali1258	-0.124702464473	1.41209678611198	-3.04964975	2.613936
galo1242	0.5731824922105	1.29208509361672	-1.769124	3.42896425
gami1243	0.2684493125855	1.48335805468171	-2.71671825	3.45896649999999
gamo1243	-1.4328753733905	1.54044039513809	-4.77084525	1.203042
gand1255	-0.11876964668325	1.50680977975822	-3.4172695	2.91715775
gang1266	1.302153356425	1.33328145719397	-0.927554975	4.22840425
gant1244	0.37043916152215	1.33773967513415	-2.17920225	3.2070845
garo1247	-0.18221910179	1.17327064622434	-2.61563725	2.08651875
gata1239	-0.22103250968	1.20976968700273	-2.7779205	2.1327505
gayo1244	0.623626229034	1.30180655445108	-1.74576675	3.3702115
geba1237	0.6931306602947	1.2507550106383	-1.6360305	3.32717125
geda1237	0.836625596575	1.35252892469681	-1.6423325	3.786292
gela1263	0.5492978811222	1.25733695154289	-1.6519195	3.3238645
gese1240	-0.5079746782805	1.36992155353729	-3.490933	2.03468075
ghan1242	-1.2940751036315	1.47601852963877	-4.49215425	1.21225525
gheg1238	-0.188369788708	1.44953822493392	-3.18355025	2.72779724999999
ghod1238	1.492497718188	1.57744126216494	-1.055017	4.989539
ghom1257	0.791226740816	1.44761894643761	-1.78931725	3.9136565
gilb1244	-0.912106657215	1.44950094763527	-4.1343935	1.547728
gily1242	0.511198665485	1.43181683070003	-2.2327225	3.59407125
gira1247	0.71559989256	1.35502098518018	-1.757574	3.595494
giry1241	-0.2794041654365	1.50503435622727	-3.454297	2.56218174999999
glav1244	1.49529873095975	1.4740150405332	-0.92137975	4.85361749999999
gogo1265	-0.35305128839	1.37918759071718	-3.19347875	2.453494
gola1255	0.37487399221	1.42033582500489	-2.388313	3.42789174999999
guah1255	-0.53254957423	1.47940035241453	-3.77674075	2.27104575
guan1266	-0.11211028902	1.26913481231006	-2.72859525	2.40967225
guat1253	0.717521197022	1.51761201387014	-1.97319775	4.03530599999999
gube1234	-0.90364769499755	1.42121279849168	-3.897776	1.67835675
gude1246	0.32120752525175	1.20781632267431	-1.93007725	2.87201575
guer1243	0.0736013192255	1.24564496847986	-2.572005	2.4993745
guhu1244	0.219001583489	1.257847369003	-2.1358365	2.95964924999999
gumu1244	0.5185308690405	1.39943087291081	-2.12021825	3.73410275
gunw1252	0.2372155159405	1.37975416672819	-2.450452	3.26709125
guny1241	0.282512184335	1.49409925664949	-2.698516	3.51868849999999
guru1271	-0.186348384454	1.35585970746014	-2.99399775	2.462646
gusi1247	-0.071771970325	1.4717419948912	-3.1780345	2.80828774999999
gwen1239	-0.0509427062375	1.50244769694368	-3.307539	3.12176425
gyel1242	-0.17358370386405	1.43534201031859	-3.276082	2.63065325
haaa1252	-0.127937617944	1.53398565967299	-3.2719155	2.8280045
hadi1240	-0.994896996282	1.42321100864501	-4.3354785	1.4960825
hadz1240	-0.045024901135	1.51686633554304	-3.25677475	3.1082545
haka1240	0.788649636301	1.32596417653065	-1.57783575	3.71562424999999
halh1238	-0.3536688979405	1.38871972028086	-3.361877	2.34132675
hali1244	-0.79143295042	1.24333938992163	-3.55657475	1.512208
halk1245	-0.260715466189	1.51766657248464	-3.412541	2.7227835
hame1242	-1.3086779032285	1.53746540663691	-4.8732755	1.1548335
hang1263	0.521678466565	1.31151270853691	-1.8991485	3.25483725
hani1248	-0.9871262298715	1.37385355599805	-4.01795725	1.379973
haru1245	0.045366819588	1.23612984111601	-2.3630935	2.61860775
hawa1245	-0.495801014066	1.36304716039488	-3.30000375	2.055206
hebr1245	-0.175225695978	1.45313896749453	-3.366509	2.60591075
hela1238	1.5018193287313	1.38293261215936	-0.7528786	4.61134375
here1253	-0.2674247966268	1.47408881781382	-3.40791675	2.6120135
hida1246	-0.362563060402	1.48570730898073	-3.67265425	2.47017475
high1276	-0.0144282044955	1.42331657557001	-2.99150675	2.785791
hind1269	-0.17915641601	1.45893234918966	-3.23806775	2.599693
hoaa1235	-0.3035016557815	1.41123011037446	-3.10977775	2.439505
hoav1238	-1.31870970984	1.39798359250694	-4.4343135	1.0988815
holo1240	-0.18770071891056	1.4005545620024	-3.095945	2.61641475
hone1235	-0.157768020225	1.3060469346342	-2.82899225	2.42569699999999
honi1244	-0.590718739292	1.32124517570852	-3.4657115	1.74258825
hooo1248	0.45087535623895	1.30921171383736	-2.03705775	3.32126825
hopi1249	-0.3329316199635	1.46950719394935	-3.488138	2.383424
horp1239	0.5305768186275	1.29593590783065	-1.79786325	3.306755
hote1245	0.92176810908165	1.30911808177728	-1.35358325	3.738377
huaa1248	-0.154530527487	1.51908958712323	-3.28755475	2.85074075
hual1241	0.158249020721	1.30439799207944	-2.44773275	2.80883075
huar1255	-0.176342615698	1.55895699861778	-3.36818575	2.86571
huas1242	-0.346825835871	1.46443295902669	-3.58471275	2.38728125
huba1236	0.15014476328	1.21976608829532	-2.17904375	2.653751
huic1243	-0.179314264434	1.47658189709077	-3.34403575	2.86974475
hula1239	0.6902557626135	1.32382879245852	-1.6979595	3.51382625
hula1244	-0.2606610490845	1.4443210318205	-3.39852325	2.476879
humb1243	-0.435085909879	1.31961010439976	-3.33912	2.04102375
hung1274	-0.2918391790625	1.39185489388519	-3.32053575	2.34086425
hunz1247	1.454257557805	1.58060051596078	-1.01491625	4.96833899999999
hupd1244	-1.039249637251	1.41234356675581	-4.202154	1.37682725
iaai1238	1.1607141875655	1.36151600556349	-1.07647525	4.36468675
iatm1242	-0.0646261936065	1.30917819602276	-2.827051	2.5964985
iban1264	-0.586237296515	1.36544103216297	-3.5827305	2.0070955
iban1267	0.2938486127895	1.17044566506437	-1.90738525	2.72832325
ibat1238	-0.0355950307505	1.33078900076825	-2.7101785	2.589316
ibib1240	0.9943998227975	1.46104110827813	-1.490713	4.21209799999999
icel1247	-0.069196342705	1.43196271935108	-3.19657825	2.6782475
idii1243	-1.08228817665	1.38721840151573	-3.99519775	1.2476925
idom1241	0.868747431553	1.48853457847843	-1.82164675	4.15526975
idun1242	0.763610693335	1.36274854180457	-1.68243825	3.81172175
ikkk1242	-0.3959064668775	1.40391353075553	-3.461663	2.2380985
ilaa1246	-0.14592265995	1.44001844262775	-3.0999005	2.68900725
iliu1237	-0.675151654218	1.31818908669882	-3.557135	1.75819475
ilon1239	-1.1289245473745	1.31368520678264	-4.02321525	1.13997225
imba1240	-0.557783455276	1.38173665474835	-3.67147725	2.01937925
indo1316	-0.397178593565	1.35701381707971	-3.474119	2.184145
ingr1248	0.8840045240445	1.41988683950988	-1.7210405	3.949276
ingu1240	1.3623634965	1.55793927553125	-1.22757625	4.83630275
irar1238	0.90863825143	1.40658567676249	-1.55381575	3.97592099999999
iris1253	-0.0924678666485	1.59105346604669	-3.62722325	3.10000025
irul1243	0.79100629533	1.36511378962716	-1.62046475	3.82172074999999
isco1239	0.663905887925	1.38733160868494	-1.9324815	3.70673475
isna1241	0.09187510828	1.21159044475944	-2.3266935	2.49626475
ital1282	-0.1814242478455	1.5094302893459	-3.416434	2.78536375
itza1241	-0.193056143337	1.42264123681154	-2.990026	2.71393575
ivat1242	0.8488021322775	1.33448845106375	-1.50193325	3.78963374999999
jahh1242	0.4437569616615	1.22439201961962	-1.8497435	3.06375225
jalk1242	0.15968865906	1.3455942488761	-2.469932	2.93162325
jama1261	0.2143856408955	1.32302610159323	-2.33295625	2.98948375
jamb1236	-0.444021897205	1.36454408288637	-3.42115025	2.1745045
jams1239	-0.1973834990555	1.34910155702135	-2.9143395	2.64873025
japh1234	-0.27969783947	1.32047608277484	-3.051531	2.2455765
jara1266	1.8651571106	1.51932792152396	-0.4730311	5.28622325
jeha1242	0.764457687946	1.26159484570622	-1.365033	3.59568225
jeru1240	1.705336210917	1.44511860983818	-0.658404475	4.89834475
jiba1237	0.0619974995	1.25357710461232	-2.320307	2.73517025
jina1244	1.692988369545	1.58439048345666	-0.852918075	5.2339115
jjuu1238	0.760271532047	1.43112643997018	-1.688262	3.99154025
juan1238	-0.870869191947	1.38398891218625	-3.89557275	1.624444
juku1254	1.4250247120825	1.36264098305165	-0.819508575	4.385258
jurm1239	0.42271381694315	1.38526518895454	-2.29674475	3.33108425
kaba1278	1.2872924747657	1.54775956450967	-1.1551705	4.74263975
kaba1281	0.82634208158	1.39083383665478	-1.773451	3.78307875
kach1284	-1.221855438415	1.56082324572174	-4.7990095	1.38110675
kada1242	1.0620737021495	1.30260966627427	-1.18594825	3.99129625
kado1242	0.7247114824395	1.33662542999688	-1.75278675	3.66879425
kaga1256	0.088455283435	1.24706592135198	-2.426874	2.64162225
kagu1239	0.1747817573515	1.38367689397366	-2.84608525	2.96546375
kaik1246	0.298031432255	1.22980911601403	-2.05124575	2.95045375
kala1384	-0.147915565524	1.45426954504547	-3.277438	2.63855349999999
kala1388	0.19021692312215	1.11094114047887	-2.05703725	2.3957165
kala1399	-0.153919271987	1.50618984024815	-3.28088775	2.987724
kali1308	-0.1078257016845	1.48528763685717	-3.32193275	2.93811124999999
kamb1297	-0.2159090985095	1.44624754146679	-3.3969205	2.55930775
kamb1299	0.846724232236	1.42046983013484	-1.69540475	3.85681375
kamm1249	0.633981641658	1.44962173325895	-2.07455	3.76259975
kana1286	-0.0204767557475	1.22972334439026	-2.52696225	2.504952
kana1291	0.657264225205	1.43232711078887	-1.9543435	3.8883885
kank1243	-1.3471408660185	1.41249682603402	-4.497983	1.002305
kaqc1270	-0.07257848288	1.36239539420457	-2.9359715	2.61356575
kara1482	-0.844752633305	1.40896064703765	-3.9042565	1.69360375
kara1486	0.2283199367649	1.13220258815369	-1.9555605	2.6265335
kara1487	-1.42610755118	1.37961052145202	-4.501497	0.786619924999998
kara1500	-0.5477760973105	1.45136506516664	-3.8246205	2.2752705
kare1335	-0.1875567881335	1.4533632480714	-3.2980375	2.726704
kare1338	0.7466922857505	1.36680843668023	-1.7524565	3.71831775
kari1311	-0.685419128706	1.42711163130437	-3.8247725	1.91163575
kash1277	-0.1605895225625	1.46628226091989	-3.399745	2.63094625
kask1239	-0.136629132909	1.46131472353167	-3.15601825	2.645709
kats1235	0.2071946430215	1.22560128847468	-2.09266875	2.772281
kaya1315	1.094211858975	1.31800744459599	-1.2358715	4.044455
kele1255	-0.105987004568	1.43540486042076	-3.05388275	2.6918645
kele1259	-1.421970843076	1.34480952882945	-4.39123625	0.724917925
kemb1249	-0.38238701974235	1.28568687522931	-3.22318375	1.99429875
keme1240	1.6988859727495	1.34402123702358	-0.5050587	4.54407375
kens1248	0.284080750583215	1.19991096093695	-2.020202	2.72085625
kenu1236	-0.26572503419955	1.43118459249836	-3.38934075	2.48721925
kesa1244	0.773044051554	1.38480529289254	-1.788392	3.6924305
kett1243	-0.237164888737	1.42909532625677	-3.1733835	2.5024465
kgal1244	-0.1752984455415	1.48328543721964	-3.44723425	2.659737
khak1248	-0.2584124244798	1.44929311485182	-3.2882555	2.655659
khan1274	-1.034171884114	1.34980814473235	-4.09942275	1.30693625
khan1278	1.0094521082995	1.37974466144876	-1.3012095	4.15132575
khas1269	0.2725396650785	1.14525285402699	-1.88768	2.70221475
khez1235	0.3546120208355	1.12402736520018	-1.841574	2.69510825
khin1240	1.2171288688205	1.47080495880321	-1.31435325	4.6274925
khva1239	1.50588032455	1.57719975217403	-1.08713225	5.1537205
kich1262	-0.1944922714495	1.34852595228748	-3.02911425	2.39199199999999
kiku1240	0.0015727274055	1.50307531263369	-3.140472	3.06067275
kile1243	0.097772860915	1.37179323703086	-2.67257675	2.97469375
kili1267	0.806198246788	1.4433539076687	-1.82534075	4.14174075
kimm1245	-0.8975225013215	1.48138307804159	-4.1612575	1.77943325
kina1250	-0.5923350596745	1.4195373285037	-3.563944	1.993271
kinn1249	-1.2436634847355	1.45492550564197	-4.38445525	1.166693
kiow1266	0.673252343595	1.43275009451514	-1.8577635	3.83598825
koho1244	0.0708596157935	1.30161118196381	-2.618797	2.67273325
koit1244	0.0954927831725	1.19116591176684	-2.24319225	2.4800405
koko1269	0.5321708703115	1.27893474761785	-1.879968	3.21526075
komb1274	0.1905158788876	1.40268875501627	-2.6756095	3.1377525
komc1235	2.0277499119905	1.4641531023072	-0.25882295	5.295742
komi1269	-0.1807349515785	1.51587645814848	-3.4176925	2.759807
konk1267	1.4405003313015	1.54970909786147	-1.0799515	4.89938999999999
kony1248	0.121777068725	1.21738907576429	-2.251828	2.59881925
koon1244	-0.2987399854815	1.53621935975792	-3.6374265	2.68745375
koor1239	-1.2216318486432	1.5518897210347	-4.7373155	1.403099
kore1280	-0.1904458373725	1.48059071186667	-3.22830825	2.88848925
koro1298	-0.111499202187	1.36532027543075	-2.83369375	2.64774674999998
koro1313	-0.5624111094848	1.21795070354018	-3.0526115	1.87736675
kosa1249	-0.00576345369	1.45728809026757	-2.95794275	3.05958725
kosr1238	-0.932178794654285	1.36699591352013	-4.063628	1.358695
kota1263	0.957396464686	1.30890843158797	-1.333745	3.88654974999999
koti1238	-0.183122014025	1.42898051780284	-3.086141	2.67824725
kove1237	-0.075652591998	1.15375961410177	-2.46673275	2.17955325
koyr1240	-0.34517444372	1.3627615530636	-3.103124	2.22295575
kryt1240	1.1926639146355	1.48378313566454	-1.30045425	4.578757
kuan1247	-0.17497478096	1.4302709130412	-3.27643625	2.5074375
kuan1248	0.54781269013525	1.27201159131276	-1.7654095	3.39200275
kuik1246	1.0138712922465	1.37604510699764	-1.394987	4.088833
kuku1273	-0.9914050793525	1.46073573696919	-4.1350705	1.5773125
kuku1280	0.3361148174132	1.46081830234899	-2.4575685	3.53606975
kuma1276	0.9494041443765	1.4292087575879	-1.5124755	4.211568
kumb1268	0.253664721835	1.50020189511227	-2.825326	3.456841
kumz1235	1.288165042488	1.51069413106213	-1.08010375	4.6860505
kuna1268	-0.388936828884	1.53981173210004	-3.679241	2.52215975
kunb1251	0.044337530859	1.34932477246005	-2.65029	2.80254774999999
kunj1245	0.04132306113295	1.35418236946115	-2.75724325	2.8683235
kuot1243	0.4026840394565	1.12495294940653	-1.7453255	2.73160349999999
kurr1243	-1.244884261135	1.45153061675033	-4.6188935	1.14597625
kusa1251	-1.3922761637345	1.42407585363964	-4.54344775	1.006815
kusu1250	-0.071701350393	1.27359024505698	-2.70342575	2.54590575
kute1248	1.5714412843246	1.38121493326991	-0.6897647	4.64664925
kuyy1240	-0.512259013151	1.33618964352732	-3.50459425	1.89916225
kwai1243	0.8035667254265	1.35704375796193	-1.67729675	3.7575455
kwam1252	1.391790816965	1.43929688198511	-0.9094662	4.6778695
kwar1239	0.803412585768	1.34688741431283	-1.614495	3.68091375
kweg1241	-1.2562418568655	1.5654821759606	-4.88469975	1.30164075
kwom1262	0.613265164303	1.3368103679729	-1.7955145	3.4705715
kxoe1243	-0.130848898958	1.49067232667374	-3.3836395	2.88156425
laal1242	0.1001335267	1.48925820066388	-2.94391475	3.163037
lach1248	-0.929279288287	1.46513539001839	-4.24451025	1.582228
lahu1252	0.03247672549635	1.17643478685813	-2.34413	2.412527
laiy1246	-0.80160766653	1.38604631397801	-3.8777275	1.569262
lakk1252	1.528418380025	1.59343655094057	-1.0177375	5.18780525
lala1264	-0.1530157182885	1.49971869833349	-3.361459	2.876927
lala1268	-0.4214529452045	1.1846164952813	-2.97824075	1.852866
lama1277	0.870362489698	1.39270730374744	-1.557438	4.0291745
lamb1272	-0.184369478915	1.40281074081869	-3.1429485	2.5020865
lamk1238	1.3828955045315	1.39682079907459	-1.01943775	4.466142
land1256	0.57372656452	1.39914336663275	-1.90861175	3.59014949999999
lang1320	0.684812234478	1.42202155122034	-2.0175305	3.724752
lash1243	-1.1094899067985	1.48864238928933	-4.28639325	1.35774025
latv1249	-0.1281297403175	1.43612525704377	-2.9994745	2.740961
lave1248	1.1153907794405	1.40512602688256	-1.274976	4.237512
lavu1241	0.1111927960195	1.34666470382445	-2.561914	2.8215695
lazz1240	-0.12427045782215	1.45151332503894	-3.10735875	2.78800525
lega1249	-0.199474078	1.50178404585818	-3.38199875	2.82170525
lega1250	-0.165073909668	1.446034712325	-3.192352	2.72248175
lele1267	1.0731337940285	1.40639075633955	-1.36733525	4.1937355
lemb1266	-0.165970841241	1.23268459482883	-2.70802925	2.34192725
leme1238	0.984694983597	1.37357243613346	-1.36415375	4.14731575
lena1238	1.386689624766	1.42906851668317	-0.897137575	4.68942025
lend1245	-0.079940486079	1.28345346952997	-2.87016375	2.58274375
lepc1244	-0.051963106908	1.19177821948928	-2.4709385	2.396091
lewo1244	0.896753522918	1.39288056245784	-1.48668975	3.977673
lezg1247	1.33770714644	1.49015105395982	-1.18733175	4.73072875
libi1244	-0.3015168282305	1.48501382940307	-3.476015	2.5118825
liby1240	-0.20600384148	1.46064573539591	-3.41838025	2.65822425
lihi1237	0.256285643525	1.19725420921028	-2.133263	2.7421675
lika1243	-0.0199820003375	1.2137982316908	-2.50995125	2.470689
lill1248	-0.220925139738	1.47635152193232	-3.46884375	2.67348525
limb1266	-0.0018662733245	1.19294860786919	-2.511726	2.282675
limo1248	-0.36924901555	1.15613910821699	-2.8775485	1.8061305
lipo1242	0.0589960754055	1.17146426545122	-2.36195575	2.42852025
lish1245	-0.28415607160605	1.39474288418016	-3.41155325	2.474486
lisu1250	-1.15568930244505	1.40284780221307	-4.32755125	1.3088925
lith1251	-0.1330389797355	1.46247053165551	-3.1708075	2.77652225
litz1237	1.288821170687	1.21290997655918	-0.7639278	3.94406175
livv1243	0.0089960413415	1.42579479409546	-2.931963	3.02939975
lolo1259	0.1730115147905	1.19788427788879	-2.20043725	2.61364225
lomb1257	-0.199306315605	1.43257401933406	-3.234509	2.631123
loni1238	0.938440327384	1.40796823978268	-1.52505375	4.24093875
lonw1238	0.605026193902	1.0603920404371	-1.44439875	2.826195
lote1237	0.0759253294945	1.14224015124787	-2.13483025	2.473149
loth1237	-0.1182995623445	1.10029188661526	-2.48761325	2.03984425
louu1245	0.98887863457	1.38181504842485	-1.3377905	4.13472925
lowl1260	1.493829018828	1.4938840981632	-1.09480775	4.84327324999999
lowl1265	-0.209411655365	1.44591756137772	-3.336311	2.7479575
lozi1239	-0.2683662534445	1.4971594321439	-3.51118225	2.6306045
luan1263	-1.07317579110245	1.40550326044374	-4.17863175	1.45834575
lubu1243	-0.929562864107	1.28891044184426	-3.8912155	1.4103755
luch1239	1.044157561286	1.35870725351262	-1.31187175	4.0373855
ludi1246	-0.169947970563	1.46814065848266	-3.337475	2.66335925
lugb1240	0.4765471102325	1.34325312865387	-2.044557	3.3776085
lugu1238	-0.0538399106035	1.39876521016988	-3.09721925	2.6889345
lule1254	-0.23190061267	1.45300175135449	-3.35335875	2.57042675
lumu1239	-0.7080958535885	1.45044988389385	-3.76433975	1.9435045
lund1266	-0.2088048213745	1.43179869468803	-3.269908	2.56890925
luse1252	-0.543372983543	1.49760468324357	-3.81445875	2.26923975
lush1249	0.57620512893	1.28781358385673	-1.8983635	3.35745824999999
lush1252	-0.2162295243375	1.44014881490809	-3.23141525	2.622884
luva1239	0.689605801833	1.3164668486732	-1.80262975	3.57516825
luya1241	0.356370409652	1.34669554391084	-2.31473525	3.14060825
maan1238	-0.4814558888265	1.41889656752201	-3.596337	2.240508
maba1277	0.65810834395	1.40373058870122	-1.80868975	3.7428725
mace1250	-0.14436559161315	1.4742883444478	-3.17613575	2.851378
maco1239	0.489338693028	1.43987446817064	-2.34569175	3.57423024999999
macu1260	-0.8091537004475	1.42309823878277	-3.88049	1.779964
mada1285	0.2625036983585	1.11196187963539	-1.93770925	2.52889225
madi1260	0.91502501385	1.39076987165745	-1.460461	4.06998925
maee1241	1.37723817512045	1.27268191565388	-0.712097225	4.034879
magu1243	-0.128903207761	1.1358491732688	-2.5028375	2.03261275
maib1239	0.79188334681175	1.4025811528143	-1.79047425	3.89745975
mail1248	-0.0752011377235	1.32555532737623	-2.82843125	2.621274
mais1250	0.64869713596	1.39482000333664	-1.934865	3.80875699999999
mait1250	0.8213175783465	1.35100541963411	-1.673765	3.669272
maja1242	-0.945249865645	1.48987250922392	-4.28656625	1.77243875
maka1304	-0.30042264753	1.38312304751609	-3.3196365	2.50200224999999
makc1235	-0.269157737247	1.42519080799141	-3.42020925	2.5308725
makh1264	-0.209823405864841	1.41857369117961	-3.27850375	2.59288575
makh1266	-0.2072985232195	1.54055886280111	-3.702209	2.70831875
mako1251	-0.25628100172	1.48594444161803	-3.5876015	2.77309325
mala1464	-0.29463862852795	1.30609407604162	-2.9150475	2.342989
mala1479	-0.68021207549145	1.39249348830494	-3.72541375	1.81207375
mala1522	-0.651318824961	1.42772546712286	-3.727813	1.991688
mala1534	-0.1375794544017	1.12832235009713	-2.413116	2.0462425
male1284	-1.451942817536	1.53932621585714	-4.87125825	1.17848025
male1297	-0.0370320132385	1.44569811361254	-2.97698525	2.9174825
mali1285	-0.24431248706	1.30883798696893	-2.91720875	2.32693199999999
malo1243	1.442207442714	1.32422618033894	-0.733797825	4.38935675
mamb1306	0.5326927138005	1.38803230197424	-1.99409825	3.6308465
mamm1241	-0.4443954936057	1.38628614399411	-3.45721425	2.18509475
mana1288	0.67543314449	1.23131933414722	-1.693984	3.30623175
mana1298	0.433856933015	1.30924157992943	-2.036505	3.3093305
mand1415	-0.526884093639	1.42956610687511	-3.74245625	2.0753395
mang1378	-0.876694522432	1.26887762927443	-3.5439445	1.29696399999999
mang1381	0.6188238689745	1.45765599917835	-2.097137	3.8668905
mang1394	0.2534550090515	1.2458216616511	-2.24184975	2.94384
mang1401	-0.580028578665	1.44923460389557	-3.76673825	2.085068
mang1403	0.008389635262	1.10582311970597	-2.09342025	2.265072
mang1405	0.824255318632	1.37826046946463	-1.60772025	3.85096425
mans1262	-0.1110875810555	1.21413511537641	-2.68701125	2.25504575
maor1246	-0.5462761843805	1.35297562310262	-3.556566	1.8046105
mapu1245	-0.5088655247366	1.40886627578174	-3.53594	2.19471725
mara1378	-0.0540167382978	1.39547977806148	-3.10785375	2.9010725
mara1379	0.517863966016	1.15496869685439	-1.5830305	3.017744
mara1382	0.0045844192055	1.21126841533435	-2.5016815	2.49787974999999
mara1386	0.8048440639165	1.40907198940045	-1.819073	3.802038
mara1404	-0.3147739029375	1.2395777013116	-2.974258	1.97112075
marg1265	0.28150977162	1.29347152052273	-2.22504625	3.1044275
mari1416	1.40733888131	1.353686352196	-0.83520655	4.322762
mari1424	0.8579366112053	1.4388750902869	-1.8064775	3.91211925
mari1440	-0.435990916158	1.46489160757736	-3.54750025	2.46906625
mars1254	-0.97423290411895	1.53380871308882	-4.20042325	1.671674
mart1255	-1.1267817209265	1.45681819947319	-4.32860725	1.34506875
maru1249	-0.689356395405	1.40180421539728	-3.708151	1.8458205
maru1252	0.5260427759705	1.31811715618245	-1.92703275	3.360242
masa1322	0.5198468125505	1.30912193295354	-2.0163555	3.18543825
mask1242	1.00629666346351	1.15082531328349	-0.9838336	3.58789625
matb1237	0.659767409496	1.43428866361377	-1.94187475	3.7870765
mati1250	0.5602169294635	1.13862075070956	-1.51887775	2.97704075
mats1244	-0.0196795449085	1.30222477669285	-2.66712075	2.626692
matu1259	-0.220856654466	1.47999115050669	-3.297017	2.69017675
matu1261	0.7672913269195	1.35201779328913	-1.51308	3.7894975
maun1240	0.1924794147273	1.3893721145234	-2.59489725	3.12930575
maxa1247	-0.5795491101	1.43741154378305	-3.65710775	2.10026225
maya1285	1.182003858498	1.52199515483408	-1.2824355	4.764404
mayo1261	-0.42468577590804	1.2749210144497	-3.16295425	1.96733075
mayo1264	-0.192076793097	1.48345483927943	-3.338988	2.69381824999999
maza1304	0.49483455891779	1.18459306083004	-1.8582095	2.9233285
mban1263	-0.10053324400475	1.30972669896432	-2.88193875	2.565399
mbay1241	1.0571124063955	1.40329369213011	-1.26474875	4.110128
mboc1235	1.3587421434095	1.36314601418907	-0.977748375	4.21468075
meen1242	-1.1104249911325	1.48276189426097	-4.3481475	1.359063
mehe1243	0.769594923394	1.36877139448909	-1.76682325	3.7568295
meke1243	-0.38425298994	1.14870969184597	-2.7929	1.88203075
melo1242	-1.37935593423975	1.58774881877671	-4.96094825	1.330015
melp1238	0.2948296376915	1.3437107947082	-2.26893575	3.17492625
mere1242	1.4085771454804	1.37631799186349	-0.777383775	4.42000875
mezq1235	-0.5913017704118	1.43105049120906	-3.60185375	2.042821
miju1243	-0.519990181025	1.36656507737791	-3.47750075	2.13847225
mika1239	0.6938724063315	1.45012874123857	-1.963447	3.88027724999999
mikm1235	-0.218357716415	1.46792101172111	-3.375536	2.7224655
mila1245	0.4497686697908	1.29278024396621	-1.9513405	3.285606
mina1268	-0.4076397002	1.40295605116459	-3.49284275	2.12227949999999
mina1276	0.8570580291595	1.23156352884724	-1.406454	3.522309
mini1251	0.545125754961	1.26671908137543	-1.696984	3.39979875
mini1256	-0.5318996414578	1.48292372451236	-3.74785475	2.24499925
minn1241	-0.5374316538135	1.46550623452404	-3.79107075	2.116077
misi1243	0.476231649865	1.32559788467334	-1.9533555	3.5021065
misk1235	1.1530984360225	1.47171807791389	-1.3808955	4.36105324999999
miya1259	-0.269216399766	1.56976750354747	-3.7079775	2.65901775
mlab1235	1.006384399029	1.31615053167515	-1.266959	3.96966025
moch1257	-0.565797565245	1.38753426905174	-3.54501625	1.99146
moco1246	0.4680818518245	1.48186431352842	-2.29655025	3.59843375
mode1248	-0.0913628796268	1.48494826679563	-3.160196	2.96432775
moha1258	0.762259181045	1.46156034785536	-1.940145	4.0366355
moke1242	-0.408747988404	1.35325654456252	-3.239245	2.07439825
mokl1243	0.15753066441385	1.28392553793776	-2.50851175	2.774507
mokp1239	0.5396609571322	1.3280591877592	-2.038734	3.346753
moks1248	-0.0469665046111	1.43446483541041	-3.16900475	2.85552875
molo1266	1.683986723353	1.47125066057536	-0.624897875	4.86206275
monn1252	-0.65992197589	1.45185767882731	-3.86452425	1.964375
mono1270	-0.567899157699	1.29590891928974	-3.4377545	1.77580225
mono1275	0.003937998423	1.39509346860904	-2.86683375	2.93011525
mopa1243	0.004946429635	1.42522400013244	-2.86417025	2.85945875
moro1287	-1.112018437033	1.46477980423404	-4.55305975	1.3277305
moro1289	0.08659143367	1.3759948900874	-2.61320675	2.9820945
mort1237	0.462290895758	1.36099908210623	-2.04246625	3.4151825
mose1249	0.1468414532125	1.34604198040554	-2.558354	2.9915025
motl1237	0.8625909417185	1.39021938631088	-1.5050445	3.98867725
motu1246	0.55819901303	1.26948054132053	-1.852754	3.411666
moun1252	0.1870772723598	1.22368275514801	-2.23117125	2.8288125
mpad1242	1.5508188521165	1.59435827066396	-0.985784675	5.09445275
mpii1239	0.286990321165	1.25559302770564	-2.261189	2.88835025
mpot1240	-0.171248282491	1.45679704333372	-3.24312725	2.557655
mpur1239	0.78211212612	1.46430381308879	-1.763412	4.03624025
mual1241	-0.560008526386	1.38165128443153	-3.571433	1.9958435
mudu1239	1.068662841656	1.3117394111841	-1.149626	3.99055174999999
mudu1242	-0.550209160685	1.22170241378588	-3.17125375	1.749152
munc1235	0.7151176755781	1.26246101404572	-1.64881825	3.40363174999999
mund1320	-0.59413835123	1.27807609038709	-3.37759575	1.71892675
mund1325	0.890829503765	1.41995833510207	-1.66302425	4.20251825
mund1328	1.952289956255	1.39924498228937	-0.4016587	4.864837
mund1330	-0.8209054104505	1.36774007539095	-3.9462045	1.5694285
murl1244	-0.755081646245	1.55458246801784	-4.10129675	2.09194375
muru1274	-0.6144185099655	1.43798753787486	-3.7570435	2.026431
mwag1236	0.742284716227	1.38488049977132	-1.80102625	3.793149
mwan1247	-0.211191371205	1.43968966986298	-3.272069	2.639726
mwer1248	-0.2408614978995	1.5022837747176	-3.35559075	2.79781875
naka1262	-0.190651224619	1.13116285159463	-2.4538755	2.10126975
nali1244	0.3534656271298	1.13889807257472	-1.8280515	2.73832975
namb1293	-1.1025902347675	1.42042954224295	-4.12678575	1.343596
namu1246	-0.2872303002858	1.22531030397585	-2.810417	1.98711725
nana1257	1.3701962526275	1.57650283336233	-1.186544	4.888308
nand1266	0.5615760560955	1.49301468527299	-2.219296	3.85936099999999
nang1262	1.1445683691585	1.39463970077115	-1.20041125	4.2860545
naue1237	-0.0781641376305	1.2880132738219	-2.731332	2.606978
naur1243	0.4828056790175	1.34346035643112	-2.01098675	3.310734
nava1243	-0.3687259264955	1.49738413795719	-3.60833875	2.3868065
nawu1242	0.751836885336	1.47731075412576	-1.85553475	4.07668475
naxi1245	-0.7978521391735	1.34732681545379	-3.77836025	1.558356
ndam1239	-0.174243273088	1.47176194519238	-3.345675	2.7998955
nege1240	-0.6327470479615	1.31374848894012	-3.61751575	1.739362
negi1245	0.104767989655	1.39738203206966	-2.778997	2.84065825
neha1247	0.1876261293136	1.27489531964606	-2.2838285	2.86813675
nene1249	-0.307562481164	1.46826395274547	-3.58547325	2.54391325
nenn1238	-1.0808389868755	1.40652082476101	-4.10723075	1.41884575
nepa1254	1.26521612789	1.24023156598363	-0.83714355	3.972508
nese1235	1.4085958074265	1.29710087568191	-0.72988105	4.136559
ngab1239	-0.012669036923	1.39399158000311	-2.93029825	2.6698175
ngal1292	0.3974720085615	1.49442426672741	-2.34816275	3.462794
ngam1268	0.9794152617365	1.39576595768248	-1.436062	4.12386875
ngan1291	-0.2899340540395	1.46979202277536	-3.35620025	2.54962425
ngar1235	0.818846252327	1.41974210200778	-1.63996275	3.837809
ngar1284	0.3596789147565	1.44946171467856	-2.44622025	3.60487625
ngas1240	0.292656946829	1.392233587123	-2.37005475	3.2688165
ngit1239	0.631721609045	1.31769368515195	-1.7288625	3.485513
nhen1239	0.2693030129005	1.34010629345418	-2.2374855	3.26529375
niha1238	0.713105392669	1.48205767189828	-2.0031145	3.890417
nila1242	-0.0793436296925	1.42400768664762	-2.99598375	2.74834475
niua1240	0.78056648119	1.41778084485921	-1.69086725	3.985527
niva1238	-0.508075964692917	1.38305024586318	-3.58057075	2.164299
njan1240	0.902091420752	1.30276336454896	-1.4404575	3.82756925
noct1238	0.607925550059	1.26598044566904	-1.67412475	3.24845175
noku1237	1.2432071012375	1.37250243822749	-1.02579475	4.20620025
noon1243	1.89980321198065	1.45233109259377	-0.4384962	5.02479725
nort2671	-0.174307158566	1.44216962406991	-3.224178	2.611615
nort2684	-0.774194663215	1.41916031946371	-3.99302025	1.82529075
nort2690	-0.2364896055225	1.39658600349382	-3.2186435	2.256674
nort2697	0.681385674442	1.47925360621657	-2.15510025	3.76849175
nort2702	-0.3618827829905	1.34211126042356	-3.19123025	2.17676325
nort2722	0.321415973762	1.26534780392978	-2.03640975	3.06479675
nort2745	-0.562291036805	1.44260042441046	-3.83340825	2.17789299999999
nort2747	-0.0694688606155	1.44681749005145	-3.030943	2.8673185
nort2774	0.9721173456657	1.45376902284025	-1.51110475	4.29188875
nort2839	0.48654143873845	1.06167679185643	-1.5737635	2.62978775
nort2845	-0.504798118616754	1.39799797282287	-3.55618875	2.02247775
nort2864	0.8334542874385	1.30708530045642	-1.527552	3.74643525
nort2877	-1.2652932994885	1.38549242138102	-4.42981025	1.038061
nort2930	-0.710679377125	1.38185970341228	-3.8412425	1.64339475
nort2938	0.155343664145	1.38402108696824	-2.712912	2.90265375
nort2942	-0.122201142222	1.42065086864592	-3.15362	2.59815
nort2951	-0.147814157135	1.42805567244994	-3.0545995	2.71155349999999
nort2954	0.02730202251295	1.4041873368577	-2.802285	2.82269625
nort2959	-0.189408419472	1.45893561390313	-3.30838625	2.7502225
nort2961	-0.1651023495185	1.46103659154595	-3.22229025	2.59972625
nort2972	0.160249907092	1.35821681402902	-2.434619	3.02364149999999
nort3047	1.5731739895255	1.44155215895782	-0.741758125	4.71370875
nucl1235	0.050003568489	1.37842966900244	-2.77341	2.85267925
nucl1240	0.310075962732	1.32007211198397	-2.310904	3.07017175
nucl1301	-0.2231692862625	1.45676504702505	-3.21807875	2.482962
nucl1302	0.37320284563	1.47417980949089	-2.5121735	3.472054
nucl1305	-0.27094430018	1.40816188580958	-3.26204825	2.55372925
nucl1310	0.3965824103435	1.19542672459241	-1.84532875	2.9210505
nucl1417	1.0003327606665	1.38703189682294	-1.336799	4.03911625
nucl1454	-0.171929903078	1.2963228939375	-2.8260245	2.4366625
nucl1458	0.08080382544	1.32241041129467	-2.48679	2.77705075
nucl1622	0.381922137182	1.42136444738942	-2.1977405	3.478564
nucl1630	0.6416298119865	1.25826805939381	-1.55252175	3.505904
nucl1632	0.406515380534	1.40862470165906	-2.22585075	3.46674575
nucl1706	-0.1950640602285	1.4671635543852	-3.3356105	2.8184675
nuer1246	-0.8285500060805	1.46533932409127	-4.13721825	1.74411125
nuuc1236	-0.127068000156	1.47725609155442	-3.09141225	2.7761205
nyah1250	-0.692433556463	1.42259290232167	-3.87129925	1.82024775
nyal1254	0.793929511101	1.43164388756272	-1.7535645	3.92303175
nyan1307	0.0360058899375	1.41964590300242	-2.87368075	2.75461575
nyat1246	0.164156441388	1.36368748499068	-2.48069225	3.018567
nyor1246	0.026301872014	1.39875512348277	-2.88786625	2.7931055
nzak1246	1.0175733125505	1.41389878257419	-1.58136775	4.25940025
nzak1247	-0.707791298614	1.33028085450545	-3.5476355	1.809641
obom1235	0.343154121957	1.08532738778029	-1.66988575	2.5726665
ofay1240	0.822132965565	1.45322706828867	-1.67866225	4.14316874999999
okan1243	-0.2508276204345	1.49872367987233	-3.37444325	2.77100675
okin1246	-0.2228323393825	1.52680748602677	-3.5279065	2.8660705
oksa1245	0.52780265256	1.445809007478	-2.18818425	3.43850675
oloo1241	0.9294882473875	1.39089618062956	-1.519328	4.029635
olut1240	0.030021623635	1.38951561031057	-2.82280825	2.8655335
omie1241	0.5703821303525	1.30174098164668	-1.868926	3.372078
onon1246	-0.184744021695	1.37812305229758	-3.023689	2.53978575
onto1237	-0.6674761158395	1.39132680877157	-3.8666355	1.78754
oriy1255	-0.788621993335	1.46446451463528	-4.1103785	1.77856375
orma1241	-0.29010346782	1.37057497048651	-3.12175225	2.17522325
oroc1248	-0.07823268206	1.4416447458245	-3.1577205	2.76791025
orok1265	-0.27669563738	1.43601240772094	-3.404485	2.4886585
orok1266	0.9237262495845	1.34004543038838	-1.58393025	3.79978875
orok1267	-0.32669103788	1.35716795102387	-3.21780625	2.298263
orow1242	0.419905960391	1.22183848967675	-1.90654975	2.999392
otta1242	-0.18547910204	1.48762102456984	-3.256987	2.61340375
paas1238	0.7393136001125	1.45311793971154	-1.86064225	4.01807075
paco1243	1.156065831852	1.39547257138199	-1.1602085	4.19483274999999
pagi1243	1.18680306551545	1.45285273895386	-1.419372	4.260377
pagu1249	0.5508056016955	1.41862295879393	-2.088479	3.6381035
pahn1237	-0.783962965052	1.4681539044632	-4.06657325	1.73176125
pala1344	-0.620366314054	1.41379320030265	-3.7649855	2.08503625
pamb1243	0.3207938395607	1.35873851842591	-2.2584045	3.28792575
pamo1252	-0.583190907267	1.42602754395715	-3.645312	2.00715775
pang1287	-0.2196138454525	1.47664442907416	-3.42823125	2.6030375
pang1290	-0.808856194845	1.27761732377689	-3.64792875	1.48635875
pang1291	-0.127658775001	1.35784361192234	-2.90711675	2.407575
panj1256	-0.3166121413745	1.49486180617008	-3.607587	2.5900395
pany1241	-0.9990714123405	1.49232482795342	-4.38150025	1.522736
papa1265	-0.918556305949	1.121257479376	-3.276246	1.04238375
para1301	-0.31213848309	1.35639279390497	-3.24382275	2.33187675
pare1266	-0.53614979255472	1.14368745818917	-2.9478735	1.565194
pate1247	0.957069084533	1.30926253197557	-1.26996125	3.81708924999999
patp1243	0.06080407927	1.12440245723805	-2.1685435	2.3477495
paul1238	0.79181687136715	1.29180130860415	-1.59415525	3.60321475
pawn1254	-0.111162488773	1.45008561476799	-3.25938025	2.74697875
payn1244	0.3006780881665	1.33652855705875	-2.28241725	3.07572675
pech1241	1.156574397538	1.50307235510082	-1.43476575	4.443857
pela1242	-0.861656587239	1.42982677676474	-3.9635705	1.616304
pend1242	1.2061322689365	1.4192224747653	-1.04195875	4.39397975
peng1244	-0.46544406954	1.1787867564192	-2.92134025	1.6423995
penr1237	-0.54874727862	1.37690835597409	-3.554517	2.01626575
peri1253	-0.304071853098	1.43133061756285	-3.40270475	2.66470725
phai1238	1.1243128051565	1.33854943849749	-1.1520315	4.10999349999999
pila1245	0.418061130874	1.44152239403257	-2.23752025	3.45045775
pile1238	1.192545597238	1.34389732004327	-0.990105975	4.361007
pipi1250	0.333199482022	1.43465078507609	-2.27474425	3.28813575
pite1240	-0.2415657789605	1.45731958927733	-3.2985465	2.57725599999999
pnar1238	0.284780623241	1.18208888625564	-2.09317	2.720123
pohn1238	0.5314213392605	1.40855847302864	-1.9504735	3.7302395
poli1260	-0.082958309885	1.48487351407137	-3.07818675	2.95813725
popt1235	-0.499326702293	1.37917122574845	-3.48302625	2.08085925
port1283	-0.124751052684	1.41989762474864	-3.08594525	2.75711775
psik1239	0.646199778834	1.25507982090997	-1.725561	3.44242725
pulu1242	0.48935401568	1.38326701054718	-2.17771525	3.546024
puma1239	1.439884962476	1.3515727229625	-0.76409215	4.27456675
puoc1238	-0.85356628101	1.34403088563986	-3.87420025	1.52074575
pure1242	-0.5461266018065	1.48341389941622	-3.836418	2.1730225
qanj1241	-0.29184784757	1.34448623658524	-3.17692425	2.31692925
qima1242	-0.27743271958765	1.46557876038068	-3.36684475	2.54733975
quer1236	-0.59741740408	1.47788731006327	-3.89906875	2.15756625
quio1240	1.47391295852	1.4000121980319	-0.89081735	4.56521925
rabh1238	-0.123388894755	1.15077329328061	-2.40688725	2.3229815
rade1240	1.48382227638625	1.4417448119887	-0.983466725	4.61585325
raji1240	-0.5659521292215	1.38247004898612	-3.5054305	1.91755925
rama1270	1.0342191791425	1.44793445719325	-1.48424425	4.279269
rapa1244	-0.53273087807	1.26429918248873	-3.36737725	1.64000575
rapa1245	-0.569374724566	1.40886450556579	-3.6293895	1.997209
raro1241	-0.580803632275	1.35032352755172	-3.64457275	1.84641725
rata1244	0.871621943677	1.41996332140171	-1.5328235	4.00102325
reja1241	-0.82370763739	1.42610362078361	-4.04706775	1.62887
remb1250	0.8740661526089	1.39038803184708	-1.59435375	3.95484325
reng1252	1.697459559943	1.51466336141978	-0.748090725	5.096985
reye1240	0.541449948862	1.37685458509863	-1.92788675	3.53250725
rikb1245	-0.605951167935	1.38362887432278	-3.67448375	1.99364275
roma1326	-0.2179595222375	1.41144849524451	-3.23143925	2.46681024999999
romb1245	-0.23330574184	1.25791013907824	-2.90633825	2.120924
rong1264	-1.0486102471575	1.43728981255231	-4.31282925	1.401202
roto1249	-0.921782748856	1.1462014014428	-3.3885465	1.09693975
rotu1241	0.605548809303	1.4386219897569	-2.10346175	3.72577425
rovi1238	-1.459600582795	1.42213384901665	-4.596679	0.938141649999998
ruka1240	-0.013534576632	1.23089479902622	-2.497145	2.4497905
rung1258	-0.696505580772	1.36865136431511	-3.658429	1.904478
rung1259	-0.461760953224	1.3036059562715	-3.271925	1.9173365
russ1263	-0.083526714785	1.4990283996811	-3.26218225	2.890103
rutu1240	1.382789706795	1.54729242439814	-1.20741625	4.742175
saaa1240	0.5968579827321	1.38004736545276	-2.0299765	3.669324
saaa1241	0.3111895800165	1.07324664416636	-1.828867	2.4836435
saam1283	0.01474711084005	1.45324255634966	-3.02472425	3.02209375
saar1237	0.0464995594275	1.20180389203941	-2.33666575	2.55042375
sabu1255	0.536477312152	1.27368744765813	-1.9181095	3.20242825
sais1237	-0.8263371227745	1.33785010212829	-3.695235	1.425464
saka1289	1.324770240255	1.37786766411545	-0.929225275	4.33873549999999
saka1291	-0.4430005900255	1.43454549746325	-3.59357775	2.164494
samo1305	0.67932715523945	1.35566950961067	-1.77274825	3.52100749999999
sana1295	-0.190015867702	1.48123768454899	-3.24418175	2.7974705
sanb1241	1.274309907308	1.40861630424919	-1.17426925	4.367069
sanb1242	-0.44446657110355	1.36575862980813	-3.27104975	2.09706025
sand1278	0.45407068409	1.38869129531972	-2.2578445	3.462479
sang1331	-0.26667237251	1.48129996221194	-3.6118305	2.63854075
sani1269	-0.88339491857815	1.35823213073032	-3.92075375	1.50827825
sanm1289	0.95403311317	1.46390978351856	-1.67334375	4.2516085
sanm1295	0.76688576929	1.30466471066501	-1.7208655	3.543902
sant1410	-0.3497721874891	1.33311773591548	-3.08902875	2.121047
sant1451	1.60343808353785	1.52655911119133	-0.862730425	4.97928874999999
sanu1240	-0.364869869884	1.37143094502298	-3.21228175	2.384319
sara1321	0.331305309281	1.33392000600284	-2.06787775	3.1366945
sars1236	-0.126235578377	1.43166437273072	-3.1484725	2.75491225
sasa1249	-0.554340318789	1.4256042612272	-3.71841225	2.022596
sauk1252	1.1663452709895	1.41353641516437	-1.1048665	4.42047525
savo1255	0.2594005776005	1.21881762944688	-2.07470425	2.86357475
seim1238	0.50160162426	1.31398861162105	-1.91991275	3.27394699999999
sela1259	0.410266829994	1.42305887920049	-2.33200375	3.57120475
sela1260	-0.942387388927	1.41184054532772	-4.24200925	1.40023675
selk1253	-0.26912135031	1.47739282193905	-3.4522255	2.55179775
sema1265	0.8317174398565	1.27445375761078	-1.35043275	3.6063875
sema1266	-0.004844195485	1.19852674600909	-2.398552	2.39749675
seme1247	-0.57107691298	1.25865563054907	-3.23036475	1.76795375
seng1281	0.24000394696	1.24107066491413	-2.27471525	2.73410424999999
shab1252	-1.0057061821405	1.52799268160822	-4.4009185	1.71688925
sham1280	-0.070868703635	1.4088752814758	-2.9816965	2.641185
shaw1249	-0.1944097009455	1.50531928274047	-3.48699825	2.84556525
shee1238	-0.4205527154875	1.47013757154306	-3.6731495	2.3309935
shil1265	-0.9006171503325	1.45552277185044	-4.0967195	1.678822
ship1254	0.1212804170235	1.32220649758368	-2.50977425	2.867402
shon1251	-0.16859438845	1.51468168062333	-3.55840475	2.803887
shos1248	-0.0927391268615	1.49291042545032	-3.30041025	2.87321475
siam1242	0.5219299520775	1.34958380177281	-1.968304	3.43280175
sich1238	-0.3641038138915	1.2491433845847	-3.13851875	1.967248
sici1248	1.6758772084925	1.66382040703992	-0.953574125	5.36535525
sier1248	0.666014040608	1.41887460577776	-2.03415925	3.7001085
sier1250	1.568232884745	1.43254697448883	-0.844654175	4.818187
sika1261	-0.4318920966895	1.35775968398265	-3.34737625	2.04602725
sina1266	0.72117906376736	1.2949568153441	-1.59988375	3.554101
sing1264	0.6650641551315	1.29190835668194	-1.488234	3.546735
sioo1240	1.0364437140215	1.4268924757374	-1.38745125	4.12157775
situ1238	-0.18616345564	1.20773971340613	-2.72417675	2.0803375
siyi1240	1.334433430785	1.40435123628445	-1.0571795	4.37034775
slov1268	-0.13304407826965	1.45384896655258	-3.2234305	2.7641345
soch1239	1.1825716745125	1.34844019753833	-1.22603975	4.0791305
soga1242	-0.0885199740237	1.42700902091511	-3.242251	2.73353425
sons1242	0.396113002603	1.37057716721059	-2.1015695	3.28156249999999
sooo1254	-0.6160223582735	1.39917995183254	-3.62443175	1.9209475
sora1254	-0.6108692649315	1.19171914284759	-3.24578025	1.582937
sout1528	-0.1582813081515	1.46082047030345	-3.29673	2.678343
sout2674	-0.2054832529095	1.46169205992168	-3.31812825	2.5566975
sout2715	1.199561492095	1.24181506842267	-0.94511205	3.90074325
sout2728	0.3274424375765	1.21919548734816	-1.99591325	3.06684075
sout2782	0.4855244235865	1.33745895920633	-1.961681	3.34846175
sout2807	-0.1409968232808	1.45000364260477	-3.19515025	2.751671
sout2856	1.042326868495	1.40233935404103	-1.41742375	4.30326325
sout2857	1.228982776596	1.21773896598233	-0.87425715	3.88938325
sout2869	1.3920442353885	1.43864312849944	-0.8509652	4.7753885
sout2918	0.125265647424	1.20112800313003	-2.23593475	2.55476225
sout2954	-0.2371921863295	1.48138168189015	-3.42195325	2.66858575
sout2956	0.775150643054	1.46857528199146	-1.857807	3.953545
sout2959	-0.1228074444615	1.51531832469007	-3.26037225	2.84439325
sout2985	0.0663489220095	1.41041226098838	-2.74639025	2.94950925
sout2994	0.744769513757	1.49435889144372	-1.934066	4.08788749999999
sout2996	0.492934732975	1.44742720909996	-2.2076055	3.51589149999999
sout3261	1.4627513010535	1.58480024244415	-1.095672	5.03926
stan1289	-0.0744795734465	1.44497382398711	-3.04760625	2.63780575
stan1290	-0.139510773095	1.48502453212614	-3.40871475	2.823597
stan1293	-0.117991105394	1.48837941228386	-3.28481175	2.89749325
stan1306	-0.42447859341	1.31442854083235	-3.17566	1.936457
stan1318	-0.177551117285	1.43533478656013	-3.220122	2.65732875
sumi1235	0.264358514325	1.13777495052796	-1.9315475	2.6715235
sunw1242	1.7696463225175	1.47786942204731	-0.508877425	5.087374
supy1237	0.36709201194	1.45111902274158	-2.49157225	3.36921675
surg1248	-0.3236372310625	1.46138140713277	-3.38041625	2.45245649999999
surs1246	0.2986657208926	1.22761939263731	-2.094779	2.89315825
swah1253	-0.1786574881555	1.43523303053334	-3.278612	2.5325925
swed1254	-0.105153012388735	1.47901223723553	-3.3528805	2.82167549999999
taba1263	0.5132589231393	1.4207191513953	-2.1255355	3.6406445
tabo1241	-0.3142930861645	1.41860434940907	-3.41291725	2.6307845
taga1272	0.2849483579345	1.08632625381029	-1.809844	2.499904
taha1241	-0.309137677502	1.40215548602744	-3.31963125	2.360523
tahi1242	-0.517205553675	1.29860000600182	-3.28134525	1.89087375
taji1246	1.1047719152555	1.42284952062323	-1.26842725	4.3285225
taku1257	-0.86751920494	1.43702250249524	-4.11693825	1.58710025
tali1259	0.4538479876235	1.29420732331323	-1.9051225	3.464701
tami1289	-0.40043190084485	1.43686941959555	-3.47023025	2.3268765
tane1237	0.99602069275	1.3731709315251	-1.35573725	4.04789025
tang1347	1.48303942173	1.35035472906277	-0.704156975	4.4436175
tang1377	-0.0393141544875	1.29808678080706	-2.6692825	2.583739
tara1313	1.370471420032	1.3409111723961	-0.882957425	4.1927775
tari1263	0.108389855661	1.37932315194091	-2.6995065	3.06084775
tata1257	-0.7931717833437	1.35897067728266	-3.73980625	1.68856625
taul1251	0.558517413181	1.27975558975334	-1.7811235	3.34379925
taus1251	0.71821820252	1.28219740186556	-1.6891715	3.4701775
taus1253	-0.395475994771	1.39223826518577	-3.321512	2.212347
tawa1286	-0.0780613083995	1.38281609378409	-3.05766625	2.647507
taya1257	-0.31210955253	1.46250733046164	-3.4808685	2.47566475
tbol1240	0.264227330219	1.26163471630741	-2.07050225	2.91568875
teda1241	0.724520051225	1.4825402268113	-1.94718725	4.08548325
tehu1242	0.6420340415305	1.43417115706217	-2.090277	3.6677085
teke1275	-0.296292902903	1.46861588578914	-3.534359	2.48977025
tekt1235	-0.5719394609415	1.38733067999445	-3.5988125	1.9881265
telu1262	-0.0349474475005	1.33255528613466	-2.7457165	2.70992725
temi1246	0.74911060824	1.30424806763404	-1.573158	3.636921
tene1248	0.468224055987	1.51040858892412	-2.3313105	3.78325675
teng1272	-0.6573238012195	1.36415658530227	-3.699573	1.77532575
tenn1246	0.0586330974835	1.4455799135492	-2.88565125	2.98459099999999
teop1238	-1.0266383684365	1.22004494078172	-3.68462125	1.0940555
tera1251	0.2464023500695	1.30630268545314	-2.24966825	3.040049
teri1250	0.307571338185	1.32787849141182	-2.22473	2.94131175
term1237	0.204774544876	1.22102395820271	-2.1169105	2.7605745
tern1247	0.573731399509	1.5133534443169	-2.20144675	3.95903624999999
thak1245	0.4473357966935	1.17774853879465	-1.85296875	2.84120025
thul1246	0.4997234564565	1.21959257907993	-1.86099875	3.037165
tibe1272	0.50405409852805	1.40978307129651	-1.992191	3.58612575
tief1242	0.4644733076	1.29534565751118	-1.806164	3.13777225
tief1244	0.52129026661	1.30029611152357	-1.83831275	3.330594
tien1242	-0.3414475529105	1.47023584646819	-3.59952675	2.63980375
tiga1245	0.209986574949	1.13777939320234	-2.08829925	2.57799625
tigo1236	1.3405741554	1.32501293906355	-0.8690044	4.05934325
tiko1237	-0.19190245241735	1.30278691736991	-2.8810045	2.337532
timn1235	0.565260392218	1.44690427441597	-2.0734235	3.69898925
timu1262	-0.6472534218065	1.37018218313255	-3.566393	1.765638
tina1248	-0.3877434701355	1.17598220290098	-2.85198825	1.89324425
tiri1258	0.156794624685	1.18448452231415	-2.143506	2.5805135
tiru1241	-0.3031899072225	1.2454508578613	-2.92064	2.0301065
tita1241	0.9242269134575	1.35853693473917	-1.4700925	3.92909325
toab1237	0.7278813784475	1.37171908744162	-1.692223	3.66242599999999
toar1246	-0.2403146477345	1.2334793068367	-2.73534925	2.18173424999999
toba1268	-0.3687837419534	1.39400309507696	-3.471725	2.20422775
tobe1252	0.5051786271955	1.4499220522078	-2.179982	3.5429635
tojo1241	-0.43670283299	1.41496413134483	-3.40217775	2.29589075
toke1240	-0.820548912227	1.36066611825147	-3.96216875	1.57117725
toll1241	0.9777841248645	1.50068754220187	-1.8594765	4.42496675
tomm1242	0.374905944385	1.38877421166918	-2.20905675	3.390249
tond1249	-0.21332141712	1.31783806415678	-2.85753575	2.424044
tong1308	1.0482409440795	1.36104946043925	-1.24918525	3.9961125
tong1318	-0.205698433071795	1.51147719419078	-3.4173255	2.70470925
tong1325	0.7135349622245	1.44773783874005	-1.781656	3.80904525
tora1259	-0.6714130368475	1.14153164031477	-3.100831	1.631041
tosk1239	-0.1480282970965	1.42780989406629	-3.21229775	2.6756615
tote1238	-0.21265545006	1.49506146007614	-3.452988	2.8241285
trin1274	-0.01311334679355	1.40311832460464	-2.95897325	2.71965124999999
trio1238	0.6147060286585	1.4214342942869	-2.0025955	3.81732075
trum1247	0.950525969403	1.4554562594807	-1.69049575	4.2680915
tsam1247	-1.3882462264	1.52686090513496	-4.77553725	1.09732825
tsat1238	-0.35545407528	1.40697813194296	-3.40838925	2.46457674999999
tsha1245	0.05014295985	1.16579525719022	-2.295175	2.588906
tsis1238	0.903335348509	1.46576365494923	-1.6500675	4.22335375
tsix1234	-0.237770914516	1.47011750861359	-3.403618	2.600443
tson1249	-0.1085825262095	1.46535852051934	-3.23418725	2.812402
tswa1253	-0.29598834263905	1.44378951796083	-3.33351375	2.41698475
tswa1255	-0.1399148582955	1.43795747818886	-3.0747615	2.704004
tugu1245	-0.9811804742945	1.3166495052332	-3.85823075	1.28086075
tuka1248	-0.83259832912	1.45030874112552	-4.163928	1.750476
tune1261	1.1956530645845	1.34896985527885	-1.24186675	4.07361775
turk1304	-0.1765693399965	1.49673969815583	-3.32421225	2.67182949999999
tutu1241	1.36646954842	1.3237864436183	-0.7883378	4.29085225
tuva1244	0.667459109115	1.37895602700916	-1.75093475	3.77774024999999
tuvi1240	-0.1986650395755	1.40837145049456	-3.0298305	2.49585325
tuwa1243	-1.404689828685	1.33693671394494	-4.32738725	0.738912499999996
tuwu1238	0.55712474708	1.39036345806242	-1.9646065	3.79498675
udih1248	0.015511089885	1.49290981343603	-2.996341	3.05284325
udii1243	1.0371214008615	1.45531123284142	-1.498819	4.219584
ughe1237	-1.4010291812055	1.44052705591666	-4.61621575	1.065718
ugon1239	-0.728742837056	1.47356040982128	-3.84989325	1.91206624999999
ulit1238	0.524321085788	1.34712386941112	-1.91075125	3.39112125
ulwa1239	1.048966438704	1.50793513462623	-1.611604	4.394843
umbu1258	0.251587731695	1.34478862856421	-2.32859475	3.01821224999999
umes1235	-0.3034651959755	1.42450207714443	-3.32604775	2.32524625
unua1237	1.13549731954	1.1608218801848	-0.832346975	3.783613
uppe1427	0.4260197521365	1.3695419188198	-2.12459175	3.28301775
urak1238	1.265569357487	1.42198931066225	-1.102447	4.37389849999999
urar1246	-0.27050623452	1.35906702931024	-3.171302	2.311403
urav1235	1.19350209522	1.42884334323471	-1.09320925	4.513556
urim1252	0.70312421315	1.34678161639716	-1.87723025	3.54476175
urip1239	1.33975116462	1.25019806252214	-0.7778778	3.83096099999999
utes1238	-0.149239719966	1.49137858602541	-3.301983	2.82622575
vano1237	1.050556362925	1.39678935657002	-1.29452525	4.09627125
vera1241	1.0232547664035	1.37377075056684	-1.2998405	4.18403775
viet1252	0.5878627012622	1.39488782099291	-1.9557855	3.70278225
vinm1237	1.2821355557165	1.21661053670653	-0.740137775	4.052534
voti1245	1.29639711198	1.5032995956069	-1.20538375	4.67054849999999
vure1239	1.020079176123	1.37240911527441	-1.3217365	4.17210725
waig1244	0.691968624854	1.42605202996323	-1.897303	3.965324
waim1251	-0.42939845406	1.181514211069	-2.99264975	1.848061
waiw1244	-0.54348136143	1.40885353057266	-3.61433025	1.98978825
waja1259	-0.472504687716	1.19315066880666	-2.9306055	1.7789055
wala1266	0.8091651590355	1.34021510243011	-1.5577695	3.72382799999999
wall1257	0.814084374166	1.34601908249399	-1.569749	3.8058725
wamb1257	1.66081979159785	1.43008179364385	-0.68578995	4.7487075
wand1267	0.96992720476115	1.41949398396395	-1.54315075	3.938351
wand1278	1.5857109125565	1.52302505274104	-0.831973325	5.104219
wara1294	-0.6170992138545	1.35154323311157	-3.50639125	1.9365485
wara1300	-0.7337516493126	1.35788859936631	-3.749914	1.70440449999999
wara1303	-0.541850503378	1.42779871465728	-3.7524875	2.14300975
ward1246	0.6637107895135	1.49527205848067	-2.0726665	3.77934499999999
ware1253	0.2112872334	1.32286004236328	-2.31295925	3.14751775
wari1268	-0.7179993841485	1.41931489878639	-3.766893	1.8189945
warj1242	0.073484123217	1.14654296838968	-2.20250125	2.41728525
waro1242	0.06343571987	1.30915935815007	-2.5637975	2.837904
wash1253	0.4272347232208	1.40696020551351	-2.2271305	3.404749
wawa1246	0.400357928045	1.27146186354014	-2.0904375	3.08766675
waya1269	-0.3187206819555	1.40348453307728	-3.19076	2.29632375
wayu1241	1.751330257633	1.44460324784229	-0.549386025	4.99463725
wels1247	-0.1545180034085	1.49290664066064	-3.27767775	2.81454725
weri1253	0.3583615030085	1.25099358734354	-1.88294275	3.1351435
west2354	-0.138301235916	1.53572385072755	-3.45561625	3.0211355
west2369	-0.331851329445	1.42324316783487	-3.3740995	2.33824475
west2396	1.592206275415	1.42647369937371	-0.7373209	4.740907
west2415	1.287077597085	1.25181166673833	-0.8404522	3.9936495
west2418	0.11627583589	1.15136627362553	-2.20406075	2.42128475
west2430	1.45435511943	1.5747235171661	-1.0915625	4.955009
west2441	0.299955824091	1.46852340289814	-2.60839375	3.369183
west2466	0.3532337438695	1.27907115577198	-2.1051645	3.09945925
west2516	1.197497538255	1.37667774447696	-1.1052955	4.311491
west2519	-1.128275845641	1.3941157215211	-4.1206615	1.2209405
west2548	-1.1307818265755	1.42108439975434	-4.3284175	1.275863
west2555	0.3499986402935	1.12568100068417	-1.74905925	2.68515
west2557	-0.3590227513995	1.30489059227426	-3.1165795	1.99638575
west2560	-0.610271122096	1.29702654346981	-3.52861275	1.7685715
west2564	-0.835347887015	1.39049204682634	-3.948428	1.613355
west2594	-1.2369251892965	1.57989345077165	-4.69233725	1.3678555
west2615	-0.389536632755	1.38487200372645	-3.4173195	2.2953215
west2618	-0.167712857598	1.46449288999017	-3.1931105	2.72413125
west2632	-0.56323074403035	1.49945316425092	-3.723839	2.24199425
west2635	-0.5440949243055	1.3970223195959	-3.602576	2.11512175
west2644	1.01691101774	1.3842766533762	-1.4168155	4.13064725
west2650	-0.56470854306	1.35726044372732	-3.5841855	1.9448955
whit1269	1.401846904789	1.41830124936134	-0.818640975	4.67934825
wikm1247	0.3322384635775	1.44836781342867	-2.50514525	3.47232725
wiru1244	0.1540396024865	1.41224741759198	-2.59566275	2.9931585
woii1237	0.32072840819637	1.37779332403271	-2.358805	3.369934
wola1242	-1.3089578228155	1.55940585961073	-4.86395675	1.3224405
wola1253	-0.7334239010145	1.38754801366542	-3.82767675	1.87896875
wole1240	-1.1105239310135	1.3520937656983	-3.99119275	1.202162
woli1241	-1.03017915978	1.4791924927544	-4.438272	1.41284625
wotu1240	-0.9130498021515	1.41643444259531	-4.0707245	1.57615925
wuch1236	-0.459245691989	1.42283169992476	-3.702011	2.1302995
wudi1238	-0.166431705975	1.29503738502307	-2.80037425	2.31827425
wusa1235	-0.1971777586218	1.30136656269936	-2.958675	2.2605055
wutu1241	1.772155674461	1.50591402421194	-0.63026315	5.01169925
xamt1239	-0.3585981313405	1.48169938756768	-3.58933175	2.54054875
xara1244	0.3108936720895	1.20789002016707	-2.0101205	2.91956575
xava1240	-0.561412636965	1.45704151965012	-3.750916	2.12559175
xhos1239	-0.101340134824	1.45722475628254	-3.10095125	2.69095725
yaey1239	-0.36121472396515	1.44066707711797	-3.4005665	2.17350675
yagu1244	0.691989628349	1.43193392614666	-1.93826425	3.95025025
yaka1277	0.6207653916285	1.33117354562749	-1.84486	3.39762625
yaki1237	-0.22806329967672	1.4018707744511	-3.16546525	2.5011365
yakk1236	-0.00843028219	1.19457343270097	-2.553447	2.310821
yako1252	0.402522512583	1.32039997799039	-2.037969	3.28295175
yaku1245	-0.2144297245465	1.48229768749008	-3.323186	2.76348675
yale1246	0.794035146304	1.45800832513284	-1.8097955	4.001854
yama1264	-0.4032816731965	1.4321888161546	-3.46488475	2.2446655
yami1254	0.647539535596	1.28910068373141	-1.716736	3.35599625
yami1256	0.8532457691725	1.44626667469881	-1.7080935	3.92365024999999
yano1261	-0.368419539118	1.42259005884103	-3.59874625	2.177192
yaoo1241	-0.153081086423	1.51432321749703	-3.2996355	2.74195925
yape1248	0.4826097383365	1.41192798623931	-2.17529425	3.796781
yaqu1251	-0.14572181839	1.44022538899704	-3.15091175	2.808545
yaul1241	-0.6878710215755	1.28707720765418	-3.4653705	1.6844885
yaum1237	1.1491680259565	1.45639420019228	-1.1767125	4.3402805
yawu1244	0.29961142471	1.40124868537097	-2.460145	3.25822625
yecu1235	0.86866442623	1.41198254050082	-1.656163	3.91576975
yele1255	0.331418744415	1.48041373642734	-2.4338835	3.42867875
yidi1250	-0.089370826647	1.37719287810899	-2.9314895	2.814499
yind1247	-1.30275762692	1.44352869876436	-4.48495925	1.185899
yoga1237	-0.8483210658915	1.25502829366763	-3.657104	1.313588
yona1241	-0.4663767558785	1.45656387588225	-3.604501	2.230099
yong1270	-0.0272017094495	1.27318300200377	-2.671618	2.58566575
yong1280	0.327201774414	1.41658625953061	-2.508391	3.42840975
youl1235	0.2728905179225	1.21722640780613	-2.108975	2.79343824999999
youn1235	-0.251210242216	1.4287959736047	-3.17400925	2.492993
yuca1254	-0.260410234706	1.49086497464957	-3.5638845	2.62814374999999
yuec1235	-0.635589615985	1.40604705784037	-3.74250775	1.9059285
yura1255	0.786090123485	1.42859731160068	-1.7543375	3.88534199999999
zaba1237	0.200372150931	1.32069305945946	-2.30844325	3.0154905
zagh1240	-0.737005666346	1.44114393754372	-3.92438675	1.87526625
zani1235	0.980289398646	1.3598493392611	-1.432104	3.97689925
zarm1239	1.2831294930047	1.54938855095758	-1.28599925	4.910659
zaye1235	1.33870803772	1.3928859223597	-0.88156	4.6323605
zays1235	-1.4066054890335	1.54957582724684	-4.88331175	1.29177125
zhab1238	0.82329919409625	1.38530941817864	-1.60121675	3.921944
zoog1238	1.6287641743245	1.46460410985379	-0.75783225	4.9437505
zuni1245	-0.5138665474515	1.49426549919071	-3.79089375	2.39394525
