Estimate	Est.Error	Q2.5	Q97.5
abad1241	1.8837202969855	1.2447169556205	-0.3168819	4.57854025
abee1242	0.783957564397	1.39057690343724	-1.87798525	3.62141275
abkh1244	1.05114164133	1.5315443917282	-1.8673585	4.2550535
abua1245	-0.18847536562785	1.28845733126633	-2.86603125	2.43258575
abun1252	1.42706292593	1.40638154135526	-1.2215385	4.29652625
acha1249	1.4776924650585	1.35115447985838	-0.959312775	4.40466175
acha1250	0.55684524006113	1.45184674387839	-2.35423775	3.52557425
ache1245	-0.742143549855	1.39084816771056	-3.74524075	1.77174
ache1246	0.175842266903	1.49470346484862	-2.7677005	3.249558
achi1256	-0.746111317455	1.44638951002464	-3.8425655	1.87708175
achi1257	-0.386619482963	1.44448222128647	-3.44211025	2.422474
achu1247	-0.034671892395	1.4425303840288	-3.03798875	2.793442
achu1248	-0.915780161	1.43554985047483	-3.9655795	1.72436675
acol1236	0.5624426413285	1.35594719851193	-2.0986645	3.39593075
adan1251	2.072726371825	1.41424817179718	-0.4963146	5.17172425
adon1237	1.662382047505	1.30644062966175	-0.6241609	4.38183725
adze1240	0.0507687337485	1.04071310695901	-1.92587275	2.06664675
afad1236	-0.483276419853	1.51765150362138	-3.64658775	2.49277075
afar1241	-0.0956478408745	1.56556025426603	-3.26539275	3.04800425
aghe1239	-0.939525095201	1.37640013931598	-3.883098	1.60051025
aghu1255	1.360828478255	1.45919513690687	-1.15878825	4.48313725
agob1244	-0.9281993697025	1.42353982545758	-4.08766525	1.661725
agua1253	0.507447060431	1.41420758301403	-2.0526505	3.59908075
agus1235	-0.5834691040965	1.41571467348767	-3.45640025	2.07637875
agut1237	1.24856488798	1.4092848221761	-1.447558	3.96205
aheu1239	-0.046048218125	1.46810154762422	-3.032311	2.87196175
ahin1234	-0.837790837995	1.42467438592716	-3.8936745	1.7055335
aime1238	-0.48938370587	1.34828640257515	-3.09484	1.99483125
ainu1240	0.45416692165	1.52002884058238	-2.303178	3.634936
ajab1235	-0.5905740105315	1.32434548788136	-3.36128025	1.83405175
ajie1238	-0.8570927636501	1.43419800059079	-3.792497	1.929308
akei1237	-0.468073159175	1.14586045673202	-2.76397175	1.7503925
akha1245	0.6751501135255	1.11452907895719	-1.46212025	2.962932
akoo1248	-0.72296093916	1.44997159224073	-3.63059425	2.02815
akun1241	0.716582679285	1.38391171303625	-1.925838	3.63031125
alab1237	0.4303997688495	1.44633837839821	-2.305914	3.3412745
alab1254	-0.7292815182785	1.49365578165486	-3.72018625	2.155003
alac1244	-0.370715991067	1.37845151980966	-3.14562975	2.40119925
alag1248	-0.227551845179	1.48800303057895	-3.30901275	2.612285
alba1269	1.2175263379035	1.43131774929831	-1.4235455	4.2208875
aleu1260	-0.4065520911215	1.49075646688379	-3.44989475	2.48163825
alor1247	2.11804327432	1.39794725062466	-0.3953189	5.05220225
aluk1238	-0.196532813095	1.55939626350862	-3.518172	2.88317325
alya1239	-0.3810808862205	1.4143835660282	-3.253076	2.304422
amah1246	0.68438970469	1.32194763845594	-1.8196375	3.35053425
amam1246	0.883536461001	1.13222281560111	-1.21200625	3.329074
amap1240	-0.5543851145375	1.24488194351764	-3.06605625	1.8700235
amar1272	0.2570013987038	1.06787749175545	-1.8842295	2.3173805
amas1236	0.339844732685	1.39889765579596	-2.3507195	3.085295
amdo1237	-0.619402233591	1.46598012936385	-3.68767	2.03308875
amii1238	-0.93532290581	1.46239775719406	-3.915411	1.8259655
amis1246	-0.0940149487905	1.35388421425708	-2.72717	2.62291425
amri1238	-0.5765248131845	1.17569827466637	-3.020696	1.69205625
anei1239	-0.7295767161275	1.4561325853912	-3.68379275	1.9408945
anfi1235	0.570141995075	1.29371719683421	-1.82588175	3.296093
anga1288	-1.14131592068	1.14526678152266	-3.51106625	1.032653
anga1290	0.0141280756715	1.1095406407845	-2.1944975	2.22305575
ango1257	0.671566856271	1.41784736259639	-1.9960415	3.45871125
anta1255	-0.0882319348523	1.54227158546047	-3.22275825	2.8688695
anuf1239	0.751746901415	1.31358353753493	-1.624073	3.51016925
anut1237	-0.56115431345	1.40943237476175	-3.39751375	2.14917775
anuu1241	-0.038949431823	1.11839060003254	-2.2894905	2.19074875
aona1235	-0.1355249504305	1.08972370166544	-2.22883725	2.053837
aoua1234	0.142496732787	1.49351862363853	-2.83108725	3.2232995
apat1240	0.5030760314	1.14922732015815	-1.7018855	2.80049375
apin1244	-1.049502796505	1.45167621063088	-4.15816225	1.632358
apma1240	-1.071794904155	1.15175983218024	-3.55312	1.06589575
apur1254	1.1533201074675	1.3727363144325	-1.416801	3.93105625
arak1252	-0.68406675520825	1.1334576417274	-3.04163625	1.50706675
arao1248	-0.70292240609	1.47727508028059	-3.7472725	2.088523
arap1274	0.496759564127	1.40050807549983	-2.13514675	3.3427505
araw1273	0.207170570344	1.48650070152239	-2.6828775	3.216658
arbo1245	-0.1424417109786	1.36852634608599	-3.05472775	2.49728475
area1240	-0.7853463682	1.30443601531347	-3.522718	1.48806375
aree1239	1.928050155485	1.23197257943695	-0.315255775	4.560053
argo1244	-0.13306927421	1.55845669215977	-3.2839975	2.91732674999999
arom1237	-0.213744135426	1.45068147693537	-3.26906075	2.55799775
arop1242	-0.586537850114	1.12404361695118	-2.78968325	1.63641325
arop1243	-0.524621122069	1.19628124814607	-3.00245675	1.750534
arta1239	-0.7440909231	1.44898727732995	-3.701353	2.09441225
ashe1272	-0.0901423061055	1.37984202340857	-2.86287025	2.5605575
assi1247	0.60948821434	1.40916575311157	-2.068654	3.56882975
asur1254	-0.126131552691	1.50250776595879	-3.1500235	2.7828815
asut1235	0.1704695952	1.41938554943378	-2.58155175	3.00986625
atam1240	-0.743773545955	1.39202939762071	-3.6998165	1.9455985
atay1247	0.3966690058655	1.29559453994796	-2.15821525	2.9314255
athp1241	-1.20840261716	1.2574307724857	-3.824203	1.09782525
aton1241	-1.03791971891425	1.33047480031402	-3.73685825	1.41663725
aulu1238	-1.35338676626	1.11682195074655	-3.7286115	0.724896375
auuu1241	-0.676119635193	1.13543101991684	-2.95154625	1.50918375
auye1238	1.455669846774	1.34202111446379	-0.981352825	4.266412
avac1239	0.17004269429	1.4798106959011	-2.61396825	3.19811575
awad1243	0.6567005685154	1.38770530586258	-1.960938	3.40387775
awad1244	-0.057048922893	1.13242241474471	-2.20738875	2.2531205
awar1248	0.0369464739753	1.03528363860572	-1.91774125	2.177844
awar1249	-0.71202461645	1.15424512096351	-3.005558	1.5301175
awet1244	0.56751978763265	1.22943387345595	-1.69727625	3.059246
awji1241	0.035766287005	1.44433528566332	-2.966595	2.96320725
awtu1239	-0.877164585464	1.12512895246253	-3.201697	1.26114325
axam1237	-1.2728420250575	1.12769116697512	-3.6151765	0.797297125
axiy1235	1.138209352065	1.45606997376702	-1.46242775	4.09411425
ayac1239	-0.32959564143	1.42647808301286	-3.27412175	2.439011
ayiw1239	-0.9996872215485	1.35467310342296	-3.910278	1.50518925
azha1235	1.0472822280085	1.35222412978556	-1.55268825	3.7926395
baba1264	-1.04057816305805	1.3408478752359	-3.80734975	1.5176565
baba1266	-1.057119500325	1.34328831647331	-3.89931875	1.491033
baba1268	0.1151549208125	1.34073125859914	-2.57490225	2.66532225
babi1235	0.0152920436255	1.41076119323233	-2.85390325	2.82662275
bada1257	-0.18568756783	1.57271793790239	-3.48026475	2.888945
bafa1247	-0.5883703257175	1.41750873529556	-3.45639725	2.125882
bafi1243	-0.852200728795	1.3670162434082	-3.6427395	1.70846175
bafu1246	-1.0212762725485	1.3635323649529	-3.841644	1.552911
baga1272	-0.494189422925	1.42915225896513	-3.37291025	2.32314425
baga1273	-0.54117924426	1.4694155851653	-3.63849875	2.330839
bahi1252	-1.8628179486655	1.33578916546949	-4.62139075	0.510898274999992
bahn1262	-0.4056648016445	1.5292523476254	-3.5435025	2.57139075
baim1244	0.847953339446	1.30135594180438	-1.55032475	3.5535745
baki1244	-0.7294417050125	1.05876020687883	-2.9090945	1.38919125
bala1311	-0.366771467389	1.46348875618115	-3.3356965	2.395159
bala1315	-0.248714666269	1.44844687225623	-3.177938	2.49119475
bala1316	-0.636475779187	1.42504718171365	-3.531397	2.00865925
bali1278	-0.2255456708885	1.5236894226518	-3.41227475	2.74642175
balo1261	-0.4279860142685	1.44117138549908	-3.509128	2.332037
balu1257	-1.0815581265155	1.36608766361164	-3.9902175	1.3736135
bamb1270	0.0549745699545	1.35643834385432	-2.6234165	2.7773355
bamu1253	-1.0370366440585	1.37411704322337	-3.98156475	1.436761
band1344	-0.6106098299025	1.45475556432762	-3.63461	2.06263175
bang1369	0.52807251858	1.20412581922106	-1.71086975	2.97811275
bant1281	-1.439581967875	1.29191865612885	-4.19667825	0.923368125
bant1288	0.095294040825	1.46804105235585	-2.8057425	2.95678575
bara1357	-1.353934037645	1.26446490359318	-4.12880075	0.919173799999997
bara1369	-0.14922863837	1.51759480227147	-3.2535735	2.769027
bara1370	-0.6194994678595	1.46502643966532	-3.69508625	2.0675855
bare1276	0.684610460125	1.40151939829394	-1.95699625	3.65977525
barg1252	-0.94520916154	1.14475336010346	-3.30625725	1.24161075
bari1286	0.201702753122	1.06324943272753	-1.92433	2.2784765
baro1253	-0.603500889466	1.17430936990445	-3.00092625	1.59964925
basa1282	-0.2420921039115	1.53538586891304	-3.33227675	2.7308995
bash1264	-0.059204888075	1.47313515960691	-3.036748	2.86321075
basq1248	-0.1097475183125	1.53159793665569	-3.15009525	2.92228149999999
bata1289	-0.25721455798	1.46430542234908	-3.101045	2.567945
baur1253	-0.3071084808475	1.38792251176874	-3.1806755	2.359076
bawm1236	0.196141219455	1.14627748830247	-2.001946	2.52222075
bayb1234	-0.28691039716	1.46226146191558	-3.245195	2.4423195
bebe1248	-0.49155015095	1.50688098369633	-3.622771	2.2872205
beem1239	-0.1038017537545	1.46778393248203	-3.02202725	2.685169
beka1241	-0.461209553775	1.43609940365968	-3.44750225	2.32673725
bekw1241	-0.543168586	1.41281728678893	-3.38527	2.14121325
bekw1242	-0.22142517087	1.48404388153431	-3.30330125	2.7407215
bela1254	0.25012194298	1.45746435720689	-2.6178775	3.109766
belh1239	-1.25234949281	1.25908812140578	-3.76056575	1.027791
bell1243	-0.460102591569	1.48490979311385	-3.58126	2.39223
belu1239	0.088687656795	1.38586707037821	-2.83051575	2.83177625
bemb1257	0.108335229012	1.52243318903102	-2.94159125	3.0032115
bert1248	-0.643010526618665	1.45518930501826	-3.87033375	2.0126075
bhoj1244	-0.31907792926	1.36128214591232	-3.15914975	2.3956215
biaf1240	-0.150271476055	1.45828546515557	-3.32175125	2.58892875
bian1252	0.5503639251995	1.06747758508791	-1.53507975	2.806402
biao1253	-0.31082427637225	1.38245274561076	-3.00397075	2.4124545
biao1254	0.76504977239	1.46273785982512	-1.917551	3.7462665
biao1256	0.334246156289	1.43705828731637	-2.4165265	3.370185
bier1244	-0.782985941955	1.0537229509725	-2.947334	1.27202825
bign1238	-1.219449814947	1.16765368360509	-3.725577	0.977345074999999
biha1246	-0.639846273095	1.42776326726058	-3.6440555	1.87940475
bila1255	0.024368052765	1.39462154977564	-2.82048575	2.772378
bilb1241	-0.430208524881	1.04919568889082	-2.5367055	1.55010675
bili1260	-0.024685985265	1.54533813931909	-3.090363	3.13888375
bimi1240	0.750181910043	1.26898574179131	-1.62305225	3.21362225
bina1277	0.53299639068	1.18189237297056	-1.8130745	2.95495275
bini1246	-0.116457479319	1.50496222018614	-3.1123235	2.85364825
binu1244	-0.7724000008765	1.45821624796894	-3.7583735	1.92003825
bira1253	0.0782664433	1.32398674455883	-2.66286775	2.67652725
bisu1244	1.1266799450435	1.32667333403344	-1.314268	3.8240925
bitt1240	0.6629907946501	1.32185243553779	-1.8336985	3.38949575
blab1237	0.491459670945	1.17867653948432	-1.86747925	2.795116
blan1242	1.117309606427	1.38054067061077	-1.5349815	3.948772
bodo1269	-0.714331188867	1.26393117369749	-3.348413	1.57492225
boht1238	-0.396143345165	1.42806412288882	-3.33154575	2.3285895
boka1249	0.50597306567	1.2605004446074	-1.95107825	3.11151575
bola1250	0.92805890845	1.24944732590054	-1.46265625	3.46018675
boly1239	0.5911984848855	1.37802362897166	-2.0542375	3.31149525
bomb1262	-0.7098906924795	1.52345233461085	-3.81044	2.215999
bomk1234	-0.43220598328	1.56841818705453	-3.9100545	2.52265775
bona1250	-0.803384047175	1.35320721624447	-3.690235	1.78841425
bond1247	1.0004231969845	1.39254339854579	-1.53844275	3.9964
bong1289	-0.433790516978	1.43727875079024	-3.505662	2.38487375
bora1263	0.910628046315	1.34460386258974	-1.62330075	3.5846075
bori1243	0.1874557801067	1.18121139411718	-2.1937465	2.42374775
boro1277	-0.701305984885	1.42743367836658	-3.838232	1.90849225
boro1282	0.499602168925	1.38147079286986	-2.2218285	3.38129025
boto1242	-0.4824637577315	1.49092372641904	-3.49656925	2.31146275
boun1243	1.5293692341465	1.42047833209418	-0.9543837	4.4763975
boun1245	-0.671526439212	1.2009922075354	-3.16354025	1.61551725
bret1244	-0.0857561339705	1.52828163207746	-3.15476025	2.84066225
bube1242	-0.14465679697	1.4827744147609	-3.177782	2.839918
budu1265	-0.297172747057	1.49896942493952	-3.34140525	2.60589825
buga1247	0.739499282815	1.32896993908124	-1.8040735	3.5126625
buga1250	0.675636901585	1.13126201333716	-1.4286895	3.0835075
bugh1239	0.849474791645	1.20387892684757	-1.3473745	3.35470975
bugi1244	-0.146982606575	1.40009527810133	-2.9342385	2.54381475
buhu1237	1.727396163625	1.32130225753967	-0.69634865	4.41272925
bujh1238	-0.727656985534	1.19461310386525	-3.161374	1.44984925
bull1247	-0.5304753317625	1.50576654514789	-3.640527	2.2826015
bulo1242	-0.346174202777	1.57876342893584	-3.647624	2.6555
bulu1251	-0.4438446242975	1.44724160545333	-3.4150315	2.3329225
bumt1240	-0.574427861976	1.25981268754138	-3.26461425	1.83441575
buna1276	1.774098319025	1.31874399701318	-0.589725525	4.549935
bura1292	-0.902352036105	1.43729416017872	-3.99252175	1.79337325
bure1242	0.0509090520715	1.42800112531331	-2.7865785	2.78632775
burj1242	-0.2418179305845	1.49344593117464	-3.27359675	2.54774925
buru1320	-0.108548452733	1.48050954796843	-3.081973	2.82925675
busa1253	0.574310557648	1.43874321208549	-2.164873	3.70951225
bush1247	-0.0427015826417	1.46222111054878	-2.978166	2.76711325
buwa1243	-0.9598297988105	1.47364284845279	-3.99547675	1.84781425
bwai1242	2.24087316136	1.31898170918952	-0.097149165	5.0388595
bwat1240	-0.7813132652	1.42419222358596	-3.7487175	1.85311975
byan1241	0.103461141625	1.27979737842317	-2.46101525	2.59186775
caac1237	-0.69956201817	1.42945198737389	-3.74272425	1.95539624999999
cabe1245	-0.8761514660165	1.44100450095287	-3.89535125	1.80635425
cacu1241	-0.385954411165	1.27859403034385	-2.87925675	2.0958755
cahu1264	0.88900628321	1.37861407619181	-1.64608125	3.857937
cakf1236	0.46543310552	1.47128903826553	-2.50303425	3.3984585
cald1236	-0.8331051486745	1.50007769106246	-4.03940525	1.90078525
caml1239	-1.758095977595	1.31825699999561	-4.4614065	0.693527824999999
camp1261	-0.08864022035	1.51100450051661	-3.0756505	2.832026
cane1242	-1.075943199675	1.37618666921409	-4.00190275	1.490405
caom1238	0.445696565873	1.35988391838493	-2.20174375	3.178506
capa1241	0.64245901716915	1.29868992714429	-1.80589725	3.43407725
carn1240	-0.0401974764385	1.61698224601401	-3.33626075	3.10852875
caro1242	-0.4764619113825	1.39420134963778	-3.26533875	2.1744095
cash1251	-0.58595046944	1.46555734942118	-3.59405675	2.15470875
casi1235	-0.62819048713	1.49106262709459	-3.69259525	2.16926325
cayu1262	-0.704689612473	1.42588014995408	-3.63049275	2.0280785
cemu1238	-0.802466413905	1.4352049437219	-3.78817025	1.83669874999999
cent1989	-0.23542099225	1.57618767169514	-3.6529995	2.92169025
cent1990	-0.030974096285	1.53389281083492	-3.25827825	2.941113
cent2004	2.331142866345	1.41586895974909	-0.179903425	5.255038
cent2050	-0.6111451534581	1.45030157978955	-3.6498275	2.138301
cent2084	-0.639762562853	1.48858561047744	-3.828258	2.1610905
cent2087	0.8156973185885	1.39165586401828	-1.7976445	3.68375275
cent2126	-0.567946402047	1.3950688575457	-3.4275435	2.01189274999999
cent2127	-0.362378583094	1.49638421488294	-3.51114525	2.490669
cent2131	1.62146058712	1.44099010183732	-0.944288475	4.718384
cent2140	-0.6323045695505	1.41618119574795	-3.70895	2.0847225
cent2142	-0.48056292784	1.44824044189355	-3.444233	2.3050965
cent2292	-0.857814774294	1.40119426670098	-3.86925425	1.6767905
cent2314	-0.1221654742008	1.48270798452384	-3.113603	2.73583524999999
cent2322	1.246069380145	1.452362343497	-1.43106525	4.2854985
chac1251	-0.7790380478025	1.35859286902845	-3.5536715	1.78948775
chak1270	-0.251554579475	1.1425515198385	-2.473313	1.955503
chak1271	1.7174360669995	1.47209462635321	-0.913768575	4.977211
cham1312	-0.313174718423	1.52320433881165	-3.558016	2.5661
cham1315	0.5656677819269	1.39800371043666	-2.1639205	3.45148225
chan1313	0.2520524815695	1.05626513910689	-1.82534725	2.33109625
char1269	0.3626297145865	1.31607914279273	-2.26805425	3.021814
chas1234	2.28296546628	1.45284148702584	-0.197385225	5.3060305
chek1238	0.652310116956	1.16713879708724	-1.61146875	3.00648675
chen1255	-0.1240872297125	1.57445515558257	-3.2591155	2.86667775
chep1245	-1.198038405935	1.21080996718686	-3.67668325	1.10221975
cher1273	0.7663716538925	1.46645237697916	-2.11037975	3.71575675
chey1247	0.6572195099105	1.40706070669525	-1.93820575	3.71548425
chic1270	0.6288571098044	1.47692227263947	-2.209974	3.642548
chil1280	-0.00991424284	1.42830854573599	-2.9205975	2.93859675
chim1302	-0.664881915845	1.46035370845879	-3.6416115	2.04940725
chin1286	0.8209037946815	1.43047362198535	-1.918469	3.78196125
chip1241	0.298778427925	1.41145810284355	-2.36881875	3.18829924999999
chip1261	0.161277496635	1.43414213992119	-2.63072775	2.92720125
chiq1248	-0.58829003818	1.44373179128382	-3.517111	2.24630475
chir1283	-1.709082126195	1.18355507457339	-4.3060905	0.422476925
choc1275	-0.745169300006	1.25466116710993	-3.25131875	1.6424965
choc1276	0.6088138038955	1.43116050005544	-2.12326175	3.572494
chon1284	-0.1539299449273	1.47343896228607	-3.1359355	2.6781395
chot1239	-1.4332878825439	1.07632438181253	-3.58615175	0.555805699999999
chra1242	-0.281628900025	1.51440487867395	-3.3387595	2.59772425
chug1252	-0.4006105746255	1.1752213877375	-2.824868	1.868089
chuj1250	-0.9444083162783	1.53965408206858	-4.3822055	1.75294725
chuk1273	-0.129834980422	1.60356156610462	-3.274236	3.0842885
chuu1238	1.20813388091865	1.4671839776687	-1.37188725	4.40896125
chuv1255	-0.419344402174	1.43771091028017	-3.3913965	2.280354
chuw1238	-0.074914527415	1.42120523891913	-2.89231075	2.80379775
cici1237	0.1052989449405	1.46289767919505	-2.849278	3.0139085
coat1243	-0.631561351255	1.44317923255879	-3.533404	2.125789
coca1259	0.531991663221	1.43931190956703	-2.15481975	3.472037
coeu1236	-0.5211827748255	1.36801180800429	-3.32653175	1.98093
cofa1242	-1.042849571535	1.43187189473705	-4.076128	1.59736974999999
colu1241	-0.0803549004548	1.4481761418626	-3.016312	2.8812845
coma1245	-0.652968671297	1.38528704236819	-3.420727	2.034974
como1259	-0.5510673267315	1.46014000059726	-3.64134875	2.15578175
cori1240	0.0625025246105	1.47341150343898	-2.80591475	3.00937575
cors1241	-0.137167721801	1.52758937642063	-3.3269605	2.9473225
cosa1234	0.876428661763	1.25110456176228	-1.45484075	3.4835475
cota1241	-0.586304675154	1.44951284035098	-3.7290225	2.078671
cree1270	0.5601649965995	1.39847629232156	-2.09693775	3.5354185
crim1257	-0.1018772992965	1.50732422971202	-3.1245365	2.89419975
crow1244	0.744455849247	1.37497130724268	-1.840173	3.61093975
cube1242	-0.5875657632515	1.40192174004539	-3.5445895	2.0809565
culi1244	-0.894164431889	1.38190536100645	-3.760638	1.6278425
cusc1236	-0.36300089577314	1.39310227416588	-3.277706	2.2784825
czec1258	-0.1413090190845	1.59124726991648	-3.36014725	2.9778595
daai1236	-0.89498358992	1.20959110037404	-3.42912425	1.41830575
daas1238	-0.165542344747	1.47456029202012	-3.0955335	2.78881625
dadi1250	-0.5896608686	1.19770750692511	-2.9560285	1.72972775
dagb1246	1.4584906278	1.36094051161079	-0.97204815	4.4104405
dagi1241	-0.633676638509	1.39615345277961	-3.681175	1.99377775
daka1243	-1.22623533619	1.0975794337368	-3.545433	0.816017374999997
damp1237	-0.3132942887995	1.3884069696901	-3.0878305	2.2422535
dana1252	0.856307508205	1.38481767094534	-1.81771575	3.6174105
dand1238	-0.1221243189475	1.54913972795467	-3.22839725	2.9162625
dani1285	-0.077176554395	1.51448924107701	-3.10748375	2.96269175
dara1250	-0.53162917255	1.24927368477349	-3.152417	1.84323225
darm1243	0.13556224815	1.28268135937758	-2.50726375	2.68664525
dawr1236	-0.200205832925	1.31480550912883	-2.66393825	2.44515725
daza1242	-0.296831143755	1.50847804830824	-3.466389	2.71734125
defa1248	0.37056662580875	1.43912169558293	-2.44312725	3.1935505
dege1246	0.1990025213435	1.46137586607081	-2.74155025	3.05873475
dera1248	-0.9485880130735	1.38825364704362	-4.022997	1.657778
desa1247	-0.43808530564	1.30551146065891	-3.08564675	2.09665925
dhao1237	0.223541293179	1.29193340792247	-2.358565	2.7859045
dhar1247	-0.279533785277	1.43688794833008	-3.22578725	2.46318699999999
dhim1246	-1.5948212726235	1.29795986612872	-4.450329	0.746947024999994
dibo1245	-0.366533871215	1.51622102506606	-3.5276465	2.517308
dier1241	-0.261739038379	1.5235619597192	-3.36064275	2.711569
diga1241	0.865499342485	1.16846973750769	-1.3991195	3.289007
digo1243	0.4373756158475	1.41836372793253	-2.4761705	3.24337125
dima1251	-1.427807273955	1.30407785616873	-4.192167	0.910255849999999
diri1252	-0.13977698967	1.53875398640147	-3.358482	2.8808525
djam1255	-0.5868581911855	1.5025209751032	-3.5492935	2.300397
djee1236	-0.056888181345	1.41586798620459	-2.87290125	2.72983375
djeo1235	0.374474297356	1.41222658242871	-2.37267825	3.11430925
djin1251	-0.29247329704	1.51234092032772	-3.3966575	2.63755175
djin1253	0.6515279452475	1.40626151780351	-2.079914	3.48956825
dobu1241	2.150263982941	1.39195072140439	-0.35828925	5.0230055
doma1260	-0.3484727951645	1.46842514868031	-3.2595685	2.65303674999999
domm1246	-0.497990582529	1.17907830885356	-2.8913515	1.77095575
doro1266	1.294471303665	1.10894888078946	-0.870934525	3.52202125
drun1238	1.60416330882	1.37338072079903	-0.87275845	4.3588115
dumb1241	-0.6429863088275	1.50113194721191	-3.712733	2.15439075
dumi1241	-1.814658530695	1.31848618936347	-4.545884	0.655590349999995
dusn1237	0.98454775039	1.28787111407176	-1.44798	3.70024575
dutc1256	-0.100213166745	1.5348612320555	-3.17553925	3.013459
dyir1250	0.67103690516	1.34226508052411	-1.85740175	3.3752165
dyul1238	2.05765606055	1.40198950442098	-0.351188775	4.99174825
dzao1238	0.615696043645	1.47457889764757	-2.1363805	3.52843375
dzon1239	-0.988192497805	1.336915258594	-3.8347805	1.5474065
east1236	-0.18539812653	1.46613234973829	-3.23500475	2.61903225
east2328	-0.45898744321	1.38096708676339	-3.3435875	2.1319605
east2332	-0.10456429935085	1.48938540894626	-3.098647	2.83247725
east2342	0.996970570811	1.38410436355283	-1.52773875	3.89811075
east2379	-0.4527188512365	1.40461961337945	-3.3729985	2.1119305
east2443	-0.665245779045	1.17697064895449	-3.1507135	1.6011
east2447	0.0402694443055	1.36400383444788	-2.90458175	2.61121875
east2485	-0.591781428015	1.44110466757562	-3.53812225	2.17533449999999
east2516	-0.8757014134676	1.23549580077845	-3.402951	1.415988
east2555	0.10621922747	1.47227792506278	-2.8961485	2.92440125
east2556	-0.4764243796	1.24230510352689	-2.9801395	1.86237525
east2690	-0.059428292588	1.53033650902934	-3.15892575	3.09471324999999
east2773	-1.938712330887	1.28741642109616	-4.68234725	0.335101449999998
eipo1242	-0.4707892885	1.29317689675219	-3.2235605	2.0681265
ekar1243	1.532449360225	1.41896554366761	-1.0900975	4.6213215
elip1238	-0.76988229476	1.38476790486171	-3.626046	1.77774799999999
elna1235	0.226843844553	1.26635843042451	-2.29886025	2.7584015
emae1237	-0.3235882404418	1.08704558313558	-2.503334	1.72557725
emai1241	-0.168386593321	1.54613058201799	-3.43713025	2.917309
enuu1235	1.40257610076185	1.39687002825194	-1.08813	4.36208425
ersu1241	-0.99678454852	1.39581784789837	-3.7947595	1.6746745
erzy1239	-0.319375537764	1.46455791244855	-3.324206	2.51485275
esee1248	-0.7038940441825	1.46991653160017	-3.74921725	2.01113975
esim1238	-0.84752087299	1.37424083718594	-3.7386905	1.69528425
esto1258	1.842494761045	1.41267830695805	-0.670438775	4.8516125
even1259	-0.197456036025	1.56377086183299	-3.52780125	2.733779
even1260	-0.153616520097	1.46268638928687	-3.10085425	2.77776699999999
fala1243	0.051708754366	1.28717107184996	-2.37528275	2.71644
fare1241	1.0763750782505	1.45883147722776	-1.58564	4.1506135
faro1244	-0.1344079172	1.51204831884298	-3.109615	2.7564885
fass1245	-0.91933032640865	1.19335363210647	-3.33739075	1.422609
fasu1242	-0.8239381376895	1.34530518383462	-3.56867725	1.634363
fiji1243	-0.45469400881	1.37986743903424	-3.26488325	2.243919
fili1244	0.38095437064575	1.39213904194759	-2.26613775	3.207651
filo1235	-0.337702915289	1.19087768730364	-2.72984675	1.98018925
fina1242	-0.883597894925	1.42057049376026	-3.8471375	1.716935
finn1318	-0.364574273115	1.42340552232872	-3.47439	2.28673775
fipa1238	-0.1490919556325	1.53807598635531	-3.2490785	2.9058175
fonn1241	-0.588749444309	1.30988359229237	-3.34901175	1.871067
fore1265	-0.170964981944	1.4302718400587	-3.1396145	2.6307455
fran1266	-0.913695942844	1.43597735065204	-3.95345875	1.66153075
fuln1247	0.6619945243015	1.43729229895365	-2.0768695	3.57912725
furr1244	-0.1955079222725	1.56310358352201	-3.39886275	2.9181985
furu1242	-1.015164665735	1.40315826132723	-3.918489	1.53681225
futu1245	-0.7161411096745	1.35990720197292	-3.61137625	1.8893515
fuyu1242	1.174141861265	1.17728827284038	-0.956281225	3.55404225
gaaa1244	0.81275809932	1.37158117461858	-1.7356985	3.68826125
gaan1243	-0.9556165738645	1.43586515058525	-4.06658775	1.80760125
gada1258	-0.852134927332	1.43946277463746	-3.7408515	1.8824275
gade1242	-0.16751045347255	1.46784114971331	-3.10702575	2.746268
gaga1249	-0.0842422072135	1.51737797994846	-3.10828825	2.789598
gahr1239	-0.87419682885	1.43491063606593	-3.77900025	1.771104
gala1264	0.421152729669	1.3778070416038	-2.2715615	3.1947365
gale1259	1.008311270624	1.51242210957508	-1.84112275	4.27630974999999
gali1258	-0.06645994954	1.55076540171308	-3.13143325	2.95106925
gali1262	0.21727494011	1.43320630519318	-2.52366275	3.27437725
galo1242	0.024979863091	1.21146729977376	-2.42226725	2.4297915
gami1243	-0.3590529539155	1.44613751732225	-3.49099825	2.33246024999999
gamo1243	0.1205134014245	1.33311752482275	-2.5209625	2.752908
gang1266	-1.49951075799	1.07983687696704	-3.7229	0.39162335
gant1244	-0.3803262527425	1.15501753879572	-2.67168725	1.94590975
gapa1238	1.7621700039325	1.21078547781888	-0.4514159	4.27286425
garo1247	-1.046301633919	1.33616484694338	-3.8888895	1.38272425
gayo1244	-0.3232668011925	1.50917847544528	-3.45694025	2.56879425
geba1237	1.1547835322925	1.36866135566629	-1.310014	4.0419215
gebe1237	1.61376473644	1.43910723344032	-0.996477075	4.660498
geda1237	-0.564426652735	1.05202744272273	-2.767551	1.45800875
gela1263	0.243286982708	1.17920959241308	-2.06565475	2.613213
geru1240	0.50190498195	1.37720132959385	-2.06511675	3.35693275
ghan1242	0.2609665419865	1.35339610624569	-2.58642525	2.81235575
ghar1239	0.31629112052	1.19968956395942	-2.1772245	2.69981725
gheg1238	-0.282004310265	1.46396681441328	-3.26395475	2.51734275
giiw1236	0.096923863565	1.4270286215842	-2.71911725	2.8635865
gilb1244	1.2756642624815	1.37376708353946	-1.16443125	4.174714
gily1242	0.2271492626165	1.43433666853228	-2.65921825	3.1436175
gira1247	-0.443470268427	1.0708879596793	-2.57675075	1.64145475
glav1244	-0.8083352134035	1.45080088712193	-3.628491	1.873341
gofa1235	0.157600547022	1.34276518807715	-2.37390325	2.93179525
gogo1265	-0.890066020265	1.45595106513682	-3.83994875	1.8884965
guah1255	0.766902709205	1.52058872556531	-2.0497465	3.9401135
guam1248	-1.1954138200525	1.36459552928927	-4.150082	1.3932515
guan1266	-0.2761754555665	1.26051209143901	-2.82367	2.188961
guan1269	-0.30842034684	1.30764384425121	-2.83758225	2.291064
guat1253	-0.267106495085	1.40721353240084	-3.04140725	2.435672
gube1234	1.193836592666	1.41778277506752	-1.3697155	4.20570625
gude1246	-1.06711138736	1.42983500767403	-4.2370605	1.637613
guer1243	-0.193324952794	1.44745295156077	-3.22418725	2.64583
gugu1255	-0.4082180985935	1.47710780200081	-3.371425	2.376489
guhu1244	0.82103317954	1.17804517928459	-1.4027995	3.30530175
guiq1238	-0.740928462995	1.26917006504347	-3.31123475	1.619556
guma1254	2.128659544605	1.40150274793507	-0.35874395	4.9644125
gunw1252	-0.441596019902	1.47573676165226	-3.5036465	2.32547749999999
guny1241	0.9230251931285	1.35311676391735	-1.558051	3.785956
guri1248	-1.09695310841	1.16934647178424	-3.586347	1.0971315
guru1261	-1.917240248995	1.32479371166341	-4.68376125	0.434657799999991
guru1271	0.6673818580515	1.40482510460431	-2.05149	3.46828399999999
gusi1247	-0.313212773815	1.41234693212618	-3.2766325	2.42620125
gwen1239	-0.04752569540697	1.46614155369595	-3.083879	2.7158855
gyel1242	-0.310214344555	1.46344272340519	-3.28121125	2.48826175
haaa1252	-0.133973589355	1.556841519241	-3.3413645	2.82417825
hadi1240	-0.757092274945	1.44823905214853	-3.64061	1.9158845
hadz1240	-0.2692938936185	1.40341075063868	-3.09716675	2.38826575
haka1240	-0.00377526806	1.14768111968161	-2.36652275	2.28164375
hakk1236	-0.456461387425	1.37688724614871	-3.3195055	2.148813
hala1252	-0.4390288737145	1.5299254785144	-3.6451175	2.36421
halh1238	-0.1865522780426	1.55631830767671	-3.35346625	2.976434
hali1244	-0.197887965855	1.24660901866594	-2.69561675	2.20211824999999
halk1245	-0.474333773394	1.41457299594605	-3.62237525	2.11402375
hame1242	-0.12358842645	1.37370086606402	-2.84329575	2.58979375
hang1263	0.196950670925	1.22917228767725	-2.1206655	2.76321175
hani1248	1.19783843112895	1.41507648094816	-1.397324	4.28124825
hano1246	-0.79434681599	1.1871979812982	-3.224267	1.44458575
haru1245	-0.2684890329075	1.11413061047641	-2.366848	1.9448935
hava1248	-0.653559715325	1.41159962650766	-3.5744515	2.03000725
hawa1245	-0.1837928225865	1.48692319907371	-3.18970675	2.7443105
hehe1240	-0.2151861450733	1.5011203549947	-3.25975325	2.66803775
hela1238	-1.821164276165	1.25593590481335	-4.44067875	0.3969935
here1253	-0.156521165754	1.4859340276511	-3.10241075	2.67455874999999
hida1246	0.5420700368805	1.45913380608354	-2.22869925	3.5516845
high1276	-0.3619188538315	1.19099759468662	-2.69006325	1.91491225
hind1269	1.295994326285	1.47214457289339	-1.37939925	4.5773675
hixk1239	0.21342677207	1.52073471534023	-2.7483885	3.39230674999999
hoaa1235	0.45589935732	1.41959154758153	-2.2143285	3.3827765
hoav1238	0.110989648005	1.23769134265324	-2.34233925	2.44821075
hone1235	-0.2056029159665	1.38890562740722	-3.0419365	2.54476475
honi1244	1.446191917073	1.43745648455773	-1.180399	4.43005249999999
hopi1249	-0.60500128433	1.34711829088458	-3.3697575	2.08694625
horp1239	-0.456643758375	1.23534005961053	-2.99947025	2.09772
hote1245	0.63425554703	0.999547997703484	-1.1868375	2.60747
hozo1236	-0.108568868686	1.36263185370929	-2.863988	2.539909
hrus1242	0.0088403004815	1.16488842469672	-2.24521775	2.30005175
huaa1248	0.45709269472	1.51114725369152	-2.42214425	3.56134575
hual1241	-0.31816535631	1.45771147461897	-3.33087125	2.43029825
huam1247	-0.866848423695	1.44393126141138	-3.93806275	1.90652625
huar1255	1.144914569265	1.37537824742385	-1.36905325	3.94705025
huas1242	0.46431733086445	1.4083339073075	-2.15547325	3.33294425
huba1236	-0.99246820934	1.41896792904457	-4.26867075	1.69557
huic1243	0.6661771771035	1.33464248213768	-1.83311625	3.32688075
hula1239	1.27326027949	1.17516942720966	-0.927437175	3.668332
hula1244	-0.050652583585	1.4616120304887	-2.99672075	2.845412
huli1244	-0.307411530422	1.30966684078982	-3.064882	2.17363875
hung1274	-0.30883624075765	1.43239637626452	-3.23153575	2.516397
hung1275	0.262972104275	1.53132729774186	-2.73260125	3.34310225
hunz1247	-0.498980907273	1.51196720696988	-3.568233	2.40681849999999
huuu1240	1.08106399718	1.25608041667708	-1.25214075	3.701743
iaai1238	-0.718950857129	1.45670949164891	-3.70970975	1.97956575
iatm1242	0.24069217389	1.23151209926555	-2.11145625	2.78552074999999
ibal1244	-0.827756785846	1.41311842352169	-3.68379075	1.76956025
iban1264	-0.4521370347955	1.43404464121263	-3.48628975	2.27096825
iban1267	-0.7056832853575	1.51789413834224	-3.812312	2.17264525
ibat1238	-0.4483331667	1.53640001233869	-3.684825	2.4502435
ibib1240	0.0264432328535	1.44784541548594	-2.93489075	2.93892
icel1247	-0.0823539060015	1.57598985779551	-3.25426	2.9649325
idii1243	-0.986615451555	1.36376192412436	-3.92812325	1.52619425
idom1241	-0.33371967543	1.51623125562011	-3.483139	2.54443375
idum1241	-0.4179187214445	1.39445300935854	-3.23875825	2.2228125
idun1242	2.181890759525	1.3511808980026	-0.1626526	5.032011
ilaa1246	-0.1093402864975	1.60713968919293	-3.38950375	3.1368245
iliu1237	1.422569755665	1.3274093952007	-0.98949905	4.15773675
ilon1239	-0.7701438094575	1.44074219502206	-3.7320475	1.9778995
imba1240	-0.82366212409	1.49152746325532	-4.0009675	1.9569555
inga1252	-0.988622730593	1.43602185331613	-3.97002375	1.611627
ingr1248	0.060887142625	1.4190897264594	-2.813472	2.802
irar1238	1.4480926978215	1.36025023939812	-0.936016175	4.4536015
iris1253	-0.095245394234	1.5215447511726	-3.07009275	2.93713475
irul1243	-0.0622464982875	1.53273536784395	-3.23765825	2.92753375
isco1239	-0.44568356007	1.37314912190336	-3.29007475	2.18539625
isin1239	-0.845954037545	1.42489258654447	-3.81063425	1.8536695
isir1237	-0.053733942405	1.20750520955699	-2.5064085	2.377749
isna1241	-0.6241880910375	1.45858433648165	-3.617793	2.10494775
isth1240	-0.6692865364975	1.20900400705794	-3.186431	1.6851815
isth1241	-0.467765672164	1.22970987595984	-3.01334975	1.88675325
ital1282	-0.14304834868	1.54729599465909	-3.24603525	2.87540849999999
iton1250	0.390408782304	1.36837496441235	-2.353911	3.15238075
itza1241	-0.510798066691615	1.4792180257917	-3.5119695	2.49185525
iumi1238	0.6181649532935	1.20133271999602	-1.631503	3.08112849999999
ivat1242	-0.250903463095	1.50487333784042	-3.35693625	2.76060025
iwal1237	0.8062740772575	1.05128704836588	-1.10794675	3.0451065
iyoo1238	-0.0413881816085	1.08626827656996	-2.04988125	2.172679
jahh1242	-0.399808244573	1.53481455225863	-3.61206625	2.3997975
jalk1242	2.08944128231	1.44877620736039	-0.5108895	5.113408
jama1261	1.189750898628	1.38089436421845	-1.401452	4.17989675
jamb1236	-0.242308039606	1.48336408106344	-3.2784035	2.5658715
japh1234	0.3310729089055	1.27981670189937	-2.15686525	2.85642075
jara1266	-0.58884420024805	1.48421554514462	-3.7855435	2.1672315
jede1239	-0.2808821331165	1.46850876469339	-3.22301125	2.53197
jeha1242	-0.263362794553	1.47715096905557	-3.23167325	2.449609
jehh1245	-0.34554055938	1.47429393983238	-3.43925925	2.4534605
jeru1240	-1.7345957072829	1.31917480593334	-4.519297	0.703915
jiba1237	-0.3666928114655	1.31288810768591	-3.04616675	2.040093
jina1244	-0.590972377260175	1.4844495388007	-3.735007	2.228739
juku1254	-0.4542245922565	1.40427477555805	-3.38686975	2.2699255
kaba1278	-0.174080189679	1.47848697563382	-3.127245	2.67238
kach1280	1.598597226625	1.34156053520321	-0.795258825	4.40218224999999
kach1284	-0.7164596703355	1.377266831505	-3.644824	1.805414
kada1242	-0.18035299246	1.55680420766704	-3.3095635	2.86102825
kado1242	1.321911402049	1.23042768874683	-0.91927685	3.92800725
kafa1242	-0.28472134103	1.41353114235733	-3.29836525	2.4171075
kaga1256	1.381883353835	1.395883150115	-1.2596585	4.18440425
kagu1239	0.261273184135	1.44009517540461	-2.578872	3.16378025
kaik1246	-0.7062342680613	1.34769375402774	-3.6257135	1.79092675
kaki1249	-0.0357019667575	1.20933287261417	-2.48926775	2.34786225
kala1384	-0.028110976915	1.54779557162594	-3.1692875	3.03336775
kala1388	-0.65982581233	1.38495178842407	-3.52279475	1.915112
kala1399	-0.323789131166	1.47251191090417	-3.3290325	2.5498335
kali1308	-0.379958501295	1.44506905543442	-3.334386	2.38632825
kalm1243	-0.1231639802115	1.47872428186636	-3.049671	2.81944425
kama1370	-0.2368777663785	1.09558155822508	-2.415523	1.95089
kamb1297	-0.210736255089	1.5445107659288	-3.39687025	2.85971175
kamb1299	-0.6315617134195	1.42622469410764	-3.7652225	1.9867055
kamm1249	0.3115771754285	1.26491149315214	-2.2499635	2.69581525
kana1286	0.08331679336	1.25402737987593	-2.4202795	2.55716825
kana1291	-0.6671742422792	1.46377078537839	-3.68685075	2.0748895
kani1286	-0.301876054548	1.13840797255081	-2.53338525	1.92645125
kank1243	-0.8365109917	1.42442367347545	-3.81076275	1.72328575
kaqc1270	-0.7052429945855	1.47663081853089	-3.780959	2.0903325
kara1476	-0.7547551811975	1.37704358272843	-3.648807	1.788377
kara1486	-0.637414645387	1.2258163723499	-3.170697	1.70649125
kara1487	-0.8869706006475	1.42686334039315	-3.929415	1.8144125
kara1500	-0.78812557487	1.48283869358144	-3.92712725	1.87796525
karb1241	-1.192066924357	1.28505340591332	-3.83294275	1.1797155
kare1335	-0.365856103415	1.5124611131099	-3.319712	2.54956175
kare1338	-0.539113387265	1.47257118805712	-3.6036185	2.2478405
kari1306	-0.180075764125	1.54327676155392	-3.47170475	2.86055075
kari1311	0.2335264370955	1.41752189735931	-2.53174475	3.09567049999999
kark1258	-0.9894117924725	1.29676696610103	-3.72704425	1.40239125
karn1252	-0.4128575143655	1.13616932234079	-2.6660635	1.76791325
karo1304	0.683670884819	1.39929216623397	-1.91786125	3.44484
kash1277	-0.44979363043	1.46546505193172	-3.334305	2.3284855
kask1239	0.207839529209	1.45447555537382	-2.49969525	3.1074205
katb1237	-1.36969669517	1.15047320609353	-3.67459375	0.793392724999999
kats1235	1.5009785600345	1.45028637445779	-1.068109	4.51086025
kava1241	0.2237159690035	1.35518769225785	-2.63120225	2.80873925
kaya1315	1.211002206046	1.3700255278539	-1.32196375	4.12209199999999
keap1239	1.2504788898915	1.19129299078677	-0.98790245	3.67530825
keig1242	-0.232129783845	1.40547226028829	-3.22028175	2.509545
kele1258	-1.11486963437	1.32942327894852	-3.89501025	1.2988025
kemb1249	-0.5343618502885	1.48567478698233	-3.64784725	2.19681175
keme1240	-0.791332184115	1.38198818247151	-3.60158325	1.8479455
kens1248	-0.204531787982	1.49070757177632	-3.29814775	2.7165975
kenu1236	-0.190359783795	1.47438809099336	-3.193471	2.64915325
keoo1238	-0.490302139565	1.38556768726731	-3.21533525	2.17027375
kera1255	-0.784849123821	1.49691976721406	-3.821596	2.06513025
kesa1244	-0.0840161434825	1.09721845820438	-2.23304925	2.2099095
kett1243	-0.42640926647	1.50723317152925	-3.47763375	2.43942125
kgal1244	0.1062650495065	1.48148291625618	-2.892314	3.10556225
khak1248	-0.1778951856805	1.47553452624699	-3.11246025	2.735309
khal1275	-1.54784309574	1.31530152883296	-4.366782	0.825203124999998
kham1282	-0.4320345768085	1.37944018752523	-3.33293525	2.11698875
khan1274	0.60436194915	1.45696768488875	-2.157825	3.6260625
khan1277	-1.306464775288	1.1419239093099	-3.7523265	0.807037525
khan1278	0.32340800061	1.42734210273605	-2.4140045	3.1469305
khas1269	-0.709690499315	1.39347532381947	-3.6316395	1.92876599999999
khez1235	-1.390556225919	1.15086521273047	-3.91822525	0.723026249999999
khmu1256	0.466848935082	1.359082351024	-2.2546175	3.2109495
khum1248	-0.03660471036	1.1513358783021	-2.32698725	2.28233025
kich1262	-0.73570205619	1.45880292347932	-3.7917035	1.940697
kiku1240	-0.1875932003875	1.46420510518776	-3.283262	2.714437
kile1243	0.002699638703	1.45674447864842	-2.92498825	2.884729
kima1246	1.76414472502	1.39954524947903	-0.720230475	4.758077
kimm1245	0.815681366852	1.26981272669443	-1.611625	3.52652325
kina1250	0.000638243819999999	1.42439096458669	-2.9192455	2.655953
kinn1249	-0.8382246421265	1.44441301685471	-3.74966125	2.0151295
kiow1266	-0.487022933393	1.46968734671494	-3.50634575	2.34583974999999
koda1255	-0.150596457215	1.51345243769064	-3.21561375	2.71915825
koho1244	-0.4975542692225	1.44766953573348	-3.47874675	2.24919125
koir1240	-1.85097229171	1.20795647768257	-4.39053725	0.277360849999996
koit1244	1.92385159421	1.29252528546508	-0.3414745	4.57467124999999
koka1244	1.12268374493215	1.37675414649972	-1.44488925	3.9950435
koko1269	0.4484107150713	1.20236014901039	-1.95580375	2.7507285
kola1285	1.249337137075	1.43199634973531	-1.34740775	4.3240715
kolb1240	-0.512322470017	1.37037909240517	-3.4082705	2.14515025
kolc1235	-0.4028694761445	1.54632225302293	-3.576114	2.58478925
kolu1245	2.28920941823	1.36870616894078	-0.146863975	5.1262315
komb1274	1.000205399575	1.37882941175332	-1.50009675	4.0072025
komc1235	-1.018934678837	1.33015130318656	-3.78578525	1.51261125
komi1268	-0.2998064866245	1.43217575857255	-3.2930195	2.488844
komi1269	-0.321016783205	1.5442807017495	-3.52627475	2.76157125
komi1270	-1.682848684925	1.23409675462967	-4.247714	0.554757324999999
komo1260	0.008216997692	1.51141100560625	-2.91162475	3.02763675
kona1242	0.559370803557	1.2738889066535	-1.864699	3.04804875
konk1267	-0.256923537815	1.39309907326765	-3.04130875	2.48596975
kony1248	0.74584685036	1.09478035359931	-1.2967025	2.92537775
konz1239	0.3094914653675	1.41846519930958	-2.60156275	3.1396
koon1245	-0.320205301589	1.55172968650546	-3.49808425	2.58885225
koor1239	-0.40705250756485	1.31464914393978	-3.1855765	2.035888
kore1280	-0.30171386942	1.47428997474761	-3.24390425	2.6067505
kore1283	0.284377571775	1.38293622278779	-2.41427075	3.17252825
koro1298	0.89700564137	1.41349895741717	-1.7164665	3.82527375
koro1313	0.847796460745	1.22246693733489	-1.45710025	3.4643475
korr1238	-0.113612439442	1.57797857651103	-3.39262975	2.93295075
kosa1249	-0.38784414473	1.30778140264226	-3.23393	2.18121749999999
kosr1238	-0.4978639965844	1.4399627949704	-3.460362	2.17729125
kota1263	-0.2028381205285	1.5561831664445	-3.37900075	2.76761625
koti1238	-0.0575721553335	1.50971192858474	-3.11093625	2.935654
kova1243	-0.515207618318	1.12540073993117	-2.7014465	1.67248425
kove1237	1.044695628851	1.15995791258564	-1.13100825	3.3164765
koya1251	-0.069562845642	1.51037444862751	-3.102479	2.99920725
kren1239	0.504074315655	1.48590987578414	-2.28076275	3.62570075
kuan1247	0.94861203695145	1.37573700541757	-1.71811375	3.741243
kuan1248	-0.0363418367095	1.13871389589165	-2.23398325	2.26395825
kuik1246	0.5200954874265	1.21048904772989	-1.757907	2.95574875
kuku1273	-0.2431987735035	1.42700887258362	-3.309871	2.58718325
kulo1237	0.46943425968	1.25476806085158	-1.94604625	2.96229375
kulu1253	-1.44434866136	1.28456499106619	-4.19761875	0.869003849999998
kuma1276	-0.641953153668	1.43674809489844	-3.5545745	2.00496275
kumb1268	0.996667463087	1.43988213576953	-1.61866575	3.976013
kunb1251	-0.301037571635	1.41706125568454	-3.21043275	2.479222
kuni1267	0.988518587656	1.12055525257763	-1.10263425	3.401202
kunj1245	-0.3693987140708	1.48588317552111	-3.51285575	2.5272355
kuot1243	-0.34595243454	1.17231184463273	-2.7310785	1.84959075
kurr1243	0.128046736333	1.42985780705228	-2.7992935	2.981276
kusa1251	0.05599904883325	1.23591235877821	-2.3687295	2.49641925
kusu1250	-0.162445257734	1.31279564430424	-2.8010055	2.3494235
kuyy1240	-0.252976380545	1.46343258341435	-3.20290975	2.69062549999999
kwai1243	-0.664190662475	1.27381201587402	-3.3639915	1.78011475
kwam1249	-0.21957304461	1.38653955044156	-2.928011	2.48351599999999
kwar1239	-0.48929136931	1.24082148382623	-2.911557	1.9341655
kweg1241	0.02939532775435	1.42822086730365	-2.77083625	2.85299375
kwin1241	-0.223860571825	1.53496401662244	-3.35433925	2.623354
kwom1262	0.402425417	1.20508671184261	-1.9381885	2.943262
kxoe1243	-0.741510574267	1.41677438687006	-3.6209235	1.89967825
kyer1238	-1.62181234069	1.28272071631207	-4.33437275	0.71316625
laal1242	-0.5446666553921	1.48154833800606	-3.52118075	2.34480075
labo1244	-1.3023222457335	1.1755469774959	-3.728044	0.913690675
labu1248	0.496976556318	0.977061019460849	-1.32113975	2.53696975
lach1248	0.783768639685	1.32936598217282	-1.8233095	3.53671975
lafo1243	-0.7791799901785	1.40691253785651	-3.64140975	1.82498325
lagw1237	-0.54124670486465	1.48837227236857	-3.56722975	2.281499
lahu1252	0.6617834685545	1.11321979509785	-1.4533	2.97686825
lahu1253	1.2285675853515	1.19487617498048	-1.0169045	3.7328835
laiy1246	-0.28831342846053	1.34340687871754	-2.99834825	2.19103775
lala1268	1.81100678471	1.22457171551311	-0.3404258	4.45310525
lama1277	1.179490424227	1.26674236014106	-1.2507525	3.83502525
lamb1269	-0.4796332838665	1.42721525308712	-3.52836775	2.24517925
lamb1272	-0.23167740160305	1.43918696457275	-3.1387695	2.53732875
lame1260	-0.823412423105	1.05819257131012	-2.9945885	1.172974
lamk1238	-1.245138347129	1.11800132315821	-3.44671625	0.864141399999998
lamo1244	1.08761714889	1.16944014427936	-1.0917135	3.54952425
land1256	-0.4913481064185	1.46938525810953	-3.58005725	2.214993
lang1320	-0.1691283904423	1.49163377611082	-3.23893375	2.65073525
lara1258	-0.95822795856	1.45986751960928	-4.084985	1.774077
lash1243	2.2148093013215	1.44364061069503	-0.2437076	5.22743375
latv1249	0.7847284222745	1.45521403795218	-1.9632085	3.7724015
lave1248	-0.3420633207035	1.48573544648687	-3.45925275	2.54210675
lave1249	-0.4516779944215	1.56490816516044	-3.5873425	2.467913
lavu1241	1.01100954885	1.26836152689048	-1.31751425	3.60044775
lega1250	-0.1001554423385	1.55283665987552	-3.203527	3.06301725
lele1267	-0.2342664149105	1.17029352252293	-2.53449375	1.98730775
lele1270	-1.1155691826	1.33330774995904	-3.882956	1.246933
lele1276	-0.563258908485	1.47506000366699	-3.486311	2.1928145
lemb1266	0.1801262798815	1.17881639743421	-2.0978305	2.52705175
leme1238	-0.90618816471	1.28922441288544	-3.707064	1.5393055
lena1238	-0.9711486718055	1.25042844690819	-3.6323115	1.4126455
lend1245	0.953861279287	1.39711891018315	-1.776189	3.88160675
leng1259	-0.312287865039	1.20945310130041	-2.880287	1.98659175
lepc1244	-1.61722630337	1.28455890563592	-4.4172295	0.777526225
leti1246	0.0122154324085	1.21720885933983	-2.41122575	2.40570125
lewo1242	-0.5028062669	1.0620444942188	-2.5224205	1.61813225
lewo1244	0.9525878703695	1.27186019599027	-1.5089485	3.690046
lezg1247	-0.439926808324	1.4626386071897	-3.37946875	2.377992
lian1251	-1.68524472031	1.23902052269294	-4.29331725	0.554280874999997
lihi1237	-0.8213856958755	1.30547126864373	-3.54632475	1.688205
liji1238	-0.0762676182355	1.49744949879631	-3.11140325	2.75756724999999
lill1248	-0.3101354439	1.41468809831135	-3.2266455	2.45532225
limb1266	-1.541405169005	1.31257198908946	-4.37337425	0.850558974999999
limo1248	-0.775673259395	1.4494346059088	-3.70069	1.937994
ling1265	-1.378015421995	1.14896808247425	-3.678284	0.796857349999999
lipo1242	1.802591262975	1.49585600627143	-0.869913775	4.9799885
lish1245	-0.0777688773965	1.49420529723025	-3.1001055	2.8082995
lisu1250	2.29313858529	1.34330538521964	-0.0201454825	5.269055
lith1251	1.68668285513	1.47935882856105	-1.031444	4.7519285
litz1237	-1.3411515259035	1.16525761466416	-3.6978515	0.799331425
livv1243	-0.344358674642	1.47448651614855	-3.31320325	2.4290825
logo1259	-0.3055412924085	1.34572737534945	-3.0770195	2.3170215
loka1252	-0.309187667655	1.4114942912626	-3.086853	2.3767975
lolo1259	1.778502708245	1.50315187580651	-0.80148065	5.00523825
lomb1257	-0.1296896055385	1.5591064840883	-3.285032	2.93719825
long1395	-0.51951853073	1.24293954125283	-3.178661	1.84349175
loni1238	-1.099220543855	1.34577240183664	-4.0346845	1.25449125
lote1237	1.0274438709515	1.25338520481768	-1.3077545	3.62754675
loth1237	-0.59104304595	1.1213411705642	-2.85563975	1.62785925
louu1245	-1.115013231215	1.34698494179511	-3.95215025	1.19213325
lowl1260	-0.733856387475	1.43918441256518	-3.698518	1.8590785
lowl1265	1.642274527006	1.41512754718639	-0.92610695	4.8220735
lozi1239	-0.0904715811125	1.50858696521494	-3.17532025	2.91556275
luan1263	-0.23854799308	1.28861509302614	-2.87050075	2.3154555
lubu1243	-0.821789658073	1.40012754814285	-3.74605875	1.84185075
ludi1246	-0.372274802301	1.41916500411216	-3.33583825	2.28174475
lugb1240	0.287104990657	1.36906229485045	-2.31919425	3.08647625
lugu1238	0.291545361805	1.49933280891591	-2.719952	3.1468815
lule1254	0.437639119265	1.36921198620343	-2.1420065	3.15292575
lumb1249	-0.19049927232	1.4504224640635	-3.02432425	2.68887375
lumu1239	-0.726001931091	1.38301510750696	-3.71149025	1.78708025
lund1271	-0.6612060987935	1.44852760446757	-3.60684525	2.14907475
luok1236	-0.34192976833	1.41985365571274	-3.38103625	2.332663
lush1249	-0.0141682548525	1.1776379301326	-2.39168375	2.317774
lush1252	-0.4906133156475	1.43511282511525	-3.70148	2.205365
lusi1240	0.627077189942	1.10843044247877	-1.55241	2.7632305
luva1239	-0.2921693517355	1.50321663746405	-3.19951225	2.56268825
luya1241	-0.40400834094685	1.47047687721814	-3.42616175	2.5498625
maan1238	-0.3122673382865	1.47961266334612	-3.44231175	2.45815825
mace1250	-0.261046851834	1.45157338800857	-3.204714	2.3970765
macu1260	-0.793918427327	1.38794698396673	-3.72863425	1.87334575
mada1285	-0.4751420660565	1.17778642837594	-2.80820225	1.8234975
madi1260	0.910368690077	1.36834377157291	-1.62179925	3.911251
madn1237	-1.0091936940955	1.41687853761047	-4.155664	1.69615175
maee1241	-1.2185418058975	1.1399746025132	-3.59186375	0.917405324999999
mafe1237	-0.850952097465	1.17400691726195	-3.276119	1.44239225
maga1260	1.129634725455	1.41342299737947	-1.463656	4.16218725
maga1263	-0.501180841765	1.45050892884776	-3.45372875	2.2013435
magd1235	-0.014705916668	1.34636922091364	-2.6964955	2.71021224999999
maib1239	1.488168055975	1.37180061016071	-1.05931325	4.29973025
mais1250	1.18763918058875	1.1874141205866	-1.0399235	3.6355085
mait1250	-0.79692324305	1.33887264787213	-3.4931775	1.7115035
maja1242	0.099776116975	1.42428297310886	-2.826369	2.8521185
makc1235	1.4471856291263	1.47881769680645	-1.20756	4.5990745
makh1264	-0.140575293095	1.54967166521871	-3.3174265	2.75989625
makh1266	-0.17026973646	1.51807302582065	-3.07011525	2.7050075
mako1251	-0.126393612825	1.45767530092378	-3.29981325	2.6022775
maku1277	0.506100693165	1.21598444770863	-1.8540545	2.969376
mala1463	-0.1125875076165	1.53455020714561	-3.13723425	2.814988
mala1464	-0.0942756489205	1.52220105578435	-3.185916	2.82316725
mala1479	-0.3427416073358	1.42328626992249	-3.3188715	2.32827025
mala1534	-0.7384075407495	1.44067481713874	-3.7194195	1.90892
male1284	0.530476579415	1.32638489101925	-2.05261375	3.24315225
male1289	0.059620195385	1.09501715751128	-2.0844645	2.24911375
male1297	0.2547434964845	1.38693171388935	-2.4121935	3.022326
malg1251	-0.6205247508595	1.46892602563516	-3.5548615	2.14549475
mali1285	-0.375194589005	1.36862741864585	-3.1377895	2.378529
malo1243	-0.930729895805	1.13293493663139	-3.21873	1.2478295
malu1245	-1.1452963248092	1.14408849051663	-3.51866675	1.0480395
mama1275	-0.4688472082285	1.4549536301351	-3.51404225	2.339021
mamb1294	-1.1996969372115	1.35496904683285	-4.19218725	1.38639775
mamb1296	-0.134578847865	1.48800028137433	-3.174822	2.767838
mamb1306	1.419260915306	1.38564025048237	-1.113982	4.36526075
mamm1241	-0.816881138405	1.46656436503675	-3.9720355	1.879875
mana1288	-0.9045460345785	1.31111383587019	-3.62945575	1.4835065
mana1295	-0.8135637647035	1.19335038655169	-3.323604	1.52379925
mana1298	0.5376015313965	1.23671669504349	-1.76395375	3.131913
mand1415	1.102432843715	1.40633363083069	-1.572876	3.9705015
mand1440	-0.590406475885	1.21688011566555	-3.07545825	1.78882825
mang1378	0.67246473381	1.32979295832561	-1.847759	3.35962
mang1381	-0.481496313875	1.50430246077983	-3.6752915	2.2776015
mang1394	-0.451880921795	1.35352780082019	-3.257701	2.04661775
mang1401	-0.2122752099895	1.49153454041546	-3.253211	2.73325675
mang1403	1.109329037945	1.22398108615033	-1.1815075	3.669044
mang1404	0.3464854571585	0.988392887897161	-1.515856	2.36218425
mang1405	-0.565624869553	1.41118132194157	-3.48705575	2.14045425
mani1235	1.437935250205	1.34158289760555	-1.12001275	4.17806524999999
manm1238	1.094218642	1.2771640420502	-1.236081	3.8349525
mans1260	0.93301333314	1.37933875630925	-1.735759	3.7305905
mans1262	-0.479779749681	1.46202586413669	-3.5243815	2.28014325
manu1258	0.3663227547385	1.26596235481571	-2.086098	2.96006125
maor1246	-0.1456801158025	1.37093996183461	-2.981856	2.555372
mapo1242	0.4133622471245	0.966052456658581	-1.36647575	2.4653225
mapu1245	0.512260958232	1.58069124891512	-2.4471535	3.84334799999999
maqu1238	0.132502396475	1.45667089459091	-2.628188	3.0010055
mara1378	-0.3937218641	1.47446525090239	-3.388376	2.4456875
mara1379	-1.7397116476262	1.17278690274386	-4.15752225	0.351658324999998
mara1382	0.2957313068395	1.17877220754943	-1.89655925	2.69600749999999
mara1386	-0.96684961319	1.43348260906265	-3.87453925	1.68238925
mara1399	-1.282160278191	1.15497811189309	-3.73715675	0.857843799999998
mara1404	-0.71898960043265	1.45194241493882	-3.779955	1.99679149999999
marg1265	-0.853627257229	1.46372897200086	-3.679362	1.911493
mari1414	-0.055603311055	1.62132222180153	-3.454074	3.05593625
mari1416	-1.3200561326	1.06954380385959	-3.45187925	0.649953974999999
mari1424	-0.9752243218465	1.43281542192835	-4.0016005	1.57672624999999
mari1426	-0.1107136742505	1.19469040143939	-2.5029975	2.232406
mari1428	-0.354451814774	1.05697894465884	-2.441199	1.69799175
mari1440	0.6548378206935	1.37154111865381	-2.108509	3.62668275
mars1254	-0.411429510525	1.42787873994881	-3.32551425	2.31241299999999
mart1255	-0.4007254146585	1.43121449198835	-3.34077975	2.3258995
maru1249	1.983383541684	1.50047494179395	-0.63341805	5.328351
maru1252	-0.478022217192	1.40498344090754	-3.54136825	2.1658
masa1322	-0.694442759935	1.51850451620942	-3.8234205	2.2142745
masb1238	0.346868585116	1.38988356152232	-2.2322625	3.18496725
mask1242	-1.20840124199638	1.1045730497244	-3.547822	0.92860235
matb1237	1.3759359832635	1.36882725564548	-1.10562675	4.309243
mati1250	-0.797416573705	1.39251422253338	-3.6808735	1.8227395
mato1252	0.0420999334235	1.03144973276043	-1.9617085	2.0503385
mats1244	-0.164668566592	1.36938563509248	-2.8732775	2.41591425
matu1259	-0.087481028598	1.44175585211382	-2.93658375	2.65699249999999
matu1261	-0.9156630668115	1.13425904099166	-3.247708	1.28482224999999
maun1240	-0.41738200056	1.43584728701252	-3.4904995	2.39601225
maxa1247	0.5063913468795	1.43983323542373	-2.29547125	3.41477974999999
mayo1261	-0.515069705845	1.3797334667611	-3.42424725	2.07718475
mayo1264	0.38655556159	1.30689960819366	-2.24238125	2.87981725
maza1304	-1.10043419329	1.41500828320128	-4.12555	1.60196525
mbaa1245	1.16976598139	1.32039357779639	-1.35071075	4.00339875
mbal1255	1.410934979756	1.42718268105292	-1.26713975	4.37117675
mban1263	-1.03968828965	1.43623695105138	-4.038478	1.54162725
mbar1260	-0.56780943323	1.50582577315711	-3.626006	2.2474985
mboc1235	-0.857203373385	1.44083000071252	-3.9672545	1.7991365
mbol1247	0.1262048090638	1.51269300883621	-2.9486745	3.09539
mbul1263	-0.418605437195	1.12139100519106	-2.69106475	1.71875675
meen1242	0.059776040268	1.40553239287457	-2.83368825	2.80060225
mehe1243	-0.20177873971292	1.16647967044602	-2.47303	2.24895925
meke1243	1.062733707743	1.13049385663495	-1.034499	3.38373825
mele1250	-0.21384811532965	1.15950687329153	-2.459949	2.04175425
melo1242	0.282269586325	1.31744241173119	-2.18225925	2.9705165
melp1238	-0.4896149725635	1.16026407244834	-2.85599275	1.77541925
mere1242	-0.6375901593925	1.14895085117766	-2.93083225	1.50304575
meru1245	-0.2040872748665	1.46279149266956	-3.1594285	2.60526724999999
meta1238	-0.9666007664265	1.40287353883192	-3.913279	1.65921574999999
mezo1235	-0.4401746826875	1.38977388609162	-3.23113725	2.284235
mezq1235	-0.653868964855	1.40119685674901	-3.539533	2.13954475
midd1327	0.00307084965	1.03744234767973	-2.05675	1.989899
miga1249	-0.172751520971	1.50085115394014	-3.2052085	2.690297
miju1243	0.91824058673	1.17687548058409	-1.24136025	3.3087585
mikm1235	0.3945198888965	1.43520995098622	-2.288494	3.345429
mila1245	-0.221957536165	1.31428385410025	-3.017264	2.217503
mina1276	-1.02450038813	1.45044360829231	-3.95997825	1.677053
mini1251	0.063098552275	1.14190231668967	-2.15850675	2.3563865
mini1256	0.248988876772	1.33893637062042	-2.32421325	3.079299
minn1241	-0.5151819202585	1.43778044302477	-3.53303475	2.1991135
misi1243	-0.297232178215	1.29945923324386	-2.97191075	2.12867475
mixt1426	-0.7359516790295	1.41740878232967	-3.66139525	1.90228925
miya1259	-0.546684845451	1.41434176257633	-3.45328625	2.154606
miya1266	0.220120804825	1.37062768049214	-2.48894875	2.98115475
mlab1235	1.17338270552	1.42511240250734	-1.448211	4.224849
moba1244	0.308726103134	1.28367231142396	-2.09033325	3.03674875
moch1257	-0.903145388	1.52591181700628	-4.09165375	1.82652775
moco1246	-0.31763513417	1.42176413519159	-3.22328225	2.41395075
mode1248	-0.195876729895	1.50212114177674	-3.163887	2.70943625
moha1258	-0.695183652307	1.33897943969343	-3.41362275	1.85825675
moii1235	1.70462854832	1.47442605340371	-0.94685545	4.94295324999999
moke1242	-0.10798969261	1.39962769630738	-2.994748	2.585027
moki1238	-0.60910589737	1.4202005786073	-3.648994	2.13350475
mokl1243	1.191887225465	1.45763063052714	-1.46540525	4.0990565
mokp1239	-0.4323834798155	1.42070676037004	-3.34243825	2.33063
moks1248	-0.344696674765	1.42455091206012	-3.27117675	2.38458325
molo1266	-0.85285105398	1.43825697309279	-3.76171375	1.87274875
moni1237	-0.173972002705	1.51540511065751	-3.293455	2.64615375
mono1270	-1.01027337469	1.4091805183075	-3.953238	1.58116175
mono1273	1.171950185371	1.27303823502221	-1.24871375	3.761665
mono1275	-0.862228865888	1.38413917536427	-3.808109	1.716456
mopa1243	-0.488246124855	1.47489917307127	-3.43244325	2.299331
morm1235	1.080444187275	1.26098576849568	-1.335898	3.643192
mose1249	0.0979756131035	1.39224472399805	-2.64581525	2.84365025
motl1237	-0.8532081198965	1.32937584192168	-3.7555285	1.724547
motu1246	1.621999745455	1.20305166210823	-0.53081985	4.126479
mouk1239	0.811962134095	1.10953936537883	-1.27482375	3.05256175
moun1252	1.61948305181	1.19881960471175	-0.5767568	4.011463
movi1243	-0.917057210848	1.43657100359564	-3.8849905	1.83326674999999
moyo1238	-1.49941539668	1.09696262394646	-3.72690875	0.504867399999999
mpad1242	-0.383642178	1.51166326234255	-3.4657925	2.61449775
mpii1239	-0.15579739958	1.31692586227031	-2.67077275	2.4681165
mpot1240	-0.147898606035	1.47857293883115	-3.001473	2.690441
mpur1239	0.89712304306305	1.3488600763302	-1.58326425	3.6129175
mual1241	-0.5017040002175	1.5046565127202	-3.55159975	2.2451455
mudu1239	-0.180453324215	1.57612723692238	-3.3820935	2.8486795
mudu1242	-0.006526998056	1.28944774628355	-2.57131475	2.497671
mull1237	-1.060956001641	1.38567772084053	-4.0853195	1.48548675
munc1235	-0.1319413202155	1.29100674397626	-2.661649	2.40393125
mund1325	-1.066728573193	1.40665889365792	-4.0021205	1.60013225
mund1326	-0.3568742639876	1.40313894062706	-3.185906	2.25417475
mund1328	-0.86493024438	1.36851287510926	-3.86866825	1.69815325
mund1330	0.3237287068046	1.51541301120642	-2.49555725	3.4797705
murl1244	-0.000542385384699998	1.53872691978716	-3.020831	3.00962575
muru1266	-0.04589584884	1.50043476823186	-2.99868075	2.87194875
muru1274	0.65993471659	1.39804591541639	-1.96864225	3.62747525
musa1266	-0.5012505656105	1.13274066902493	-2.751645	1.7271505
musg1254	-0.6684045115025	1.48952446916549	-3.690525	1.98977425
muso1238	0.3283124452745	0.9893901126147	-1.582443	2.41545025
muyu1244	-0.183453701142	1.37513282607485	-2.93437325	2.449018
mwag1236	0.566674383777	1.45667368565487	-2.26939225	3.60517675
mwan1247	-0.109745364645	1.4250383483065	-2.92913375	2.67499325
mwer1248	-0.146562421265	1.58767917962038	-3.41587325	2.90670575
nade1244	-0.319480485163	1.51292430635651	-3.59163725	2.49904075
naka1262	0.7669108106815	1.23947839962736	-1.506385	3.36228325
nali1244	-0.4992810038865	1.20165664723969	-3.060988	1.80964925
nama1268	-0.34307639399	1.11550727608196	-2.712256	1.80666225
namb1293	-0.8321699564381	1.39960347391951	-3.84508925	1.8672935
namu1246	-0.755656407255	1.21293096234555	-3.2822255	1.5403155
nana1257	0.1238160358585	1.40628077867798	-2.61059675	2.97436525
nang1262	-1.02497294587605	1.36725023521087	-3.8449815	1.47764575
naru1238	-0.3105886615	1.45661874336968	-3.40765125	2.546345
nati1244	-1.29607937567	1.17164353527409	-3.713389	0.873152799999998
natu1246	-1.0041404980085	1.36081412359027	-3.928398	1.50521775
naue1237	0.394343662499	1.2693077727126	-2.13706525	2.9325315
naur1243	-0.4190400840945	1.43020717831055	-3.474809	2.3821545
nava1243	-0.2631196428497	1.3730345266986	-2.99531525	2.457628
nawu1242	1.242589799775	1.45328642379559	-1.50903425	4.3387545
naxi1245	1.581834419314	1.29490835060344	-0.7293879	4.26496425
ncan1245	-0.90442671741	1.35127522966681	-3.8361095	1.59749025
ndam1239	-0.2402399541398	1.50635175551479	-3.3301655	2.6933445
ndog1248	-0.368053183597	1.45034747620573	-3.31166	2.2869415
ndom1245	1.625138226105	1.43356247247912	-0.9224762	4.61236725
nege1240	-0.46108474657505	1.44531287526895	-3.37561125	2.281301
negi1245	0.000311767705	1.42150003139156	-2.9990035	2.750645
neha1247	-0.4457859731335	1.38969207156149	-3.3846355	2.27977275
nend1239	-0.6066926372545	1.11832033410231	-2.789651	1.67555475
nene1249	-0.196965042314	1.43531430200854	-3.03768925	2.63237475
neng1238	-0.55868603226	1.48328635662966	-3.59548925	2.2224475
nenn1238	-0.87007161366	1.37928324229905	-3.8378625	1.71574625
nepa1254	-1.3386711775425	1.1803798422574	-3.89338175	0.79602655
nese1235	-1.14338693820205	1.13861319815675	-3.5143485	1.0315445
newa1246	-1.5945410639	1.20877411404099	-4.15383375	0.5843658
nezp1238	-0.45985972328	1.36738004674948	-3.28043475	2.1590085
ngaa1240	-0.40509106212	1.42897426076946	-3.3852375	2.3708865
ngal1292	-0.323428755232	1.47783209655676	-3.3768725	2.54343899999999
ngan1291	-0.173306399706	1.45595057848324	-3.253866	2.79645025
ngar1284	-0.1764581748375	1.5796597045394	-3.251789	2.98980675
ngas1240	0.8548650681265	1.48641671195892	-1.956249	3.85254025
ngba1284	-0.744178443374	1.44478913338717	-3.8497	1.9659355
ngba1285	-0.91521553935	1.45426507457199	-3.89712675	1.69928675
ngeq1245	-0.305957056532	1.47332026251207	-3.3282795	2.60304049999999
ngit1239	0.9609307913115	1.43249586233383	-1.79633025	3.94368375
nhan1238	-0.250701018225	1.52152796234634	-3.35881975	2.68025325
nhen1239	0.47554271120565	1.41690201894542	-2.2503105	3.41338725
nila1242	-0.19770052915	1.43437211552675	-3.2596255	2.57978175
nina1238	-0.44187688313	1.3666621217205	-3.218329	2.16606525
nisg1240	-0.496724099715	1.39769116561323	-3.39468975	2.22088924999999
niua1240	1.580452450585	1.4083219938933	-1.032405	4.50319875
niue1239	-0.17553686779025	1.51288819806615	-3.24462475	2.6890515
niva1238	-0.500635865155	1.47787471211753	-3.665047	2.410384
njan1240	-0.731156060415	1.37834274533871	-3.5665185	1.86254075
nkon1248	1.055445373244	1.39969081882818	-1.5649085	3.98912775
noct1238	1.244478259403	1.14921963469601	-0.9518096	3.74448325
noku1237	-0.5831679165795	1.2475664989367	-3.079528	1.7825935
noon1242	-0.090925169928	1.40263993628301	-2.9872455	2.70779725
nopa1235	-0.52804135766	1.45332808047859	-3.48220675	2.35185125
nort2684	-0.179288815155	1.51751744529462	-3.33021325	2.71965125
nort2690	-0.12883218286	1.49390376577574	-3.207726	2.78934275
nort2697	-0.422211588177	1.51502331837242	-3.423507	2.546494
nort2702	-0.10052737566	1.49716957040414	-3.0090905	2.93220525
nort2722	0.1516971268935	1.22278539794264	-2.23351175	2.62215024999999
nort2723	-0.4880113160078	1.24465064824243	-3.07242475	1.897384
nort2724	2.19664437339	1.350439411347	-0.320649275	5.020764
nort2732	0.978715889779	1.38613068720859	-1.6112835	3.9147725
nort2745	-0.123035147378	1.55348524351623	-3.32101	2.8951035
nort2747	0.956492812125	1.37812599882523	-1.49187275	3.9941655
nort2836	-0.136039927358	1.14486445899346	-2.40566925	2.14973425
nort2839	-1.1617020016765	1.11540669031736	-3.45878225	0.921778849999998
nort2845	-0.20286587784	1.43655107824408	-3.1298865	2.40054925
nort2847	-0.963160927615	1.25519575490958	-3.65172325	1.4191165
nort2864	0.6014346820665	1.24109670098825	-1.74175775	3.098613
nort2877	-0.82632848192	1.4030191334127	-3.784854	1.74845475
nort2885	-0.5015374936305	1.50416339852923	-3.4940775	2.495573
nort2930	-0.079869549629	1.25985906589349	-2.4369545	2.41601875
nort2938	-0.8252980235895	1.43684574795738	-3.7710285	1.95193675
nort2942	0.22845438716385	1.54388060343933	-2.59495325	3.46247275
nort2951	-0.435002502155	1.41655379093737	-3.387472	2.32802925
nort2954	0.788515456155	1.30327695053738	-1.71374525	3.36092675
nort2957	-0.6964391914573	1.20688457831564	-3.15429575	1.64992575
nort2959	1.773010639725	1.39341451786864	-0.69645165	4.71518424999999
nort2961	0.340781745523	1.48190722897376	-2.530809	3.37547
nort2994	-0.561321270571	1.450988969007	-3.60252425	2.11204149999999
nort3047	-0.893848403521	1.43253765133605	-3.80172175	1.84247
nots1237	-0.3276342251435	1.15894463627875	-2.67913775	1.85783925
nsen1242	-0.05363720249005	1.44747779740596	-3.03527325	2.74413825
nucl1235	-0.28966337823	1.53148956753875	-3.3651665	2.638238
nucl1240	-0.0239750401335	1.23783110334999	-2.54744225	2.46237025
nucl1301	-0.117627253506	1.4945429407168	-3.1178305	2.80657025
nucl1302	-0.194377167935	1.53078372854584	-3.1826865	2.8717125
nucl1305	-0.127355243875	1.5355809164859	-3.40222775	3.0301075
nucl1310	-0.853416418839	1.19102060070965	-3.24889	1.3455055
nucl1327	-0.8287394309285	1.5521013872137	-4.16528725	2.10904625
nucl1417	0.31323073228815	1.44013405144023	-2.536295	3.10702275
nucl1452	1.746144948915	1.43421850227509	-0.810218975	4.80966975
nucl1458	-0.803714567304	1.15324050689941	-3.18122575	1.41465675
nucl1593	-1.10962964874035	1.19589641648541	-3.58054175	1.12806075
nucl1595	0.2922273659786	1.21421655196015	-2.007502	2.7936
nucl1622	1.198981704739	1.45300203370247	-1.44198975	4.26120975
nucl1630	1.269392177585	1.11123403978263	-0.854692375	3.539962
nucl1632	-0.11927103451	1.26416880814563	-2.573302	2.2981645
nucl1633	-0.193355120263	1.25669811956395	-2.67597675	2.28396125
nucl1643	-0.495639344579	1.42663795218345	-3.62040175	2.185315
nuer1246	-0.213426112589	1.53347815195088	-3.359539	2.73155375
nukn1238	0.079963603945	1.02545162248189	-1.9155255	2.128917
nuku1260	-0.1656344794985	1.49398076174829	-3.23399125	2.675788
nung1282	2.083961990015	1.37939012761573	-0.3078893	5.09971024999999
nupe1254	0.061502227244	1.45095379967989	-2.7912235	2.9975955
nusu1239	2.32373886255	1.35208618231541	-0.0353491174999999	5.2853505
nuuc1236	-0.50079226214	1.49198640648694	-3.59411775	2.37926575
nyah1250	0.071583625005	1.53942863214628	-3.0792885	3.1864715
nyak1260	-0.279937584302	1.48933601164041	-3.387501	2.650427
nyal1254	-0.453338059615	1.39769908967292	-3.20360075	2.20162525
nyan1307	0.084726223133	1.40366601347231	-2.73086175	2.89564625
nyat1246	-0.20539471524	1.52896257356763	-3.28143675	2.73235025
nyaw1247	-0.363789816359	1.35686158316016	-3.000597	2.3133885
nyis1236	0.4853997156475	1.14080457823993	-1.72632025	2.8232655
nyor1246	0.5046556302489	1.39449642445417	-2.19232875	3.3668865
obok1239	0.792885580725	1.25459977483306	-1.56562925	3.3709665
occi1239	-0.121527352125	1.51400159707844	-3.135356	2.75999875
ocot1244	-0.492915292264	1.43801407358476	-3.4908025	2.278235
ofay1240	0.4678043005355	1.5067805920735	-2.44394725	3.6665245
okan1243	0.7391604896135	1.34750080322479	-1.707532	3.449476
okin1246	-0.644113214741	1.44833478840706	-3.60127825	2.119508
oksa1245	0.793382088857	1.27950453604912	-1.5602295	3.42997975
okuu1243	-1.010039844735	1.33032390976882	-3.7309435	1.46202475
oloo1241	-0.618819902834	1.12201194995544	-2.82382425	1.522548
olut1240	-0.664217807385	1.19036777086738	-3.13173325	1.6961535
omah1247	-0.944256456729	1.4497337091037	-3.92067575	1.6960105
omie1241	0.7930683870625	1.082371760743	-1.34818275	3.0035985
onto1237	-0.075437934165	1.42455700115054	-2.935781	2.62979374999999
oriy1255	-0.243227562875	1.44184868434605	-2.99311325	2.59770775
oroc1248	-0.2080317847815	1.46675072139682	-3.11791425	2.5773015
orok1265	-0.1641115968695	1.51357144374277	-3.21674825	2.885933
orok1266	-0.501485690845	1.46198096724864	-3.439969	2.2794185
orok1267	-0.276828613109	1.25443230746772	-2.75863475	2.16744925
orok1269	0.6174290007135	1.08236748850351	-1.4587525	2.766574
orow1242	-0.813101155485	1.45492080015109	-3.815829	1.96956775
osam1235	-0.2290663083585	1.4807703406136	-3.3665415	2.655751
otta1242	0.3600486954575	1.49359371815311	-2.414305	3.527476
owaa1237	-0.55964122718105	1.38817779962676	-3.513501	2.0231405
paam1238	-0.905112528985	1.07107788326653	-3.03361625	1.165478
paas1238	1.664038380675	1.45697805123021	-1.03056025	4.7705665
paco1243	-0.118350929801	1.4717405852569	-3.003966	2.81114375
paez1247	-1.14206675196	1.35610502297083	-4.07951225	1.33732825
pagi1243	-0.43414079535555	1.48222542744243	-3.42569225	2.39081
pagu1249	1.521816359615	1.51697692580543	-1.277056	4.52166225
pahn1237	0.8461606897525	1.3167688390308	-1.632313	3.62267275
pait1244	-0.72158442514	1.17174058087903	-3.06748625	1.60672724999999
pala1344	-0.22747668934	1.47097374614531	-3.328057	2.62746675
pali1279	0.5009742580675	1.39559225229546	-2.12925175	3.44609625
pamo1252	0.131000516452	1.44203403200439	-2.6718695	2.98155575
pana1307	0.459800196625	1.38096786189288	-2.21408675	3.3129975
pang1287	-0.243863965915	1.49697863272696	-3.3516695	2.7604085
pang1290	-0.68683712022	1.41779058423695	-3.629591	1.90021625
pang1291	-0.302262192473	1.42902983865948	-3.34760225	2.36943475
panj1256	-0.474232647467	1.46147112398421	-3.7729475	2.21042299999999
pano1254	-0.7704231986	1.35880238705715	-3.75773825	1.739472
pany1241	1.255796487016	1.43400193680472	-1.42638275	4.3347625
papa1238	-0.228573398545	1.22729396774476	-2.6940875	2.2491525
papa1265	0.1887054485	1.12991593648178	-2.02243775	2.401016
para1301	0.9575604195695	1.50643018950297	-1.835335	4.0097365
para1302	0.1737189354685	1.1106691329664	-2.0428265	2.40765325
pate1247	0.2804300818845	0.987406750472845	-1.59989775	2.2979415
patp1243	-0.65801333554	1.18420293922058	-3.06094675	1.5482035
patt1248	-0.797017343825	1.42848416642512	-3.737742	1.93072025
paul1238	0.439315813145	1.25547005986799	-1.876689	3.04342075
pawa1255	-0.102342660105	1.22130005463294	-2.42921375	2.44059625
payn1244	-0.672268415626455	1.1232187351173	-2.8736255	1.6847055
pela1242	1.503411212026	1.37354008777846	-0.9702852	4.47347675
pemo1248	0.05162927922295	1.43179084436281	-2.845516	2.87554425
pend1242	-0.101633722715	1.39165287287326	-2.91754975	2.46817174999999
peng1244	-0.074353887548	1.58823787372359	-3.23708575	3.053109
penr1237	-0.230693198956	1.46903414089226	-3.2354295	2.5026175
phai1238	0.9682195527385	1.39897864840458	-1.77461875	3.87856
phom1236	0.134901892848	1.06485566365078	-1.947299	2.27214625
pila1245	-0.6092186644244	1.45159546175618	-3.49254025	2.1005955
pile1238	-0.97671480663385	1.36028146448274	-3.8691235	1.5722415
pima1248	0.3560153607905	1.28998833545437	-2.231682	3.02187625
pina1252	-0.11507312827	1.12779354167715	-2.30746675	2.12297625
ping1243	-0.604704867888	1.40865489846703	-3.45180025	2.21148525
pite1240	1.213694137075	1.4109277173676	-1.3943035	4.17305025
pnar1238	-0.7068834917285	1.36546653854707	-3.5024415	2.09172925
pohn1238	-0.454024579255	1.40261001914142	-3.38088425	2.16952825
poli1260	-0.08844043968	1.50185804391251	-3.06783075	2.70694375
popt1235	-0.93885896738	1.53437998333899	-4.302022	1.7463305
port1283	-0.086655895208	1.54170792693962	-3.19996825	2.97786225
port1285	-1.236190607505	1.11373407544322	-3.5697865	0.884253674999998
psik1239	-0.93955936634	1.46412263743762	-3.926886	1.784133
puin1248	1.04110335085	1.50238909378359	-1.755901	4.34890025
pulu1242	-0.0856776914215	1.3860498158615	-2.81129675	2.73434375
puma1239	-1.50885767341	1.31225338892659	-4.21394175	0.885151274999998
puoc1238	0.5548056425	1.45902958242024	-2.293326	3.3725185
pura1257	-0.19175412497	1.28225016075336	-2.76165025	2.2565285
pure1242	-0.6390640521325	1.43514737800071	-3.58549025	2.0478255
puri1258	-0.67555719108	1.42573927226554	-3.642389	1.98779775
qawa1238	-0.636826881162	1.44203882539031	-3.6890665	2.088988
qima1242	-0.137284649865	1.50281578182138	-3.204487	2.78563775
quer1236	-0.6302727764595	1.43530090372204	-3.61605825	2.0544725
quio1240	-0.5188063787035	1.38665126875873	-3.334513	2.08712175
rabh1238	-0.78556988713	1.24188144386482	-3.34322825	1.56630725
rade1240	-0.6425170527895	1.47651042825882	-3.867112	2.057851
raji1240	-0.342112705166	1.37133754370173	-3.17969825	2.3231595
rapa1244	-0.1872516503425	1.58376886674171	-3.39712025	3.029476
rapa1245	-0.1615260844985	1.50337070330807	-3.286404	2.71464075
rapo1238	0.1616070237135	1.14467976411341	-2.05388525	2.502091
raro1241	-0.1880568487578	1.43973289248881	-3.1096035	2.75772875
rata1244	-0.009304073129	1.43007601782636	-2.8493395	2.80042725
raut1239	-0.37323999133	1.36655688512021	-3.125599	2.17979875
reja1241	-0.533946472295	1.34703522494466	-3.23084375	1.9535705
reng1252	-0.44073166808	1.52197313267422	-3.5686065	2.52623375
rere1240	-1.3850297482485	1.11976623409256	-3.70482925	0.673011074999999
reye1240	-0.33701536786	1.43229537940491	-3.39034625	2.3643165
rian1263	1.2280410952955	1.34379136477102	-1.2755465	4.1558995
rikb1245	0.609745450375	1.39922494256355	-1.99742675	3.52950025
roma1326	-0.115835761615	1.51540002486142	-3.13239375	2.908283
romb1245	0.232720937699	1.41089070361043	-2.48158075	2.92568325
rong1264	-0.400766119465	1.33242651373815	-3.0639925	2.17785625
rong1266	-1.8063586535995	1.21619077356797	-4.387473	0.365987499999999
ronn1241	0.5414133275325	1.46216737463251	-2.33611	3.57517925
roto1249	0.1760224580899	1.11629623001187	-1.955867	2.419552
rotu1241	-0.334011937425	1.44449929380321	-3.35113125	2.38374325
rovi1238	0.120764977715	1.20824304896743	-2.235948	2.417632
ruch1235	0.604592156175	1.51597381146933	-2.2230945	3.83861725
ruka1240	-0.1898246744355	1.35194643174734	-2.91427175	2.40526425
ruma1248	0.8194713730875	1.43413971384052	-1.7684235	3.66095975
rung1258	-0.458832390487	1.48387295842414	-3.61687225	2.3178105
rung1259	-0.512253628205	1.44895863116558	-3.539021	2.30703275
russ1263	-0.233223318275	1.54631386461192	-3.50141275	2.8085325
russ1264	-0.1835085027455	1.54650241689208	-3.34640175	2.86488575
saaa1240	-0.812816299235	1.40159442995231	-3.8167505	1.700205
saaa1241	-1.08580357331	1.15900488680695	-3.52934	1.009177
saam1283	-0.1969237186205	1.53540337517925	-3.23891075	2.7606085
saar1237	0.0518268222611	1.28238115696866	-2.54544325	2.53838025
saba1268	0.874052788884	1.44207874531533	-1.8723455	3.800322
sabu1255	-0.24715561006	1.4259138113369	-3.07879875	2.53348675
sais1237	0.602558286055	1.33297067036604	-2.05303425	3.407864
saka1289	-0.6812866009575	1.1960134832829	-3.1145685	1.70506725
saka1291	-0.151738816676	1.56468814194183	-3.32618175	2.84549
saki1247	0.25352649726	1.31403406111725	-2.32666225	2.81896725
saki1248	0.38521734679	1.41566324637809	-2.29440325	3.3690445
samb1305	1.04007133272	1.26532438758322	-1.27376075	3.56877225
samb1311	1.07814764525	1.28203037751891	-1.3467965	3.727578
samo1305	-0.1067640932655	1.50583854234749	-3.10777475	2.76019425
sanb1241	-0.6352871248095	1.44217525443299	-3.50678675	2.1003555
sand1278	-0.7666179826	1.49732725593583	-3.896757	2.087142
sang1321	-1.06293864364	1.15158518380789	-3.5170615	1.079388
sang1330	-0.2692185669685	1.49268154758455	-3.212003	2.7276265
sang1331	1.513871120868	1.4284708423871	-1.02967325	4.651725
sani1269	1.168140099075	1.40896735507217	-1.333961	4.10576225
sanj1284	-0.531303712855	1.43282127814675	-3.51610425	2.1736605
sanm1289	-0.1969343665625	1.41728816784773	-3.0878065	2.55983375
sanm1295	0.121573054585	1.3523673902142	-2.435369	2.88579775
sanm1301	-0.4900673179395	1.39450442194758	-3.20219325	2.166725
sant1436	-0.1213293786825	1.44538694150214	-3.0559195	2.77440425
sant1451	-0.74359918343	1.40720030321405	-3.601738	1.8740685
sapo1253	0.03428989842	1.17442182745557	-2.2827135	2.369998
sapu1248	-0.36993990494315	1.46136310798074	-3.3180665	2.4239645
sars1236	0.2284744893865	1.49867783886491	-2.54624925	3.33046775
sata1237	1.205696811555	1.40306575990241	-1.4061505	4.18500175
sauk1252	0.12075129319215	0.966233652291877	-1.706979	2.0067415
saur1249	-0.2133921513	1.43093149504461	-3.13794975	2.69329025
savo1255	0.72916570182	1.18286734479114	-1.49871925	3.0781855
saya1246	1.172070995435	1.50538741174998	-1.60413925	4.27107975
seda1262	-0.39156808288	1.52605152291097	-3.6100175	2.506829
seim1238	-0.609851713695	1.46961544191713	-3.57228275	2.16645075
seke1241	-1.08113930925	1.14966303339059	-3.57900175	1.04525225
sela1259	-0.5327144489625	1.43789689830557	-3.50207	2.2347705
sela1260	-0.2274764688325	1.41093985216047	-3.27623625	2.6250705
selk1253	-0.1883751228555	1.49095651192626	-3.1974575	2.6852945
sema1265	-0.29900808700178	1.5489789194555	-3.52302275	2.70096325
sema1266	-0.380705228415	1.4958479393383	-3.336204	2.571962
seme1247	-0.380264039648	1.47464652834708	-3.510609	2.487
seng1281	1.37878073111	1.30594633598915	-1.0222995	4.11028775
seri1257	0.594527575004	1.37286101906965	-2.012472	3.465399
sgaw1245	0.799189737268	1.42490505571221	-1.8960775	3.962625
shab1252	-0.027248649761	1.45335217983492	-2.99229975	2.7479465
sham1280	0.649528427053	1.37905638351645	-2.0566925	3.44631525
shan1283	-0.512473688725	1.44512990783846	-3.48610375	2.131072
shaw1249	0.340676050495	1.43913587104096	-2.4400175	3.2807395
shil1265	-0.5296378365175	1.40924549018832	-3.43742625	2.27351925
ship1254	-0.0838172691455	1.30517521993785	-2.72197925	2.526654
shix1238	0.65161385704	1.28153570242991	-1.70738475	3.3030335
shol1240	-0.1325677666505	1.59658404456966	-3.3288535	2.97186424999999
shon1251	-0.0701895358525	1.5228181837156	-3.0728415	3.031251
shor1247	-0.056912399988	1.49641079660695	-3.03853075	2.973123
shos1248	-0.4860169993275	1.34188811957265	-3.4090025	2.1866265
shua1257	-1.10697602704	1.43927094471045	-4.23310025	1.57441825
siaw1243	-0.8364190703365	1.24599907340697	-3.4700735	1.47164875
sich1238	-0.310165404434815	1.26867621493743	-2.9161335	2.14469025
sici1248	-0.1026662597255	1.51341453037159	-3.1337805	2.81495625
sici1249	2.081524000788	1.45362921038911	-0.4949927	5.176904
siee1239	-0.80650680756	1.31693403107498	-3.55966075	1.75680725
sier1250	-0.5140700196485	1.40234007962436	-3.41008825	2.0649405
sika1261	-0.584135856871	1.44936446438269	-3.5872125	2.12130625
siks1238	0.0905596953125	1.40947989608875	-2.677431	3.04480975
sile1255	-0.798609912628	1.14296654802706	-2.987134	1.488168
simb1256	0.242224951017	1.32640465309336	-2.4880785	2.71414475
sina1266	1.37593283674	1.13150134590381	-0.6992983	3.637437
sing1264	1.2624661216655	1.17541491375738	-0.863362325	3.80424475
sion1247	-0.750018317602	1.3651613512135	-3.48690325	1.841585
sioo1240	0.065453204597	1.11077323575093	-2.14946475	2.31489625
situ1238	0.04557985204	1.20090561556754	-2.40943775	2.457062
siyi1240	-0.56845351303	1.16440982094064	-2.92968975	1.76219425
skol1241	-0.2891595670277	1.45439451738884	-3.25681525	2.49554175
slov1268	-0.19834644659	1.56430537838177	-3.32996475	2.82377399999999
sobe1238	-0.180740306508	1.20234428253365	-2.502949	2.1663
soch1239	-0.473017506447	1.36689488725995	-3.3080875	2.0663705
soga1242	-0.112366652586	1.48246942908237	-3.13262975	2.9600955
sons1242	-0.394461898745	1.3734183256624	-3.25028025	2.25874325
sooo1254	-0.1896742928495	1.54197495011952	-3.210331	2.813406
sout1528	-0.2024788792035	1.44016456324027	-3.127464	2.59294725
sout2649	-0.2028481798605	1.4762340856921	-3.18445025	2.7022535
sout2674	-0.32683687316	1.44407678792057	-3.13848375	2.44575775
sout2679	1.87639247665	1.45678887379501	-0.67103695	4.95193599999999
sout2715	-1.16911199607	1.17583206601472	-3.61305175	0.963260949999999
sout2728	-0.223979724246	1.27952523104589	-2.81389375	2.2716155
sout2729	0.5816884284445	1.23100077295754	-1.80288175	3.150835
sout2730	2.1567770669925	1.4494862042753	-0.389043225	5.12434875
sout2782	-1.202971248845	1.34308675231753	-4.140885	1.1880595
sout2807	-0.1119887045125	1.51245953425268	-3.17872425	2.91972975
sout2826	0.8638971257825	1.41693978584637	-1.728824	3.78780575
sout2856	-0.1816115680245	1.14828317593811	-2.471026	2.059866
sout2857	-1.261092551545	1.18360756234475	-3.74055475	0.984406825
sout2859	-1.0655709418145	1.10790997617712	-3.44308575	1.092992
sout2869	-0.956988160815	1.27767092356541	-3.64706475	1.45254425
sout2896	1.919201707972	1.34830867507663	-0.5013908	4.7665975
sout2918	-0.3154808742287	1.435875029656	-3.2165345	2.40498725
sout2954	-0.559777291155	1.4449575116612	-3.62202675	2.18306375
sout2956	-0.815754676355	1.46300081587088	-3.9309515	1.951201
sout2959	0.174036822283	1.48970585942886	-2.6749085	3.0990075
sout2976	-0.05419327452	1.37465180042427	-2.8917935	2.66960525
sout2985	-0.584199985973	1.42466774903719	-3.59236825	2.010348
sout2994	0.7177883392895	1.45244662849989	-2.09041475	3.679574
sout2996	-0.6588119933443	1.43809230632925	-3.80790025	2.0999795
stan1289	-0.1045958900935	1.47485570418402	-3.0639095	2.7530915
stan1290	-0.053298845035	1.55331354022437	-3.246759	2.9789815
stan1293	-0.094899864595	1.49552729247258	-3.2210125	2.78834575
stan1306	-0.454665790565	1.4938956647728	-3.57584	2.39200525
suba1238	-0.32629917816	1.44550569261122	-3.31497175	2.47056775
sude1239	-0.15144202074	1.26862542407515	-2.7740715	2.33128475
sumi1235	-0.82417360156	1.10302949159931	-3.11525525	1.27726875
sunw1242	-1.95232433791	1.31283591158701	-4.75154025	0.411815275
supy1237	1.664948195805	1.46965843207157	-1.03956775	4.7763835
surg1248	1.231386411098	1.41536149748802	-1.467321	4.155733
surs1246	-0.61943910351	1.25080225491697	-3.0618845	1.811392
swah1253	-0.13884540905	1.44910741473389	-3.036546	2.7202595
swed1254	-0.056458851405	1.53271590423101	-3.15363225	2.933604
taba1263	1.3988001653545	1.51215932215881	-1.40894325	4.4743925
taga1272	-0.717130629941	1.39132656203509	-3.613125	1.83484375
tagi1241	0.1285219703035	1.18895495593689	-2.2967975	2.4143625
tago1246	-0.7646073689465	1.46659170413769	-3.8995025	2.11828525
taha1241	-0.021840089175	1.54000068469697	-3.05914475	3.16672775
tahi1242	1.653065189307	1.46119057424138	-1.04704225	4.8888145
taia1239	-0.58278038819	1.20821072597244	-3.01684325	1.72505175
taji1246	0.0206995944865	1.39908450154599	-2.8938115	2.7615845
taku1257	1.244643619085	1.31368181225584	-1.242669	3.91584325
tali1259	-0.179280801902	1.21990973371929	-2.718618	2.09201975
tama1331	-0.231090471131135	1.51945375478204	-3.384112	2.688297
tama1365	0.718809189677	1.47822411609826	-2.08498225	3.8262995
tamb1254	-0.582190130009	1.43356298346845	-3.62152125	2.07634525
tami1289	-0.0968218757	1.50739459319941	-3.03367375	2.89395575
tane1237	-1.10210987175	1.44503747615506	-4.24999725	1.5571825
tang1336	-1.8425903276	1.20368111282349	-4.36764775	0.319555049999998
tang1347	-0.67782112276	1.12974141947813	-2.993964	1.508732
tang1373	-0.65227849281	1.45624055847652	-3.63714275	2.11703725
tang1377	-0.33448517333	1.36546941961875	-3.28546975	2.18815275
tani1257	-0.82906140288	1.41091856657476	-3.66247525	1.85450775
tara1313	-1.441658033805	1.06322710844914	-3.61431475	0.490995749999999
tata1255	-0.396935491105	1.40100650784506	-3.36456625	2.193785
tata1257	-0.5879855440653	1.47163258233606	-3.758244	2.13284425
tata1258	-0.353949933919	1.44283408071672	-3.213315	2.49502875
taul1251	0.020437415956	1.15329292511494	-2.27049	2.3242715
taus1251	-0.3732780849525	1.44989705711331	-3.4508795	2.321204
taus1253	-0.12332826434	1.43111846641075	-3.023287	2.65899725
tawa1286	0.133556225412	1.60237809069762	-3.11247175	3.23566825
tbol1240	-0.5571935045075	1.48955732253139	-3.611852	2.291842
tean1237	-1.110701856515	1.4431731905074	-4.2849905	1.53433575
teda1241	-0.2008172166585	1.48849801482083	-3.103478	2.75621825
tedi1235	-0.471331870305	1.17146670922597	-2.81933575	1.7807855
tega1236	-0.823548076085	1.45073311559828	-3.925979	2.030238
tehu1242	0.95862839054	1.46162232597486	-1.67310425	3.9641105
teke1275	-0.247592743845	1.50356177155484	-3.28840225	2.59159475
tekt1235	-0.9188503618265	1.51417807897863	-4.109356	1.8306145
telu1262	-0.202857763707	1.55576229959462	-3.369837	2.7268295
temi1246	-0.31843621024125	1.46504139343875	-3.23323625	2.45805075
temp1235	-0.538706717477	1.41844191219144	-3.50121325	2.142865
teng1272	-0.244065571679	1.49042133027123	-3.24748575	2.66060825
tenn1246	0.2213054745565	1.52954601290578	-2.6734145	3.43149874999999
teop1238	0.081168431294	1.13897539576439	-2.12247475	2.42547675
tera1251	-0.645100140534	1.48774669042935	-3.86190425	2.377144
term1237	0.7421131486245	1.29833913370235	-1.771936	3.5004
tern1247	1.3978338298295	1.51653121713132	-1.25902275	4.567131
tete1251	-0.821085747451	1.42120111294818	-3.84676275	1.85331
tezo1238	-0.2656440156375	1.36224251082707	-3.00786225	2.49337175
thad1238	-0.8752185241365	1.14424142537209	-3.15472075	1.3207515
thak1245	-0.8574651430795	1.30222961280735	-3.65132825	1.49659775
than1259	-1.4355051767735	1.42153953437875	-4.48069125	1.14517525
thao1240	0.499790259115	1.26411845253166	-1.93981375	3.01217525
thar1283	-0.186896618725	1.47195522429852	-3.29425525	2.54207575
thul1246	-1.558076120395	1.32714041550538	-4.47570675	0.809089574999998
tibe1272	0.38558324987	1.32107920666379	-2.130487	3.24820275
tibe1274	-0.9551316804	1.32816250320477	-3.73052525	1.46560325
ticu1245	-0.56488392321	1.51769923907969	-3.7013615	2.34108725
tief1242	1.968589207345	1.31640182177746	-0.37281955	4.80384025
tief1244	1.839467405395	1.29756073070351	-0.522677675	4.63947875
tien1242	-0.10921709211	1.49964627442429	-3.1634005	2.767969
tiga1245	-0.697647183503	1.27209417745197	-3.2887405	1.6985625
tika1246	-0.90244037312	1.35632853117358	-3.929544	1.53208925
tiko1237	-0.731095416535	1.41417381660112	-3.63405675	1.890997
tilu1238	-1.776826292865	1.32375631169691	-4.56721225	0.680762199999998
timn1235	-0.515477820565	1.56970426966972	-3.67687525	2.6788045
timu1262	-0.617078076264	1.4202461051676	-3.5002115	2.01275825
tina1248	-0.557176253408	1.48865904434751	-3.78819975	2.242762
tiri1258	-0.793863480778	1.45670714816327	-3.89121425	2.025117
tiru1241	-0.65101043686	1.42607623097061	-3.622999	1.97629725
tita1241	-1.082732737155	1.33333417933614	-3.82569575	1.3937695
toab1237	-0.1708812112349	1.25099060030397	-2.744383	2.31194575
toar1246	0.409385564985	1.15070260925219	-1.804789	2.678096
toba1268	0.01028458417	1.39898854905829	-2.76514075	2.79893075
tobe1252	1.5340032537	1.52399921062468	-1.273595	4.7634405
toda1252	-0.2032776528685	1.55937452191074	-3.47613	2.82552425
toho1245	-0.0269584036885	1.47781329937542	-2.93128625	2.80008749999999
tojo1241	-0.858523946823	1.56875330158848	-4.43800525	1.9304715
toke1240	-0.1895576415495	1.47082365481349	-3.14765925	2.58836425
tong1308	-0.052792811697	1.49891325932838	-2.99565	2.7988995
tong1318	-0.096087017231	1.57203658487801	-3.31107175	2.97291675
tong1325	-0.1707712448825	1.45587573895242	-3.227183	2.62841725
toor1238	0.5139326329	1.38734558786419	-2.15958425	3.377707
tora1259	0.4968287657765	1.19234613301839	-1.8716565	2.89422125
tosk1239	-0.211583220246	1.53911547315513	-3.354074	2.7831895
tote1238	-0.225148726803	1.53686210179864	-3.4151525	2.7958545
toto1302	-1.6168788622	1.35322454665694	-4.5658115	0.864253724999998
touo1238	0.33804753168215	1.23512097642146	-2.08318325	2.834414
trin1274	-0.99533632601	1.4390228101974	-3.97614275	1.75558925
trio1238	0.2310924948535	1.45166815188669	-2.5276155	3.17836975
trum1247	0.1501007599	1.27067279416874	-2.44418075	2.8435535
tsam1247	0.0869132585385	1.32204829171412	-2.702749	2.70371275
tsat1238	1.5328535521885	1.43600723486143	-1.2048985	4.55583125
tsha1245	-0.6699304962661	1.19702669295225	-3.034424	1.77164375
tsis1238	0.257360918575	1.41565730488682	-2.52993975	3.05743125
tsix1234	0.5156024644015	1.39248888762056	-2.11855175	3.34424475
tsog1243	-0.1867039734115	1.46912429520827	-3.171168	2.6595555
tson1249	-0.07630239675865	1.42314968239754	-3.126997	2.59771349999999
tswa1253	0.3510554866435	1.4850976909481	-2.5406735	3.3958645
tswa1255	-0.08817113953	1.486239571009	-3.20805225	2.83029925
tuba1278	-0.5190296668335	1.40783820984665	-3.4641475	2.21248525
tuca1252	-0.45462293774	1.2864810573758	-3.02646975	2.00543025
tugu1245	1.0504971568785	1.3140640408858	-1.47349725	3.823951
tuka1248	0.9490365040075	1.39235746885646	-1.65892375	3.79737275
tuki1240	-0.7630115165705	1.38848889464135	-3.7148865	1.85038925
tula1252	-0.801219844579	1.33704635805914	-3.55855625	1.74746475
tulu1258	-0.1228742169745	1.54853336482607	-3.38063525	2.93677025
tuml1238	-0.334470876805	1.16758925282301	-2.593448	1.9363395
tune1261	-0.88060139437085	1.37790406872567	-3.7867405	1.73027225
tung1290	-0.7110407685235	1.35052654259123	-3.6543505	1.7812915
tunn1238	-0.0615443691355	1.53320904499241	-3.257217	2.8604235
turk1303	-0.089606219457	1.48689517412772	-3.0864425	2.83289675
turk1304	-0.068828544338	1.46405089653933	-3.06831175	2.805161
tusc1257	0.6167087771555	1.4363072501693	-2.0430375	3.549093
tutu1241	-0.95193960806	1.15260229855124	-3.31917975	1.29916625
tuva1244	-0.1697829138865	1.54931099954128	-3.1746565	2.78497675
tuvi1240	-0.103260765765	1.53179761238563	-3.2592755	2.920343
tuwa1243	-0.8919027720675	1.41397657125136	-3.9820875	1.7467785
tuwu1238	1.04074031316	1.40473149207869	-1.4941605	3.95982675
ubir1237	1.6135279636115	1.24292541892895	-0.6413737	4.13474
udih1248	1.6619180472685	1.54622772285612	-1.052261	4.93462525
ughe1237	0.2621517248365	1.20740495079538	-2.1842565	2.67813525
ugon1239	0.5017004493105	1.39783534125648	-2.06963675	3.30559049999999
ulch1241	0.04194014904035	1.4222970613611	-2.716649	2.82469425
ulit1238	-0.486483828445	1.42990506616344	-3.4391645	2.18469
umaa1242	1.188629705005	1.38632694257202	-1.4423825	4.061018
umbu1257	-0.173625689005	1.44505703466114	-3.1382035	2.519735
umbu1258	-0.724482758747	1.21949611871843	-3.255799	1.55640025
umes1235	-0.0081142587525	1.4155993112712	-2.76790625	2.77237425
unua1237	-1.390481440635	1.12704602286958	-3.639372	0.697129075
uppe1275	-0.58016034196	1.17059599308284	-3.02404675	1.70421375
uppe1427	-0.5137736809	1.48249664244893	-3.70328075	2.29893549999999
urak1238	0.4101397537	1.38534159279418	-2.42969325	3.178991
urar1246	0.519374905985	1.37501141754238	-2.09164875	3.41840575
urav1235	-0.735621419055	1.32419329137652	-3.5760525	1.785151
urim1252	-0.18755096331	1.21460151034357	-2.631824	2.249273
urip1239	-1.265594721029	1.14140567401604	-3.60523225	0.864349824999998
urni1239	-0.59916291117	1.47723424000264	-3.70029475	2.110854
utes1238	1.037574661707	1.38020270408345	-1.4845465	3.89056174999999
uuuu1243	1.30019634476	1.38482548996341	-1.25827375	4.20341375
vano1237	-1.112843785455	1.44899919304416	-4.28343425	1.506029
veps1250	-0.3566629752815	1.45397190772044	-3.1425485	2.560183
vera1241	-0.867919647221	1.26190581131131	-3.52524625	1.5117355
viem1243	0.901660617852	1.26864626967064	-1.6164085	3.4416015
viet1252	1.95883753556	1.52121595434856	-1.0223125	5.19451375
vinm1237	-1.354811522565	1.16329381946113	-3.68101	0.795607324999999
vunj1238	-0.1037334407795	1.53450328138503	-3.26232775	2.816751
vure1239	-0.856908970648	1.26076950276834	-3.5681865	1.50780175
vwan1235	-0.317686076425	1.4745207099481	-3.184705	2.56072075
wadj1254	-1.0319573546135	1.42750966893484	-3.98907525	1.5649835
waga1260	-0.375071389725	1.4580922374454	-3.378124	2.35182249999999
wage1238	-0.8360004636705	1.52817490353928	-4.05701425	2.005882
waig1244	1.706537397435	1.4705876517526	-0.82583785	4.859311
waim1251	1.498828798118	1.20060258497466	-0.62965485	3.98394425
waim1252	0.6890431990865	1.2640571762327	-1.8669935	3.181215
waim1253	0.1889603180045	1.46739037624766	-2.553642	3.134861
waiw1244	0.25528206628	1.53122342440829	-2.66623225	3.35674999999999
waja1257	-0.340964713718	1.40102472005629	-3.2811765	2.31928375
waja1259	-0.91730297751	1.33156956839122	-3.786445	1.62650875
waka1274	-0.4224553110405	1.43989553785169	-3.423118	2.2988235
wala1266	-0.4499425941935	1.23392131772934	-3.0297915	1.938581
wall1257	1.605625398445	1.47198661152522	-1.19597925	4.74218525
wamb1257	-1.71442669634	1.31645006906769	-4.43967175	0.706179149999999
wand1267	1.52739343177	1.30042242386393	-0.87788975	4.22746425
wand1278	-0.759864852865	1.44372677278087	-3.57832275	1.9675255
wanm1242	1.48625106294	1.49427893304915	-1.2280945	4.69860425
wara1294	-0.50172682686	1.43738790099197	-3.47589975	2.2959575
wara1300	-0.12170402988	1.44248180739275	-2.99686425	2.595449
wara1303	0.26359587503	1.4503692593268	-2.38828175	3.22429725
ward1246	-0.54113820431865	1.51586228634425	-3.64321	2.383898
ware1253	1.0409455881135	1.27878663241405	-1.26118775	3.70156925
ware1255	0.8923004459905	1.43813909978818	-1.828251	3.789345
wari1268	-0.10079650531	1.46389739703546	-3.15004825	2.782262
warj1242	-0.729761011085	1.37569775522897	-3.55866875	1.9864115
waro1242	1.40904357667	1.3503336817032	-0.99380795	4.454402
waru1265	-0.41898831402	1.43415978027428	-3.42239275	2.28945425
wash1253	0.157245648185	1.33027645260329	-2.53447025	2.74806375
wawa1246	-0.4388300580005	1.36021023855171	-3.1561335	2.16081875
waya1269	0.24854884073	1.41417591061751	-2.5467645	3.2258245
wayu1241	-1.8281865664009	1.30850862311763	-4.54793925	0.502474324999996
wayu1243	-0.7151481758895	1.43247937848957	-3.7141125	2.0411235
wels1247	-0.07852041681395	1.60454357831785	-3.25459	3.0599025
weri1253	0.76541216617	1.13898229887825	-1.34506525	3.150158
west2354	-0.1273985219315	1.47287378937736	-3.09786675	2.774603
west2369	-0.199951746875	1.50351902183127	-3.2681945	2.83152925
west2386	-0.4619964027295	1.46393691882513	-3.706085	2.33693325
west2392	-0.412784667291	1.40647738384812	-3.33021575	2.21634075
west2396	0.745519240339	1.41175774324395	-1.9406405	3.57651525
west2397	-0.220076300334	1.56729352744429	-3.352653	2.93559625
west2415	-1.400892079425	1.19292280822492	-4.01506225	0.771157499999999
west2418	-0.60385332612	1.25503589277104	-3.2331935	1.68150775
west2430	0.887615974285	1.38819511315574	-1.68856625	3.725128
west2441	-0.392539886546	1.53072179372797	-3.59142275	2.46808525
west2466	2.1602066453075	1.36351320991161	-0.347770325	5.12065925
west2516	-0.69779181265	1.47523789998133	-3.75567125	2.04043225
west2519	-0.399682470856	1.427391962608	-3.3472825	2.293551
west2548	-0.5160257992775	1.40403960109994	-3.36095875	2.1987235
west2555	-0.803902101365	1.41576137547488	-3.7788225	1.8422025
west2557	-0.366600726137	1.50887986738069	-3.48115875	2.614264
west2560	-0.5670510308575	1.43720886525712	-3.80899675	2.188417
west2594	1.2288441102825	1.40506372060168	-1.2234	4.384779
west2600	1.4578633293325	1.47779992955267	-1.09055625	4.64899349999999
west2615	0.096802181667	1.4275296657033	-2.81329025	2.9568035
west2618	-0.3528485100915	1.48044418254897	-3.40235025	2.52626125
west2632	-0.6907179425685	1.48344648643681	-3.75309875	2.13067325
west2635	-0.959732547655	1.52411226114624	-4.22985925	1.71357325
west2644	-0.4409678146725	1.45620532989241	-3.3461495	2.449558
west2650	-0.31893833146	1.47553354277941	-3.34176875	2.45236574999999
west2763	-0.02894538068	1.60645961833722	-3.31787275	3.18950225
whit1269	-0.960600583795	1.27657907233793	-3.65366675	1.3964375
wiru1244	-0.826780617505	1.189363811148	-3.214892	1.420286
woii1237	1.406303686115	1.37999508287909	-1.20795825	4.2125695
wola1242	-0.553141174333	1.34690856898985	-3.3997665	1.93493875
wole1240	-0.319451020176	1.43802633312047	-3.20792075	2.3216285
woli1241	1.618538432545	1.4549646944678	-1.009436	4.57346075
wotu1240	0.075694052713	1.34111430297241	-2.638614	2.686355
wuch1236	-0.431427635867	1.39258050233661	-3.28638775	2.151354
wudi1238	1.417499925465	1.46401089632253	-1.13974275	4.384251
wusa1235	1.34080391375	1.47024664574398	-1.34524875	4.47770275
wutu1241	-0.826778836	1.33937291439261	-3.60609175	1.7923305
wuvu1239	-0.521610245784	1.40165548934175	-3.3217785	2.1893605
wyan1247	0.440729237122	1.4426359395093	-2.20902725	3.47691575
xamt1239	-0.118593706245	1.45652653686264	-2.981254	2.70478074999999
xara1244	-0.828495050385	1.4394878171956	-3.7610715	1.9123445
xava1240	0.5993476452965	1.40923377270494	-2.11759125	3.32562225
xhos1239	-0.070856229518	1.56061017764652	-3.07023925	3.00627474999999
xish1235	1.867599114778	1.46645909607186	-0.659300225	5.1865135
xokl1240	0.4876620713479	1.37893657391527	-2.039181	3.385856
yaak1241	-0.150351450267	1.50291002603718	-3.34189925	2.6917065
yaey1239	-0.614157503936	1.47565644072605	-3.788375	2.09121825
yagu1244	0.977408076715	1.37944274137562	-1.5615215	3.97414425
yaka1269	1.613779410055	1.47226433584094	-1.04859525	4.70358075
yaka1277	-0.41808164592	1.50390570620689	-3.6077585	2.50912575
yaki1237	-0.12758573139	1.36527302129563	-2.840985	2.459749
yako1252	-0.627187373097	1.36427662194987	-3.61046275	2.1430235
yaku1245	-0.0880644101945	1.45769875304353	-3.00067125	2.9213875
yale1246	-1.01545655612	1.18147086700961	-3.38748275	1.22500075
yama1264	-0.68408287359	1.45025466954995	-3.794899	1.99030275
yami1254	-0.276660811471	1.49710276645947	-3.27575025	2.68477925
yami1256	-0.0622379101935	1.35652456657136	-2.740075	2.56166925
yamp1242	-1.731669777595	1.33053927581915	-4.530216	0.706592149999999
yane1238	0.16010924393	1.32124753161993	-2.48917425	2.7521405
yank1247	-0.3649470565165	1.41533916890146	-3.278182	2.44211775
yano1261	-0.504591818627	1.372954687673	-3.32412675	2.03893275
yano1262	0.609988861888	1.37195475894419	-1.9696575	3.33783175
yaoo1241	-0.120941754315	1.5474068351981	-3.16913675	2.929224
yape1248	-0.3529683159775	1.48509040337743	-3.29965075	2.4121055
yapu1240	-0.3476440306735	1.15998475454359	-2.659717	1.88541525
yaqu1251	-0.2663321674585	1.41384208020008	-3.10721875	2.48792875
yare1248	1.185636930565	1.16851652070106	-1.002227	3.70392
yasa1242	-0.2748023292647	1.47819736330888	-3.29442725	2.59605175
yatz1235	-0.63287631453	1.41725419991557	-3.64113325	2.108441
yaul1241	-0.20887138374	1.21118801390827	-2.54987675	2.215025
yaum1237	0.074748589103	1.00129588151226	-1.8340165	2.0750655
yawa1261	0.615571562505	1.25841080229298	-1.68324175	3.13615975
yawu1244	-0.61053381128	1.45502317870462	-3.52115	2.247276
yecu1235	0.1822606536235	1.27224808034292	-2.231632	2.67427125
yele1255	0.3156382471675	1.33833917554976	-2.31519375	3.085408
yems1235	-0.749928896535	1.44518613470248	-3.73923425	2.00255524999999
yinc1238	1.01177114988955	1.36932263289737	-1.625937	3.7120035
yind1247	-0.2685223014385	1.42030892588581	-3.1484975	2.4448125
yoga1237	-0.7708831138905	1.42778116541156	-3.80103975	1.91242875
yoku1256	-0.7265680028975	1.43720687290159	-3.74728675	1.918066
yona1241	-0.484199447771	1.40823209101151	-3.42734425	2.2563945
yong1280	0.9583014280675	1.35752713620448	-1.638613	3.77822525
yora1241	-0.166950276635	1.36938246350301	-2.84573975	2.4634935
youl1235	1.077699314129	1.25697695252571	-1.281424	3.717422
youn1235	0.703894367199	1.36733429628018	-1.880383	3.621803
yuca1254	-0.2867918977395	1.45294951797807	-3.308302	2.63651325
yuch1247	0.7107106791845	1.4591160790138	-2.05702975	3.76795
yuec1235	-0.45692152316	1.36083565160387	-3.20486275	2.1713225
yukp1241	0.0411866281955	1.4445351161795	-2.7176275	2.97446575
yulp1239	-0.724848694332	1.36883160800207	-3.519592	1.8642485
yuqu1240	-0.5032655569105	1.37030753448741	-3.2558555	2.188123
yura1255	-0.55099455859	1.35774110205229	-3.2965455	2.091854
zaba1237	0.0938390889205	1.29525218711008	-2.58166325	2.591756
zaca1241	-0.6566332244994	1.19382531167034	-2.9971575	1.66174575
zaca1242	-0.486151831335	1.46472238778331	-3.4384625	2.40392874999999
zaiw1241	1.5589467941455	1.4121069830044	-0.998960675	4.52496625
zakh1243	0.772996611285	1.18239296895455	-1.56660825	3.085756
zamb1245	-0.470650747485	1.47346814498936	-3.466356	2.304431
zani1235	-0.220532147443	1.41329567242538	-3.05542225	2.45797375
zapa1253	0.030799660633	1.35526109255508	-2.65491625	2.6942335
zarm1239	1.0590057982275	1.47275405591321	-1.60887475	4.32664025
zaye1235	1.01652045483	1.36049830348446	-1.529423	3.73971575
zays1235	0.27452542346965	1.34514997349133	-2.4050265	3.02968675
zeme1240	-1.642059512255	1.22121185275623	-4.15107075	0.519079899999999
zenz1235	-0.24250623249	1.40211019330896	-3.053415	2.4816665
zhab1238	0.327253510675	1.28898560173423	-2.26242975	2.965661
zigu1244	1.510543705345	1.44670270257546	-1.07815825	4.6014855
zinz1238	-0.1120851817335	1.55359413183962	-3.3937275	2.8870265
zoog1238	-0.617557469365	1.41700611477326	-3.6169775	2.0696625
zulg1242	-0.876144543408	1.44306996233889	-3.80265825	1.86304025
zuni1245	-0.7741683272995	1.46553133047726	-3.8725385	1.99125975
