Estimate	Est.Error	Q2.5	Q97.5
abad1241	1.96671793609	1.2670953374072	-0.34712895	4.686186
abee1242	0.75839873905	1.41920268486543	-1.8193495	3.84324075
abkh1244	0.9435074615013	1.46172699231831	-1.648511	4.0554285
abua1245	-0.4101433299695	1.21864738284851	-2.8009055	1.9800595
abun1252	1.536485902139	1.45451826200973	-1.0418635	4.64719625
acha1249	1.2176180065185	1.30337128030772	-1.05565625	4.10207975
acha1250	0.5783794804533	1.40114195830458	-2.14958725	3.526297
ache1245	-0.7967187202115	1.43351351890317	-3.73589625	1.777933
ache1246	0.076482190903	1.4407936694314	-2.68719225	2.9185975
achi1256	-0.6376028799	1.45374443915008	-3.6260705	2.1874175
achi1257	-0.3341164452085	1.36367877061577	-3.08298425	2.330288
achu1247	-0.169576196845	1.3976728606178	-2.9417295	2.57165075
achu1248	-0.6718323717145	1.36953623641884	-3.50525875	1.8452425
acol1236	0.411362003693	1.44564294939188	-2.361381	3.4163555
adan1251	2.098169509945	1.38618011637073	-0.395060075	4.88777675
adon1237	1.5905978605725	1.32670378221476	-0.700625675	4.35792925
adze1240	0.300414564844	1.0012715763112	-1.62243525	2.37373125
afad1236	-0.49468179982065	1.56853704272413	-3.74459925	2.5387085
afar1241	-0.07214062893965	1.52328565705338	-3.11587375	2.9040245
aghe1239	-0.981638806898	1.32085012495361	-3.73668925	1.46886325
aghu1255	0.917079702085	1.42082468567202	-1.65372375	3.87369525
agob1244	-0.9326344205755	1.45377625180397	-3.8942965	1.72173225
agua1253	0.714083576155	1.28630233249255	-1.64434675	3.512474
agus1235	-0.64089370933	1.39721125838779	-3.61323225	2.01406925
agut1237	1.186073591673	1.30525763812132	-1.25297275	3.89236475
aheu1239	-0.0135944443505	1.54006920201658	-3.13078975	2.97215775
ahin1234	-0.72302054856	1.39576511608799	-3.74280925	1.91852
aime1238	-0.799344425326	1.30847822299899	-3.50627525	1.59291675
ainu1240	0.4323742962425	1.49656463831741	-2.48697725	3.691873
ajab1235	-0.2627656669085	1.28016310644671	-3.014704	2.168437
ajie1238	-0.849632689079	1.39526136490205	-3.873644	1.60402425
akei1237	-0.6765225128385	1.12256062860758	-2.94788375	1.39704525
akha1245	0.53983499383355	1.15918964236649	-1.6167675	2.98428324999999
akoo1248	-0.69330456006	1.42825477300947	-3.64774125	1.9463715
akun1241	0.454692823296	1.47697537823273	-2.35974625	3.33736175
alab1237	0.3785100080525	1.44953562257126	-2.381275	3.56630525
alab1254	-0.60744820948	1.40101608534607	-3.62382025	2.01498775
alac1244	-0.548427963756	1.30946896202659	-3.211764	1.97219325
alag1248	-0.14358206916	1.49036817259758	-3.269966	2.80029475
alba1269	1.149606612935	1.34329654157625	-1.33170325	4.00464775
aleu1260	-0.330098937115	1.42981498018366	-3.24908725	2.53826875
alor1247	2.1271560491285	1.38605286673912	-0.3533474	5.004402
aluk1238	-0.125803949543	1.50375926075292	-3.1878435	2.899954
alya1239	-0.36938986991	1.50202779555884	-3.42160775	2.51142024999999
amah1246	0.584768569885	1.2818845189194	-1.81553875	3.414755
amam1246	1.27660126381	1.15986009053527	-0.880953	3.73413825
amap1240	-0.76502227511	1.22679131763388	-3.263499	1.564416
amar1272	0.50545428277	1.01589739127952	-1.533516	2.490707
amas1236	0.2907535435825	1.41465137932941	-2.416753	3.114478
amdo1237	-0.56521788391	1.33980395045554	-3.41354575	1.92541775
amii1238	-0.8466989302495	1.39447763226691	-3.75464125	1.7322535
amis1246	-0.1879599698365	1.32201278635376	-2.99610725	2.492373
amri1238	-0.314243176525	1.16289358853878	-2.577889	1.97414949999999
anei1239	-0.6720795918125	1.3684307960945	-3.57006675	1.91202474999999
anfi1235	0.690829486285	1.36938929260135	-1.90636575	3.55347625
anga1288	-0.994057197962	1.12565766464738	-3.370945	1.0590065
anga1290	0.2547115734555	1.06885204666583	-1.7399645	2.40047775
ango1257	0.7116058919905	1.39228827706725	-1.8226575	3.61480425
anta1255	-0.127028666525	1.39222453927066	-2.9192145	2.61667725
anuf1239	0.77775777094	1.35123891045929	-1.65189	3.76002875
anut1237	-0.52195330714	1.38712193948323	-3.29681275	2.16917725
anuu1241	0.042386296761	1.13740314406641	-2.2271875	2.2777245
aona1235	-0.228391875236	1.05934508428466	-2.2934385	1.8983585
aoua1234	-0.17112798375	1.35083908259067	-2.88128225	2.334603
apat1240	0.3504582334365	1.15749326696828	-1.930527	2.6946365
apin1244	-0.951883676355	1.32970754952935	-3.850092	1.426669
apma1240	-1.13721969588535	1.15085089681163	-3.54418975	0.937203999999998
apur1254	0.85102034931	1.4010015948452	-1.780155	3.906739
arak1252	-0.8980806153835	1.09944543197627	-3.13892825	1.110196
arao1248	-0.772697529714	1.42027898219657	-3.7818705	1.784329
arap1274	0.395171948907	1.39671477624475	-2.378954	3.28481025
araw1273	0.130557394963	1.46103638665471	-2.76857875	2.91476725
arbo1245	0.11522209151	1.36239593561195	-2.56325325	2.8088535
area1240	-0.7375584323525	1.32401706104457	-3.60070125	1.688066
aree1239	1.718938557595	1.25114534679813	-0.567469325	4.2647985
argo1244	-0.1000569335492	1.56927491536481	-3.22018875	3.00651824999999
arom1237	-0.194038872755	1.38941038112567	-2.98568	2.39031375
arop1242	-0.7346468027685	1.16529182905406	-3.12126625	1.527787
arop1243	-0.105313140465	1.20289214049482	-2.48175025	2.183091
arta1239	-0.67580599713	1.36316360674993	-3.622008	1.82376
ashe1272	-0.062756002001	1.28696636668695	-2.63987875	2.4883885
assi1247	0.7328266503825	1.40075375680888	-1.9211435	3.64564925
asur1254	-0.100818534564	1.43716594591976	-3.07192175	2.784143
asut1235	0.189064951711	1.43711167762905	-2.72167175	3.03815525
atam1240	-0.76294745356	1.38296360442704	-3.64428425	1.76795175
atay1247	0.332646301812855	1.22666608576187	-2.046045	2.73252275
athp1241	-1.19549444997945	1.18927483883729	-3.626245	1.0385945
aton1241	-0.7260695464905	1.31258111092081	-3.50248175	1.8199915
aulu1238	-1.502570645565	1.11342252298602	-3.827016	0.4576227
auuu1241	-0.89178056356	1.1243257841928	-3.252458	1.1854305
auye1238	1.350615022811	1.37144622058353	-1.02857475	4.445101
avac1239	0.084978254915	1.40374733661184	-2.66866975	2.92959525
awad1243	0.65406317741	1.31659650949213	-1.7476785	3.27313275
awad1244	0.3777014264135	1.1448799905346	-1.820443	2.8065165
awar1248	0.3440151870715	1.02969522646138	-1.70993925	2.48751625
awar1249	-0.596500845445	1.14954189010982	-3.0277175	1.557853
awet1244	0.67957528414	1.23800458556539	-1.706229	3.23162675
awji1241	-0.0678728447922	1.44663212200345	-3.03222225	2.72113125
awtu1239	-1.08048686208	1.12384901879683	-3.35410325	0.9925615
axam1237	-1.42210283859	1.11303026834961	-3.66174725	0.631285875
axiy1235	1.0008430832935	1.38129574598157	-1.44782275	3.9205685
ayac1239	-0.352383448976	1.48328784943818	-3.4912965	2.4471585
ayiw1239	-0.9541910469805	1.39283924922024	-3.9036515	1.58086925
azha1235	0.861190153594	1.27622757249958	-1.37354625	3.66441925
baba1264	-1.063495897675	1.38767590566286	-3.94233125	1.5433055
baba1266	-1.056621875677	1.43173621719664	-4.00905025	1.6658325
baba1268	-0.026082003145	1.28786855044103	-2.64522	2.4734985
babi1235	0.000261347662999998	1.45077504927594	-2.78656975	2.89334225
bada1257	-0.1210808266935	1.52386670020935	-3.08161125	2.84431725
bafa1247	-0.5657858029265	1.42454000214368	-3.58949125	1.97885225
bafi1243	-0.82404335848	1.41476211281748	-4.089965	1.693427
bafu1246	-1.02683785118	1.36975552571445	-3.8858495	1.547686
baga1272	-0.313539075255	1.47383087876589	-3.3820955	2.53863375
baga1273	-0.3382717428735	1.49526129478068	-3.493724	2.54264875
bahi1252	-1.87186228249	1.26896216074941	-4.53918675	0.352124699999999
bahn1262	-0.6310177000255	1.41727791101195	-3.5976355	2.11242299999999
baim1244	0.8327012308935	1.28357276573836	-1.6149945	3.3930405
baki1244	-0.860320695321	1.06562560084172	-2.94574975	1.1516655
bala1311	-0.34655935244	1.36632709176017	-3.1982655	2.23513875
bala1315	-0.279242056025	1.38979225112684	-3.11888175	2.470789
bala1316	-0.55653677217	1.39694599002296	-3.34576575	2.0101515
bali1278	-0.186123294305	1.45890943273123	-3.214482	2.71835575
balo1261	-0.457988045887	1.41639460302685	-3.3500595	2.23187575
balu1257	-1.053014536285	1.36385269765294	-3.91723025	1.41257725
bamb1270	0.015157560345	1.3784955795059	-2.7704135	2.6529265
bamu1253	-1.0162919203802	1.44070332079744	-4.18059425	1.5816215
band1344	-0.6351994914	1.48161435221455	-3.8439525	2.0968205
bang1369	0.47727101716	1.20949743128487	-1.7729775	2.927392
bant1281	-1.46616381263	1.20269084569019	-3.91437	0.8314212
bant1288	0.12904669924265	1.36606579086475	-2.59831325	2.7636475
bara1357	-1.30753088587	1.26126389246376	-4.12835	0.904729399999996
bara1369	-0.059858734425	1.48556121182547	-2.98925575	2.953031
bara1370	-0.53478349023	1.40660314121085	-3.62992325	2.014481
bare1276	0.706866259369	1.41967717909852	-1.83801275	3.8596585
barg1252	-0.490417721341	1.11298758674902	-2.82513175	1.62944625
bari1286	0.4505955915065	1.02223360684266	-1.626962	2.41225925
baro1253	-0.667793129537545	1.14977920992634	-3.07234275	1.5469955
basa1282	-0.290394209528	1.43497396265423	-3.27685225	2.4173595
bash1264	-0.0428789953895	1.43880918891152	-3.0471125	2.7623545
basq1248	-0.2038030174265	1.46679835264724	-3.208283	2.67483125
bata1289	-0.24998256803575	1.43936325901309	-3.2806245	2.5238815
baur1253	-0.4206900145135	1.39575682625933	-3.25331075	2.3276895
bawm1236	0.1614913186955	1.11088226662991	-1.98618125	2.44733225
bayb1234	-0.338605247155	1.50289241074847	-3.40710475	2.54766825
bebe1248	-0.508661938915	1.4972516170282	-3.666262	2.2517395
beem1239	-0.163805445786	1.36574194234513	-2.944669	2.4275555
beka1241	-0.44984403818	1.42749399167167	-3.4812715	2.18343925
bekw1241	-0.5372807281955	1.43019085370254	-3.52755375	2.15733925
bekw1242	-0.2389511405425	1.46301055601873	-3.25029875	2.6788565
bela1254	0.221867688335	1.47813916748214	-2.780681	3.29368275
belh1239	-1.2595449539355	1.17258906393844	-3.596685	1.000046175
bell1243	-0.38473846103	1.37619886957248	-3.3376925	2.16594475
belu1239	-0.150517306845	1.40201185171419	-2.997035	2.5281585
bemb1257	0.08718150376	1.41080382674531	-2.8587975	2.8909545
bert1248	-0.533458623859	1.35055913525336	-3.3894935	2.048835
bhoj1244	-0.3350538994915	1.35467602609473	-3.1687685	2.45868575
biaf1240	-0.048828319895	1.42621003394939	-2.88732625	2.77417175
bian1252	0.8555487450536	1.10213436521971	-1.1664565	3.11305075
biao1253	-0.490788061636	1.42339159926743	-3.42749925	2.24680924999999
biao1254	0.557123271295	1.47718749239681	-2.21956325	3.644861
biao1256	0.139571551056	1.35958784694001	-2.3672555	2.93377475
bier1244	-0.9143483774065	1.06817551739721	-3.006372	1.118177
bign1238	-1.408270466304	1.11413711434327	-3.54720525	0.704931849999999
biha1246	-0.7727417162835	1.369204483828	-3.75122425	1.8313935
bila1255	-0.198399503485	1.40089814342007	-2.97346775	2.4646905
bilb1241	0.0386846839065	1.05776036418416	-2.057079	2.104974
bili1260	-0.032152590665	1.50041819028246	-3.239889	2.85086275
bimi1240	0.3795439621525	1.3112234921399	-2.07012875	3.25532375
bina1277	0.90283682557	1.21001410215516	-1.407116	3.37947575
bini1246	-0.1303173311135	1.40664722015138	-2.92301975	2.58808425
binu1244	-0.8235951540175	1.37465549001814	-3.760361	1.63657125
bira1253	0.22880244321175	1.36019964102378	-2.36079575	2.8747875
bisu1244	0.97367510776	1.25824023387845	-1.38930575	3.59494
bitt1240	0.516030897967	1.28328236900078	-1.87708025	3.11456
blab1237	0.329488592747	1.19263611965793	-2.07523925	2.82442825
blan1242	0.963350533685	1.37972789205865	-1.650861	3.82593875
bodo1269	-0.47726564021	1.25021831604984	-2.939649	1.79752575
boht1238	-0.316707328109	1.52318938524778	-3.47013125	2.65184675
boka1249	0.3861879684385	1.28703347718857	-2.063624	2.926025
bola1250	0.9081486732491	1.15973596645845	-1.28090375	3.19917075
boly1239	0.470209880135	1.3550600362724	-2.2565735	3.20932249999999
bomb1262	-0.7262332001355	1.40379572328345	-3.649974	1.79510275
bomk1234	-0.2798121068575	1.401243677449	-3.18923475	2.4881705
bona1250	-0.68621864424	1.33666065483985	-3.6518535	1.766801
bond1247	0.9632885462005	1.40726279859289	-1.70481825	3.88514775
bong1289	-0.36729330428	1.38845042795476	-3.32406125	2.30481575
bora1263	0.4846974493705	1.3420465562646	-2.12206125	3.162067
bori1243	0.016614515333	1.16416546820708	-2.41930475	2.23047675
boro1277	-0.617062160171	1.3772467589172	-3.47135125	1.9658845
boro1282	0.4918593383025	1.3971530993668	-2.19180025	3.39031425
boto1242	-0.4305231102195	1.40224628085373	-3.3410235	2.215008
boun1243	1.308624274635	1.43770343438647	-1.22315775	4.38472525
boun1245	-0.689839857641	1.22990405929808	-3.19623725	1.70216175
bret1244	-0.0443475442097	1.53899029606294	-3.24091925	2.989097
bube1242	-0.14028555546	1.40562691996796	-3.00658525	2.5649975
budu1265	-0.2772553220175	1.44286692046611	-3.36725875	2.50703675
buga1247	0.5292707793405	1.28565090989832	-1.959209	3.09213725
buga1250	0.9399673349275	1.14275349372921	-1.060009	3.4686555
bugh1239	0.6587873759075	1.17139109683294	-1.56335075	2.94186025
bugi1244	-0.148854547048	1.4417364998478	-3.057699	2.6111615
buhu1237	1.4858159561495	1.33803425376423	-0.86188755	4.34926075
bujh1238	-0.710080771095	1.13265651165985	-3.06669825	1.3714655
bull1247	-0.33930600272	1.49835932377314	-3.39029175	2.521013
bulo1242	-0.433502990932	1.47377965443869	-3.4121885	2.5312535
bulu1251	-0.431387012225	1.54694312527833	-3.64031825	2.4900995
bumt1240	-0.43841825834	1.21742124059545	-3.09252575	1.864173
buna1276	1.595465310841	1.381073181091	-0.825752525	4.68803725
bura1292	-0.8472564025285	1.37083538777353	-3.7966435	1.63952925
bure1242	-0.085817462074	1.4535467583178	-2.99533025	2.744429
burj1242	-0.189459862725	1.55946478676385	-3.27632525	2.87628
buru1320	-0.056647861863	1.43661862790054	-2.92820825	2.75058725
busa1253	0.238928622365	1.39957605220441	-2.5523395	3.18644925
bush1247	-0.131689086875	1.38972351533175	-2.94897225	2.6583965
buwa1243	-0.884788244965	1.44680433273073	-3.876123	1.93984675
bwai1242	2.00797312248	1.31882662089944	-0.38457825	4.8242685
bwat1240	-0.7715198666025	1.41434648063834	-3.765144	1.698017
byan1241	-0.0127333702155	1.22759999090582	-2.450606	2.3243875
caac1237	-0.63923578089	1.38345691818711	-3.60457475	1.98942625
cabe1245	-0.5608481394835	1.42642643589826	-3.55623675	2.30356875
cacu1241	-0.245893280536	1.25947043545141	-2.75514375	2.23039425
cahu1264	0.8046044322475	1.39026847265541	-1.824136	3.56293574999999
cakf1236	0.2902597618375	1.4005625185014	-2.43997875	3.11683
cald1236	-0.83422744829875	1.41265756707177	-3.82865025	1.8514505
caml1239	-1.7812722836	1.26193342999169	-4.5701825	0.494304249999999
camp1261	-0.0896499322	1.50905895859291	-3.078372	2.90842725
cane1242	-0.9449474672615	1.40450449137695	-3.94680525	1.59657075
caom1238	0.06502157206	1.30184292948624	-2.55772925	2.709526
capa1241	0.5839346893575	1.33497166198133	-1.9592055	3.5036985
carn1240	-0.028366273555	1.42623369349351	-2.84581	2.78868349999999
caro1242	-0.4474332146905	1.40243922658046	-3.35712075	2.09281675
cash1251	-0.6306209357705	1.35092110722956	-3.43053175	1.8905715
casi1235	-0.550879935829	1.38420014831828	-3.66329425	1.991484
cayu1262	-0.6360217657445	1.39852297170105	-3.4140315	1.909759
cemu1238	-0.7764313288195	1.37745776330806	-3.668434	1.804365
cent1989	-0.318471854675	1.48660442805939	-3.39354325	2.522814
cent1990	0.015539123449	1.48386991051133	-2.91316425	3.1378095
cent2004	1.946792237455	1.4319511080596	-0.54706845	5.05162375
cent2050	-0.598513689764	1.48288081423795	-3.71700125	2.26182825
cent2084	-0.576334779255	1.42518518128724	-3.6034555	2.0535275
cent2087	0.7622863993385	1.35677371673135	-1.7846045	3.71014175
cent2126	-0.0996405109675	1.46696916232049	-3.1242505	2.7889945
cent2127	-0.278775662021	1.44570213363527	-3.30812225	2.354012
cent2131	1.610780334245	1.47787720589013	-0.909996475	4.82069775
cent2140	-0.555810951439	1.35033479186907	-3.33501	1.9029005
cent2142	-0.28460839552309	1.48812713353837	-3.4190415	2.65949975
cent2292	-0.7885849452245	1.29745985197771	-3.536128	1.61600575
cent2314	-0.18080737714	1.43812995673731	-3.066402	2.45535024999999
cent2322	1.108320976355	1.41549544679889	-1.45531375	4.21887899999999
chac1251	-0.790591513592	1.3622116720172	-3.7104525	1.8028595
chak1270	-0.209581442835	1.20189696753123	-2.58359875	2.059563
chak1271	1.66334452256	1.42377208665412	-0.914739375	4.7825525
cham1312	-0.297326526809	1.47020542652723	-3.27076375	2.4620945
cham1315	0.441054371954	1.34109985922829	-2.16670375	3.1109825
chan1313	0.0763822494155	1.04080068353168	-1.94893275	2.18090975
char1269	0.4470495620395	1.31381399758185	-2.0279565	3.2074655
chas1234	1.906838748445	1.46573898451426	-0.5325719	5.0238175
chek1238	0.479002675577	1.18181103970511	-1.783399	2.90767725
chen1255	-0.1171454289656	1.49704900018627	-3.1219055	2.9313735
chep1245	-1.1375442697	1.18469710406869	-3.67333025	1.0348545
cher1273	0.724148264289	1.43981803808925	-2.01254025	3.70123625
chey1247	0.5775937327637	1.50840197260105	-2.22476925	3.8322815
chic1270	0.48628481819	1.43044482814449	-2.21408575	3.43097125
chil1280	-0.008093565444	1.3794881697223	-2.74987475	2.666457
chim1302	-0.6323094549035	1.42583234407595	-3.62620325	2.09260075
chin1286	0.56475809837	1.39018056279657	-2.074635	3.472783
chip1241	0.2970711125035	1.43079581786201	-2.45320175	3.24823675
chip1261	0.210462166667	1.49495509768485	-2.69975875	3.43626575
chiq1248	-0.698878913713	1.42778145397519	-3.7235605	1.98450725
chir1283	-1.50975749791155	1.15550906476617	-4.02847675	0.543214674999999
choc1275	-0.621938892474	1.22873271665118	-3.18248125	1.628753
choc1276	0.519471732403	1.38306903839128	-2.25522175	3.4889185
chon1284	-0.219109860455	1.46464396701515	-3.39350725	2.602506
chot1239	-1.153811585972	1.13198128291136	-3.56541825	0.890274649999996
chra1242	-0.296139974	1.53418332788588	-3.47984125	2.75564525
chug1252	-0.378672921033	1.21978609695694	-2.86836375	1.871433
chuj1250	-0.77402749454	1.47737788121806	-3.95102925	1.999174
chuk1273	-0.319473176035	1.45798552599044	-3.35793825	2.496405
chuu1238	1.168800660142	1.33558752940206	-1.21750025	4.040765
chuv1255	-0.41013495433	1.41100553123897	-3.3289915	2.35077125
chuw1238	-0.0703279308365	1.51355589208554	-3.12989975	2.8951165
cici1237	-0.0232839663895	1.36994177113161	-2.74363	2.6304075
coat1243	-0.77399735635	1.37486145662484	-3.695042	1.86329775
coca1259	0.4652548149	1.43620269803056	-2.190791	3.41182775
coeu1236	-0.6142628219915	1.42475622300276	-3.5956735	2.09679725
cofa1242	-1.1375799735035	1.42055453354942	-4.21805525	1.42704925
colu1241	-0.16681674958	1.42935112917102	-3.0197835	2.65228825
coma1245	-0.5831944528405	1.45147258785145	-3.69591475	2.17559374999999
como1259	-0.4670152886585	1.42796175006725	-3.50896875	2.13299025
cori1240	0.0041643893835	1.4525398438126	-2.9605165	2.90119975
cors1241	-0.083077648015	1.49017997388846	-2.9887905	2.86816275
cosa1234	0.6878924483085	1.25353599093419	-1.64156675	3.322897
cota1241	-0.6089097529055	1.39972040141331	-3.56593275	2.03698875
cree1270	0.47709144564	1.47070260877071	-2.358991	3.45186175
crim1257	-0.06933099619	1.52738180131282	-3.1562145	2.984599
crow1244	0.64776545725	1.40184669966258	-1.870451	3.71448075
cube1242	-0.460013747910175	1.35866599040866	-3.30140225	2.15180775
culi1244	-0.935525550882	1.39248244943473	-3.98750225	1.5925915
cusc1236	-0.409676129395	1.45500989182173	-3.39069175	2.45040275
czec1258	-0.146105043644	1.48996299371359	-3.20445475	2.8211465
daai1236	-0.614918698165	1.23716250917	-3.328887	1.76423225
daas1238	0.1036870738065	1.52329163727483	-2.87073125	3.1539645
dadi1250	-0.614568159115	1.19420721843325	-3.1248705	1.7731165
dagb1246	1.4571578150245	1.43771219896056	-0.98942615	4.56417775
dagi1241	-0.7235175990215	1.45354394085498	-3.8210195	1.989412
daka1243	-1.343811265841	1.08384174138179	-3.60740325	0.644615299999999
damp1237	-0.292632339002	1.40824129102578	-3.3228575	2.42337825
dana1252	0.83725796037	1.31606158067621	-1.61909975	3.72229375
dand1238	-0.0888744369785	1.58352927080302	-3.21061975	3.1181165
dani1285	-0.092745309508	1.50007374033082	-3.0170095	2.846616
dara1250	-0.510757840873	1.20115912617943	-3.08149075	1.76519225
darm1243	0.0205117715295	1.22057903415025	-2.4062035	2.31728325
dawr1236	-0.1224362966765	1.31121695750851	-2.7965105	2.4695385
daza1242	-0.1405298241735	1.45757631558412	-3.0827115	2.74233599999999
defa1248	0.324658853293	1.34413244367961	-2.3061315	3.05181225
dege1246	0.13032548884	1.38680165308243	-2.580682	3.00253675
dera1248	-0.91370041668	1.31220866685549	-3.703516	1.50880025
desa1247	-0.322019304596	1.24025590600035	-2.829557	2.05130575
dhao1237	0.241157191775	1.20234820305857	-2.20774425	2.5833755
dhar1247	-0.2309895059345	1.41748885472821	-3.135247	2.53096874999999
dhim1246	-1.26309223315	1.30607626228244	-4.09613125	1.03044875
dibo1245	-0.453432578535	1.37054504507172	-3.17529725	2.12173475
dier1241	-0.2476361754695	1.4027019573371	-3.0736965	2.5959285
diga1241	0.748007566306	1.2115684996583	-1.46122	3.2235305
digo1243	0.444380579828	1.3795284470047	-2.261272	3.36941925
dima1251	-1.18560365391	1.28878877116802	-3.949322	1.19465875
diri1252	-0.138331914375	1.46595832393453	-3.1712585	2.69107175
djam1255	-0.5296970976475	1.48696265723465	-3.49217375	2.2928755
djee1236	0.114500111642	1.40446175416073	-2.634083	3.06896675
djeo1235	0.15935616179365	1.31031132850092	-2.3548185	2.8861855
djin1251	-0.23451004358	1.53173444672896	-3.352557	2.8311475
djin1253	0.677133453297	1.42369663852481	-2.078666	3.691261
dobu1241	1.935555043255	1.36575270716511	-0.512559225	4.9215135
doma1260	-0.3859831537415	1.45054796480102	-3.57903075	2.3868905
domm1246	-0.2577489815485	1.16178709279641	-2.7039585	2.02040475
doro1266	1.294693285384	1.14863874654595	-0.879955075	3.669904
drun1238	1.40682463807	1.36165756487628	-1.02367075	4.341619
dumb1241	-0.6355095123653	1.42023388197298	-3.61153125	2.102662
dumi1241	-1.825041754043	1.29060360186417	-4.64867975	0.485743174999997
dusn1237	0.867509676443625	1.243938336564	-1.5244105	3.41927075
dutc1256	-0.1252270569095	1.46025922741881	-3.1056095	2.81157925
dyir1250	0.593942624695	1.36766415130701	-1.9492415	3.4463335
dyul1238	1.79273999348	1.32564458817759	-0.50119685	4.61556275
dzao1238	0.461718938387	1.43333480095216	-2.34933525	3.4052865
dzon1239	-0.75118674513	1.30186284710194	-3.54281225	1.6958305
east1236	-0.30289817695	1.5658788803828	-3.52234675	2.733584
east2328	-0.468184603545	1.42011243892314	-3.3905155	2.28532875
east2332	-0.1210576248665	1.48789647993199	-3.234045	2.73547475
east2342	1.0090207439275	1.35519022948109	-1.48278025	3.93523574999999
east2379	-0.38651187124	1.40074462059551	-3.2559535	2.29303475
east2443	-0.836318852707	1.14213966172625	-3.2581715	1.3703415
east2447	-0.134084790865	1.35674944049522	-2.97832325	2.53558525
east2485	-0.54770664104	1.38770147584853	-3.45600075	2.0152585
east2516	-0.988003446785	1.2316484831934	-3.48706675	1.292815
east2555	-0.001063958265	1.48854115537052	-2.8687395	3.01317225
east2556	-0.319608528904	1.252858990155	-2.862915	2.1031605
east2690	-0.060098437745	1.52828821353514	-2.956773	2.95782075
east2773	-1.88220431683	1.28615341319191	-4.614544	0.314503349999999
eipo1242	-0.318931269375	1.30501698395115	-3.045721	2.1802635
ekar1243	1.42653624072	1.44631882848811	-1.0077015	4.57611275
elip1238	-0.76684066453	1.40282030629319	-3.98823225	1.66595375
elna1235	0.2774934900555	1.29541699255308	-2.2655695	2.93302125
emae1237	-0.426634823365	1.11713034798201	-2.602492	1.8306465
emai1241	-0.189393151415	1.39488915822693	-3.03786175	2.548112
enuu1235	1.196295391519	1.31408539212031	-1.23647975	4.00940875
ersu1241	-0.913298197708	1.27497348796342	-3.56299825	1.4856365
erzy1239	-0.34163583401	1.41370172894965	-3.37082325	2.4643225
esee1248	-0.7935461750339	1.36512527557761	-3.820961	1.69511325
esim1238	-0.8956432105315	1.3431476267337	-3.79373975	1.53996625
esto1258	1.72688762422	1.39090504855325	-0.764912875	4.70521374999999
even1259	-0.203260428986	1.44848490128134	-3.26023825	2.80126325
even1260	-0.13518038625	1.45312034830764	-3.0817415	2.79593975
fala1243	0.0634838587258	1.29656764997732	-2.56328525	2.70288925
fare1241	1.0877268999585	1.35859078497933	-1.33278775	3.81776775
faro1244	-0.0722430216343	1.51419243297428	-3.25933125	2.76362825
fass1245	-1.0590382122195	1.24082317546165	-3.61558625	1.2749345
fasu1242	-1.054330754492	1.30518653766783	-3.82987875	1.36832325
fiji1243	-0.394624830455	1.32850032952259	-3.20976875	2.134307
fili1244	0.30988859607	1.33540550990861	-2.396603	2.976868
filo1235	-0.170574335785	1.18290644728449	-2.68465475	2.17552325
fina1242	-0.799784744765	1.30856745719246	-3.59882025	1.60912925
finn1318	-0.3542546918645	1.38814209580994	-3.19971975	2.4011015
fipa1238	-0.1324301631125	1.42964774701792	-3.01369225	2.7356185
fonn1241	-0.2613856733	1.27245430281973	-2.958591	2.11750275
fore1265	-0.17130034707	1.43061443651263	-3.0838415	2.5512855
fran1266	-0.7558551776785	1.46387926896691	-3.9605155	1.83830225
fuln1247	0.50248230277	1.42910459319375	-2.27119475	3.3710455
furr1244	-0.2580888562385	1.40783031120765	-3.11950325	2.58590874999999
furu1242	-1.0346458637385	1.38898213909323	-3.996232	1.522126
futu1245	-0.651563209935	1.41285863224918	-3.71898225	1.99083875
fuyu1242	1.488534253945	1.18898169401718	-0.73982075	3.97878275
gaaa1244	0.818485735988	1.44498348739818	-1.8036945	4.01627375
gaan1243	-0.8640630758205	1.46968485269214	-3.95331325	1.85390775
gada1258	-0.7660759505625	1.3662956163254	-3.6299385	1.80368775
gade1242	-0.237745759135	1.44093043264621	-3.37522525	2.436442
gaga1249	-0.0544558214035	1.43629203979417	-2.976149	2.8284245
gahr1239	-0.795169640597	1.38710117759728	-3.8923435	1.78239225
gala1264	0.2011710522	1.38507849658361	-2.54139975	2.87490575
gale1259	1.056889345189	1.48849265737098	-1.56255575	4.22071524999999
gali1258	-0.0580639576235	1.47927383297863	-3.00950225	2.821009
gali1262	0.2825345824365	1.39579140221076	-2.4349475	3.1435355
galo1242	-0.129200794565	1.20217217015008	-2.495967	2.184829
gami1243	-0.266806456645	1.39360660424034	-3.16118325	2.4566245
gamo1243	0.1127897004405	1.36165351240478	-2.555637	2.93163175
gang1266	-1.212902270395	1.12294884097274	-3.66203875	0.8173382
gant1244	-0.107592516238	1.17524479983036	-2.41421125	2.265127
gapa1238	1.54347021990512	1.22263284946894	-0.746080925	4.071864
garo1247	-0.7500606971032	1.31835952660781	-3.51876925	1.8900775
gayo1244	-0.2785550781015	1.43751791907747	-3.2101375	2.3743855
geba1237	1.208635536225	1.37215043259156	-1.161777	4.21762525
gebe1237	1.59531451027	1.44557982178268	-0.875568375	4.78809125
geda1237	-0.0936402446565	1.06443594118828	-2.30120525	1.99718025
gela1263	0.1399439426915	1.15666833619749	-2.22488225	2.5311235
geru1240	0.305199725595	1.44899193593953	-2.5795005	3.2085895
ghan1242	0.090239772655	1.29104479497709	-2.56156	2.6974145
ghar1239	0.16943854405	1.22364324353162	-2.2804175	2.62068575
gheg1238	-0.23109204725	1.44306303400857	-3.199085	2.47004125
giiw1236	-0.0647379591525	1.41583011869228	-2.8584805	2.70845725
gilb1244	1.132470860615	1.3373691828681	-1.15204875	4.186236
gily1242	0.5032152117575	1.41384724630072	-2.13560975	3.365879
gira1247	0.0095451346201	1.05854284942018	-2.06727525	2.23867975
glav1244	-0.742458819275	1.47317512808	-3.81360575	2.00471575
gofa1235	0.181133958625	1.34705059673643	-2.4358	3.03067
gogo1265	-1.112344315075	1.34317038542155	-3.9974035	1.37122975
guah1255	0.765156929247	1.41141909272988	-1.795128	3.817596
guam1248	-1.164333988154	1.32997669414155	-4.0302885	1.24204775
guan1266	-0.17692635135	1.26878081666717	-2.67289925	2.4041465
guan1269	-0.1784339165205	1.31025850448237	-2.6559315	2.5083445
guat1253	-0.280177691746	1.42845513830885	-3.22875175	2.49659675
gube1234	1.1484806037075	1.42033735392713	-1.445392	4.131379
gude1246	-0.944271291303	1.46480170202964	-4.01413475	1.81917625
guer1243	-0.42878929268	1.28718414813657	-3.05220975	2.0824065
gugu1255	-0.39778519587425	1.3908764459	-3.29580425	2.25615
guhu1244	1.22784959828	1.19477575156691	-1.01895725	3.68038225
guiq1238	-0.6631788749045	1.30079957646597	-3.33006625	1.77079425
guma1254	1.923925974135	1.36829668392638	-0.513289575	4.92277625
gunw1252	-0.238399153265	1.41776026492089	-3.17500225	2.493632
guny1241	0.815662517735	1.41844508545784	-1.84445075	3.874014
guri1248	-1.2673963329986	1.16407478623461	-3.705472	0.8893869
guru1261	-1.903778608746	1.27804694652179	-4.5722995	0.407806199999999
guru1271	0.431326140283	1.36542563732126	-2.286394	3.30388975
gusi1247	-0.2720088518975	1.38050231526325	-3.157113	2.33577325
gwen1239	0.02813032898135	1.41414598614499	-2.81355875	2.77622499999999
gyel1242	-0.298379312468	1.43277761571816	-3.27456725	2.39316275
haaa1252	-0.127527940154	1.48520121601253	-3.180562	2.86901825
hadi1240	-0.62004249494725	1.40142725661747	-3.6470775	1.9541075
hadz1240	-0.22008731525825	1.46973889766012	-3.23723825	2.7092195
haka1240	-0.0204513266456	1.20298508146348	-2.44945075	2.37658525
hakk1236	-0.440931345005	1.43310139014242	-3.411784	2.2739075
hala1252	-0.5537057261816	1.44446812021746	-3.5674175	2.19973475
halh1238	-0.1257801262205	1.489107080524	-3.20852	2.798483
hali1244	-0.41407350339	1.23881567781846	-2.893296	1.97134975
halk1245	-0.437197206193	1.40975303902284	-3.261285	2.09418225
hame1242	0.17392123953	1.39876871921356	-2.65403325	2.9444865
hang1263	-0.1311699602905	1.18335127275334	-2.4670555	2.3793335
hani1248	1.0030992257256	1.3235613882218	-1.54689225	3.83581925
hano1246	-0.90189163164	1.16190103030116	-3.34964075	1.2597305
haru1245	-0.217915912279	1.18132120761757	-2.47759475	2.0501115
hava1248	-0.557136626722	1.39053031987635	-3.50191225	2.0676325
hawa1245	-0.190292426795	1.45440986316347	-3.04240625	2.55878325
hehe1240	-0.1651975567595	1.48924412032098	-3.0732245	2.54572174999999
hela1238	-1.741111232935	1.32859131981302	-4.70299225	0.611150149999998
here1253	-0.1500296480165	1.41357449728735	-3.20154525	2.5657645
hida1246	0.548539214055	1.38169522688809	-2.02846525	3.44562075
high1276	-0.3139371379515	1.21497596927482	-2.85667625	2.03767475
hind1269	1.249338526895	1.41705785697332	-1.296575	4.380478
hixk1239	0.3282757570245	1.46094158186929	-2.44274675	3.5128075
hoaa1235	0.354334182175	1.42728185008244	-2.51272375	3.2910545
hoav1238	-0.042935359822	1.23336868404479	-2.4782415	2.35134275
hone1235	-0.298908745845	1.3222128337317	-3.0087825	2.247526
honi1244	1.231793393147	1.33853182890181	-1.14232525	4.097746
hopi1249	-0.51138606139	1.30632856106866	-3.33208525	1.953773
horp1239	-0.370175401555	1.2866013413012	-2.96190875	2.05706025
hote1245	0.893781680035	1.04754122599128	-1.0125215	3.03814775
hozo1236	0.0611220263	1.36208104884753	-2.56461425	2.75593625
hrus1242	-0.02046203955	1.2017006102522	-2.430281	2.32945025
huaa1248	0.512797086974	1.4760456075434	-2.43574525	3.42722225
hual1241	-0.298516569915	1.2760624818653	-2.80513925	2.09533275
huam1247	-0.542528186176	1.39428906192141	-3.5087	2.1544975
huar1255	1.19010305372603	1.39007518064933	-1.2436285	4.268711
huas1242	0.456989672797805	1.35020261931816	-2.179595	3.215932
huba1236	-0.885736177139	1.50754264765898	-4.1141385	2.03105025
huic1243	0.652414942446455	1.37144236259979	-1.86012975	3.358618
hula1239	1.220721503074	1.21234011376654	-0.957741625	3.785198
hula1244	-0.073534786733	1.50354738400338	-3.148121	2.89308575
huli1244	-0.610264737935	1.30878420098382	-3.17999475	2.0156835
hung1274	-0.260550652125	1.4767486120166	-3.24745475	2.523932
hung1275	0.2431446440555	1.48490003351031	-2.726277	3.3295475
hunz1247	-0.311707431491	1.43564225788859	-3.2582135	2.4636795
huuu1240	0.9163178003625	1.2692594055835	-1.3467335	3.584491
iaai1238	-0.73254245473	1.40754044491386	-3.62825225	1.890218
iatm1242	-0.0858184253945	1.19179826235735	-2.27586075	2.41247975
ibal1244	-0.7298198893395	1.39208953134419	-3.77746625	1.7830755
iban1264	-0.369130905965	1.46046298059971	-3.336042	2.44654425
iban1267	-0.6479586025545	1.37138392337581	-3.618885	1.8966585
ibat1238	-0.364624442077	1.45778023931492	-3.3690535	2.359175
ibib1240	0.0060658262792	1.3944659155914	-2.73819525	2.7899585
icel1247	-0.1106222041475	1.48953069106247	-3.06376075	2.8027735
idii1243	-1.075558775515	1.40648171990161	-4.00719825	1.565696
idom1241	-0.3146363905565	1.43962576158557	-3.2522815	2.4663715
idum1241	-0.42005201550985	1.30785711010599	-3.16032525	1.98100274999999
idun1242	1.965412896895	1.33271382721106	-0.4120172	4.83481775
ilaa1246	-0.1374875347332	1.49663985288534	-3.1404275	2.74638475
iliu1237	1.351846912705	1.35116720024238	-1.07072775	4.38996825
ilon1239	-0.695328384036	1.35326760638246	-3.567442	1.793333
imba1240	-0.841359250185	1.41822677964031	-3.84699475	1.738373
inga1252	-1.005740859416	1.37048511577966	-3.89254975	1.47919975
ingr1248	0.038916241525	1.40112703245031	-2.89658725	2.873959
irar1238	1.300300682695	1.31784340776585	-1.13666375	4.065697
iris1253	-0.063293419155	1.48148539595575	-3.0228535	2.893285
irul1243	-0.0338061533275	1.5728175952189	-3.2827685	3.05872825
isco1239	-0.4996683875015	1.3842004519408	-3.48163925	2.16988025
isin1239	-0.7337478624175	1.38010839452931	-3.66819425	1.8530075
isir1237	0.1799495554015	1.24561109773134	-2.20929	2.67934274999999
isna1241	-0.560376077305	1.50374869740637	-3.69672375	2.382283
isth1240	-0.605687588377	1.23629356965488	-3.13416275	1.67838999999999
isth1241	-0.37705498592	1.23075365754453	-2.97732575	1.91691825
ital1282	-0.08984197809	1.48685417057171	-3.2204695	2.77442325
iton1250	-0.0022666984075	1.24221933069579	-2.56370025	2.41782899999999
itza1241	-0.39162528046	1.45547344282293	-3.49455875	2.436212
iumi1238	0.490409609067	1.26103270371187	-1.839016	3.19912775
ivat1242	-0.29259457815	1.46567292047564	-3.466773	2.46833474999999
iwal1237	1.0759474421465	1.10862937993207	-0.951256525	3.3810425
iyoo1238	0.35219886607	1.08909742297187	-1.75651175	2.634151
jahh1242	-0.4200066858005	1.42675906298866	-3.317936	2.294426
jalk1242	1.75992104729	1.37122110214016	-0.68364955	4.72498625
jama1261	0.922016008845	1.35694319238471	-1.46044225	3.79274524999999
jamb1236	-0.215675584658	1.36463991072146	-3.01026775	2.2768255
japh1234	0.30533205447695	1.24818121601304	-2.10521975	2.915819
jara1266	-0.74058018205	1.40992166167355	-3.63916025	1.83171375
jede1239	-0.2757822986045	1.42082800299428	-3.218229	2.65030224999999
jeha1242	-0.24633982634	1.41561119129854	-3.1503255	2.58057925
jehh1245	-0.447519080054	1.50978923752622	-3.48587625	2.59387275
jeru1240	-1.758339583695	1.2647862060131	-4.48139525	0.559057099999999
jiba1237	-0.4047046873835	1.28512789224521	-3.13056675	2.098107
jina1244	-0.61470154085465	1.4923290656819	-3.79786325	2.195335
juku1254	-0.529765462695	1.31152455846838	-3.25947025	1.93178325
kaba1278	-0.1692410190365	1.46957792064179	-3.177856	2.55497225
kach1280	1.361509007436	1.30940775699717	-0.95078475	4.114076
kach1284	-0.725419533154	1.33777083316325	-3.35858575	1.8482075
kada1242	-0.1106888925058	1.50609213346095	-3.170421	2.7744945
kado1242	1.1502262660205	1.27504012471586	-1.2078705	3.8627025
kafa1242	-0.1507912877825	1.3271876732541	-2.89031725	2.40085025
kaga1256	1.301904351765	1.34854703100016	-1.25720625	4.00456224999999
kagu1239	0.2474221388645	1.45368260559558	-2.661858	3.0671885
kaik1246	-0.723292557495	1.3545348762077	-3.54017575	1.6847035
kaki1249	0.1594611598055	1.23518693950891	-2.21751175	2.700411
kala1384	-0.033229602636	1.45336256907958	-2.99363725	2.763907
kala1388	-0.70757029209	1.3258811725178	-3.607091	1.7945165
kala1399	-0.2644969596555	1.41785806415131	-3.11522425	2.40385499999999
kali1308	-0.455861662245	1.49632094481819	-3.51386325	2.37822775
kalm1243	-0.1239392215505	1.50849282752822	-3.264872	2.750599
kama1370	0.0802834821415	1.07366628761654	-1.932486	2.23853925
kamb1297	-0.1642196682362	1.45683269769105	-3.14752475	2.62565725
kamb1299	-0.56547930112585	1.42672108126938	-3.522902	2.05643325
kamm1249	0.2234529872155	1.22898268135839	-2.2237035	2.67785474999999
kana1286	-0.0540514066865	1.19547688638829	-2.49712525	2.3617615
kana1291	-0.57882482668	1.43377906480185	-3.56064425	2.13877775
kani1286	-0.02529984364	1.09354960668438	-2.0716965	2.186644
kank1243	-0.76317147386	1.30242490766646	-3.54540975	1.61502825
kaqc1270	-0.5820726171735	1.44267953027584	-3.6092765	2.1115565
kara1476	-0.6959070673545	1.35540024497466	-3.55854425	1.79637025
kara1486	-0.60532872978755	1.20131191204532	-3.04855575	1.7343945
kara1487	-0.77150355143	1.35014213041898	-3.64652125	1.69275575
kara1500	-0.771456800619	1.34177681043083	-3.4956725	1.63911875
karb1241	-0.987186986497	1.26867955802076	-3.703239	1.38125525
kare1335	-0.337146798322735	1.43758299447453	-3.33360825	2.39140575
kare1338	-0.5233119015955	1.40957250895337	-3.54289125	2.15730975
kari1306	-0.24615078061035	1.42971617601762	-3.17668325	2.6219695
kari1311	0.1257635568665	1.45658800749568	-2.65063775	3.03344575
kark1258	-1.10015980586507	1.22218676655755	-3.566751	1.17471874999999
karn1252	0.043504164244	1.08560231888068	-2.09867125	2.24907325
karo1304	0.628366983135	1.41237866015977	-2.0690475	3.55956649999999
kash1277	-0.443300081489	1.48709466361993	-3.54739025	2.4435535
kask1239	0.220965996641	1.40160389939395	-2.57225325	3.08442899999999
katb1237	-1.543775850105	1.12169342537882	-3.8746845	0.446690624999999
kats1235	1.32177944479	1.42822976716873	-1.320392	4.3890525
kava1241	0.190143862455	1.29129390695192	-2.3902335	2.7917785
kaya1315	1.250165577155	1.38695407214928	-1.257165	4.291894
keap1239	1.19033192662	1.19592805619949	-1.01308125	3.707601
keig1242	-0.231725431025	1.45027349763142	-3.1199935	2.51674575
kele1258	-1.0459973067755	1.3448439947482	-3.90085475	1.3547935
kemb1249	-0.51058185232	1.34673411922175	-3.460831	2.055786
keme1240	-0.85311785929	1.30199480091788	-3.5877565	1.556626
kens1248	-0.1695552882742	1.48669748086462	-3.10580575	2.937197
kenu1236	-0.1074614013095	1.46274243136692	-3.056782	2.83111
keoo1238	-0.459073336615	1.30938720568637	-3.21989	1.965253
kera1255	-0.7721605868345	1.47567707488164	-3.9922715	2.03605625
kesa1244	0.323796477977	1.0630105526366	-1.69092375	2.46439225
kett1243	-0.2978045660597	1.48570535805265	-3.2649855	2.69724875
kgal1244	0.1394773723095	1.44717018041098	-2.92550875	3.04593325
khak1248	-0.1444260126215	1.51271263571692	-3.20866875	2.8110195
khal1275	-1.5085219150765	1.27408571717518	-4.06963675	0.854946049999999
kham1282	-0.432459174126	1.38121423994546	-3.268852	2.02233375
khan1274	0.5258115091	1.34880034461588	-1.96029125	3.452606
khan1277	-1.17243411145	1.09917748245759	-3.4385155	0.84445975
khan1278	0.27725239837	1.33227850037994	-2.32295525	2.9991085
khas1269	-0.5150628005474	1.39625755074722	-3.35579725	2.04167175
khez1235	-1.24904417572575	1.10146457894472	-3.57361375	0.711743599999999
khmu1256	0.413670448247	1.3781060804052	-2.1964375	3.3289555
khum1248	-0.034332625790155	1.19784814821669	-2.410305	2.37538925
kich1262	-0.5980908976685	1.4402309660961	-3.55857425	2.13470825
kiku1240	-0.1871683404877	1.54154124571184	-3.3526785	2.84158925
kile1243	0.041099926635	1.47174948041049	-2.98565925	2.96215025
kima1246	1.2974247973885	1.42450188588393	-1.1268385	4.4428105
kimm1245	0.539117176793	1.25818190764743	-1.8470895	3.16462575
kina1250	-0.044613332555	1.38649312013574	-2.9291915	2.58314225
kinn1249	-0.78112798121	1.4209271298791	-3.8008265	1.748349
kiow1266	-0.73071787578	1.43717842123926	-3.83772025	1.986057
koda1255	-0.13298282073	1.52158107530042	-3.15497775	2.90955225
koho1244	-0.5754400657775	1.4064036297675	-3.3004615	2.1316535
koir1240	-1.601367318148	1.18462448493203	-4.0701175	0.43891795
koit1244	1.92056326686	1.2987200248278	-0.381448925	4.778803
koka1244	0.980983845245	1.39693402224431	-1.527459	4.039345
koko1269	0.282169021034	1.23867517700244	-2.28747275	2.65772475
kola1285	1.12318202736	1.41351152465178	-1.41595925	4.1466005
kolb1240	-0.546077686091	1.35956289878991	-3.38601925	2.036816
kolc1235	-0.400714947158	1.45374045412931	-3.45336425	2.348875
kolu1245	2.051053471765	1.33993334139981	-0.3677527	4.9215825
komb1274	0.712877420636	1.39867882196734	-1.87528375	3.59236599999999
komc1235	-1.04901097316275	1.34084146096699	-3.772133	1.426125
komi1268	-0.2116645299325	1.413807214505	-3.18803675	2.44196249999999
komi1269	-0.243285323389	1.45651382550614	-3.088397	2.5463095
komi1270	-1.46072865026	1.21192877601722	-4.167963	0.711279524999999
komo1260	-0.02591702084	1.44492806168389	-2.89746875	2.83147775
kona1242	0.238352462373	1.32762323576959	-2.28583175	3.13433725
konk1267	-0.2593270571805	1.35452970649404	-3.1140705	2.25257275
kony1248	0.512647964725	1.09334445675782	-1.59945925	2.80238825
konz1239	0.12663227156	1.41490713237796	-2.789004	2.9623855
koon1245	-0.33214666634	1.42129432741593	-3.311001	2.4114055
koor1239	-0.4716893916645	1.34638106450458	-3.17220075	2.1473415
kore1280	-0.0814405976825	1.52075857727825	-3.18917975	2.87087599999999
kore1283	0.254443169758	1.36162355286344	-2.2686375	3.0507915
koro1298	0.8292701219835	1.31727700358153	-1.577044	3.57132625
koro1313	0.42384261211	1.24773737983943	-1.824875	3.00399025
korr1238	-0.1068607315115	1.51060302018742	-3.06487325	2.8464305
kosa1249	-0.184956157088	1.34197703480826	-2.949391	2.48954025
kosr1238	-0.3848835827095	1.43341178844962	-3.437182	2.32016175
kota1263	-0.1230182328195	1.49215426270123	-3.04162925	2.9324295
koti1238	-0.082705551052	1.4619948451318	-3.106027	2.83058875
kova1243	-0.05606774979	1.10592534416056	-2.292385	2.1475885
kove1237	1.115827936903	1.11897713289197	-0.993918275	3.44773825
koya1251	-0.094173381992	1.64782172806997	-3.410246	3.09911625
kren1239	0.580659961768	1.35614030308888	-1.9274765	3.3593885
kuan1247	0.8041635016185	1.33438716221146	-1.65555375	3.5508125
kuan1248	-0.105047756563	1.17020275700215	-2.4809445	2.21542625
kuik1246	0.64306894307	1.24755868722649	-1.79156575	3.2507785
kuku1273	-0.252979579183	1.30846160400866	-2.9992265	2.32078475
kulo1237	0.34394895464	1.20629166147487	-1.98473475	2.7317275
kulu1253	-1.376351635359	1.22499501039709	-3.81755175	0.904350999999999
kuma1276	-0.574883765972	1.39812476228795	-3.54040525	2.0651335
kumb1268	0.9869833730805	1.41549833963279	-1.6187485	3.97838075
kunb1251	-0.097054412745	1.39635300561894	-3.01809225	2.71153575
kuni1267	1.35048283076	1.16068773353804	-0.71966085	3.74301875
kunj1245	-0.4144350782199	1.36959995206669	-3.27151175	2.1736405
kuot1243	-0.3399443748105	1.16221199586295	-2.707691	1.928613
kurr1243	0.07280112207	1.46667002373304	-2.75885975	2.95566975
kusa1251	-0.088405893672	1.25467967698423	-2.535051	2.4085
kusu1250	-0.205308644706	1.32424535790447	-2.913113	2.41611
kuyy1240	-0.292418970452	1.49104303058921	-3.49657725	2.64502375
kwai1243	-0.631601208552	1.25131241301877	-3.3876285	1.69572475
kwam1249	-0.037558651255	1.37887629831206	-2.7958805	2.66755025
kwar1239	-0.47561398902115	1.20158207383898	-2.88255425	1.8629285
kweg1241	0.289385990165	1.39306271416693	-2.453616	3.163125
kwin1241	-0.166713866125	1.46154353354539	-3.100492	2.7142125
kwom1262	0.05980905026	1.20543046784226	-2.259247	2.646564
kxoe1243	-0.76490985893	1.47803685888526	-3.935981	2.007569
kyer1238	-1.54721247098	1.30753993519575	-4.2908495	0.826983525
laal1242	-0.23639984992225	1.44722516054208	-3.29052375	2.7601685
labo1244	-1.46331606555	1.14878244388826	-3.79966625	0.588570049999999
labu1248	0.7013243915205	0.997358594676703	-1.19514625	2.76378925
lach1248	0.479403598245	1.24817501332255	-1.8808285	3.0069145
lafo1243	-0.83300125226	1.39592063711225	-3.7822635	1.77453925
lagw1237	-0.58274954997	1.50690736713084	-3.86770425	2.315322
lahu1252	0.52796428300935	1.15937687371647	-1.65975725	3.0628165
lahu1253	1.074487621526	1.21935762329645	-1.204593	3.741613
laiy1246	-0.273708053139	1.31189478901432	-2.9800115	2.205204
lala1268	1.875007352665	1.28087456015865	-0.45206725	4.58619975
lama1277	1.0991782767675	1.25981614150963	-1.1472895	3.72763075
lamb1269	-0.371005031075	1.41995156300862	-3.312016	2.365006
lamb1272	-0.238307102995	1.42132902352705	-3.20773325	2.44502325
lame1260	-0.95046088767	1.07047075579531	-3.047006	1.07047525
lamk1238	-0.9746975900395	1.16702324131194	-3.412908	1.3097845
lamo1244	1.21634728095	1.1250702992343	-0.882258225	3.54979775
land1256	-0.3115635577875	1.42690132872286	-3.155166	2.55837525
lang1320	-0.108895081918	1.51990581352566	-3.2175085	2.98342525
lara1258	-0.7461734235895	1.47765246576991	-3.91312075	2.078728
lash1243	1.8560529095455	1.45583649750039	-0.661193375	4.92281975
latv1249	0.757485665888	1.41429250899874	-1.97402175	3.63894975
lave1248	-0.414399236238	1.51377709623296	-3.5167135	2.375675
lave1249	-0.534355571185	1.49844363585638	-3.7951875	2.280754
lavu1241	0.7335898582345	1.33764011125146	-1.82964875	3.4511815
lega1250	-0.1327316212795	1.5133330197542	-3.4084765	2.83988275
lele1267	-0.3414119951	1.14200550362887	-2.61894725	1.927105
lele1270	-1.039070914375	1.38043729941397	-3.8825865	1.444394
lele1276	-0.489420647725	1.48736297062153	-3.7054895	2.303392
lemb1266	-0.057009637317	1.22743600344187	-2.380722	2.487136
leme1238	-0.96365367009	1.31722939331344	-3.9059255	1.39224124999999
lena1238	-0.892055692735	1.32423685899325	-3.7858145	1.4950645
lend1245	0.5167627513	1.36264822091487	-2.16609425	3.37683575
leng1259	-0.3637499272985	1.25779042624972	-2.99407575	2.03339975
lepc1244	-1.306344698545	1.31559601873238	-4.155952	0.947978849999996
leti1246	-0.030202409516	1.16350031776079	-2.28814125	2.3630075
lewo1242	-0.620613508728	1.07697824666719	-2.79568325	1.433491
lewo1244	0.8823386210345	1.23702672353297	-1.3405135	3.378775
lezg1247	-0.2834405192587	1.44566112349307	-3.24849775	2.44896725
lian1251	-1.42280616479	1.30399583174982	-4.2882935	0.950390099999999
lihi1237	-0.854546097166	1.27038914428014	-3.64724375	1.5678805
liji1238	-0.14144861294	1.4239593374834	-2.92511525	2.7226325
lill1248	-0.322631355075	1.35170375250789	-3.12102725	2.335754
limb1266	-1.41170839893	1.27110418372139	-4.13927125	0.84561115
limo1248	-0.73019155608985	1.37667453294178	-3.682036	1.8029085
ling1265	-1.55710104438	1.11894497528357	-3.833554	0.421431849999994
lipo1242	1.58099860268	1.38553033248748	-0.776467825	4.55602975
lish1245	-0.117562189342	1.51873865347657	-3.1460275	2.8239405
lisu1250	2.00020713492	1.39754181106097	-0.5254923	4.88191225
lith1251	1.61529414296895	1.53354648663695	-1.1632535	4.82527575
litz1237	-1.52976132701	1.10585153410947	-3.785013	0.540749374999998
livv1243	-0.301994656537	1.44231975416615	-3.2815535	2.468976
logo1259	-0.5781617160995	1.41911479007993	-3.5041475	2.0296525
loka1252	-0.27138363264375	1.49176584746744	-3.4473525	2.6500665
lolo1259	1.55535069908	1.39006358639299	-0.84111425	4.5285375
lomb1257	-0.117180494697	1.46600884493285	-3.221208	2.83173475
long1395	-0.5472460977475	1.30418512508169	-3.261649	1.90658925
loni1238	-1.01436410186	1.40003678909106	-3.96395	1.44930375
lote1237	1.064535181115	1.20858926305741	-1.07947075	3.53243925
loth1237	-0.561671595915	1.058681255134	-2.71931975	1.48654625
louu1245	-1.0641807098595	1.37019640198186	-3.990726	1.43754375
lowl1260	-0.850086173715	1.45112829874077	-4.008829	1.88858425
lowl1265	1.684505792775	1.39411836533639	-0.711367625	4.82354825
lozi1239	-0.0722521864925	1.43041618688178	-2.85341725	2.717382
luan1263	-0.258335349795	1.18719000421514	-2.726646	2.059959
lubu1243	-0.7739666454635	1.34733094402552	-3.5731185	1.69043725
ludi1246	-0.386411482004	1.42449668683984	-3.45053775	2.277572
lugb1240	-0.050359176325	1.32898164069651	-2.78474225	2.64345775
lugu1238	0.28757935251865	1.40334972497714	-2.44900225	3.14367725
lule1254	0.436513490644	1.28273392508879	-2.01299425	2.90122325
lumb1249	-0.191331577728	1.4259882062318	-3.10286275	2.47780775
lumu1239	-0.8038095673235	1.43552690514199	-3.82747975	1.84552575
lund1271	-0.5916925823155	1.43215020481191	-3.58631875	2.130192
luok1236	-0.280740601943	1.38278390922288	-3.257786	2.3759085
lush1249	-0.0463054104181	1.17385214728447	-2.34886775	2.3573575
lush1252	-0.450285697365	1.42468561990447	-3.51629	2.26134225
lusi1240	0.78460938568195	1.06846320383027	-1.2269445	2.8947105
luva1239	-0.272224302127	1.48393571829548	-3.29996	2.6200705
luya1241	-0.396786597005	1.44149234840602	-3.37019175	2.33602675
maan1238	-0.250595517105	1.39382971739166	-3.07472	2.46547525
mace1250	-0.2653275067205	1.3564904158195	-2.99390775	2.3555945
macu1260	-0.7181967049765	1.37041071989537	-3.543678	1.751055
mada1285	-0.521635603658	1.13832282227542	-2.746224	1.6850625
madi1260	0.6017287548705	1.34853004138393	-2.01147075	3.35958725
madn1237	-0.93127545475	1.48024360181779	-4.14203325	1.87232825
maee1241	-1.417327728481	1.0952108257993	-3.68947775	0.603458575
mafe1237	-1.046738609282	1.10416391755663	-3.36512925	1.03724275
maga1260	1.115113416052	1.44908328940594	-1.49958475	4.15319749999999
maga1263	-0.429466027795	1.40477663227813	-3.282728	2.24871775
magd1235	-0.2728648235085	1.25737237272843	-2.8643395	2.17478775
maib1239	1.5851142949385	1.44383008537846	-0.918794375	4.77917075
mais1250	1.16075711876	1.20966267344013	-1.0465165	3.673598
mait1250	-0.823455421035	1.3278505391567	-3.66820425	1.7072415
maja1242	0.29809497462	1.40847537324318	-2.5709735	3.13850699999999
makc1235	0.904103117315	1.37717480392526	-1.7821705	3.7471085
makh1264	-0.111923070814	1.52055799676108	-3.42360975	2.776925
makh1266	-0.118250758012	1.40414657049787	-2.98936275	2.50803475
mako1251	-0.091996854785	1.43105541938878	-3.063207	2.73790925
maku1277	0.450617968614	1.20037773959039	-1.76470575	2.9202495
mala1463	-0.044947263515	1.55098544175258	-3.09176425	3.17611699999999
mala1464	-0.0681643162695	1.51387035073897	-3.138203	2.90119875
mala1479	-0.343687614075	1.42976406766741	-3.35519725	2.35297175
mala1534	-0.6679606465928	1.42921254079795	-3.788669	1.953559
male1284	0.54931741449	1.38814466938909	-2.08943675	3.520897
male1289	0.400763531135	1.04106406627935	-1.67720125	2.453822
male1297	0.44487865669	1.38609693186295	-2.20180225	3.3600505
malg1251	-0.622614161805	1.53882651594014	-3.756431	2.17842025
mali1285	-0.55102337164	1.31487457902296	-3.20592075	1.962956
malo1243	-1.135042049895	1.09363974701415	-3.43520675	0.859098124999999
malu1245	-1.3462870026595	1.09735815844185	-3.54487775	0.651610174999999
mama1275	-0.494284342303	1.44025609437936	-3.46257275	2.19102025
mamb1294	-1.050833596622	1.4050726185325	-4.1022465	1.60264624999999
mamb1296	-0.0929203348215	1.50900984246899	-3.139155	2.88462125
mamb1306	1.349785985689	1.36215068241326	-1.2327375	4.18256124999999
mamm1241	-0.646071833846	1.43741175184963	-3.70685375	1.971055
mana1288	-0.885091915025	1.29494144717136	-3.671052	1.5082115
mana1295	-0.664543922934	1.17191837217726	-3.11693725	1.5627
mana1298	0.160865728817	1.21745033151806	-2.14248825	2.78389875
mand1415	1.11293784249465	1.37357470680784	-1.38016375	4.05673075
mand1440	-0.573437991805	1.20179299021915	-3.09351725	1.7516165
mang1378	0.5230435451145	1.27610360528955	-1.934645	3.16332925
mang1381	-0.605898049201	1.46114004797342	-3.7582755	2.14773925
mang1394	-0.942383330105	1.38383673830318	-3.903512	1.55806175
mang1401	-0.20163236818	1.47424181682318	-3.336254	2.5838045
mang1403	1.12928181406	1.17121876422983	-1.0569925	3.63325724999999
mang1404	0.5876532462695	0.980948661931878	-1.3099375	2.584181
mang1405	-0.523207117445	1.45730439501982	-3.649938	2.15571825
mani1235	1.3793183468925	1.33363392390338	-1.02745425	4.2706155
manm1238	0.92795030354	1.28531997922429	-1.35619825	3.6239045
mans1260	0.90035491875	1.39813418383926	-1.6232355	3.77849725
mans1262	-0.536632731805	1.3616256793103	-3.40162575	2.034293
manu1258	0.339463644356	1.24405427986082	-2.142934	2.80284375
maor1246	-0.17651525458	1.41516565474022	-3.148792	2.585209
mapo1242	0.629902857445	0.984479778307313	-1.21628825	2.70910625
mapu1245	0.569881284005	1.450840604983	-2.2811555	3.66758
maqu1238	0.174958810115	1.36807519669167	-2.49606375	3.04857725
mara1378	-0.341984567949	1.48864950235317	-3.423126	2.45366475
mara1379	-1.522446021745	1.14765887865948	-4.0282775	0.518014349999998
mara1382	0.2702157295145	1.12448534570812	-1.883054	2.5597755
mara1386	-0.8732550311045	1.41577933364699	-3.940059	1.64753675
mara1399	-1.4749635672455	1.09953802503376	-3.7623155	0.600652949999999
mara1404	-0.75557405117	1.41765126925207	-3.67585825	1.891337
marg1265	-0.769819968265	1.53970094261464	-4.02220425	2.2478135
mari1414	-0.0277573252315	1.53772603722005	-3.14645675	2.995357
mari1416	-1.031542721182	1.09969184426678	-3.37071925	0.989775149999997
mari1424	-0.87274879004	1.47341525453563	-4.05664625	1.93936525
mari1426	-0.3144343355585	1.19718129848657	-2.666355	2.14365
mari1428	0.10648176275	1.05139666952185	-1.91953575	2.19208625
mari1440	0.562398521005	1.42619485438184	-2.03022	3.584661
mars1254	-0.308039218147	1.40224435338108	-3.17065675	2.47835025
mart1255	-0.4499789954425	1.43008273019795	-3.4266245	2.2889005
maru1249	1.626123886298	1.49988563789921	-1.062559	4.8676055
maru1252	-0.52522440878	1.40439516356452	-3.36143475	2.179228
masa1322	-0.63740801252	1.49767119986514	-3.83410675	2.18204624999999
masb1238	0.288923306675	1.33346141391428	-2.39708275	2.9235235
mask1242	-1.355768445631	1.0893796464425	-3.60531825	0.594591999999999
matb1237	1.352888911819	1.42078433158756	-1.2041775	4.25564375
mati1250	-0.8233136037775	1.37255710452466	-3.752781	1.663778
mato1252	0.4132040500855	1.04193641496293	-1.54225775	2.64336125
mats1244	-0.21402150753	1.41297533144768	-3.10788375	2.5311945
matu1259	0.025330336272	1.49628948400705	-2.964253	3.03919175
matu1261	-0.4546163088645	1.11210462704599	-2.79829125	1.644278
maun1240	-0.1917671899485	1.43430653281394	-3.09200925	2.63083525
maxa1247	0.56459543937	1.36178180336322	-1.9496055	3.379061
mayo1261	-0.8527068349345	1.4556154641517	-3.9959965	1.85927525
mayo1264	0.4250136412085	1.38863754100343	-2.33449075	3.25298375
maza1304	-0.99022706212765	1.44159332364692	-4.08668225	1.730701
mbaa1245	0.900382032456	1.32539864125509	-1.5910215	3.785894
mbal1255	1.25805572134	1.38148967352303	-1.19417975	4.16584525
mban1263	-1.034718768754	1.32111271440352	-3.873658	1.36996925
mbar1260	-0.557205749689	1.54048523244213	-3.7912695	2.3659525
mboc1235	-0.8164966259187	1.45985134225966	-3.92514275	1.87664425
mbol1247	0.087969621663	1.47465175417707	-2.85953275	3.141541
mbul1263	0.03965304155015	1.06941398179314	-2.1094175	2.11171875
meen1242	0.266542344854	1.44608176364788	-2.545274	3.31460925
mehe1243	-0.4571941920075	1.15633258175737	-2.754887	1.765376
meke1243	1.3107877287065	1.1641534554147	-0.828008325	3.80244549999999
mele1250	-0.305726749037	1.13674385991169	-2.6365455	1.94321575
melo1242	0.3208686732305	1.3366643658487	-2.29522075	3.00799675
melp1238	-0.405626592105	1.22072649284268	-2.85187875	1.99863
mere1242	-0.850216786135	1.15599771659207	-3.26549875	1.263202
meru1245	-0.13978418226075	1.45852219663281	-3.16693125	2.6264755
meta1238	-0.958233575315	1.40643787499958	-3.88034175	1.64328125
mezo1235	-0.51899838143	1.32169137933532	-3.34227025	2.03364675
mezq1235	-0.665993132506	1.35335782947596	-3.52355525	1.9272565
midd1327	0.231463481905	1.01271301394581	-1.74159925	2.28613675
miga1249	-0.147778283015	1.54033048522467	-3.35203375	2.88848725
miju1243	0.802150737398	1.22977167703732	-1.50944025	3.3385725
mikm1235	0.31229709971225	1.38577895620532	-2.305701	3.305134
mila1245	-0.3421775817705	1.23316736731713	-2.8782425	2.0308125
mina1276	-0.951997779981	1.42540632462933	-3.9412365	1.78246549999999
mini1251	-0.01529520433185	1.17719305332835	-2.38640925	2.35527975
mini1256	-0.09413845126	1.35429345911278	-2.91887675	2.63014725
minn1241	-0.45102290164	1.35628410207097	-3.3445585	2.100846
misi1243	-0.3267514428793	1.37242520774804	-3.151484	2.265466
mixt1426	-0.84745283682185	1.359316709845	-3.77682925	1.80970625
miya1259	-0.081325866435	1.47285025822367	-3.1030455	2.7818355
miya1266	0.092255326962	1.42633529255949	-2.81420375	2.89187275
mlab1235	1.123407508684	1.41439203083643	-1.42799	4.0465925
moba1244	0.3316915410985	1.31053520900932	-2.34741925	3.0691255
moch1257	-0.7535208018	1.4155552834999	-3.791609	1.87031725
moco1246	-0.33406123224	1.43605814446591	-3.3942565	2.41984625
mode1248	-0.1139121533945	1.59773574987834	-3.294122	3.05559074999999
moha1258	-0.604889621905	1.35968901426018	-3.3710565	1.96947525
moii1235	1.868598327355	1.51934496081347	-0.74324485	5.238935
moke1242	-0.2100842745089	1.47067437643432	-3.26620225	2.69769925
moki1238	-0.547453373598	1.39208696562474	-3.570501	1.96492725
mokl1243	1.040783420892	1.34125901116394	-1.50325475	3.8528285
mokp1239	-0.41898183503	1.38531367477247	-3.28098875	2.20197425
moks1248	-0.336223881156175	1.43547804327302	-3.27543775	2.42828899999999
molo1266	-0.81712324918	1.43917757198127	-3.9715595	1.9100015
moni1237	-0.1112647485105	1.45619427446589	-3.11509925	2.68666675
mono1270	-0.978734740245	1.36846201158185	-3.9139795	1.4701855
mono1273	0.8879527240515	1.32751211262545	-1.543098	3.63905775
mono1275	-0.838834585715	1.35097676248093	-3.66846525	1.73381725
mopa1243	-0.34586361503	1.46988714713324	-3.57537175	2.5323715
morm1235	0.989591291026	1.24730103407251	-1.2667125	3.47764
mose1249	-0.00305412788	1.33338044897337	-2.7695465	2.6249695
motl1237	-0.89431424453615	1.36565528423786	-3.91708	1.617017
motu1246	1.602169391635	1.27373939218333	-0.62482765	4.30071925
mouk1239	0.97709643936655	1.06055458811831	-0.9945883	3.12538725
moun1252	1.7677700892285	1.22670702014879	-0.41048	4.27592024999999
movi1243	-0.749579726856	1.42181528875891	-3.7893845	1.78654399999999
moyo1238	-1.2375583805	1.17769132719736	-3.822973	0.8684649
mpad1242	-0.372676933806	1.54858278754226	-3.64627	2.67524125
mpii1239	-0.2066890022825	1.30351561340333	-2.85574125	2.3820225
mpot1240	-0.14875586972	1.43193784322645	-3.138571	2.6030665
mpur1239	0.987666157616	1.37929869530616	-1.55362	3.84683774999999
mual1241	-0.4249456806	1.45771185749326	-3.46324275	2.4225185
mudu1239	-0.10706096784	1.53189616176078	-3.16664575	2.8935145
mudu1242	0.0133645649235	1.21778979165799	-2.3806625	2.350171
mull1237	-0.94862108311365	1.42055474380171	-3.88424075	1.68844975
munc1235	0.1598976218225	1.2681323756942	-2.275094	2.7406565
mund1325	-0.9717777761215	1.40488272274206	-4.10037525	1.598746
mund1326	-0.547726691676836	1.44905926429709	-3.59625025	2.19094125
mund1328	-0.922747170905	1.30483355189011	-3.61492875	1.41437525
mund1330	0.205746748755	1.40974183448561	-2.466998	3.0282885
murl1244	0.1391502582052	1.47377277482106	-2.7708785	3.03141375
muru1266	-0.0938152349252	1.42830215210666	-3.027454	2.71212099999999
muru1274	0.32166736296	1.39384139741807	-2.39556275	3.239113
musa1266	-0.085629440055	1.12786536519438	-2.316312	2.26450625
musg1254	-0.6758217734	1.50890752301253	-4.052821	2.18567625
muso1238	0.5670487522285	0.981223987028361	-1.31594525	2.63886575
muyu1244	-0.162003044375	1.37744761756192	-3.040401	2.439838
mwag1236	0.39159392219	1.4328109758933	-2.4105535	3.38363475
mwan1247	-0.1367036269966	1.41511286040028	-3.028361	2.6780175
mwer1248	-0.063963377295	1.41000754261535	-2.8817305	2.6691825
nade1244	-0.4217016814975	1.34581220942571	-3.35911075	2.12670175
naka1262	0.786946630705	1.20304590382642	-1.55630825	3.15700125
nali1244	-0.4691893802605	1.18249666437734	-2.785203	1.79069975
nama1268	-0.43226480686255	1.13755886591824	-2.724559	1.8446145
namb1293	-0.989882739974	1.36357363141278	-3.82678225	1.56697075
namu1246	-0.702310098299	1.17820486539807	-3.1824385	1.53258075
nana1257	0.18119562057695	1.44684996550284	-2.635583	3.068631
nang1262	-0.967112283035	1.37566390404873	-3.82027175	1.544482
naru1238	-0.33770049595	1.40955901276996	-3.10982875	2.383826
nati1244	-1.449187242474	1.14666945330222	-3.828893	0.633526924999998
natu1246	-0.949796071905	1.38303079167306	-3.87496975	1.63503875
naue1237	0.354163483965	1.22115669866179	-2.0985645	2.65671625
naur1243	-0.34202403152	1.33330573346523	-3.03472525	2.1207205
nava1243	-0.2135839571105	1.38099215078241	-2.98515875	2.3802315
nawu1242	1.237285314865	1.42839339894195	-1.2474865	4.26897
naxi1245	1.467433953716	1.28651233034209	-0.7497397	4.2978655
ncan1245	-0.9537365600338	1.32942509829969	-3.755177	1.45391825
ndam1239	-0.14308938428	1.47939368803732	-3.17514075	2.75743475
ndog1248	-0.408626541215	1.39022707562869	-3.274836	2.2345895
ndom1245	1.19066564893	1.43068703842808	-1.44990975	4.3035215
nege1240	-0.4673658351175	1.41319785330299	-3.327112	2.2642595
negi1245	0.177495297414	1.37950709385052	-2.5971335	2.99300775
neha1247	-0.53807774678695	1.33142026066695	-3.345548	2.0566715
nend1239	-0.305488502575	1.13034663091606	-2.52471475	2.03332475
nene1249	-0.147757338122	1.44898034154678	-3.04462025	2.8258
neng1238	-0.5224221598205	1.49658458067975	-3.6480125	2.19597625
nenn1238	-1.036773446431	1.37553823840843	-3.84871775	1.52835075
nepa1254	-1.2767435312865	1.17885854656653	-3.749338	0.820126449999997
nese1235	-1.34758577405	1.09372622478012	-3.603022	0.628227074999998
newa1246	-1.5341588710335	1.25436993965142	-4.237579	0.715208224999998
nezp1238	-0.604570484147	1.34445369777866	-3.3444255	1.943189
ngaa1240	-0.3589476882293	1.44542717236554	-3.4654135	2.38208575
ngal1292	-0.3116082805875	1.47575430196343	-3.31185975	2.65282125
ngan1291	-0.164827877241	1.48925897789151	-3.235593	2.721802
ngar1284	-0.126575640585	1.48074879042111	-3.1054775	2.87730374999999
ngas1240	0.6443780279565	1.46789248691034	-2.20319975	3.60707425
ngba1284	-0.7597015611734	1.33350293947469	-3.58319325	1.73227275
ngba1285	-0.963576993385	1.36792454088556	-3.85411725	1.5427355
ngeq1245	-0.393676809673015	1.4857111630351	-3.562215	2.3987605
ngit1239	0.594834370095	1.35911080638073	-1.997216	3.35780349999999
nhan1238	-0.23979585238	1.42265021859388	-3.07057025	2.398972
nhen1239	0.427580468195	1.36044730560802	-2.271609	3.1539205
nila1242	-0.200754396535	1.44176179029385	-3.12952125	2.608175
nina1238	-0.2274201896785	1.38773489834801	-3.163416	2.31113875
nisg1240	-0.51140457195	1.42782788806152	-3.3626485	2.310828
niua1240	1.5769296476	1.43840989447869	-1.042019	4.60294775
niue1239	-0.21494394756	1.52122684907208	-3.28947625	2.5964915
niva1238	-0.54111257049495	1.41160956131981	-3.558729	2.06127775
njan1240	-0.799365267175	1.36019895105642	-3.636496	1.79379774999999
nkon1248	1.1128847716345	1.36138500236159	-1.35200325	4.097509
noct1238	0.953456464063	1.19405132614169	-1.2796805	3.3367635
noku1237	-0.77694199187	1.28056560247894	-3.467933	1.5218555
noon1242	-0.1605460917995	1.41909332115261	-3.1027485	2.57482675
nopa1235	-0.68817150526	1.38084911713353	-3.52820175	1.89477525
nort2684	-0.214173964855	1.50625159100268	-3.1792965	2.63424875
nort2690	-0.04167898318081	1.43611057856841	-2.9461365	2.8742065
nort2697	-0.2745797175945	1.49438659044704	-3.447317	2.65316725
nort2702	-0.116030951285	1.62131585285568	-3.49079175	3.17271225
nort2722	0.1482698144405	1.17501106170745	-2.21211925	2.48412525
nort2723	-0.443691577432	1.22390306619165	-2.85728975	2.04026475
nort2724	1.924787052545	1.37137701644966	-0.429296175	4.861343
nort2732	0.8016281483375	1.36209209406736	-1.8828115	3.64122
nort2745	-0.28557270602	1.46178004408175	-3.29762925	2.48583725
nort2747	0.57662956539	1.35423362915327	-1.99937625	3.52765775
nort2836	-0.23394509668	1.10751349182609	-2.63399575	1.97437475
nort2839	-1.2479399231	1.1008926962971	-3.6044675	0.770437649999998
nort2845	-0.1586249102435	1.45716149704084	-3.1449555	2.63336125
nort2847	-0.89183784565	1.31966986543431	-3.7941845	1.4072465
nort2864	0.5353559093675	1.21818155871749	-1.8444085	3.08790575
nort2877	-0.77373298463	1.31112341023826	-3.48914375	1.5814065
nort2885	-0.5213611394815	1.47576282059485	-3.5731735	2.2695255
nort2930	-0.2328167402345	1.25251388388424	-2.69564425	2.12145575
nort2938	-0.683881956805	1.5211084888043	-3.98607075	2.04863149999999
nort2942	0.194968705948	1.46438667194874	-2.70113675	3.272746
nort2951	-0.3744987606255	1.3757239490835	-3.19379525	2.31901375
nort2954	0.681210115215	1.30448349200316	-1.75372625	3.4638685
nort2957	-0.49921616185	1.18658594907685	-2.97953975	1.742098
nort2959	1.85929568704	1.48675449283233	-0.7306947	4.97432875
nort2961	0.2691653283695	1.39793686175559	-2.41730025	3.0934175
nort2994	-0.70732809081	1.30251742657483	-3.4690685	1.7027245
nort3047	-0.8582918579207	1.43530709004661	-3.9203885	1.8722955
nots1237	-0.325456615325	1.17333595971917	-2.63707575	1.9138525
nsen1242	-0.0509261861665	1.50349011615414	-3.0906615	2.8637005
nucl1235	-0.21400014274	1.52448494316603	-3.3899475	2.720033
nucl1240	-0.086332492615	1.27156100607609	-2.701546	2.461497
nucl1301	-0.07880489588	1.44084068788412	-3.1080425	2.56082725
nucl1302	-0.3363771542735	1.49894061840659	-3.407949	2.45817199999999
nucl1305	-0.095136973249	1.44163779382974	-2.88070575	2.80012125
nucl1310	-0.569567078402	1.25121271819245	-3.2187725	1.75748325
nucl1327	-0.631504667855	1.44211762081107	-3.744291	2.03130825
nucl1417	0.2561297315795	1.35805218106976	-2.3165745	3.015109
nucl1452	1.339229892633	1.39088006237527	-1.08460625	4.37712125
nucl1458	-0.628522883575	1.12638406383889	-3.05041175	1.491403
nucl1593	-1.267353063845	1.19417834758702	-3.74623325	1.016351
nucl1595	0.46501399119	1.275328045046	-2.03373425	3.00696399999999
nucl1622	0.735558960446065	1.36493166415408	-1.771047	3.5535965
nucl1630	1.3159340505895	1.16157704986006	-0.900277425	3.8069205
nucl1632	-0.3243155830965	1.32586764043239	-2.9612665	2.326886
nucl1633	-0.321721239985	1.32319669491979	-2.9670925	2.33908749999999
nucl1643	-0.1003743807865	1.47047189739193	-3.03151275	2.757187
nuer1246	-0.144080746751	1.53089166405239	-3.34459025	2.84325425
nukn1238	0.43523270269	1.028445106601	-1.51902675	2.59697275
nuku1260	-0.1698907903415	1.46478375993859	-3.192994	2.9278965
nung1282	1.8409128624715	1.36844699677146	-0.528756375	4.65187325
nupe1254	-0.076791534385	1.40327433642335	-2.93136075	2.6863065
nusu1239	2.0087705648975	1.40768985843188	-0.48330505	4.98963825
nuuc1236	-0.3638117099885	1.44827939330571	-3.4442905	2.48891325
nyah1250	0.056162514193	1.44476990891948	-2.8897135	2.9246435
nyak1260	-0.238478606675	1.50788233378644	-3.440647	2.67872625
nyal1254	-0.3858717880295	1.39942870291239	-3.20540375	2.44519525
nyan1307	-0.023205692377	1.46173964493701	-3.067516	2.88586499999999
nyat1246	-0.19540784197	1.42468976363865	-3.021421	2.60057924999999
nyaw1247	-0.288017540485	1.40027858090399	-3.1938655	2.43405675
nyis1236	0.33529799585	1.14457886981403	-2.03920125	2.63264825
nyor1246	0.254829997885	1.41517886344348	-2.65779875	3.06269925
obok1239	0.705307541277	1.30823311378813	-1.906712	3.35478875
occi1239	-0.084029645232	1.45863870176352	-3.0439835	2.76063275
ocot1244	-0.6852531054445	1.28735007356479	-3.484401	1.722878
ofay1240	0.4673554122975	1.39044638639677	-2.15917425	3.37392275
okan1243	0.551216563105	1.31099449635078	-1.99637225	3.20077475
okin1246	-0.076332520855	1.47251991529773	-3.04161025	2.89836625
oksa1245	0.3816996421215	1.33236669262538	-1.98569675	3.09812674999999
okuu1243	-1.0513558199525	1.36756724303273	-3.8940785	1.4370465
oloo1241	-0.806401795975	1.11150774587553	-3.056919	1.30653275
olut1240	-0.609717922847	1.23379303325642	-3.1583495	1.68287775
omah1247	-0.822932347855	1.32200040990583	-3.60791825	1.63742675
omie1241	0.97650253949	1.16044716521449	-1.2952945	3.379621
onto1237	-0.0695857071265	1.44466648161458	-3.0205935	2.882135
oriy1255	-0.2190569584235	1.40620296420476	-3.09025875	2.5112345
oroc1248	-0.1527315285885	1.45602859277152	-2.97027475	2.74001625
orok1265	-0.1327333007385	1.41614674974954	-3.00076125	2.54958275
orok1266	-0.493082536825	1.38881161332259	-3.39335875	2.17191325
orok1267	-0.1707942258235	1.27745508363807	-2.707726	2.336301
orok1269	0.889002784275	1.17627101701384	-1.3719365	3.2985555
orow1242	-0.801696774357	1.40163351491212	-3.85020425	1.71206425
osam1235	-0.1758252745135	1.45015861137882	-3.2658485	2.766832
otta1242	0.350427605315	1.41256051094565	-2.33063225	3.1653
owaa1237	-0.51203100026	1.34384698486176	-3.41371125	1.98850925
paam1238	-1.005667384447	1.06907150516581	-3.1154695	1.02247525
paas1238	1.626314465276	1.4323226778424	-0.91699425	4.610706
paco1243	-0.2090834731	1.50056268514768	-3.233751	2.821428
paez1247	-1.1264661195818	1.36521404636172	-4.09176625	1.438584
pagi1243	-0.43287829432	1.40232703844609	-3.30776775	2.29010675
pagu1249	1.624938651795	1.46937980306479	-0.96409075	4.76193875
pahn1237	0.5747792037645	1.27291671328127	-1.93466075	3.19768425
pait1244	-0.448219949684	1.09474161574336	-2.6588795	1.6674625
pala1344	-0.19255060007	1.42791247891647	-3.1534635	2.4932185
pali1279	0.525325999183	1.38234985509496	-2.225238	3.4371215
pamo1252	-0.012316458386	1.34994199743522	-2.8408675	2.58105225
pana1307	0.429523549177	1.42482091613226	-2.1619825	3.2925885
pang1287	-0.2018388456902	1.5205328226472	-3.21208025	2.783747
pang1290	-0.5986830912165	1.46708588077504	-3.64336175	2.20846075
pang1291	-0.312402609235	1.40701719340764	-3.10673875	2.388297
panj1256	-0.38274645528865	1.32276702711741	-3.122628	2.1785085
pano1254	-0.8124622849035	1.42083691989469	-3.758033	1.882685
pany1241	1.1267953313	1.41980757920152	-1.45772775	4.25629925
papa1238	-0.059600655073	1.27964462021549	-2.7442865	2.47593775
papa1265	-0.22182934259	1.1619636330353	-2.62412875	1.90823375
para1301	0.80426344407	1.46688257293503	-1.98925725	3.82032275
para1302	0.0501821686745	1.0963899077845	-2.19936425	2.284464
pate1247	0.507445790386	0.974198279058249	-1.37196725	2.556049
patp1243	-0.741636430873	1.19615447509291	-3.1789975	1.51597225
patt1248	-0.790643587682	1.41894453845134	-3.84795725	1.82969325
paul1238	0.385585509317	1.20547077799191	-1.9930165	2.86422625
pawa1255	-0.03071726391	1.21969507634026	-2.364922	2.39744475
payn1244	-0.3742203500495	1.13608283072291	-2.63721825	2.0108085
pela1242	1.215415237539	1.32065539113721	-1.11963	4.09248399999999
pemo1248	0.16340303938	1.44189346962198	-2.5898255	3.1267655
pend1242	-0.110919526035	1.31404061585659	-2.73248675	2.5326775
peng1244	-0.05318996389	1.54628026830007	-3.145305	3.026923
penr1237	-0.2072828241035	1.41978635414526	-3.07422675	2.4700405
phai1238	0.90447242354	1.43389038963572	-1.79537325	3.997896
phom1236	-0.02961452939885	1.05188051738912	-2.069708	2.1560965
pila1245	-0.5893558432351	1.47193041683464	-3.7117935	2.25273074999999
pile1238	-0.9233271649505	1.38460225846708	-4.0019995	1.57091425
pima1248	0.37074317209	1.31658482156248	-2.19338525	3.03613575
pina1252	-0.184084001825	1.21359859284757	-2.5254105	2.2308315
ping1243	-0.4764780355865	1.39849598398259	-3.36230225	2.164181
pite1240	1.117024940414	1.37658402616188	-1.40111375	4.06937725
pnar1238	-0.5348900064325	1.39561698062761	-3.35692275	2.09506225
pohn1238	-0.430405791276	1.38557768780379	-3.2910245	2.1940585
poli1260	-0.0567226220275	1.43456280491063	-2.8501265	2.796945
popt1235	-0.787214212412	1.45750056614827	-4.01733675	1.9977035
port1283	-0.0746377965845	1.48898404249419	-3.06895575	2.9591365
port1285	-1.382939599968	1.09417134010771	-3.64124425	0.593619174999998
psik1239	-0.84377485405	1.47414957766446	-4.0181155	2.051475
puin1248	0.977064162219	1.43133312475824	-1.60886925	3.96742625
pulu1242	-0.0201718687825	1.30804918012258	-2.77997925	2.48377525
puma1239	-1.537847148069	1.22227112580246	-4.09380425	0.718803174999997
puoc1238	0.508070541126	1.36393330510642	-2.1843355	3.19771775
pura1257	-0.202823289777	1.27254663921895	-2.82884725	2.22794775
pure1242	-0.7160324985732	1.41125207234882	-3.68153475	1.94249625
puri1258	-0.67784735936	1.48470439007838	-3.8576005	2.158581
qawa1238	-0.4440974611925	1.40844468511444	-3.4660415	2.255962
qima1242	-0.102739802781	1.50362713511719	-3.110286	2.8544385
quer1236	-0.67532237572	1.40600901597658	-3.59926425	2.07694025
quio1240	-0.640163799795	1.28539715474036	-3.34056975	1.84862375
rabh1238	-0.4814420151385	1.20867905765703	-3.012781	1.89715125
rade1240	-0.810258775998	1.32877239534683	-3.644026	1.70296875
raji1240	-0.44988186856	1.27880854388965	-3.0413675	1.984672
rapa1244	-0.1735367624435	1.45405557148323	-3.24516725	2.66723575
rapa1245	-0.1699670698445	1.37287082165528	-2.99813325	2.69638525
rapo1238	-0.207303922838	1.18989812682539	-2.61182275	2.070816
raro1241	-0.1735075258205	1.43068491773077	-3.088681	2.59569975
rata1244	0.0122037337125	1.44568066078278	-2.9756675	2.75416275
raut1239	-0.47263476414055	1.27348152788857	-3.1265755	1.945067
reja1241	-0.476484555695	1.40653722185518	-3.53198425	2.15783625
reng1252	-0.6154374377295	1.41018284433478	-3.79454475	1.979809
rere1240	-1.536724834777	1.11660906569933	-3.80497225	0.433762924999999
reye1240	-0.37418568016795	1.39008399348411	-3.3259785	2.23450225
rian1263	0.736269020095	1.39806929909149	-1.961307	3.6021905
rikb1245	0.531149792291	1.38690105720813	-2.064619	3.53986275
roma1326	-0.1152011689665	1.49897503062421	-3.2224525	2.86088175
romb1245	0.2218788741385	1.37706275601019	-2.5233415	3.00252525
rong1264	-0.424576480705	1.43207465533954	-3.20845925	2.4319105
rong1266	-1.53004217329	1.25661449712273	-4.2879035	0.681571224999999
ronn1241	0.3506161793295	1.41379494752128	-2.46582075	3.37145625
roto1249	-0.2499875314315	1.14477304966567	-2.53743825	1.83530025
rotu1241	-0.2913906382995	1.3586438174768	-3.01062725	2.239293
rovi1238	-0.03198206278	1.22753630386756	-2.40055675	2.47442225
ruch1235	0.5501901220905	1.52992190525051	-2.5132545	3.61399225
ruka1240	-0.285125973492	1.28570780544464	-3.0337625	2.27955175
ruma1248	0.639350766426	1.4169342891584	-2.03643975	3.5751035
rung1258	-0.2572866084415	1.43460269684818	-3.279277	2.50714875
rung1259	-0.4407830624495	1.42420131869979	-3.48514475	2.30876675
russ1263	-0.172123162465	1.50713592483632	-3.31415825	2.819652
russ1264	-0.174942739185	1.45704919536155	-3.06897975	2.693815
saaa1240	-0.755056947334	1.39816719330886	-3.698112	1.8332745
saaa1241	-1.14596004625	1.13972606367867	-3.66830325	0.908931324999999
saam1283	-0.178254141923	1.35831870413149	-2.9438405	2.4350065
saar1237	-0.0881812856988	1.21346033694343	-2.58706625	2.32256175
saba1268	0.56026723609	1.46611207753797	-2.24413775	3.51391475
sabu1255	-0.17589898293	1.32386128740371	-2.91389475	2.3716315
sais1237	0.505442402225	1.26145367267238	-1.92533375	3.106491
saka1289	-0.89295948744	1.20976721297919	-3.591843	1.362488
saka1291	-0.0688093128005	1.51695024028263	-3.29548825	2.89838825
saki1247	0.2151707695215	1.29137017312709	-2.383325	2.7291465
saki1248	0.1783529141099	1.44592330274226	-2.667415	3.19528525
samb1305	0.892607010307775	1.27910031632047	-1.39107225	3.51561
samb1311	0.9287212245295	1.28196582544767	-1.32286475	3.6140815
samo1305	-0.0557195455745	1.47558445354775	-3.120819	2.92994875
sanb1241	-0.767680825235	1.39076074717796	-3.73686775	1.92689675
sand1278	-0.82195080133	1.43962299110552	-3.73144475	1.836027
sang1321	-1.0014035715655	1.11726990619586	-3.379508	1.11501525
sang1330	-0.226531799915	1.51453056379696	-3.44548375	2.82520225
sang1331	1.342402186945	1.52124353584124	-1.303782	4.5744385
sani1269	1.0224669860949	1.33256684465664	-1.43982075	3.8120135
sanj1284	-0.694210225335	1.26738279504175	-3.273549	1.736758
sanm1289	-0.1559324085835	1.36071916471711	-2.908392	2.493266
sanm1295	-0.1810588248285	1.25584806485896	-2.72507225	2.258153
sanm1301	-0.50288278078	1.3103265144746	-3.1986825	1.94863275
sant1436	-0.380958267035	1.27104131646601	-3.00281025	2.036032
sant1451	-0.854359884205	1.38572420766159	-3.8667015	1.767468
sapo1253	-0.2790150408975	1.18837779226647	-2.669553	2.04344825
sapu1248	-0.4372359761245	1.47846379290636	-3.688057	2.2636845
sars1236	0.2150441956095	1.45838211985447	-2.64404225	3.2404085
sata1237	1.150801293144	1.34544899872673	-1.319414	3.95818175
sauk1252	0.4087259618915	0.972966220663022	-1.38456325	2.473656
saur1249	-0.15148624665	1.39975449729169	-2.9945275	2.612775
savo1255	0.560492804955	1.18685021487891	-1.76453975	3.05730675
saya1246	0.9085213595745	1.45751815311492	-1.8198385	4.0422495
seda1262	-0.5297250351366	1.41447053913464	-3.47950775	2.17755425
seim1238	-0.585882341381	1.47000754386852	-3.53897525	2.135111
seke1241	-1.144078738585	1.1520277067532	-3.54681725	0.944425125
sela1259	-0.5827854934515	1.34974025203093	-3.480755	1.8768875
sela1260	-0.1960631197795	1.31552880032078	-2.87687925	2.2932145
selk1253	-0.1523022670025	1.48746438430293	-3.288717	2.83468325
sema1265	-0.30599633031	1.45286884396898	-3.37559525	2.452198
sema1266	-0.3361593554	1.46645100915613	-3.30460325	2.49964
seme1247	-0.4199178407235	1.43153633812787	-3.3391635	2.36296475
seng1281	1.40463587946	1.27812338014675	-1.01682175	4.07855875
seri1257	0.635514715825	1.31857937099957	-1.7708795	3.45428525
sgaw1245	0.7493225322195	1.43952010517596	-1.995283	4.00784224999999
shab1252	0.1887103837375	1.41795021025654	-2.582431	3.000535
sham1280	0.6498134505205	1.3913987333231	-2.040166	3.446265
shan1283	-0.5254651054485	1.39715769322287	-3.393065	2.086442
shaw1249	0.344279354635	1.39763334235823	-2.345864	3.272708
shil1265	-0.4648366650399	1.45685634597703	-3.37161	2.39476475
ship1254	-0.15084021251	1.30538477800072	-2.86827575	2.429602
shix1238	0.6595305753165	1.2047473743197	-1.61573625	3.230251
shol1240	-0.10543173665	1.4808658347754	-3.08039275	2.8142945
shon1251	-0.081117472059	1.51268812086473	-3.16043	2.894202
shor1247	-0.05830224378	1.52071995349667	-2.924253	2.78226225
shos1248	-0.450313202705	1.3827801022208	-3.34684775	2.076711
shua1257	-0.8216715451275	1.37119427600591	-3.71369275	1.81756975
siaw1243	-1.006914769095	1.23793753799641	-3.5649555	1.37247275
sich1238	-0.33398382302	1.21672234320177	-2.6876085	2.08610825
sici1248	-0.0461982765	1.47994060435941	-3.06693525	2.814534
sici1249	1.819160604735	1.39411814183267	-0.62198165	4.72087925
siee1239	-0.7620012609094	1.31924140756922	-3.58066875	1.69164975
sier1250	-0.65726372769	1.27692357279981	-3.37927425	1.773934
sika1261	-0.5235880694525	1.39533411470718	-3.48004975	2.10865775
siks1238	0.048413489542	1.44336437462386	-2.90489325	2.83294825
sile1255	-0.413479405369	1.11836517871875	-2.7480045	1.90069925
simb1256	0.0706752918823	1.28608696986781	-2.60961125	2.60273075
sina1266	1.338906106775	1.18579221439518	-0.855248675	3.80466925
sing1264	0.97800057999	1.2233282140445	-1.353587	3.498959
sion1247	-0.750523098485	1.31987802454363	-3.45405575	1.89484175
sioo1240	0.435018978952	1.06650706484082	-1.56096775	2.74841875
situ1238	0.0615261674595	1.22298734891828	-2.343042	2.45210925
siyi1240	-0.2871980644105	1.11378102118345	-2.49313725	1.8852435
skol1241	-0.32059708709	1.39138587799275	-3.13085525	2.318258
slov1268	-0.1325920544015	1.57622159048579	-3.456983	2.938827
sobe1238	0.044836502545	1.23248562362741	-2.3763875	2.5381175
soch1239	-0.58040959989	1.32143963982687	-3.380133	1.93218075
soga1242	-0.1318375663455	1.38112250483422	-2.8468095	2.48811875
sons1242	-0.35756067375	1.45414353264617	-3.362647	2.44846649999999
sooo1254	-0.1777181504905	1.44833859793345	-3.22785375	2.62634325
sout1528	-0.153136254875	1.41196657023219	-3.0505475	2.55657725
sout2649	-0.169315580335	1.47056965897338	-3.219559	2.702804
sout2674	-0.313956455845	1.41756643965797	-3.44657925	2.2769385
sout2679	1.760359187395	1.38164813808712	-0.63344465	4.77967675
sout2715	-1.118160854912	1.17131593096079	-3.65515075	1.0343315
sout2728	-0.18906619852425	1.20055614087272	-2.66296025	2.21117125
sout2729	0.564968336178	1.18444737529754	-1.6851365	2.992625
sout2730	1.783621040045	1.4160775169988	-0.6354667	4.836678
sout2782	-1.0086521285155	1.41988181631913	-4.112916	1.589682
sout2807	-0.0902114687825	1.50287163696424	-3.180128	2.78168725
sout2826	1.0992209604345	1.48598075845145	-1.56956975	4.3332965
sout2856	-0.263915094246	1.11917908006	-2.54541225	1.90324675
sout2857	-1.4172718329175	1.15528241513667	-3.81446725	0.699888975
sout2859	-1.1448025301325	1.09316547772651	-3.45045925	0.809697025
sout2869	-0.881883713501417	1.30976388458526	-3.6532455	1.48364025
sout2896	1.85545684803	1.40830210474243	-0.682332	4.9031135
sout2918	-0.337585199715	1.48390447541932	-3.34374975	2.4753155
sout2954	-0.087681414268	1.47383857086963	-3.11357525	2.84927875
sout2956	-0.6635612526565	1.49515743588425	-3.7443305	2.16259675
sout2959	0.1861797301705	1.3921632536589	-2.557925	3.03143825
sout2976	0.021481308555	1.36133857028215	-2.70266375	2.7592555
sout2985	-0.52633245504	1.33785362276518	-3.30794225	1.9943935
sout2994	0.433450656365	1.3656986866391	-2.20699775	3.19087175
sout2996	-0.3781469595515	1.43532249281486	-3.32568425	2.31652625
stan1289	-0.09581050656	1.48928067080215	-3.0685405	2.915488
stan1290	-0.0716339197895	1.47716092585788	-3.0744165	2.73550624999999
stan1293	-0.1064358730145	1.53557663914341	-3.347775	2.89792375
stan1306	-0.452469633067	1.42305211167501	-3.35456475	2.24729825
suba1238	-0.24710686412	1.4335988796534	-3.29949275	2.461646
sude1239	-0.2005682662425	1.28864498295755	-2.8018045	2.38376425
sumi1235	-0.7973527061365	1.07598630269572	-3.048463	1.2575735
sunw1242	-1.92907913345	1.29297377495868	-4.64316125	0.372548949999999
supy1237	1.4544500077535	1.42982058987948	-1.03402825	4.5432825
surg1248	1.10834970812	1.42784546840302	-1.49634125	4.1222045
surs1246	-0.7234832926915	1.25459084295075	-3.3829395	1.62194675
swah1253	-0.0442040692515	1.4573720739034	-3.0026535	2.850302
swed1254	-0.07232870792	1.54777333846801	-3.24845475	2.95669475
taba1263	1.486968677407	1.45453182906117	-1.1703105	4.6322015
taga1272	-0.7507461219195	1.3528409158741	-3.65220025	1.679918
tagi1241	-0.0173528762385	1.19606206785855	-2.37403775	2.2668175
tago1246	-0.395431151917	1.44085652021727	-3.4037315	2.42307675
taha1241	-0.036966721805	1.59963868206807	-3.40083725	3.131307
tahi1242	1.616299514813	1.50003185727738	-1.1719065	4.840916
taia1239	-0.5644399339375	1.19807074679221	-3.08836575	1.67572225
taji1246	-0.0159972084165	1.31151069708815	-2.67274025	2.5155405
taku1257	1.083047620763	1.39084033917508	-1.4709965	4.11995874999998
tali1259	-0.2668778960425	1.28370805390462	-2.99879525	2.2045095
tama1331	-0.15841329585355	1.46359113739615	-3.1687435	2.77568725
tama1365	0.659175642192	1.36564142976042	-2.0593715	3.554989
tamb1254	-0.5268350314605	1.37835611824774	-3.5675635	2.01511525
tami1289	-0.08445099237525	1.56255165204348	-3.26554975	3.00512125
tane1237	-1.0642036039785	1.35986823347008	-3.957888	1.4138705
tang1336	-1.59148587142	1.22139105013296	-4.2962005	0.538523599999999
tang1347	-0.89240282124305	1.09785289280125	-3.0946525	1.13134375
tang1373	-0.553318774816	1.3302509744972	-3.42089075	1.9068735
tang1377	-0.385070554626	1.21124340292762	-2.7951935	1.931701
tani1257	-0.756033680685	1.37832179167392	-3.67309725	1.8870255
tara1313	-1.14977417101	1.11373874677344	-3.48472375	0.891146574999999
tata1255	-0.39159627801	1.41253746884911	-3.36905275	2.34025499999999
tata1257	-0.53052285182	1.40216618675557	-3.5850555	2.0375545
tata1258	-0.5483467696	1.36043076212135	-3.41798825	2.1156155
taul1251	-0.035622122054	1.17019607908325	-2.442729	2.321645
taus1251	-0.36390782150645	1.4016570601735	-3.39443975	2.15918675
taus1253	0.109275405301	1.45317926217338	-2.84431375	3.01686925
tawa1286	0.0642545105975	1.49015224241944	-2.85633275	3.1200635
tbol1240	-0.555670803754	1.37069240719199	-3.360375	1.970717
tean1237	-1.0727576698495	1.35441501281531	-3.96055325	1.3961855
teda1241	-0.14727525909	1.47369454744856	-3.08631825	2.6612135
tedi1235	-0.236780714958	1.163823057371	-2.5103095	2.11869375
tega1236	-0.439427633363	1.43714951896253	-3.42095375	2.2640705
tehu1242	0.675442021206	1.44905317786122	-2.032592	3.7600025
teke1275	-0.2382275154925	1.48163197921041	-3.23215625	2.59147975
tekt1235	-0.762869617316	1.41636730879949	-3.7439875	1.923337
telu1262	-0.210329037101	1.46917245348548	-3.1727975	2.7277405
temi1246	-0.283453156126	1.41883585948167	-3.2070685	2.4079625
temp1235	-0.491749722238	1.43158764150755	-3.4746375	2.13725425
teng1272	-0.170644454679	1.44151682787833	-3.0756935	2.47492325
tenn1246	0.185179790455	1.44233026425882	-2.779148	3.21060075
teop1238	-0.290428405726	1.16982336415165	-2.6931545	1.9441635
tera1251	-0.6408708720195	1.42814868839754	-3.6765415	2.02570075
term1237	0.721248793005	1.21006819472069	-1.59640425	3.1499665
tern1247	1.49027885385	1.44262752227664	-1.119187	4.54957
tete1251	-0.76564813518	1.39689090125034	-3.80068725	1.860507
tezo1238	-0.454784846378	1.27963147839123	-3.1138535	2.17679499999999
thad1238	-0.5943905661605	1.08166551654119	-2.81815875	1.45220525
thak1245	-0.8409274262116	1.26224376830767	-3.506092	1.56273375
than1259	-1.342725326405	1.41929691439159	-4.31152625	1.1688705
thao1240	0.375228494689	1.21288967640172	-1.995409	2.75067425
thar1283	-0.143176182195	1.44399077509635	-3.20533225	2.71193025
thul1246	-1.51050989152	1.27997578137662	-4.22285175	0.862876749999999
tibe1272	0.457291414093	1.32396423808264	-2.08824375	3.265537
tibe1274	-0.9584577198745	1.38773422531984	-3.92755725	1.5287905
ticu1245	-0.59685893391675	1.36863748353986	-3.3534355	1.96910825
tief1242	1.78985104209	1.28820406349829	-0.4654345	4.56993774999999
tief1244	1.69695423348675	1.27611704625752	-0.5646827	4.4927385
tien1242	-0.1057485754315	1.413515475461	-2.9179	2.58661075
tiga1245	-0.67996768523	1.26360056903307	-3.29630875	1.8032845
tika1246	-0.945469267845	1.37056422776293	-3.9172275	1.562186
tiko1237	-0.66268760587355	1.31015772813754	-3.41400375	1.802474
tilu1238	-1.7982873187	1.25827318499544	-4.49705	0.443845275
timn1235	-0.356596199695	1.4076144632074	-3.2594255	2.43504025
timu1262	-0.56980347897	1.42025758601298	-3.652105	2.091618
tina1248	-0.5031947995255	1.43212233989255	-3.4855905	2.224579
tiri1258	-0.791042153972	1.42055313666476	-3.8455215	1.85037025
tiru1241	-0.6596726539135	1.42235032424056	-3.53833525	1.9848825
tita1241	-1.0247752999375	1.34418120652376	-3.90403325	1.42514175
toab1237	-0.190697913255	1.19437069071586	-2.6013135	2.1789115
toar1246	0.655554767515	1.18008666330029	-1.62382	3.13271349999999
toba1268	-0.1362309692675	1.36695136109534	-3.01171325	2.51940275
tobe1252	1.6238240533495	1.49264017436889	-1.03790575	5.0022155
toda1252	-0.126134545824	1.48942839518058	-3.10452175	2.854529
toho1245	0.0096792577203	1.39636663077871	-2.90952725	2.7733265
tojo1241	-0.70517084472	1.50044003438641	-3.884889	2.15796825
toke1240	-0.17214732005	1.484784109841	-3.36610075	2.608075
tong1308	-0.0223059388805	1.48756325278834	-3.08234925	3.01253625
tong1318	-0.10349408096	1.48951949606685	-3.09222575	2.67558425
tong1325	-0.14365452928	1.54243316706661	-3.2559065	2.711047
toor1238	0.25451076952	1.2966923305241	-2.3794965	2.90731025
tora1259	0.072274958097	1.17753899173176	-2.2438415	2.3503195
tosk1239	-0.19038602624	1.43085274815681	-3.17499125	2.500586
tote1238	-0.23744952296	1.42505825324085	-3.1919185	2.55714175
toto1302	-1.21335918224	1.33981789176402	-4.10392525	1.1492125
touo1238	0.147125025955	1.26042256142044	-2.32159325	2.73219575
trin1274	-0.959122253675	1.38024411708355	-3.838342	1.5082565
trio1238	0.347208990064	1.4413428578966	-2.39854825	3.32942875
trum1247	0.30922346139	1.30112827723149	-2.229934	2.98403724999999
tsam1247	0.2683315920385	1.35330776632569	-2.349123	2.93676275
tsat1238	1.302326769005	1.42734596979146	-1.205657	4.221561
tsha1245	-0.601852904565	1.23409162655015	-3.1561575	1.64402475
tsis1238	0.0365866405145	1.39561192191334	-2.81160825	2.814105
tsix1234	0.395253061615	1.40156869858674	-2.27758775	3.3746775
tsog1243	-0.16150383937	1.49002663675946	-3.08380875	2.78681325
tson1249	-0.087633685261	1.47073110875269	-3.17627225	2.8948385
tswa1253	0.2483685036715	1.40096134487214	-2.58659225	3.0216745
tswa1255	-0.1041864384885	1.47224065505324	-3.0510275	2.82372424999999
tuba1278	-0.51523640297	1.31436838750993	-3.292269	2.053586
tuca1252	-0.336812307141	1.24579475488181	-2.83303975	2.006762
tugu1245	0.9712132667755	1.31378327143142	-1.48921425	3.67045274999999
tuka1248	0.84290640303855	1.33284426950292	-1.67155525	3.6288405
tuki1240	-0.77482604617	1.43472066573376	-3.918518	1.737951
tula1252	-0.80976538016945	1.28752467279547	-3.54335175	1.654956
tulu1258	-0.1088488942875	1.52630817379377	-3.04905375	2.81955975
tuml1238	-0.524110302546	1.14088414061057	-2.84031	1.668209
tune1261	-0.821881352545	1.4747166179972	-4.13748525	1.7590965
tung1290	-0.6844202042167	1.35805722842092	-3.551262	1.8915505
tunn1238	-0.06678298296	1.52853406252025	-3.2410415	2.923094
turk1303	-0.062165007295	1.50033687589205	-3.00522725	3.050148
turk1304	-0.0795111201165	1.49138946170249	-3.11817575	2.94057975
tusc1257	0.5704051049105	1.39744553802335	-1.9699335	3.6004775
tutu1241	-1.1472798494455	1.10493075424765	-3.41740625	0.865884349999997
tuva1244	-0.118468808389	1.38602608923572	-2.979525	2.56456325
tuvi1240	-0.080728323747	1.45522093029269	-2.88630125	2.7708735
tuwa1243	-0.7819734268365	1.32585823215961	-3.57489125	1.66294725
tuwu1238	1.108560237105	1.37002131851784	-1.34207	4.04314975
ubir1237	1.446279656565	1.26179283042126	-0.8782605	4.11478574999999
udih1248	1.64267044171	1.48198822614009	-0.9396176	4.77610975
ughe1237	0.086982124738	1.23703271654684	-2.3191495	2.611113
ugon1239	0.4271177454325	1.3691667858065	-2.14362175	3.34306525
ulch1241	0.2020825115555	1.40924233427638	-2.6409415	3.03126475
ulit1238	-0.3996497674275	1.42944110610743	-3.51278375	2.19445525
umaa1242	1.001727302966	1.33216512662537	-1.50190875	3.83906275
umbu1257	-0.16545294730505	1.42016853255593	-3.19073675	2.641617
umbu1258	-0.789999147562	1.26175729943062	-3.438671	1.67011925
umes1235	-0.051492752305	1.35698649936518	-2.79369825	2.5345515
unua1237	-1.5534465096115	1.12073998479034	-3.833772	0.453224574999999
uppe1275	-0.370558445501	1.18266788444278	-2.8205375	1.85767975
uppe1427	-0.460438751366	1.36413250298485	-3.29246	2.1354955
urak1238	0.35808069039565	1.33590191844896	-2.26793425	2.9783335
urar1246	0.633539505251	1.30133022682175	-1.78591775	3.402704
urav1235	-0.701220121825	1.29413984949827	-3.5424215	1.7066065
urim1252	-0.435679499735	1.16707136866332	-2.709988	1.77196425
urip1239	-1.4623765322	1.10259635604506	-3.7125	0.527917049999999
urni1239	-0.49240829764	1.33059414853678	-3.24781075	2.0400585
utes1238	0.863033645456	1.3939009436429	-1.86789625	3.91663675
uuuu1243	1.090561672155	1.31018722993584	-1.33665325	3.75430325
vano1237	-1.074356455258	1.34768075013548	-4.049194	1.397987
veps1250	-0.361353432192	1.43195408626014	-3.160647	2.3806505
vera1241	-0.9380934252075	1.31063774112962	-3.77430075	1.427258
viem1243	0.951638848188	1.31546770630348	-1.628105	3.64033774999999
viet1252	1.822341196555	1.52274003884677	-0.78831905	5.112411
vinm1237	-1.533882275525	1.11592657559538	-3.81873275	0.519647549999999
vunj1238	-0.02613406257575	1.43300512694934	-2.92050025	2.725654
vure1239	-0.9289880190186	1.31517631596084	-3.73687775	1.449797
vwan1235	-0.252727445805	1.56364223241678	-3.47030275	2.599397
wadj1254	-0.8605950240685	1.41744906109464	-3.78844525	1.8023865
waga1260	-0.4075425025525	1.46692646317917	-3.53024325	2.43263825
wage1238	-0.826183046485	1.48355806677683	-3.85210825	1.8672795
waig1244	1.699533252725	1.42234358083862	-0.875685075	4.8005595
waim1251	1.6075140177745	1.25470527482228	-0.582912425	4.2377155
waim1252	0.6587838072335	1.23701864071144	-1.71204125	3.162687
waim1253	0.361154300731	1.38175465937237	-2.3537505	3.19122999999999
waiw1244	0.3138583642185	1.38047660474063	-2.407626	3.053981
waja1257	-0.317944044427	1.44059526306536	-3.28271775	2.340232
waja1259	-0.89028400785	1.30665573179078	-3.65762725	1.50698025
waka1274	-0.37143824736	1.44127275765775	-3.330703	2.41038925
wala1266	-0.4423057108805	1.19188182173758	-2.79549825	1.88432874999999
wall1257	1.523783234285	1.41366215686112	-1.20168275	4.483831
wamb1257	-1.742418951382	1.26050843606275	-4.4069975	0.515439724999999
wand1267	1.39760367185	1.29253426187617	-0.879113175	4.1604805
wand1278	-0.7119529855455	1.47574016449626	-3.8433485	2.04650325
wanm1242	1.3694168103655	1.46732051177818	-1.22188325	4.5875905
wara1294	-0.72730866707	1.38619186082835	-3.64334725	1.91512325
wara1300	-0.17090126571	1.48934449921429	-3.4273465	2.72163625
wara1303	0.516805845065	1.45633408869292	-2.31718325	3.59547775
ward1246	-0.79242130377	1.44674723943311	-3.86974625	1.89849025
ware1253	1.20709008865	1.36745054916226	-1.333321	4.073815
ware1255	0.87327529537	1.39451096682908	-1.66858775	3.7988425
wari1268	-0.1579733449923	1.41150988111556	-3.03872275	2.674882
warj1242	-0.4796437657	1.37298763320464	-3.3724855	2.2190835
waro1242	1.407430815714	1.3355099276558	-0.848347525	4.203022
waru1265	-0.4219203310885	1.35806548740519	-3.30276175	2.14293725
wash1253	0.2180436069085	1.36022293425394	-2.38777075	2.93165125
wawa1246	-0.5231660355225	1.35960139704641	-3.39779925	2.00640225
waya1269	0.34394340228	1.45235395493283	-2.407	3.19417725
wayu1241	-1.817926968755	1.26510017584383	-4.419885	0.493331625
wayu1243	-0.577373241875	1.41598581753978	-3.42639075	2.0417535
wels1247	-0.0498005293795	1.4844079471022	-3.062903	2.91488875
weri1253	1.150654241184	1.16125299301378	-0.946014825	3.56320299999999
west2354	-0.1379917764545	1.59750089426226	-3.27816225	3.05997925
west2369	-0.149748237475	1.40493179747103	-2.998462	2.6695665
west2386	-0.37413020949	1.31949130611353	-3.24480775	2.1810035
west2392	-0.41646912311	1.34990240021237	-3.2533435	2.1268635
west2396	0.695642433545	1.37058824772745	-1.95923025	3.59612525
west2397	-0.206317609995	1.46658655786755	-3.23663225	2.54973925
west2415	-1.335956227565	1.19309263987498	-3.8664705	0.800703374999997
west2418	-0.58990182133	1.26936384960801	-3.227894	1.868309
west2430	0.6877738945085	1.39790815004165	-1.92896475	3.65828925
west2441	-0.389344385668	1.43482880300024	-3.40042425	2.3548715
west2466	1.897564423765	1.3128657189343	-0.405032075	4.71642675
west2516	-0.70975816631	1.37663374056964	-3.51164575	1.80336125
west2519	-0.3541237235305	1.36055101986014	-3.152611	2.27803775
west2548	-0.4890881559055	1.3213213466533	-3.16702175	2.055315
west2555	-0.8463740958335	1.35246009187407	-3.66022225	1.60460425
west2557	-0.368197976815	1.42330013572219	-3.405944	2.33982675
west2560	-0.512475919268	1.41181626885404	-3.72627525	2.1894415
west2594	0.917744471085	1.31909145710789	-1.62053475	3.6996645
west2600	1.5183455004368	1.4186103711203	-0.812160125	4.514624
west2615	0.08415996523145	1.35036363843897	-2.60357425	2.8933915
west2618	-0.288986680791	1.44560453938441	-3.3473945	2.384219
west2632	-0.52475310079	1.4167817860043	-3.408912	2.093885
west2635	-0.7971869419145	1.46471326353987	-4.07092875	1.94016575
west2644	-0.6239332626835	1.36799553199149	-3.5266685	1.96812425
west2650	-0.400364943368	1.4401337167804	-3.36490425	2.405944
west2763	-0.035624573852	1.53792370777023	-3.18661425	2.94081375
whit1269	-0.89380163279	1.31516629640879	-3.71946675	1.43951925
wiru1244	-0.860137312247	1.19801291901168	-3.24725975	1.44247025
woii1237	1.2879736788705	1.38735830788122	-1.265613	4.35288525
wola1242	-0.573252515975	1.33565707297492	-3.24991775	1.91944499999999
wole1240	-0.3094401057815	1.37801504028599	-3.21276575	2.391379
woli1241	1.43451296532	1.41197253904337	-1.1240535	4.4794515
wotu1240	-0.113068288949	1.2978161656029	-2.691977	2.3011215
wuch1236	-0.40654226244	1.35810717197606	-3.2754195	2.2058355
wudi1238	1.205005155225	1.39820390996883	-1.32893575	4.20892775
wusa1235	1.1398138057	1.36902563396392	-1.28107275	4.014286
wutu1241	-0.7098578907775	1.35130473264177	-3.56849075	1.76084375
wuvu1239	-0.538076820172	1.45029368627711	-3.58429	2.29941
wyan1247	0.4350033721725	1.41584838078605	-2.27174625	3.41402575
xamt1239	-0.07204513306	1.49443989930777	-2.96543775	2.88066125
xara1244	-0.8216457654465	1.39669644863418	-3.737864	1.70593025
xava1240	0.582297478699	1.4269157740977	-2.06601075	3.52885475
xhos1239	-0.061589056377	1.44001296203062	-2.9145135	2.730689
xish1235	1.5878637978135	1.41860194111254	-0.872851975	4.707512
xokl1240	0.485703580977	1.374352290249	-2.04047525	3.3348785
yaak1241	-0.166636831419	1.43754216147811	-3.223198	2.7070145
yaey1239	-0.1185239923975	1.53541437884099	-3.1430455	2.88013575
yagu1244	0.67872987149	1.42408969297693	-2.04237325	3.686738
yaka1269	1.47870697222	1.45430892589111	-1.14249375	4.52468975
yaka1277	-0.36442185727	1.39550904995596	-3.232401	2.24988625
yaki1237	-0.3170137667475	1.39554530819211	-3.2598525	2.42588325
yako1252	-0.655975215056	1.44828309401426	-3.76570025	1.997457
yaku1245	-0.0422297006665	1.51973227432901	-3.163374	2.96373075
yale1246	-1.19715238618	1.19290335762424	-3.69822675	1.03696275
yama1264	-0.456802579667	1.4441223860493	-3.48161975	2.342508
yami1254	-0.318257012603	1.39435474713164	-3.31813075	2.3962865
yami1256	-0.1351601146185	1.35326016057505	-2.79583325	2.53625975
yamp1242	-1.729699984485	1.31457521531219	-4.52689475	0.694036875
yane1238	0.167973218144	1.25526313558453	-2.307586	2.796939
yank1247	-0.39633115394	1.39600449330279	-3.2906275	2.290659
yano1261	-0.329816810904	1.38681908207465	-3.12205975	2.283695
yano1262	0.77009995086	1.44124057179178	-2.01658175	3.804582
yaoo1241	-0.04593489541195	1.48114827263329	-3.0950845	2.783707
yape1248	-0.27374835621	1.39394028417255	-3.15727425	2.4043895
yapu1240	-0.56602086281	1.12735318695219	-2.869906	1.544763
yaqu1251	-0.19586281527	1.38162747077194	-2.99527625	2.4398395
yare1248	1.124134829329	1.14154998704045	-1.016754	3.58919225
yasa1242	-0.3224505621825	1.41795528332091	-3.28400875	2.37322425
yatz1235	-0.747000231698	1.34618182358181	-3.6283015	1.714606
yaul1241	-0.33290452314	1.20758716233868	-2.71719775	2.04912025
yaum1237	0.418438857892	1.00919965730969	-1.46535525	2.5450135
yawa1261	0.7102577482885	1.26938193070154	-1.72085525	3.48461575
yawu1244	-0.59363316075	1.39589534748487	-3.53310175	1.9507715
yecu1235	0.2748226821275	1.24517295492685	-2.054561	2.82817174999999
yele1255	0.232811253417	1.36335546338591	-2.4901225	2.96366725
yems1235	-0.6165059824015	1.42696428935791	-3.70244025	2.00943775
yinc1238	1.0304291161655	1.33631712158563	-1.349658	3.811201
yind1247	-0.324093044349	1.4268094295588	-3.3906885	2.458537
yoga1237	-0.69900260423575	1.3758859663469	-3.610346	1.74451975
yoku1256	-0.802906484075	1.45473398004548	-3.8970095	1.87144075
yona1241	-0.09996897558	1.48860201554377	-3.15324975	2.85350675
yong1280	0.54031133039	1.47034849870656	-2.19917075	3.64774925
yora1241	-0.154623043804	1.39667145450744	-3.00311475	2.56647724999999
youl1235	0.91633561162	1.27150147653383	-1.358402	3.63257075
youn1235	0.419927646965	1.38403021352768	-2.27792425	3.224976
yuca1254	-0.217752974244	1.4360762847278	-3.10045875	2.55478125
yuch1247	0.441050502085	1.39072276545061	-2.131552	3.29643
yuec1235	-0.5502496427235	1.4628820633173	-3.64146475	2.22866
yukp1241	0.127522281655	1.3395762962877	-2.57323025	2.887247
yulp1239	-0.655904541815	1.34749450519391	-3.56708775	1.87482175
yuqu1240	-0.497967917315	1.34526757235615	-3.302605	2.158737
yura1255	-0.5426848954915	1.37880717516339	-3.287593	2.18898275
zaba1237	-0.0073311096275	1.25902065294326	-2.49142025	2.45957175
zaca1241	-0.4584299909585	1.17433357754477	-2.88828825	1.7560635
zaca1242	-0.6496704511	1.38694555615084	-3.59136525	1.89228075
zaiw1241	1.25118918753935	1.39322859623522	-1.23109625	4.32219325
zakh1243	0.645572738765	1.21614842261616	-1.631415	3.20963
zamb1245	-0.498024301315	1.44547129901132	-3.52468525	2.198829
zani1235	-0.48827007729	1.30725778014462	-3.28230625	2.013672
zapa1253	0.042687038085	1.34966328948914	-2.65372575	2.755041
zarm1239	0.393671749225	1.43865527739523	-2.425285	3.4558215
zaye1235	1.04089511584	1.34319273385547	-1.3455345	3.99679275
zays1235	0.25186366959	1.34167745157548	-2.26965375	2.94056125
zeme1240	-1.384158787561	1.23050884031026	-4.17554475	0.798834174999998
zenz1235	-0.488732457385	1.32485343522971	-3.277396	2.05780249999999
zhab1238	0.2003316656475	1.29463773176332	-2.246064	2.89875775
zigu1244	1.4437940691095	1.49209153712806	-1.11957875	4.78707525
zinz1238	-0.125202766244	1.52491127605447	-3.150146	2.83726175
zoog1238	-0.73799167918985	1.32850057182543	-3.53136925	1.674538
zulg1242	-0.8244511576085	1.43925084785693	-3.88221275	1.87470125
zuni1245	-0.702446348993	1.40075941887087	-3.72732825	1.8738055
