Estimate	Est.Error	Q2.5	Q97.5
abar1238	-0.956011753215	1.06191400094329	-3.22865625	1.0711105
abee1242	-0.2199236138705	1.14999659751855	-2.55652175	2.02983125
aben1249	-0.07899955024	0.909869855796103	-1.91050275	1.72119425
abkh1244	-0.54872948109175	1.20965487415059	-2.94112975	1.78708825
abua1245	0.17198853987605	0.936718662904584	-1.64598775	2.082467
abun1252	-0.5632994994375	1.11977768302674	-2.81109825	1.50143575
acha1249	0.34619252239	0.895240303555201	-1.36011075	2.18486725
ache1245	-1.0395449529816	1.11461546691249	-3.39797175	1.00174075
achi1256	-0.952213857993	1.12787216490372	-3.36895	1.08567
achi1257	-0.1781254263269	1.07987778724122	-2.454532	1.92126475
achu1248	0.345774241571	1.09913570738573	-1.69119825	2.588367
acol1236	-0.2389843495765	1.11961360977872	-2.5213545	1.888626
adan1251	-0.10169232344015	1.0043920149434	-2.082555	1.81711925
adon1237	-0.27134302856195	0.951491949138888	-2.19647425	1.54278225
aeky1238	-0.87540129516	1.04243163780612	-3.09468975	0.999807824999998
afar1241	0.4899986306018	1.18543246015046	-1.75202025	2.9121945
aghu1255	-1.12680717504	1.06680875457128	-3.427824	0.828798399999999
agob1244	1.379861866155	1.0486830831626	-0.57687865	3.580169
agua1253	0.666765561287	1.08907924826579	-1.39658175	2.86896575
agut1237	0.59577768572905	1.13538390500817	-1.60112975	2.87321675
aheu1239	0.625352164755	1.05610142884989	-1.3058635	2.74867175
aime1238	-0.61079779556	1.07339003635984	-2.82815525	1.426853
ainu1240	-0.26691528222	1.18155949279927	-2.5612185	2.124417
ajas1235	-0.586235386775	1.16145585803944	-3.06351475	1.55756525
akei1237	-1.657046523555	1.00384682525527	-3.64358025	0.181267649999999
akha1245	-1.2538759969595	0.882258249388749	-3.03700975	0.40111955
akoo1248	0.025134505151	1.01007852360448	-2.056274	1.987032
akun1241	-0.211090551508	1.14315945622802	-2.6138595	2.03747175
alab1237	0.62601938819735	1.11258255365997	-1.52015325	2.95260875
alab1254	-0.1844837625857	1.01366454693155	-2.2344445	1.788981
alac1244	-0.50428363799	1.02244530328615	-2.64190325	1.32748375
alag1248	-0.103470668567	1.02895992411518	-2.112723	1.90986375
alba1269	0.4024060374655	1.06930473131899	-1.6238155	2.6006965
aleu1260	-0.608767652545	1.13029696995102	-2.8892595	1.518044
alor1247	-0.1660059730185	0.98902022794372	-2.20870575	1.731249
alya1239	0.229296312122	1.10583537137136	-1.899937	2.44034375
amah1246	-0.402381016568	1.08611633860888	-2.62773	1.73935425
amam1246	-0.389313703689505	0.919941192760824	-2.2572385	1.388348
amap1240	0.5428397077605	0.959528221474242	-1.264876	2.50957175
amar1272	-1.66233570492	1.04493758127966	-3.9201185	0.285123199999997
amdo1237	0.773656808026	1.10082814591093	-1.2324015	3.09436849999999
amii1238	0.06292856907	1.06190043966464	-2.15325725	2.11512175
amis1246	0.252363469969	0.913668053487195	-1.54087575	2.11599525
anei1239	-1.0130455887991	1.0652342418706	-3.22383475	0.929074275
anfi1235	0.378538093943	1.07058179862803	-1.73308175	2.48736225
anga1288	-0.5344439293911	0.858837820926767	-2.24688425	1.095315
ango1257	-0.430987643885	1.15187502934643	-2.70707175	1.65884125
anuf1239	-0.395571989671	1.12583223773463	-2.68724625	1.763002
anuu1241	-0.552271418295	1.0139370534636	-2.604109	1.36740475
aona1235	-0.185421143075	0.871466509223144	-1.90243925	1.478629
aoua1234	-0.6870539657415	1.07783463785698	-2.93667925	1.37186375
apat1240	0.2263788108705	0.947097029848353	-1.590306	2.149379
apin1244	-0.284056599843	1.17846546130061	-2.70026475	1.92630775
apma1240	-2.0182736458	1.01999129508826	-4.2106755	-0.232190725000001
apma1241	-0.47341126649	0.893134831277742	-2.32612125	1.3093305
arak1252	-1.765023498375	0.964392062193981	-3.76425875	0.00644662324999943
arao1248	0.318608427983	1.06082041904922	-1.64915625	2.4569485
arap1274	0.4325037911265	1.18163129902673	-1.87538225	2.84792725
araw1273	0.70704443997	1.0953201116266	-1.243985	2.93010525
araw1276	1.04521677140985	1.03905147930441	-0.869682325	3.1671025
arbo1245	0.3259525725935	0.972376844861837	-1.594859	2.33339825
arch1244	0.78675517355	1.01737001288601	-1.2188465	2.83174749999999
area1240	0.2147424559595	0.89229019016884	-1.55672325	1.90529925
aree1239	0.568172652547	0.798838528258523	-0.978366575	2.17862225
argo1244	-0.5020587272215	1.11025506372603	-2.85988475	1.71476675
arhu1242	-0.5557773392395	1.12000254070366	-2.87368725	1.54770224999999
arig1246	-0.124249115585	1.10823602702803	-2.433808	1.959178
arom1237	-0.1030610119195	1.02502516878068	-2.13752575	1.973717
arop1242	-0.02657503036	0.914066277768904	-1.8679335	1.73484425
arop1243	-0.9364952149915	0.991212449285403	-2.9444625	0.884829549999999
aros1241	0.138848546584	1.00232267397678	-1.967544	2.1869785
arta1239	-0.725074442519845	0.945761194848489	-2.61220825	1.16035675
ashe1272	1.2138704330673	1.07495835315729	-0.743063275	3.52088475
asoa1238	-0.53254290782	1.13326712865849	-2.79511275	1.54850275
assi1247	-0.5018325020595	1.1158728384553	-2.87334425	1.58502425
asut1235	-0.106590360185	1.07736856631785	-2.4085285	1.85891825
atam1240	0.328759246463	0.98107531557333	-1.510474	2.23780375
athp1241	0.72365318883	0.864471728627607	-0.9395581	2.43130225
aton1241	0.19886078641	0.978222552420863	-1.7798095	2.0869555
aulu1238	-2.1080349905	0.936567330311046	-4.11729525	-0.375113
auuu1241	0.144008547237	0.87678986898417	-1.6548225	1.8298155
auye1238	-0.587542150349	0.960894199376364	-2.48714375	1.31387425
avac1239	0.7150847705375	1.05070073245076	-1.255473	2.86028775
avat1244	-0.4592770278645	1.04267907898073	-2.65778775	1.48568675
awac1239	-0.3234123432595	1.05230543111467	-2.45161325	1.7097305
awad1243	0.3539731282455	1.02880654977559	-1.630524	2.51974675
awad1244	-0.681359008095	0.92488817391594	-2.543763	0.98139015
awar1249	-0.589220514871	0.917190286703108	-2.5133545	1.1007065
awet1244	0.54518731419205	0.97363807222009	-1.321623	2.47195425
axam1237	-2.09831126465	0.968604008860803	-4.18769325	-0.338804500000001
axiy1235	-1.1614802779705	1.1111700724542	-3.537841	0.7815694
ayac1239	-0.491087295427	1.08975586232532	-2.73251825	1.53918025
ayiw1239	0.491357790232	0.898589142579509	-1.239258	2.330306
azha1235	-1.199845289535	1.07369986647487	-3.3826665	0.624859774999998
baba1266	-0.6677561785035	1.00485439570793	-2.72586025	1.118623
baba1268	-0.790056357359	1.0467782895723	-3.01441775	1.156913
babi1235	-0.6431229860305	1.12962400932169	-2.91806475	1.4530665
bafi1243	1.06439178216105	0.926779364438354	-0.627454725	2.87923825
bafu1246	-0.783943954692	1.01238268897722	-2.8830995	1.044749
baga1272	-0.0845250175245	1.08641642252939	-2.27313425	2.0312745
bagi1246	-0.150282868541	0.999018338319398	-2.17324175	1.777766
bahi1252	0.51924957756675	0.849401469137473	-1.081108	2.31412125
baim1244	0.5782906822995	1.05889794865634	-1.4344975	2.78979425
baka1272	-0.2043591132395	1.14430151732423	-2.6266455	2.04421025
baka1274	-0.4150399257045	1.15070223800896	-2.7672885	1.79018975
baki1244	-2.037071305155	1.06178040647324	-4.38595925	-0.13283025
bala1311	0.285863912242	1.06077372002608	-1.7189205	2.4238795
bala1315	0.64146762225635	1.16733445983799	-1.514715	3.1036715
bali1278	-0.467043388751	1.11053920220661	-2.7917675	1.573101
balo1261	-0.799897593045	1.13009847171041	-3.26966175	1.27529075
balu1257	-1.206284508015	1.04108044460574	-3.352963	0.681058774999999
bamb1262	0.50143312632	1.09549700572984	-1.6937225	2.79702375
bamb1269	-0.115646705797	1.22030221042874	-2.559984	2.2867345
bamb1270	-0.08462086749	1.15540215140987	-2.4291275	2.0496185
bamu1253	0.039174341225	0.990887182536339	-1.93104775	2.03105475
bamw1238	-1.0271517945315	1.07421937378937	-3.31632675	0.915219249999999
band1344	-0.3383639562755	1.1699014839579	-2.79587725	2.01750225
bang1354	-0.397898973733	1.13880614478062	-2.730966	1.7771055
bang1363	-0.062768746435	1.12304429935658	-2.27825125	2.09265025
bang1369	0.570821195583	0.994297723125531	-1.2936885	2.56399225
bant1281	0.7455902049015	0.827579425958283	-0.86147655	2.3312315
bara1357	-0.3182451111775	0.877981576705394	-2.0818955	1.41407825
bara1361	-0.56065009105775	1.14554720755024	-2.89516775	1.51552
bara1370	0.78231392217	1.11528941984723	-1.35607075	3.1105545
bare1279	0.39641915628477	1.06952724235656	-1.67737375	2.56318825
bari1286	-1.658473827065	1.05058287672937	-3.90792975	0.287756175
baro1253	-1.320874575895	0.978523147710334	-3.4060945	0.510101149999999
basa1282	-0.4184711628885	1.13700586395057	-2.8085895	1.8129325
basq1248	0.38544987106	1.1609201530809	-1.81410825	2.78219275
bata1289	-0.5357699837335	1.12718876253829	-2.873828	1.646059
baur1253	0.427679788935	1.11744161964286	-1.7228025	2.76168475
bawm1236	0.4679330848	0.925192565116725	-1.31963175	2.38034775
bayb1234	0.4203918210685	1.07787106436113	-1.618489	2.68028
bebe1248	0.7762610691	1.08990460365914	-1.3643665	2.989819
beem1239	-0.033809996784	1.1190991617557	-2.39394075	2.16844075
beja1238	0.7251326644965	1.1193727320644	-1.39120275	3.01765
beka1241	0.856670560025	1.07649655865185	-1.15496475	3.023973
bekw1241	-0.33411297673	1.05582794270549	-2.4877855	1.684472
bela1254	0.40170624162	1.14505121473238	-1.72809575	2.7780575
bela1256	-0.541036047645	1.12336153608904	-2.98029175	1.49844825
belh1239	0.718568275755	0.83823481740263	-0.886885	2.3254125
bell1243	-0.90379806028	1.13464232657769	-3.29551975	1.1146335
bemb1257	-0.420574052367	1.12866074764932	-2.824591	1.7537375
benc1235	-0.060441632002	1.0694919077097	-2.20450975	1.96216775
beng1282	-0.3189891922115	1.17330880403413	-2.8104515	1.87181275
bent1238	-0.360280756493	1.02777921803143	-2.49089675	1.559646
bert1248	0.596174427217	1.14129603836172	-1.598749	2.9503575
bhoj1244	0.3126625662625	1.09954167503494	-1.81564475	2.579167
biaf1240	0.4556943087725	1.11878980992635	-1.63861275	2.76359275
biao1253	-0.0913560881205	0.96764068332014	-2.03290075	1.82264025
biao1254	0.70256151715	1.10217518742105	-1.294707	3.0505975
biao1256	0.3955395022955	1.0872633014872	-1.69216725	2.715243
biat1246	0.90714439355	1.00252479221356	-0.93029785	2.9174815
bidy1244	-0.053377151427	1.12597554875283	-2.265057	2.18558825
biha1246	-0.24849402287175	0.976234255932636	-2.3385225	1.644248
bila1255	0.452352747678	1.03000772716906	-1.59257125	2.43056875
bilb1241	-0.41669385239	0.854701296380406	-2.12824775	1.210685
bili1260	0.6490083033565	1.14444929172883	-1.500597	3.110311
bimi1240	-0.35683102798	1.0048897914238	-2.377425	1.52664225
bina1277	-0.6771169867445	0.967543674193212	-2.5946585	1.193813
bini1246	0.60489317098	1.11139505806839	-1.530151	2.8147565
bira1253	0.316125295352	0.974651715484801	-1.5981165	2.2347335
birr1240	-0.406209819402	1.1829229737303	-2.79413275	1.92047649999999
bisu1244	-1.5317609286065	1.06974698968451	-3.8360985	0.338330825
bitt1240	-0.965889261903	0.932380805825891	-2.89801075	0.739790624999998
biwa1243	-0.421446008235	0.890908289449185	-2.2101245	1.30171175
blab1237	0.503266951453	0.857220680756666	-1.1620015	2.1970025
blan1242	-1.1850689593395	1.02600639152658	-3.39963875	0.658525799999999
bodo1269	0.608443103316	1.01840176200857	-1.30736275	2.7171025
boht1238	0.707293625991	1.05193037083664	-1.2863905	2.85347075
boka1249	-0.020595911647	1.00242543323011	-2.04862075	1.962469
bola1250	-1.3911034978179	1.12438115596656	-3.799795	0.623482374999999
bolg1251	0.039358842261	1.08976689086586	-2.16000225	2.16882075
bolo1262	-0.808591744623	1.1361465567263	-3.17103425	1.29190025
boly1239	-1.00138296306755	1.05441123480215	-3.2266945	0.898851599999999
bomk1234	1.2844999829	1.17372921694315	-0.928170275	3.78434875
bona1250	0.7960726297135	1.02900046337588	-1.19927175	2.9518695
bong1284	-0.47692521417565	1.15906074993609	-2.8983675	1.73565475
bong1289	0.6024503162515	0.99428774543883	-1.32173125	2.5240315
bora1263	0.083336472985	1.0992655925638	-1.960003	2.31932875
bord1248	-0.71280874662	1.17770016463569	-3.22752675	1.4833945
bori1243	0.209419327945	0.936364124609114	-1.666718	2.0979185
boro1277	0.7027296586425	1.10806133582414	-1.4201725	2.9540115
boro1282	0.753420732277	1.17096834718496	-1.28039275	3.22749625
boto1242	0.025837358325	0.92608318498414	-1.80653375	1.901901
boun1243	0.928080352369	1.11625263138975	-1.12702575	3.28172
brah1256	-0.939400270019	1.13095582953576	-3.206325	1.0938275
bret1244	0.428739735625	1.15743674827299	-1.792331	2.83322425
brib1243	-0.42829111676	1.14246391628255	-2.7736165	1.77054675
buga1247	-0.7322578566225	1.00702153714342	-2.765663	1.11392875
buga1250	-0.914488351757	0.928157035552546	-2.82833225	0.8266655
bugh1239	0.455744087234	0.853838225205739	-1.26602275	2.249962
bugi1244	0.8979673125445	1.1070556787723	-1.22663425	3.191217
bugl1243	-0.289399426926	1.22306158922918	-2.67201675	2.06237775
buhu1237	0.3358958505385	0.952142407923147	-1.5222745	2.14986275
bujh1238	-0.3374477355145	0.843200460664161	-1.96661225	1.327201
buka1257	0.806680713718	0.958946467989463	-1.001791	2.76352925
bull1247	1.31227745533	1.08987322355863	-0.63328365	3.455333
bulo1242	0.19699632939	1.05548604576685	-1.8856945	2.39872825
bumt1240	0.640239052724	1.02515111530307	-1.36895175	2.76444925
buna1276	0.953474572541	0.989445090752299	-0.831102825	3.04675975
bund1253	0.36901939806	1.07482156255951	-1.73129875	2.4715275
buol1237	-0.1146270327785	1.07462781537309	-2.34074275	1.9345535
bura1292	-0.169901650606	0.987809776818142	-2.1004275	1.74237875
burj1242	-0.30341877132	1.07434745050437	-2.48391025	1.80041725
burm1264	-0.747148869805	1.02102618225924	-2.8608615	1.1433075
buru1296	-0.1310639996465	1.17942113109295	-2.4807875	2.185814
buru1320	0.151953058225	1.03987318874822	-1.9344025	2.182735
bush1247	-0.262447550845	1.18101162592678	-2.80719575	1.961056
buwa1243	0.1631028393135	0.910503068769863	-1.5848345	1.98168125
byan1241	-1.1489909352255	1.04954881470129	-3.41450125	0.704713449999999
caac1237	-0.2581253491815	1.0140219726291	-2.3306405	1.60755225
cabe1245	-0.40599823759933	1.11796653451346	-2.68474625	1.71903749999999
cacu1241	-0.027102162511	0.929750290801269	-1.84437525	1.854107
cahu1264	-0.23323826183	1.1985174156655	-2.68158025	2.04528375
cald1236	0.423948571773	1.0403159602187	-1.57808025	2.59026275
camp1261	0.722573909385	1.10642617198984	-1.316096	3.098167
cams1241	-0.2957139234045	0.939424988657555	-2.1403015	1.601324
cane1242	-0.285528884424	1.17728531782501	-2.77209225	2.04509875
caom1238	-0.403671700522	1.04759246533924	-2.57470475	1.68371875
capa1241	0.471293651852	1.07899369123562	-1.55266425	2.6534255
carn1240	-0.685191807279	1.06154644979752	-2.93596125	1.31748525
caro1242	-0.27262269597	1.13948163590153	-2.69651	1.866367
cash1251	0.8970556724166	1.1140294703899	-1.17715575	3.287125
cavi1250	0.377975234167	1.05751857573367	-1.69227325	2.49055025
cayu1262	0.42465187774	1.03778248646131	-1.4492655	2.563676
cemu1238	-0.49714595686845	1.00494904401995	-2.5781795	1.3686185
cent1989	0.322277066736	1.04237033332134	-1.71588725	2.5205435
cent1990	-0.6644563643315	1.08073555238661	-2.9216365	1.36431925
cent1992	-0.246905747635	1.01481728839812	-2.30810725	1.7336185
cent2004	-0.523684422575	0.985813171444782	-2.578271	1.257884
cent2050	0.5155836839905	1.04015341164252	-1.47461175	2.63938525
cent2084	-0.0164792614715	0.991330298206247	-1.93927625	1.9993895
cent2100	-0.1727511379925	0.912790612530544	-1.92677575	1.638231
cent2127	0.490306354615	1.15757428074934	-1.76883275	2.78529975
cent2131	0.64611434203	1.11258557737033	-1.45267525	2.866723
cent2140	0.6051581989305	1.06933717125574	-1.44091875	2.7649895
cent2142	0.52235129235	1.17344554693158	-1.65108275	2.88999825
cent2150	-0.407683990616	1.19119972326687	-2.8669695	1.863103
cent2292	-0.74817028938	0.962773457894612	-2.70289025	1.10111525
cent2314	-0.47741883062	1.10282772491365	-2.771173	1.6330025
cent2322	-0.583955233031	1.1361352222948	-3.02217875	1.49822375
chac1249	-0.18464005602	1.06542724036056	-2.374596	1.79492725
chac1251	-0.267833839446	1.02435413057876	-2.44115025	1.771758
chad1249	-0.6830211101595	1.13512242211608	-3.04550225	1.39800725
chak1270	-0.540600647135	1.00233999030867	-2.56766	1.29419475
cham1309	0.840083767689	1.0010621976971	-1.01604525	2.87272975
cham1312	0.5341871643	1.14328094819767	-1.594487	2.84138075
cham1315	0.7743030121735	1.18094765619671	-1.42676775	3.2620005
chan1313	-0.087882491083	0.851972817169891	-1.74302025	1.663361
chas1234	-0.2607761947395	0.935106621841921	-2.100429	1.638914
chec1245	0.0851289909315	1.0564412592619	-2.015998	2.22761875
chek1238	0.46513847573245	0.847979038334959	-1.18304025	2.25391425
chep1245	-0.4496747403275	0.871460089880729	-2.170472	1.32829525
cher1273	0.344867212245	1.18364889550005	-1.89667975	2.819041
chhi1245	0.7953463071498	0.849698484762115	-0.86112965	2.397032
chic1270	0.501693598659	1.14796010694185	-1.72719575	2.82011975
chil1280	0.5531228118165	1.1045508753165	-1.493284	2.774936
chim1302	0.5143971659415	1.14755179312236	-1.60347925	2.909814
chim1309	-0.49958084913	1.1709078843453	-2.74665025	1.66118825
chim1312	0.8476372302665	1.09303256995439	-1.1854645	3.17254125
chin1286	0.583801081562	1.09627988030479	-1.56738775	2.7392745
chip1241	0.2143640525425	1.13110471771585	-1.9507995	2.440939
chip1261	-0.410641754542	1.14695206474276	-2.76464575	1.793039
chiq1248	-0.28702232665685	1.15357427409389	-2.69413525	1.92042675
chir1283	-0.70711395923	0.834954227349424	-2.40526675	0.8635089
choc1276	-0.598255983549	1.14446937734175	-3.066568	1.5875205
chot1239	0.54123497198	0.856600944305834	-1.10902975	2.2480285
chra1242	-0.441477849028	1.037129373375	-2.56990025	1.55166725
chug1252	0.851563543912	0.975690433139346	-0.925267975	2.9283905
chuj1250	-1.18125992393	1.13709534531208	-3.66646525	0.862360649999999
chuk1273	0.32456771448	1.156627781187	-1.9256315	2.7059135
chuv1255	-0.587663350357	1.14888743952726	-2.79554275	1.57514525
chuw1238	0.875068093	1.16359349429225	-1.239433	3.24693975
cici1237	-0.2867053102935	1.12702378576964	-2.59938075	1.9329245
coat1243	0.991737296139	0.965601460163609	-0.81578135	2.93881425
coca1259	-0.45517964559	1.15056716074574	-2.742524	1.76919125
coeu1236	0.774123988615	1.17783669863997	-1.365722	3.20652225
cofa1242	-0.386567999386	1.05625719404306	-2.41691725	1.7259755
cogu1240	-0.5200442399	1.14884920757827	-2.9326225	1.5953725
colo1256	0.056543826581	1.0412260658979	-2.045877	2.02089775
colu1241	0.63394836978	1.1392185112751	-1.5658195	2.884008
coma1245	-0.384645184513	1.17124052587909	-2.76833225	1.7999815
como1259	-0.52669622273525	1.1152080005655	-2.721334	1.6450955
cong1236	-0.42443267299	1.15480255000435	-2.889374	1.84459475
copa1237	-0.026662171525	0.946387917266347	-1.92827225	1.83488525
cors1241	0.64344560458	1.1370980833999	-1.500761	2.86607775
cosa1234	-0.653854351703	0.86483897654269	-2.39676875	1.00444175
cree1270	-0.647036727497	1.12029027114852	-2.952857	1.3751005
crim1257	-0.2695397884255	1.16117962245875	-2.5931655	1.94558099999999
cros1244	0.215042659842	1.03855327615788	-1.81487225	2.378781
crow1244	0.692181597274745	1.17206817343886	-1.5967675	3.0977425
cube1242	0.218233715879	1.0322960989543	-1.79557025	2.2603225
culi1244	-0.78814097635	1.11724204724088	-3.1393435	1.2922095
cusc1236	-0.574022483905	1.09981138962992	-2.82388625	1.55512775
czec1258	0.39189877732	1.16281516368288	-1.78923725	2.69383125
daai1236	-1.127470593455	1.07368635737693	-3.4256775	0.796576274999999
daas1238	0.738727406269	1.03211432865936	-1.2166425	2.803986
dadi1250	0.1246695889133	0.930946827978574	-1.7739675	1.96050075
dagb1246	-0.3864425110445	1.14346065850966	-2.87863975	1.7959095
dagi1241	-0.9723321153	1.11998445003312	-3.27989	1.117138
daka1243	-2.14157577124	0.984706067526182	-4.2516245	-0.305095725000001
damp1237	0.68932754969155	1.11348476418045	-1.29896	2.9791465
dana1252	-1.22916144599	1.12901183518095	-3.546215	0.833098
dand1238	-1.01126152755	1.07959671274327	-3.26873525	0.984139549999999
dani1285	0.5934857135525	1.12904514031399	-1.4606475	2.970819
dara1250	-0.2126584545165	0.89834206227856	-2.0216985	1.61219175
darg1241	0.98024133681	1.06601103233564	-1.03405525	3.186181
darl1243	-0.6181663860455	1.09300984619758	-2.87527525	1.52037875
darm1243	-1.162116496584	1.05355160264432	-3.39977725	0.731802499999999
dawr1236	-0.3308736077415	1.0949262910035	-2.4547445	1.7904125
daww1239	-0.146426186785	1.09909480957554	-2.3748625	2.02579825
daza1242	-0.562251997584	1.22787916325439	-3.0624845	1.85550175
defa1248	-0.532045091513	1.0425162319602	-2.6345995	1.40275025
dege1246	-0.4426547479165	1.07190238773825	-2.6075635	1.530035
dehu1237	0.199514778311	1.00562376369175	-1.72371475	2.19243925
dera1248	-0.37228674202905	1.06149902794748	-2.531356	1.57926474999999
desa1247	0.09338585695085	0.926908946410869	-1.69099175	1.9588945
dhao1237	0.55473242686	1.06026198177133	-1.54332325	2.71455575
dhar1247	0.45068919728805	1.14888880975795	-1.7541655	2.76305125
dhim1246	-0.342225332767	0.95567267261155	-2.314806	1.4764125
dibo1245	-0.657953554045	1.11137976113547	-3.035128	1.34214575
dido1241	0.76686596669	0.963868285593921	-1.0806095	2.6545325
diga1241	0.4202263329255	1.01036833216145	-1.58960725	2.35297125
digo1243	0.658338623435	1.05330806992214	-1.35366375	2.872377
dima1251	0.12190694232725	0.911685335466624	-1.770523	1.9564755
diri1252	-0.1511599696945	1.11934215879359	-2.48904725	1.967375
djam1255	0.368292874434	1.15150955491781	-1.8820845	2.69103
djee1236	0.8009628578925	1.18193848014559	-1.32188425	3.332911
djeo1235	-0.1076541133249	1.07753912892637	-2.207881	2.1112535
djin1251	0.619753015605	1.16729682801321	-1.591495	3.0929685
dobu1241	0.889214093555	0.881713123980179	-0.684081625	2.714415
domm1246	0.4973768601095	0.955859771316023	-1.2499785	2.4689295
doro1266	0.15074744628315	0.885385265214135	-1.6446255	1.847367
drun1238	0.184398780369	1.06350317148676	-1.9234415	2.42323625
dual1243	0.3192738830585	1.03634865419252	-1.7362725	2.36984
dumb1241	-0.155301225995	0.993322019165791	-2.153753	1.7311685
dumi1241	0.37573605797585	0.898926479366495	-1.38416075	2.1298345
dupa1235	-0.5785884185225	0.976165754928855	-2.632172	1.2777235
duru1236	-1.193434741694	1.09348948078844	-3.50712075	0.827674875
dusn1237	-0.9833936592501	1.08789246712014	-3.20908	1.05836425
dyul1238	0.99336490609	1.03246555992819	-0.995005225	3.07970274999999
dzao1238	0.707194806325	1.12887301682974	-1.46164275	3.002108
dzon1239	-0.4470810973595	1.00171152917571	-2.48128025	1.40889025
east2328	-0.7015350855755	1.14821447767709	-3.1326375	1.45691425
east2332	-0.3155658270415	1.05539531794109	-2.46355775	1.72923225
east2342	-1.16588799234	1.06543669241945	-3.44668425	0.747450924999999
east2379	-0.5922176012515	1.08767322400234	-2.81889925	1.469287
east2443	-1.898970028105	1.03022024399578	-4.20091525	-0.100248095000001
east2447	0.7520451760255	1.12364310579919	-1.3101765	3.0980195
east2485	0.79402340928	1.06379731503549	-1.24503775	2.85750475
east2516	0.2915508060495	0.897089158408805	-1.411566	2.09859025
east2555	0.7295761123505	1.16132065214088	-1.48642075	3.1229255
east2556	-0.120550681282	0.980437271477063	-2.129381	1.8661985
east2694	0.187567360202	1.00961212260796	-1.84295075	2.218583
east2773	-4.51782909999996e-05	0.890058955267502	-1.80120875	1.807123
east2782	0.647129393089	1.09538226427767	-1.480969	2.8159275
egyp1253	0.58500733918	1.14402138007343	-1.494789	2.96163375
eipo1242	-0.2364156200485	0.993581520932136	-2.22837525	1.677402
ekar1243	-0.6084561544605	1.00825122309613	-2.67214575	1.3669755
elem1253	-0.559962816675	1.02701763162821	-2.62930875	1.38577199999999
elna1235	-0.7076882100035	1.1042734650439	-3.020143	1.39473125
emae1237	-1.852452566731	1.09450944373779	-4.15109825	0.126893474999999
emai1241	0.132511420878	1.0947999322043	-2.03726325	2.2606795
embe1260	-0.6769107617795	1.18345475285065	-3.06618975	1.49724725
embe1262	-0.4933154783725	1.17091575491507	-2.90790775	1.6468865
enap1235	0.73355737761	1.10302346784217	-1.26346675	3.052568
enuu1235	-1.02425490902205	0.931602869426053	-2.947908	0.718414299999999
epen1239	-0.514087529727	1.17330310699624	-3.09155325	1.66711325
ersu1241	-0.268826914604	1.02215508049988	-2.340008	1.7713385
erzy1239	-0.579278253415	1.10450496460832	-2.839609	1.53291575
esan1238	0.194581512145	1.09252512752962	-1.902167	2.35667075
esee1248	0.160302586437	1.03815226676293	-1.88544975	2.28818225
esim1238	-0.8551535158265	1.06011462306008	-3.0411155	1.15219575
esto1258	-0.85629005973	1.17005865711253	-3.359034	1.3028925
eton1253	0.8655294854195	0.948370627313023	-0.874825475	2.83820125
even1259	0.2764181599	1.12631337793331	-1.86636375	2.561119
even1260	0.2818494615885	1.16848124186347	-1.986126	2.6169885
ewee1241	-0.1935515414155	1.11632884311353	-2.4219495	1.96245025
fait1240	0.122884016213	0.854417403329112	-1.58886325	1.871831
fare1241	-0.3838545087498	1.15300486385015	-2.74779025	1.78319325
faro1244	-0.5231611095765	1.07303655494221	-2.68289225	1.58311325
fass1245	-0.176114102779	0.9284743971249	-2.06614775	1.57855625
fiji1243	1.022343250131	1.09188489365326	-0.90249665	3.32751549999999
fili1244	0.070293066593	0.97997265143607	-1.8914275	2.0837365
filo1235	-0.371834282033	0.99003361071647	-2.4045625	1.53345225
fina1242	-0.84043689603	0.955798263178795	-2.74251575	0.98083805
finn1318	-0.57538024816	1.16193353798527	-3.04414475	1.64554525
foii1241	-0.1615992913735	0.941174183880586	-2.0316355	1.58996425
fonn1241	0.6104883339955	1.1160948157304	-1.51876175	2.911238
fore1265	-0.6801915164575	1.1450124251518	-3.0702665	1.40625875
fran1266	-0.58381755559	1.15187198431671	-2.99540975	1.48916275
fuln1247	-0.316668336103	1.13340230120109	-2.630425	1.854571
furr1244	-0.365777991075	1.16594935301811	-2.79177275	1.8147045
furu1242	-0.5790917604265	1.18389339489444	-3.019629	1.66687975
futu1245	-1.153880395567	1.06852680120655	-3.4604155	0.814799749999999
fuyu1242	-0.50389336641595	0.873617396687065	-2.3141605	1.22351125
gaan1243	0.117360346127	0.95738287861524	-1.760728	2.12687025
gade1242	-0.55283320962	1.19752423069419	-3.03056725	1.694945
gaga1249	0.928097556218	1.18172697425419	-1.24709075	3.460883
gahr1239	0.40696611171015	1.08286454296739	-1.78346025	2.62464875
gale1259	0.741964220735	1.11984736895763	-1.359575	3.110061
gali1258	-0.49732209485375	1.14266669153838	-2.91277775	1.54866775
gali1262	1.06027773619	1.02225991571278	-0.81405185	3.17454575
galo1242	0.4520011954625	0.980433785436623	-1.39564575	2.4370635
gami1243	-0.6243585765885	1.14920619532365	-2.95055625	1.5520555
gamo1243	0.067074939346	1.06764752841501	-2.100796	2.15966075
gand1255	-0.02434425151355	1.10174945361428	-2.3177535	2.15097775
gang1266	0.32659802909	0.851960409103117	-1.381478	2.00000525
gant1244	-0.0634653071375	0.88203895638801	-1.72635125	1.7326085
gapa1238	0.479876087587	0.824856863444885	-1.128205	2.1176415
garo1247	0.111076730484	0.9699898781095	-1.80231675	1.98682175
gata1239	-1.0204802985515	1.0394940091768	-3.16845875	0.876944274999999
gayo1244	0.3011714265676	1.08080957675894	-1.7769005	2.48755875
gbay1288	-0.618027981112	1.11364957936967	-3.0532615	1.49806
geba1237	-1.023550502195	1.11711062578477	-3.39498125	1.024417
gebe1237	-0.503350379422	1.15305621655499	-2.90302625	1.73693025
geda1237	-0.4202276542175	0.863549649322816	-2.1740115	1.1816955
gela1263	0.461276448615	0.865074269080279	-1.2223315	2.24830625
gheg1238	-0.3901171270705	1.0754181384602	-2.448741	1.881249
ghod1238	0.85561378539475	1.04080104653234	-1.11184975	2.94868125
ghom1257	0.9552881075135	1.11243812030452	-1.08627875	3.2549715
gilb1244	-0.4521830288535	1.12421762983301	-2.80902	1.5862345
gily1242	-0.0381596256215	1.14509453582731	-2.2926405	2.30277475
gira1247	-0.1878183607209	0.830174747586046	-1.82582075	1.35410825
glav1244	0.6313922289575	0.95536452494444	-1.19222825	2.54564325
gofa1235	-0.1286982505825	1.06825182637701	-2.28841575	1.86553475
gogo1265	0.54267669013	0.994127252479647	-1.4102065	2.58216725
gola1255	-0.1522146714935	1.06401504571517	-2.2664675	1.86612425
guah1255	-0.20864555924975	1.15344225128857	-2.4497105	2.0206605
guam1248	-0.471261662835	1.10245320373238	-2.7192	1.70025475
guan1266	0.6920110121585	0.996609040512469	-1.17190825	2.7354785
guan1269	-0.028894210838	0.950562324722653	-1.9419815	1.8902945
gube1234	-0.314984047355	1.15843957926026	-2.6218195	1.89232875
gude1246	0.085385886495	0.954114614598139	-1.81099225	1.9704695
guer1241	-0.5415779138435	1.04725935994875	-2.72328475	1.382755
guer1243	-0.303664744755	0.966316592273859	-2.286548	1.56405825
gugu1255	-0.4072157066385	1.10622931981408	-2.68320175	1.642506
guhu1244	-0.4088538757685	0.92604802901735	-2.24794275	1.458149
guiq1238	-0.1936732411575	1.04059199224235	-2.3240295	1.7718495
gulf1241	0.518699587215	1.11364357265445	-1.57539425	2.880515
guma1254	0.5725902612205	0.847207318460689	-1.061404	2.27303325
gumu1244	0.7454712801445	1.16546696820564	-1.549259	3.19083275
gunw1252	0.9502994516925	1.23128426844724	-1.35792775	3.55662174999999
guny1241	-0.514110265488	1.10554928748019	-2.790953	1.596701
gura1251	0.705827281714	1.10305773531817	-1.48338275	3.01844725
guro1248	-0.26732273237	1.18952339365357	-2.83757725	2.059427
guru1271	-1.017082967641	1.13506760596703	-3.41120775	1.080928
gyel1242	-0.2349895216	1.16056464378821	-2.58658125	2.0787395
haaa1252	0.7709952599075	1.1056862854497	-1.3576625	3.15411475
hadi1240	-0.4846923307145	1.03402603014109	-2.57170425	1.5072065
hadz1240	0.412542589669	1.12724866656368	-1.771828	2.707875
haka1240	0.425950949875	0.967152093793609	-1.5420745	2.313759
halh1238	-0.664310667457	1.1037259135032	-3.044896	1.42968025
hali1244	0.1481010352618	0.979879713150064	-1.7194845	2.19331675
halk1245	-0.022882869952	1.07594223586988	-2.01604475	2.22279275
hame1242	0.64672526274	0.981761434649731	-1.13366675	2.66394775
hang1263	0.3332230422844	0.91153115295799	-1.4660265	2.168222
hani1248	-1.187216638885	1.05274355685265	-3.41717475	0.719108449999999
hano1246	-1.91510704515	1.05183225438786	-4.1458865	-0.0964725475000004
haru1245	0.0041288791715	0.895343670962205	-1.7775275	1.75223675
hass1238	-0.6123614851495	1.13634710958817	-3.05377	1.4867355
haus1257	-0.6915477443125	1.16305903680995	-3.059271	1.439019
hava1248	-0.396283916429	1.16319743890564	-2.7933655	1.8329745
hawa1245	-0.4355805065615	1.13270879550938	-2.76170325	1.60321275
hehe1240	0.26511041206	1.06307091958137	-1.86346825	2.447718
heil1246	-0.8818564725885	1.09901602614331	-3.21061875	1.13519325
hela1238	-0.41332379065265	0.856040814304559	-2.13898225	1.28464725
here1253	-0.315198390566	1.16229808600736	-2.675267	1.95691775
hida1246	-0.5319301212685	1.13354256706858	-2.846501	1.601667
high1276	-0.2206486204626	1.08704562474783	-2.49278925	1.8584965
hind1269	-0.487677948195	1.0718204281888	-2.83882475	1.51052475
hixk1239	-0.303355480664	1.12320894997751	-2.6158885	1.87881975
hoaa1235	-0.5855262669467	1.08631493856773	-2.823377	1.39010375
hoav1238	-0.866005106825	1.07397537518502	-3.17026325	1.00566275
holo1240	-0.387708837355	1.14284696676318	-2.86836275	1.7037885
hone1235	-0.8599086458615	1.10560878345962	-3.16849425	1.191475
honi1244	-0.95927823452	0.967744377013667	-2.89832275	0.832052899999999
hooo1248	0.841282993123	1.11821581907688	-1.2305885	3.0585445
hopi1249	-0.255956258407	1.13198094039096	-2.57228925	1.9062905
hote1245	-0.638735817925	0.846965341053797	-2.3611595	0.969457424999998
hrus1242	0.579927344757	0.961361671816545	-1.2129405	2.48052925
huaa1248	-0.67993319224	1.1176509837696	-2.93053925	1.41721
hual1241	1.13455160605	1.11611496667465	-0.899053125	3.4639205
huam1247	0.39398843094	1.11618120534314	-1.7474175	2.654376
huar1255	-0.2794065179465	1.07007020279844	-2.38087975	1.86094925
huas1242	-0.1796014705115	1.11258294268757	-2.4648065	1.94030775
huba1236	0.1382612665275	0.936867101883466	-1.73386625	1.9855535
huic1243	-0.62936844906	1.0733629652965	-2.9852895	1.37847525
hula1239	0.629451740939	0.885078027002126	-1.0333345	2.50367075
hula1244	0.3641680356135	1.09235958502731	-1.751104	2.528059
humb1243	-0.6558598653489	1.10213546436121	-3.01064	1.376455
hung1274	0.41297922492	1.13886414245809	-1.80191825	2.62009525
hung1275	0.6177407266875	1.06879716602582	-1.39200925	2.75905525
hunz1247	0.633935199924	0.971471858824233	-1.26079	2.65720675
hupd1244	-0.1020229193905	0.94547500753003	-1.9712545	1.74971225
huuu1240	-0.460998894282	0.827516035192853	-2.1365765	1.20234125
iaai1238	-0.4339053606995	0.954527973607804	-2.44760125	1.3818015
iama1237	0.7946338548395	0.824117156591561	-0.769087175	2.4424215
iatm1242	-0.1513356863869	0.956707684250019	-1.97870825	1.7239895
ibal1244	-0.954311992248	0.955019472431625	-2.9189345	0.8168099
iban1264	-0.2036804045	1.08993631724669	-2.4506105	1.8684695
iban1267	-0.5996100953585	0.928186399098819	-2.41427	1.172963
ibat1238	0.553550159572	1.06774095717825	-1.52191325	2.80897325
ibib1240	-0.311256463256	1.08170123335891	-2.50699775	1.79178525
icel1247	0.6082296087495	1.13293401822408	-1.63704	2.887684
idii1243	1.481650293675	1.0442128327329	-0.444731875	3.71884325
idom1241	-0.224472482406	1.10081615391483	-2.430321	1.93931175
idun1242	0.642088778364795	0.837487275755753	-0.947830875	2.286729
ikkk1242	-0.0804120637461	1.12536699489722	-2.36526175	2.0813995
ilaa1246	-0.207222331205	1.16667173798427	-2.5749175	2.111587
iliu1237	-0.5896903552285	1.07838449836097	-2.9451275	1.444197
ilon1239	-0.781028637705	0.932299074382276	-2.64833275	1.06666275
imba1240	0.20915651167	1.02143041084555	-1.817367	2.29769525
indo1316	-0.0521422409595	1.07779029727631	-2.28089175	2.12977474999999
inga1252	-0.34901446520523	0.954830552651715	-2.25991975	1.5772785
ingr1248	-0.95307734762	1.07908637794566	-3.1729165	1.02248425
ingu1240	0.114579246416	1.06317235908753	-1.9016135	2.194754
irar1238	-0.9072205753655	1.14195129376365	-3.31873825	1.2352485
iris1253	0.520874210196	1.04889783555151	-1.463897	2.75131275
irul1243	0.3262985782032	1.17270207582773	-1.942093	2.704478
isco1239	0.48815674001	1.09822126757885	-1.5930775	2.79778949999999
isir1237	-0.3672353229745	0.969710927024882	-2.30557025	1.55850625
isna1241	-0.19082548052	1.04072883675133	-2.289729	1.7900095
isth1241	-0.337712709332	1.1082988546149	-2.644332	1.7488315
ital1282	-0.406995557817	1.08240281255351	-2.7125765	1.637582
iton1250	0.398524239819	1.09029976406808	-1.6275285	2.57137825
itza1241	-0.66214976555	1.18270371596436	-3.15086675	1.5639765
iumi1238	-1.36782542062	0.954168511658429	-3.318615	0.40220235
ivat1242	0.85958881493	1.10800925684279	-1.208874	3.255438
iyoo1238	-0.50592280586	0.914626221107214	-2.42410125	1.23916775
jahh1242	0.4582226297135	1.00219771059896	-1.42516325	2.5736805
jalk1242	0.593788314386	1.07265636021667	-1.48064925	2.73291275
jama1261	0.4885103425755	1.15627753419208	-1.7450985	2.80892825
jamb1236	0.870524528958	1.1312840878647	-1.16792325	3.25997075
jams1239	-0.596222470518	1.04461483708108	-2.72102475	1.44400225
japh1234	0.854956282332	0.960890107028089	-0.82427905	2.92153575
jaqa1244	0.50547527251975	1.11021106696494	-1.5906095	2.78640925
jara1266	-0.3458260391575	0.999946677959509	-2.29191425	1.60081425
java1254	0.1502733316525	1.06597997338352	-1.83124875	2.385182
jede1239	-0.775575577386	1.08487781621855	-3.006893	1.20248
jeha1242	-0.896119605292	1.06631920906954	-3.15954625	1.01404175
jehh1245	0.567097200659	1.00905566696781	-1.41496075	2.727802
jiba1237	-0.5008257110925	1.09037853120844	-2.76634125	1.5368665
jina1244	-0.179764240226	0.965235960425904	-1.99807025	1.726934
juan1238	0.872529292823	1.07839396772899	-1.06342325	3.199422
juku1254	-0.8862968891655	1.04269239737685	-3.0801335	1.02611925
jurm1239	-0.2856888690155	1.15104421243832	-2.7345835	1.872944
kaba1278	-0.3809229394833	1.15515749343884	-2.72830025	1.91648975
kaba1281	-0.467062878815	1.11476704069063	-2.8546375	1.62861875
kaby1243	0.679539215785	1.09676805307161	-1.4400905	2.90684675
kach1280	-0.2283433618735	1.0577180450481	-2.34817025	1.805838
kach1284	-0.01935419164	1.062841294094	-2.1702695	2.01982699999999
kado1242	-1.38989377345	1.00078326378143	-3.57932725	0.378002125
kafa1242	-0.21750229149	1.0571279414969	-2.32488975	1.7914425
kagf1238	-0.10445685593	1.15054278638558	-2.47221725	2.14524
kagu1239	0.2844931760135	1.06354986921871	-1.77054925	2.3920375
kaik1246	0.538208367725	0.993155667759466	-1.31045175	2.6277145
kain1272	-0.2788598939605	1.15982575009363	-2.6503875	1.97430225
kaki1249	-0.41333470491	1.0086997048438	-2.5295725	1.55025475
kala1384	-0.29945130116805	1.09437180517514	-2.47069475	1.82310375
kala1399	0.4647732841635	1.10037689975135	-1.5677195	2.70832775
kali1308	0.705423908933	1.11529447210461	-1.34470725	2.9712745
kalm1243	0.5266183558335	1.15940293231665	-1.66765025	2.90141825
kamb1297	0.8252740393877	1.07664941529788	-1.23391425	3.0831505
kamb1299	0.9611548465895	1.13217526200789	-1.1249185	3.3338215
kamm1249	-0.393281350375	1.05476669191132	-2.58872525	1.64640225
kamu1260	-0.276883197864	1.0656568108742	-2.50081125	1.71516325
kana1286	0.2481053508335	0.910339173538806	-1.48906425	2.039014
kana1291	-0.468583527615	1.12461477167623	-2.753732	1.5984705
kani1286	0.1001831133265	0.949816827914258	-1.7385435	2.035978
kank1243	-0.870942368744	0.933412952011451	-2.82025575	0.9711909
kaon1241	0.90972691324	1.15277338151607	-1.23316275	3.279645
kaqc1270	-0.97247672355	1.12372872046585	-3.4153025	1.06850325
kara1476	0.042071199082	0.989012009991053	-1.85850625	2.00475325
kara1482	-0.3747161593611	1.20838039110036	-2.855812	1.8651305
kara1486	-1.491563904595	1.06086469708456	-3.8132175	0.354768549999998
kara1487	-1.04649179828	0.921316019707699	-2.9502455	0.692576099999999
kara1499	-0.6493632713435	1.1787212576484	-3.13417275	1.50180225
kara1500	-0.2469367912285	1.14562634343807	-2.49470725	1.9860795
kare1335	-0.634311431669	1.09781588937231	-3.00926325	1.40334325
kare1338	-0.45774775636205	1.16875756207693	-2.95636425	1.6771955
kari1311	-0.5360905439275	1.17359970034557	-3.081029	1.696447
kark1258	0.25147828012	0.932859175586948	-1.550172	1.99906325
karn1252	-1.37102482849	1.02241794315667	-3.547214	0.432482374999999
karo1304	0.548024507215	1.20067867538148	-1.75978675	3.00294474999999
kash1277	0.57116756803125	1.10421994488058	-1.469543	2.9278405
katb1237	-1.9937177963	0.911055725918791	-3.98230775	-0.310845525
kats1235	-0.161152114022	1.01719285294183	-2.1712595	1.70183725
kava1241	1.1170934293215	1.08503470999663	-0.868464325	3.33226325
kaya1315	-1.04762084482	1.12565902976338	-3.42422375	0.941503899999999
keap1239	0.639343878595	0.934783622012721	-1.08147625	2.54604075
keig1242	-0.8585862816195	1.18667551692402	-3.29343125	1.3143325
kele1255	-0.3979940375765	1.12697935569855	-2.82218525	1.79010075
kele1258	-1.17822740809125	1.03605342323917	-3.3304955	0.6025819
kele1259	-1.03125846039	0.904215515246906	-2.90273925	0.6817056
kemb1249	0.64263333331645	0.955617538207931	-1.1627765	2.61932975
keme1240	-0.9374038289131	1.04070333180064	-3.069506	1.01585825
keng1240	0.14339456665	1.07606634003388	-1.96913	2.2707585
kens1248	-0.733887942476245	1.07056955351836	-2.997484	1.30106575
kenu1236	0.703792091335	1.15615189893011	-1.4643155	3.12768175
keoo1238	0.0061269580005	1.01038018404474	-2.04195275	1.91217575
kera1255	-0.479178125465	1.03319128093296	-2.601771	1.51558025
keri1250	1.0433380695965	1.09988483109285	-1.105151	3.34751175
kesa1244	0.007118467106	0.87958517644236	-1.73020725	1.71080475
kett1243	-0.244118929491	1.13408838756291	-2.59942775	2.006704
kgal1244	-0.5588145528965	1.14945848555747	-2.92818025	1.61251925
khak1248	-0.33758419484	1.14661184888542	-2.738957	1.80420775
khal1275	0.0938026563105	0.885171009087514	-1.6498455	1.8460035
kham1282	-0.627510929809	1.12132133520412	-3.02698175	1.5148925
khan1274	-0.8093938487818	1.15750123230737	-3.20687525	1.27507525
khan1278	-0.5419926972115	1.03518269654008	-2.5933695	1.372431
khar1287	0.81049553290579	1.07967242304602	-1.156779	3.056125
khar1288	-0.614101571085	0.851478624882955	-2.38172675	0.94065145
khez1235	-0.59301352772	0.824090618796849	-2.31904125	0.906437699999998
khin1240	0.193067758575	1.04502744313298	-1.860649	2.3325895
khmu1256	-1.000476755947	1.04047874267441	-3.22440925	0.855332799999999
khva1239	0.7439920974935	0.956259167167094	-1.07467425	2.67099575
kich1262	-1.00441480659	1.12650495527139	-3.42421925	1.03809525
kiku1240	0.481880431201	1.05257765420869	-1.55374975	2.5801215
kile1243	-0.8419330273325	1.14046074300657	-3.31795875	1.3160705
kili1267	-0.0189784836845	0.989575023520063	-2.020018	1.91733175
kima1246	-0.84350313995	1.08138448498575	-3.07901725	1.20444225
kimm1245	-0.23210166576	0.908164103846137	-2.0467225	1.5205115
kimm1246	-0.4955712074385	1.08448810005776	-2.6424825	1.534782
kina1250	-0.4132641184585	1.1125464596453	-2.706462	1.709929
kinn1249	-0.401986389642	1.03033140645818	-2.4902235	1.4761155
kiow1266	-0.4533470581385	1.12623757804417	-2.70928925	1.629414
kips1239	0.74744419835355	1.07149393981631	-1.33153825	2.89060175
koda1255	0.5981904102	1.093386228147	-1.49007025	2.78705875
koho1244	-0.53743196355	1.0168158193901	-2.6272245	1.3371195
koir1240	-0.6887837503935	0.840631730379421	-2.45963475	0.827441524999999
koit1244	-0.208831196899945	0.90666947992703	-2.07658625	1.41133125
koka1244	-0.670461225772	1.12637056456791	-2.9494415	1.505062
koko1269	0.424685450399	0.879626459605557	-1.272682	2.17066425
kola1285	0.4770282268255	1.15908532438123	-1.69489425	2.89088825
kolb1240	-0.08298335299	1.11877003225626	-2.4659975	2.14116325
kolc1235	0.056010491499	1.050775354324	-1.9567165	2.09136575
kolu1245	0.773678857618	0.822073644855303	-0.78880745	2.4384485
komb1274	-1.0458521328	1.08307199215438	-3.4069335	0.8944215
komi1268	0.51272353076	1.11143062656764	-1.55252125	2.816667
komi1269	0.53669683619	1.19081042046138	-1.824428	3.03643975
komo1260	-0.310563322604	1.16321331410672	-2.7107665	1.92121
konk1267	0.532290902177	1.15807321587722	-1.555715	3.07217825
kony1248	0.093006690699	0.879116556180425	-1.6162385	1.8938365
koon1244	0.07597071276	1.09687675474077	-2.02058175	2.2070615
koor1239	0.3347383060785	1.07819807419861	-1.76760725	2.56320475
kore1280	0.57355514805	1.14671576615346	-1.59664575	3.008382
kork1243	0.661815398287	1.21112857967061	-1.59715825	3.18214275
koro1298	-0.645351902575	1.09995006517016	-3.000997	1.41489975
kosa1249	-0.4946573793715	1.01056795947156	-2.49850425	1.490106
kosr1238	-0.40466377120415	1.12185262901498	-2.74025175	1.80123225
kove1237	-1.571341223295	1.07780082847923	-3.81915275	0.368821174999999
koyr1240	-0.3810164902195	1.09469251093652	-2.75686675	1.71301675
koyr1242	-0.422033352299	1.15222154046599	-2.77706	1.64066725
kryt1240	0.1609324411195	1.0473589625855	-1.92117675	2.30636475
kuan1247	-0.22145189123765	1.17738053948546	-2.66257875	2.057356
kuan1248	-0.769247955001	0.967173633103084	-2.75355875	1.0100505
kuii1252	-0.401799040476	1.0112985184791	-2.3210985	1.6253655
kuik1246	0.4675841838835	0.975086623019697	-1.34364075	2.4164255
kuku1273	0.3839395354295	1.06724073931995	-1.634495	2.5931645
kuku1280	-0.0991102376735	0.971090471662862	-2.13769575	1.8322645
kulo1237	0.7126006175785	0.930115517636952	-1.0164605	2.691036
kuma1276	-0.03655618127035	0.993133179211752	-1.928331	1.8100545
kuma1280	0.458972469669	0.924072827439874	-1.28812775	2.3274135
kumb1268	-0.707856124821	1.19172032293739	-3.17738225	1.52877975
kumz1235	-0.5859912965705	1.15769640532249	-3.16062625	1.538685
kunb1251	0.884717128775	1.21260927769229	-1.286914	3.464683
kuni1267	-0.319945625516	0.900924958700095	-2.153414	1.479831
kuot1243	-1.574714687005	1.03526119947686	-3.662685	0.365375524999999
kurr1243	0.50479779879	1.1049762434921	-1.535004	2.797019
kusa1251	-0.9193928401575	1.07875746350557	-3.233816	0.994821099999999
kusu1250	0.216234466696	1.0169329946341	-1.76978575	2.135698
kute1248	-0.917998307095	1.06647902436348	-3.164984	1.01223875
kute1249	0.7456323826715	1.12560123743112	-1.44504075	3.027052
kuyy1240	-0.380768424736	1.11392634030924	-2.68216675	1.721401
kwai1243	-0.0036319047885	0.879939005186026	-1.854998	1.67758975
kwam1252	-1.43726214301	0.967012675818273	-3.48473575	0.217200274999999
kwar1239	-0.111030037949	0.89487322020869	-1.95554025	1.64656725
kwaz1243	-0.504766980905	1.06465643553355	-2.75815475	1.48221
kweg1241	0.869996024489	1.01912036489749	-1.122913	2.96684475
kwin1241	0.4942035200775	1.19541498726144	-1.821626	2.980535
kwom1262	0.37764175079	0.930368817177409	-1.3588915	2.21909225
kxoe1243	0.627455202215	1.11741404630184	-1.447516	2.985473
kyer1238	-0.3411051757125	0.873227804295037	-2.0748195	1.4600705
laal1242	0.00496606962355	1.17231307893824	-2.3078465	2.402433
labu1248	-0.72423142793915	0.832030128324982	-2.4339475	0.904896024999999
labu1249	-0.66194580616815	1.04337799607871	-2.95720775	1.270921
lach1248	-0.415792748343	0.939588365781783	-2.41663125	1.371183
lagw1237	-0.268978486354	1.01061752031119	-2.26415525	1.7136865
lahu1252	-1.270310205755	0.887174094947022	-3.09420025	0.413583125
lahu1253	-1.4906115189985	1.00852830743774	-3.777402	0.260415025
laiy1246	1.03309988393415	1.08828471670448	-1.00776475	3.2832495
lala1264	-0.2332551994435	1.16687915382795	-2.6570565	1.98697625
lala1268	-0.3186645884625	0.863449772486497	-2.038721	1.313157
lama1277	-0.100440562626	0.974805082803163	-2.0787855	1.88207725
lamb1269	-0.33187281386	1.04956886092842	-2.542219	1.760674
lamb1273	0.958248057901	1.10105195358432	-1.00990175	3.21731575
lamk1238	0.763527530323	0.923618998944167	-0.92605415	2.61353975
lamo1244	-1.5587766779185	1.08830495990427	-3.81336675	0.443823675
land1256	-0.0856609503545	1.08079998186839	-2.3492115	2.050139
lash1243	-0.283860886001	0.937581247222154	-2.13717425	1.52856275
latv1249	0.2227051946935	1.09098571861973	-1.81294025	2.51063475
lave1248	-0.58595798597	1.03140032409856	-2.770689	1.3224125
lave1249	-0.3419363376445	0.982042063265334	-2.41439775	1.523978
lavu1241	0.1003835605105	1.02083038158779	-2.02244475	2.10192049999999
lazz1240	-0.22670816067	1.12044466844729	-2.62561625	1.87844525
lega1249	-0.49076432263	1.14921987034756	-2.7790905	1.7471145
lega1250	-0.34405760928	1.13586915412141	-2.78177	1.8580015
lele1267	-1.650175609566	1.08391054608186	-4.11191175	0.288591974999999
lemb1266	-0.0250701506175	0.952089773315728	-1.95683975	1.8144875
leme1238	-1.418782663234	1.02832022495573	-3.5377045	0.460206924999998
lena1238	-1.46527712028	0.999996179599036	-3.55521175	0.307112524999999
lend1245	0.000237168988499999	1.07429399198313	-2.10477075	2.2252865
leng1259	0.689011161815	0.92367444793704	-1.074569	2.61265525
lepc1244	-0.544610048216	0.96586259885853	-2.53331625	1.26584825
lese1243	0.9238045360025	1.05636569835783	-1.024465	3.1206535
lewo1242	-1.973266814058	1.07834047579151	-4.220332	-0.0624084900000015
lewo1244	-0.0155836909545	0.966771625044819	-1.92164175	1.90760275
lezg1247	0.604579789351	1.05663353128836	-1.39213525	2.84875749999999
libi1244	-0.995693068129	1.10555868563423	-3.386394	1.028857
liby1240	0.5398579901107	1.12843992873975	-1.6324705	2.8637485
lihi1237	-1.098855199475	1.02242719959904	-3.18487025	0.804756475
liki1240	-0.982061070565	1.08135118699087	-3.10955875	0.97268345
ling1265	-1.99418565753	0.906989806110966	-3.90814325	-0.3420374
lipo1242	0.508903145841	0.991937474012054	-1.39384075	2.5187455
lish1245	0.652192305925	1.10768078466205	-1.3531115	3.0095365
lisu1250	-0.43703908893865	0.940509759583292	-2.3060205	1.37771025
lith1251	0.4752467739035	1.15913010025431	-1.67376575	2.98069925
lito1235	-0.9508966878257	1.06450595146067	-3.22441075	1.000353975
litz1237	-1.918461152485	0.897367870344809	-3.8224205	-0.289171000000004
livv1243	-0.757071812667	1.1706190517672	-3.25561075	1.485878
logo1259	-0.3576575504275	1.1466613570273	-2.683903	1.86929375
loka1252	0.1017440707415	1.05308620180641	-2.01732075	2.22659575
lolo1259	0.35879085213	0.983214597347306	-1.52891475	2.37874525
loma1260	-0.1413820927445	1.14773037713355	-2.56123375	2.15957725
lomb1257	0.281107054796	1.07547333988539	-1.76177575	2.43198
long1395	0.652216882235	0.941916319956022	-1.140471	2.6503695
loni1238	-1.1727641822235	1.02622495988116	-3.27224775	0.652133449999997
lote1237	-0.9281152550005	1.13823978584802	-3.32152225	1.15818175
loth1237	-0.44370256412	0.857264094527272	-2.200444	1.1617785
louu1245	-1.2287878715695	1.01483707644397	-3.2951725	0.636761649999999
lowl1260	0.86697708537	0.997134274002231	-0.98473605	2.94804875
lowl1265	0.159108749063	1.05965067113431	-1.947361	2.14801575
lozi1239	0.3107397307535	1.06625346238511	-1.7434285	2.4280635
luan1263	-0.440675357776	1.08778494625327	-2.7683435	1.58442725
luch1239	0.36426653004	1.02828917874457	-1.61474325	2.40672925
ludi1246	-0.48515111656	1.11235921769036	-2.78224825	1.59348775
lugb1240	-0.3617140794955	1.11791857640575	-2.61378625	1.74529875
lugu1238	0.721187288811	1.0905882739997	-1.3663005	2.9563805
lule1254	0.738835346251	1.15523814645216	-1.35183525	3.1899375
lumu1239	-1.040468665791	1.11476271206838	-3.362933	0.988487824999998
luok1236	1.34716966213	1.07449984680831	-0.700533225	3.499185
luse1252	-0.6936730710505	1.12577090790689	-2.9643155	1.383254
lush1249	0.4560341967785	0.946561886735243	-1.35853675	2.3676325
lush1252	-0.460048076375	1.04752687127717	-2.64346	1.5043065
lusi1240	-1.675842569987	1.05083491224758	-3.8414485	0.203080075
luva1239	0.687446142019	1.07847862942835	-1.2756195	2.913662
luya1241	0.1245601615265	1.05623194592392	-1.8973905	2.15032675
maan1238	0.6184679448965	1.12295861843709	-1.4951005	2.92732425
maas1239	0.1329670476554	1.05619268240068	-2.03287525	2.1118795
maba1270	-0.742502552232	1.1374706083378	-3.13555	1.4286865
maba1277	-0.1453762354211	1.2247595508373	-2.657452	2.1980415
maca1259	-0.405281663412	1.11873605395133	-2.796086	1.72650825
mace1250	0.00488285061975	1.05000581439667	-2.07517225	2.1386375
maco1239	0.705942270785	1.10390275602024	-1.30048925	2.9277905
macu1260	-0.3063535002445	1.10195161523912	-2.5047985	1.744581
mada1285	-1.4467230221695	1.0100456807565	-3.63960775	0.336836099999999
madi1260	-0.31217889664145	1.09689688740149	-2.511122	1.80815625
madn1237	-0.161625373697	1.01976569409659	-2.3364215	1.7731075
maee1241	-1.826934758065	0.893771086348478	-3.6801075	-0.184848400000001
magd1235	0.73393154441815	0.921605699855858	-0.995038475	2.5979275
maib1239	-0.25730315337	1.07626537671829	-2.442882	1.90883
mail1248	0.120901659591	0.969270931989317	-1.8118755	1.9948245
mais1250	-0.3151403427735	0.917302682218133	-2.1202405	1.439609
mait1250	0.3088109195665	0.992014436353848	-1.691856	2.37885225
maja1242	0.3356349479595	1.01867678130537	-1.58147275	2.356239
maka1304	0.2355818603771	1.04593076439754	-1.86788225	2.300602
makc1235	0.155617920805	1.06477286415396	-1.9132505	2.3692665
makh1264	0.1102859164175	1.09320096955734	-2.12873775	2.229761
makh1266	0.97812781329	1.09341553645619	-1.07296625	3.18661975
mala1463	0.4459793886915	1.16388276779723	-1.7198585	2.80932425
mala1464	0.510446633102	1.16696376754073	-1.819111	2.8100715
mala1479	-0.190682573555	1.08310202284156	-2.30743225	1.8707115
mala1522	-0.5079362913033	1.12807067887803	-2.762973	1.6350915
male1284	0.4164813635165	1.00551169536671	-1.52567925	2.4077065
male1289	-1.591930854515	1.03256083622985	-3.8210975	0.261455699999998
male1297	-0.35766472260775	1.14944474479947	-2.73757075	1.87108475
malg1251	0.423494748274	0.97027728498322	-1.41036	2.427383
malo1243	-1.83787867778	0.919260733903197	-3.70136075	-0.0978756900000003
malt1254	0.584566212586	1.14421248060871	-1.691611	2.96557475
malu1245	-1.79687068213	0.907334495074922	-3.748603	-0.0902757425000011
mamb1294	0.009011419851945	1.00239175570233	-2.02548725	1.9572455
mamb1296	-0.34595275483	1.1716219316121	-2.91453775	1.87055775
mamm1241	-1.06090163004	1.11243962227103	-3.39185	1.0047835
mamv1243	-0.193656758357	1.11113803669101	-2.47975375	1.841189
mana1288	0.3981905974865	0.899925646852161	-1.33840725	2.23478025
mana1295	-0.638108333809	0.935691390626993	-2.57948825	1.10529275
mana1298	0.2762288789455	0.945158289148954	-1.561402	2.15643525
mand1415	0.568273949819	1.14325209529064	-1.47005825	2.97533925
mand1436	-0.101639836351	1.1318735312211	-2.30878975	2.07877225
mand1440	-1.403507243125	1.03654696810092	-3.587968	0.53170205
mang1378	-0.97461130593	0.960524351792921	-3.083877	0.783942525
mang1381	0.707046830367	1.21059606745695	-1.598484	3.13739299999999
mang1394	-0.5462177863195	1.12726394632882	-2.877317	1.54864
mang1401	-0.459789867548	1.12195080166559	-2.775267	1.664735
mang1404	-0.5569862630325	0.844375102148154	-2.24726975	1.030924
mang1405	0.6345548584395	1.04057607985495	-1.31374175	2.7742745
manm1238	-0.466026113174	0.84536161440639	-2.15829575	1.203927
mann1248	-0.2427960167545	1.16186022081844	-2.51108925	1.978015
maor1246	-0.4457726116815	1.10267839086024	-2.76891625	1.6410935
mapo1242	-0.637211160442	0.834624082102056	-2.3638345	0.915262875
mapu1245	0.5643032582435	1.17675508897101	-1.7044895	3.03312325
mara1378	0.3756454657754	1.16054535233718	-1.8619405	2.65882
mara1382	0.2397405671109	0.922750784614922	-1.549828	2.076096
mara1386	-0.0225613909385	1.0425620580735	-2.18369975	2.0156585
mara1399	-1.85231861892	0.90415789655014	-3.80257325	-0.194204175000001
mara1404	0.294520873819	0.948714752104038	-1.5990275	2.1793335
marg1265	0.273075569465	0.973030180189792	-1.61683375	2.24807
mari1424	-0.180268540067	1.03154156681271	-2.36325075	1.7903835
mari1426	-1.69779653638	1.11127036814624	-4.089223	0.229044374999998
mari1440	1.013293472405	1.11498323397595	-0.994083675	3.38439625
mars1254	-0.4307177494035	1.15394669075154	-2.8875545	1.6823
mart1255	-0.268700236175	1.07791483224199	-2.43524275	1.8915885
maru1249	0.31706180454	1.00882166998419	-1.617509	2.47651775
maru1252	0.2054559438525	1.09062820594598	-1.8838565	2.42554725
masa1322	-0.476133147729	1.00828348628128	-2.5250215	1.4495855
masb1238	0.167164114935	0.988879038406073	-1.77063925	2.22898
matb1237	-0.731130205118	1.12682764391877	-3.084974	1.3435215
mati1250	0.151006987844305	0.920769671566678	-1.669791	1.9820065
mato1252	-0.667651630366	0.843639256327601	-2.389931	0.9586876
mats1244	0.3351075430115	1.09391396885946	-1.79326425	2.65068775
matu1259	0.958143266059	1.09202109288646	-1.110434	3.1895625
matu1261	-0.34856071696	0.900741147344658	-2.081827	1.35422375
maun1240	0.826838756125	1.21109374401381	-1.38044675	3.460308
maxa1247	0.899550746945	1.11400492738828	-1.170491	3.17893125
maya1285	-0.8214295181462	1.1372027396838	-3.24357675	1.260119
mayo1261	-0.4431151025775	1.16681907892537	-2.7916945	1.74356275
mayo1264	-0.1304380076642	1.10998978720723	-2.4163645	1.9749965
maza1304	0.0117460718475	0.938358012149189	-1.887965	1.85197625
mbaa1245	-0.40365641669	1.20299164034236	-2.908458	1.8163365
mban1263	-0.628492352255	1.09625639784847	-2.93420825	1.49504225
mbar1260	-0.2456257193895	0.997137612269889	-2.22138875	1.674696
mbay1241	-0.584176035345	1.11591495711977	-2.90763725	1.423757
mbug1242	0.001496511206	1.04020175520348	-2.021855	2.0436225
mbul1263	-1.440695576105	1.02897573659232	-3.665116	0.345278324999999
meen1242	0.0749614191315	1.05039028486608	-2.0478625	2.08682275
mehe1243	0.4034122260795	0.867772797400759	-1.3068855	2.13623025
meke1243	-0.150971367073	0.869819744519529	-1.8517245	1.55993625
mele1250	-1.61660185028	1.08753062044092	-3.99749775	0.35833935
melp1238	0.4035857820845	0.926426478689445	-1.323115	2.229082
mere1242	-1.734432230365	1.01495457609447	-3.84140375	0.0607386624999995
meta1238	-0.586652492002	1.02296421756489	-2.649796	1.30025075
mezo1235	0.6197066536585	0.946355421141957	-1.241653	2.4209545
mezq1235	-0.111010974512	1.04837123309191	-2.1969635	1.9713385
mich1245	-0.36615731478	1.18331784825566	-2.83276875	1.8414075
midd1327	-0.493784360346	0.88274658810997	-2.27642225	1.2313575
miju1243	0.445113531847	0.995870016873342	-1.53034575	2.452944
mika1239	0.534778724685	1.0752453252445	-1.462756	2.7516095
mikm1235	0.2554414740825	1.19723231942142	-1.9424045	2.7961195
mila1245	0.494615274148	1.00677920203058	-1.4646215	2.57019125
mina1268	0.91357446881	1.13059742581568	-1.148912	3.31620025
mina1276	0.0130499458355	0.918661305582746	-1.76519	1.7887915
mini1251	-0.80184578126225	0.957527971279843	-2.777548	0.953300274999999
mini1256	-0.0485607325835	1.07284367980454	-2.215108	1.98269275
minn1241	-0.45363172735	1.11707015224016	-2.73075125	1.56555725
miri1266	0.394816085335	1.18509608074792	-1.84235025	2.6690995
misi1243	0.95738206295	1.08049144299954	-1.06841825	3.18949375
misk1235	-0.685696944615	1.17806209666707	-3.12007325	1.5250645
mixt1426	0.9872626767775	0.93908645709226	-0.8777579	2.81230075
miya1259	0.4491122642195	1.14132266237751	-1.68794125	2.70965125
miya1266	-0.858166656286	1.12075234956783	-3.13306175	1.13625125
mlab1235	0.658973456572818	1.0748380677623	-1.2752105	2.8702255
moba1244	-0.380196368193	1.17043600870657	-2.80484375	1.81782975
moch1257	-1.13651990014	1.15487835634849	-3.549961	0.879121349999999
moco1246	-0.687667495398	1.12748178240374	-3.130285	1.50396375
mode1248	0.49355214518865	1.11144706166375	-1.541091	2.7429765
moha1258	0.368409095065	1.14652164360424	-1.7968855	2.743294
moii1235	-0.688051506198	1.13204518241382	-3.16021	1.366205
moke1242	0.5887868904685	1.14041877814242	-1.60602975	3.123707
moki1238	0.47478463532	1.06687651040605	-1.61290925	2.539026
mokl1243	0.44032672141	1.06954270154719	-1.6411995	2.5743455
mokp1239	0.407872197555	1.0160680559177	-1.5364835	2.458879
moks1248	0.3954794911905	1.13420141598212	-1.73387625	2.594119
mong1338	-0.3883562722853	1.18731573499641	-2.94574575	1.78273675
moni1237	-0.8273270311105	1.13714947797976	-3.29740325	1.21412025
monn1252	-0.39327588218	1.07415027473606	-2.614939	1.682012
mono1273	-0.458027270194	1.0172339253164	-2.47412425	1.5209715
mono1275	0.185843659782	1.10304636949212	-1.9759275	2.36640125
monz1249	-0.78212946752	1.10240367070385	-3.07526525	1.20259175
mopa1243	-0.64118254228745	1.15206456259929	-3.091142	1.485809
morm1235	-0.8471872988925	1.00387376720844	-2.89291325	1.080261
moro1287	1.03626865693893	1.17839900550454	-1.12672925	3.514195
mort1237	-0.285928420246	1.1047385054644	-2.5792305	1.80721375
mose1249	0.61161477357535	1.11194675989579	-1.48443375	2.97094025
motl1237	-1.37009602739	1.05930820233263	-3.57780175	0.508640125
motu1246	0.29200604463	0.892454201292245	-1.4816825	2.0661155
mouk1239	-1.65233851444	1.05641214349833	-3.8415695	0.28926835
moun1252	-0.3950823323905	0.870033816569051	-2.1625205	1.2493975
movi1243	0.121949183707	1.02198837256347	-1.747835	2.11368525
moyo1238	0.3691875911885	0.844584776340454	-1.30605925	2.05034225
mpad1242	-0.2949189759895	1.12441874941227	-2.488952	1.86249175
mpii1239	0.676212064335	1.06111752848361	-1.2502605	2.99465399999999
mpot1240	0.819942633618	1.12074152748738	-1.29598725	3.09848749999999
mpur1239	-0.5552598378505	1.14038004716838	-2.86536375	1.692623
mual1241	0.72265383476945	1.05920876345894	-1.1490405	2.92130575
mudu1239	0.5961428377	1.16912488609647	-1.58019225	2.91939
mudu1242	-1.42647285611	1.15028244627449	-3.90178025	0.646179449999999
mull1237	0.1829323229641	1.05191613667254	-1.84571875	2.37188575
munc1235	-1.0771593477545	1.12013033329545	-3.5506015	0.884530174999999
mund1320	0.898878844673	1.11584390016109	-1.156192	3.247574
mund1325	-0.265160443555	1.00343842155517	-2.3541115	1.63867
mund1328	-0.9570110460505	1.0553656623821	-3.18326075	1.0771135
murl1244	0.925406035989	1.13167349344794	-1.08050425	3.36402175
muru1266	0.424585814583	1.11285446597114	-1.69379075	2.71799725
muru1274	0.368964421223	1.11493754566094	-1.7980555	2.69690775
musa1266	-0.0379635744355	0.848814178804623	-1.6862975	1.633649
musg1254	-0.0271753701755	0.98198953113538	-1.9285225	1.83709
muyu1244	0.7448559671	1.05937170979618	-1.19926675	3.06142375
mwag1236	-0.846850936312	1.18615915478392	-3.192369	1.3261
mwan1247	1.047419105875	1.14314480148008	-1.142558	3.4850475
mwan1250	-0.2341528725595	1.18477238414503	-2.767266	2.060625
nade1244	-0.42624565913285	1.04582883730478	-2.5785475	1.5870405
nali1244	-1.55687255372	1.03150016951609	-3.75567375	0.338064224999999
namb1293	1.497803040335	1.07890553071701	-0.47499335	3.82227475
namu1246	-1.00442840831045	1.01045725293353	-3.1074895	0.844435724999999
nana1257	0.10329482083205	1.15822543447563	-2.20708375	2.451857
nand1266	1.14071127362	1.10100847696046	-0.867399225	3.4566435
nang1262	0.7649946971475	0.934308930867537	-1.04194225	2.6822
naru1238	-0.658786312485	1.14542302217082	-2.96302175	1.48373325
nati1244	-1.9931043648	0.95938778578737	-4.0551545	-0.198369300000001
natu1246	0.790093117513	0.948078603094451	-1.061478	2.6924475
naue1237	-0.7118036385135	1.10492642448003	-3.003351	1.29122475
naur1243	0.735033247253	1.11860694852574	-1.34497225	3.11641775
nava1243	-0.3707094115785	1.1081672268249	-2.70354175	1.72387125
nawu1242	-0.377255622153	1.13435498736848	-2.87566275	1.9038215
naxi1245	-1.13380420711	1.01250190245136	-3.2868205	0.72624525
ncan1245	-0.9104507559695	1.03307481591348	-3.0349355	1.002984
ndam1239	0.6629351223715	1.03173556131567	-1.31781325	2.722744
ndog1248	-0.46587454351	1.1305914702157	-2.881261	1.685498
ndom1245	-0.834483044895	1.10018107077777	-3.167616	1.254385
negi1245	0.1716534640245	1.1066525300611	-2.012539	2.3515915
neha1247	0.360357833618	1.02682096626728	-1.55588625	2.49936899999999
nend1239	-0.259297698615	0.870282529246515	-2.01595	1.44766725
nene1249	0.466161428343	1.16343765868806	-1.70757675	2.79131124999999
neng1238	0.5244570969105	1.0721125258147	-1.42599	2.7077635
nenn1238	1.454771103321	1.05907546504744	-0.475627525	3.66958675
nese1235	-1.807576800039	0.903876996843287	-3.69450125	-0.0964290175000006
newa1246	-0.413156598687	0.856418425104374	-2.231766	1.353032
nezp1238	0.6294377200475	1.14984730346902	-1.4611665	2.9890855
ngaa1240	-0.6129134144175	1.11918484002191	-2.8331585	1.51624525
ngab1239	-0.396214487743	1.17458144034473	-2.84810625	1.88061375
ngal1292	0.801020063815	1.17767006771477	-1.3565405	3.2811905
ngam1268	-0.5379908027	1.09777596977369	-2.729081	1.49263025
ngan1291	0.4467360476033	1.10493443190551	-1.70058075	2.66015075
ngar1235	0.55797692261	1.1586553728389	-1.681416	2.98531275
ngar1283	0.5202562486306	1.1475171998307	-1.67016275	2.76966525
ngar1284	0.52763987739875	1.18779376521545	-1.78146375	2.91663425
ngba1284	-0.6011229115982	1.1466005664368	-2.9356205	1.6377145
ngba1285	-0.8694041318255	1.05071283268232	-3.13121825	1.075037
ngit1239	0.870979992766	1.03911168564248	-1.02061325	2.972881
ngom1268	-0.80062369879	1.17375485907806	-3.27282175	1.358553
ngul1236	-0.6015801163455	1.15010284212937	-2.95249	1.53845425
nhan1238	0.481073934285	1.09796721716183	-1.74705975	2.7011885
nhen1239	0.5603480860455	1.13969573051006	-1.65493125	2.89543825
nige1253	-0.684179268465	1.08864019726856	-2.981006	1.34136975
niha1238	0.69422616357	1.16437797070035	-1.528768	3.196386
nina1238	-0.28115088634	1.13376146091927	-2.493387	1.99265125
nisg1240	-0.82067043336875	1.21278159315934	-3.33311	1.39833675
niua1240	-0.2994960567685	1.14020786222122	-2.65496275	1.8524055
niva1238	-0.34317503062905	1.12343522984113	-2.66364625	1.79893275
njan1240	-0.406453042566	1.09940143541934	-2.60579525	1.6723715
noct1238	0.686884100016	0.976399943789602	-1.16362475	2.74507
noku1237	-1.46194124356	1.07672945648104	-3.8074295	0.52464835
noma1260	0.9795632232675	0.93458766080211	-0.71993595	2.876012
noon1242	-0.3618085342895	1.12641791590845	-2.67444375	1.925642
noon1243	-0.8502565602005	1.02171104523248	-2.923208	1.02506025
nopa1235	0.825519329555	0.972228923485866	-0.9903367	2.81841125
nort2671	0.5961467941928	1.15024839072262	-1.5365735	3.03421399999999
nort2684	0.299107920125	1.06954605973816	-1.80706625	2.39575075
nort2690	-0.2965655949875	1.14151740357656	-2.70079275	1.90496225
nort2697	0.2130415604306	1.0720895374058	-1.91852125	2.3560035
nort2699	0.402151632169	1.14823129310412	-1.8096415	2.75455275
nort2702	-0.6283952665655	1.08578197691632	-2.81250125	1.500968
nort2722	0.515926803057	1.00638037075216	-1.44600925	2.6840395
nort2723	-1.171558215765	1.0697845595126	-3.4469745	0.883117549999999
nort2724	-0.827704029669	0.982758634181318	-2.79704225	1.0362115
nort2732	-0.823000734214	1.16333327930008	-3.177593	1.27069925
nort2745	0.466206402579	1.16064053594199	-1.71633725	2.76731275
nort2747	-0.66553583128	1.0809278945807	-2.847729	1.360577
nort2774	-0.6552675815835	1.11464444899138	-2.96745125	1.41386825
nort2775	-0.3389927516425	1.1780448106199	-2.79310325	1.98254675
nort2845	-0.4231149580855	1.1439922707347	-2.84107775	1.79687075
nort2847	-1.494518988925	1.01040978793875	-3.58468525	0.284628575
nort2885	0.295500017071	1.01392301079843	-1.69474775	2.3393195
nort2930	-0.3283349761843	1.04929620494692	-2.52302625	1.59909
nort2938	-0.3385731707385	1.12546295528942	-2.6101025	1.823869
nort2942	-0.417874808787	1.0910923651931	-2.6091965	1.6944145
nort2954	-0.269040466875	1.17118647238492	-2.67046975	1.98885125
nort2957	-0.357940258385	0.970157344026582	-2.33126225	1.4751945
nort2959	0.813830482673715	1.12889073426581	-1.2326695	3.3105115
nort2961	0.2770233185655	1.22079206730595	-1.964379	2.788849
nort2972	-0.6837081477552	1.19060411247996	-3.2184905	1.5609695
nort2980	1.107928500105	1.09481627398762	-0.94969945	3.29502775
nort2994	-0.5943856761075	1.01719144208972	-2.69051975	1.367075
nort3047	0.0636104549315	0.943055777489916	-1.72768525	1.97069925
nort3139	0.681247257595	1.08570782643693	-1.31942825	2.91846975
nots1237	-1.562395910656	1.03059394967748	-3.654276	0.375585449999999
nsen1242	0.799241231999	1.12091424617504	-1.25679575	3.0880615
nucl1235	0.518739782005	1.11858828202667	-1.612172	2.8438485
nucl1240	-0.22253367301	1.08588956854969	-2.446548	1.90083575
nucl1301	-0.3210151772295	1.14485510112624	-2.66130825	1.8828785
nucl1302	0.6999315659935	1.11929501124429	-1.439584	3.00827275
nucl1305	0.436908870302	1.10317580896869	-1.6778875	2.75247275
nucl1310	-1.1259277938655	1.06743814881138	-3.4268135	0.823496674999999
nucl1327	0.749357873218	1.18542914593075	-1.37341625	3.28839125
nucl1347	-0.435740494775	1.15864388374968	-2.87495775	1.6558755
nucl1417	-0.5665347079865	1.0229825663211	-2.6357425	1.34457775
nucl1452	-0.607142144354	1.11579863197203	-2.86551875	1.4376915
nucl1454	-1.029261236895	1.14346735960035	-3.41698375	1.04036025
nucl1458	-0.59711279338	0.90546128798599	-2.4870285	1.03459125
nucl1593	0.027926301017	0.9083621963041	-1.7937975	1.77949925
nucl1595	-0.5672193534935	1.01934767035435	-2.679537	1.36156125
nucl1622	0.3457656696215	1.10442349087318	-1.76419675	2.65707725
nucl1633	-0.4805253643	1.08194387465493	-2.709262	1.67728375
nucl1643	0.520257973822	1.12303807220282	-1.67676025	2.8869165
nucl1706	0.463212409256	1.15336254626689	-1.77855025	2.88026
nuer1246	0.8602807096205	1.14983796499853	-1.3323	3.34959925
nukn1238	-0.677293539688	0.832828441411193	-2.39249975	0.899533949999999
nuku1260	0.606344116755	1.14612788197901	-1.473256	2.9638875
nung1282	-0.334697431173	0.974588373827016	-2.33738	1.56597825
nupe1254	-0.36899623764	1.19142444307328	-2.79400725	1.86114825
nusu1239	-0.4285774106115	0.937231558455118	-2.30668925	1.377048
nuuc1236	0.06262460335	1.17133218011388	-2.17903075	2.412091
nyah1250	0.764664664735	1.16283219719606	-1.504421	3.24542375
nyak1260	0.652658578138	1.11221133388669	-1.48379275	2.87105825
nyal1254	-0.282555989315	1.07339134497727	-2.45425925	1.7920785
nyam1285	-0.7888714733935	1.06895119526173	-3.07291875	1.10828525
nyan1301	0.449695031793	1.16501659326917	-1.69442275	2.79172075
nyan1307	0.8369455780214	1.08370383905813	-1.149976	3.1464475
nyaw1247	0.8349192440415	1.09545205542476	-1.08598525	3.18920525
nyig1240	0.390362269425	1.17633807449	-1.78583125	2.8186765
nyis1236	0.2791753576665	0.941249194477445	-1.56214775	2.12502975
nyor1246	-0.055958381111	1.02753000660028	-2.17705025	1.87908625
nzak1246	-0.5622009456945	1.10775874585095	-2.8502805	1.53916175
nzak1247	-0.45865623368	1.17459490815406	-2.90575475	1.74054125
obok1239	-0.682600798895	1.06888454451202	-2.87609475	1.23813075
occi1239	-0.4321204605675	1.12934536982795	-2.7189715	1.72004425
ocot1244	1.120789198383	0.923785957086671	-0.67615895	2.98442975
ofay1240	-0.326372012861	1.14290260249608	-2.772398	1.77483675
okan1243	0.5004827719415	1.10467267252544	-1.582005	2.77433525
oksa1245	-0.1226793678671	0.980061462513371	-2.110345	1.72001825
oloo1241	0.0637221306355	0.884875687065526	-1.7204955	1.73897625
olut1240	-0.17055421446	1.05907983796776	-2.31078775	1.79132025
omie1241	-0.3166245156997	0.893731073033884	-2.21945025	1.37686775
onon1246	0.50423336994175	1.20750316142504	-1.72815125	2.9905125
onto1237	0.6206077627456	1.13658913413839	-1.689338	2.8357375
oriy1255	0.821435972013	1.10089483981627	-1.18068575	3.123577
orok1267	-0.45847734941725	1.04595983337378	-2.656296	1.5184275
orok1269	-0.521829820735	0.938229677876262	-2.47209925	1.22265925
orow1242	-0.31525449746	0.961557838695743	-2.360703	1.52100725
otta1242	0.3152827966555	1.11672020457247	-1.83521575	2.54323175
owaa1237	0.5808734995485	1.04759430765718	-1.46584	2.7445445
paaa1242	-0.8204497047195	1.14605445186926	-3.13761625	1.29419625
paam1238	-2.0699916847655	1.05144736374879	-4.325382	-0.240105850000002
paas1238	-0.1756199160195	1.13667822847015	-2.533308	1.99976825
paco1243	0.334070000765	1.07411471285741	-1.6974965	2.57967825
pagi1243	-0.622646637259	1.08043523967472	-2.866178	1.32713625
pagu1249	0.352633998405	1.04843693028151	-1.74941175	2.417853
pahn1237	-0.07523046084325	0.943932796941289	-1.98448225	1.78682225
pala1344	-0.46067227174	1.17506474810036	-2.80553475	1.88283
pamb1243	-0.521140030995	1.15293532752272	-2.87345175	1.66368825
pamo1252	0.8894903718025	1.13656540363358	-1.2357775	3.388558
pana1307	-0.0303754840725	1.11309713115242	-2.257492	2.1481495
pang1287	0.370984322766	1.07734555023704	-1.732763	2.4818095
pang1290	-0.55394636063465	0.949028069427483	-2.48667	1.22171825
pang1291	0.412390532457	1.12804941332964	-1.74330125	2.7904585
panj1256	0.466666154104	1.14763787061066	-1.72719225	2.97935549999999
pano1254	-0.91546498175	1.09367715414275	-3.13907175	1.11889575
papa1238	-0.227861419625	1.05043963821049	-2.4256425	1.820799
papa1265	0.205508682305	0.900170022432958	-1.4930565	1.9557475
para1301	-0.81794025004845	1.05634992567665	-3.117263	1.16144
para1302	-0.0651074563305	0.899395728915366	-1.8354065	1.69263725
para1311	-0.410863485357	1.1542860167443	-2.75577575	1.725803
pare1266	-0.2992698158735	0.97635262604594	-2.211764	1.67466
pare1272	0.5243740953655	1.15092116973352	-1.63773075	2.90938825
patp1243	-1.009896790217	0.974195328691903	-2.98775425	0.817844999999999
patt1248	0.7623053899081	1.11288595804028	-1.33654025	3.1103785
paul1238	-0.567335051035	1.14688554446513	-2.9586605	1.668817
pawn1254	0.511472910333	1.11431948396503	-1.5627975	2.80490475
payn1244	-0.29616336562385	0.874035350339904	-2.02823775	1.4033535
pech1241	-0.5084643454905	1.20778906079439	-3.15016475	1.677561
peer1241	-0.0253024817705	1.07414963231042	-2.16839975	2.05884675
pela1242	0.2685932506355	0.894775722855178	-1.42781275	2.0683765
pemo1248	-0.4223469096635	1.15128150787821	-2.864977	1.823218
pend1242	0.9471474043075	1.09231817981815	-1.05495	3.177002
peri1253	-0.65977786206	1.23718770435229	-3.264989	1.58390875
pich1237	1.100129838225	1.1152087357707	-0.887601875	3.488759
pila1245	0.365482949815	1.13642020457272	-1.7445665	2.67689775
pile1238	0.47997401019	0.913076318424104	-1.26516025	2.3790655
pima1248	-0.33273701907	1.08672297782992	-2.53918475	1.69168425
pina1252	0.0359920289825	0.897273478136945	-1.80301325	1.7774865
ping1243	-0.0898698289515	1.07678862161799	-2.23299425	2.047564
pint1250	0.46231355731975	1.14602513519082	-1.75040575	2.9176865
pipi1250	-0.549043484	1.14124956216046	-2.92114325	1.513488
pite1240	0.7491884629375	1.08831906878897	-1.211195	3.0579505
plai1258	0.2391912696005	1.18072167649528	-2.0174865	2.57346025
pnar1238	0.2156079981225	0.973525776255978	-1.7422715	2.12675625
pohn1238	-0.1693827943565	1.08453670368508	-2.3963475	1.87585825
poko1263	0.3932822777805	1.10345620998109	-1.78046175	2.55099475
poli1260	0.416012566742	1.1635628726315	-1.82342325	2.863068
popt1235	-1.216497773515	1.13128356475741	-3.6655815	0.866257724999999
port1283	-0.5327575127615	1.09762236375204	-2.8504525	1.5620375
port1285	-2.11741545345	0.970484145098973	-4.1839065	-0.376565475000002
pras1239	-0.601551862584	1.13363812692466	-2.957665	1.50268775
psik1239	0.351638617945	0.939237957549233	-1.404412	2.1304405
puka1242	-0.4576279268765	1.09476670180617	-2.7945365	1.57062525
pula1262	-0.22883605386145	1.19886699560292	-2.7411665	2.16836125
pula1263	-0.3159544904428	1.16220968744167	-2.559047	1.80793575
puma1239	0.809996410449	0.853684965649921	-0.77344155	2.46103825
pume1238	-0.2277611465185	1.08629034459138	-2.42617875	1.90113224999999
pure1242	-0.604779686623	1.15457363637996	-2.94069125	1.54087925
puri1258	0.68730240534	1.15234460739881	-1.46915125	3.13833075
qanj1241	-1.1497908202495	1.16256367303553	-3.69905225	0.900580374999998
qawa1238	-0.484220345866	1.1359202155673	-2.84552775	1.68358375
qima1242	-0.520985541885	1.09801982945028	-2.68451925	1.58401725
quer1236	-0.42396163978	1.06257538502352	-2.56699775	1.64251275
quio1240	1.569522314655	0.975379427976119	-0.26028285	3.54533875
rabh1238	0.1945464130955	0.994154796284918	-1.77384675	2.1759775
rade1240	-0.472194474155	1.02326631888942	-2.6308915	1.50400975
rama1270	-0.469021752671	1.1723786786337	-2.944799	1.7445665
rapa1244	-0.43293684883145	1.14534013542044	-2.712488	1.70157725
rapa1245	0.6986742482635	1.09749430705443	-1.3538975	3.0384145
raro1241	0.6774343921005	1.15288977797545	-1.5279285	3.09555775
rata1244	0.5430310813015	1.0905282714073	-1.5301905	2.878793
raut1239	-0.68401477482	1.09767438527254	-2.93590475	1.401268
remb1250	0.0822329260576	0.985410120394247	-1.837766	1.98769725
remo1247	-0.4672280196245	1.06237129496378	-2.6257855	1.510497
reng1252	0.437512776392	0.984940451797499	-1.398858	2.48570649999999
rere1240	-2.08707217575	0.923531137185496	-4.06801775	-0.414457850000002
reye1240	0.493801953663	1.09237259530941	-1.53174975	2.7547435
rian1263	-0.83749110199	1.11814004399291	-3.06951425	1.2434265
rikb1245	-0.25933263027505	1.2203463061226	-2.7471835	1.993889
roma1326	-0.122453136465	1.07795426081766	-2.30629725	1.885086
romb1245	-0.3404785839755	1.04542324219203	-2.48259475	1.66454925
rong1264	-1.006355310483	1.09177263025894	-3.382667	0.929705099999999
roto1249	0.2012688043632	0.906770650470708	-1.5472745	1.9350095
rotu1241	-0.4563646467535	1.11669203164045	-2.858823	1.581837
rovi1238	-0.897636238942	1.07844032306409	-3.2120255	1.0432035
ruch1235	-1.08335674738	1.14840606544558	-3.47578375	1.0266795
ruka1240	0.3749544413955	0.984682801151341	-1.52194775	2.4003585
ruma1248	0.33685398438675	1.01555334176982	-1.66205125	2.3462335
rung1258	-0.22070979024	1.19213712255156	-2.5916405	2.1055145
rung1259	0.4310661396155	0.964196816377643	-1.41583425	2.32042425
russ1263	0.34658525533305	1.13899413842115	-1.72951975	2.6885725
saaa1240	0.134158585975	0.934502160716654	-1.69312375	1.86649325
saaa1241	-2.02681128213	1.02403344549246	-4.28143325	-0.258541650000001
saar1237	0.2037813109405	0.916735951813268	-1.63476525	2.0041155
saba1267	0.2836937072575	0.935538104842982	-1.643553	2.10505275
saba1268	0.19676368218	1.0639437698634	-1.91290175	2.34185649999999
sabu1255	0.8542905891005	1.09060884515773	-1.29232925	3.05223924999999
sais1237	1.080458688575	1.04579638718501	-0.86225095	3.190463
saka1289	-1.741275782971	1.02982620094901	-3.909052	0.0850623974999993
saki1248	-0.35724920163455	1.0984958140043	-2.56314525	1.76962225
samb1305	0.110138778875	1.03460009851367	-1.9594115	2.17520825
samb1311	0.066358245894	1.03328692424341	-1.90887775	2.113067
samo1305	0.688147614123	1.13783106860398	-1.4613375	3.086957
sana1295	-0.705983398455	1.08570442590528	-2.90499425	1.401823
sanb1242	-0.4964317448705	1.19641102048749	-2.946267	1.80647775
sand1278	-0.1136321768955	1.11301285482144	-2.368808	2.10778775
sang1321	-0.495942804726	0.849503232516743	-2.24064975	1.1393195
sang1331	-0.240615624768	1.11101356204949	-2.5975585	1.89176675
sani1269	-1.226706584392	1.11116320888805	-3.567838	0.698837675
sanj1284	1.3933472797435	0.942055518770542	-0.392982025	3.3226065
sanm1289	0.740772699432	1.09821501561323	-1.3429315	3.08489875
sanm1295	0.5218413769705	0.925300625017091	-1.269981	2.40834575
sant1410	0.686199975406	1.05578294860263	-1.3449885	2.87230025
sant1436	-0.06950846255	0.94324779112813	-1.912278	1.80366525
sant1451	0.9912916164175	0.9691328514055	-0.8756996	2.96262575
sanu1240	-0.06886286658285	1.12719045412672	-2.41848375	2.133131
sapo1253	0.137521883485	0.926251899497138	-1.63587375	2.041153
sapu1248	-0.3197008973575	0.994601409300149	-2.337166	1.5431105
sara1321	-0.2731074185215	1.16094176138674	-2.51851	2.0161725
sars1236	-0.2295974830735	1.11929183911117	-2.46704	1.9475875
sasa1249	-0.5086149855855	1.18629155589218	-2.939133	1.66397175
sata1237	-0.3953849156385	1.1606611488	-2.78996675	1.737953
saur1249	0.764719266269	1.06026087089489	-1.334305	2.94895825
savo1255	0.3919355305725	0.908933675498944	-1.43622275	2.11292825
saya1246	-1.0048637440685	1.14802218391476	-3.35184675	1.10864225
seda1262	0.641592451175	1.01054101888272	-1.20981325	2.75766975
seim1238	-0.3274003005935	1.0836145096343	-2.53616425	1.773783
seke1241	-2.023756588025	1.01833229021507	-4.20581975	-0.2754707
sekp1241	-0.390335657136	1.02686185690252	-2.48758975	1.57657125
sela1259	-0.398384624709	1.07827558804626	-2.6113	1.71163775
sela1260	1.13591924208	1.09151848710755	-0.778553825	3.4046715
sele1249	-0.47429659522	1.01981679811638	-2.5604875	1.403085
selk1253	0.45886985017	1.08268813423568	-1.5922075	2.71828525
sema1265	0.5589482030895	1.06722998988718	-1.46148425	2.86289675
seme1247	0.41916084790226	1.03244399753093	-1.488948	2.53618775
sene1264	0.48119511226	1.18375331935305	-1.667654	2.95861475
seri1257	-0.4676261530685	1.13836809842478	-2.83628575	1.60152125
seve1240	0.300485315948	1.18421391745456	-2.0424505	2.70992024999999
sgaw1245	0.355607589405	1.07198819846189	-1.6373875	2.53222175
shab1252	0.313823505338	1.03351264887173	-1.671767	2.3260905
sham1280	0.0606744200915	1.04267442742399	-1.980751	2.048103
shan1283	-0.511070790435	1.11394691588823	-2.83778675	1.616755
shaw1249	0.3829041678255	1.17134351862843	-1.88382525	2.75861175
shee1238	-0.621005716068	1.12232126673853	-2.8153595	1.46035
shil1265	-0.3088294372555	1.1229963863381	-2.58299525	1.86255875
shix1238	-1.234487597885	1.08700283354789	-3.5207695	0.738072149999998
shol1240	0.57485728998	1.1799372209315	-1.68499625	3.08053825
shon1251	-0.190024047697	1.12088236347655	-2.38879525	1.87091175
shor1247	-0.28409059143	1.17675996788067	-2.69264825	1.93854575
shos1248	-0.289174598095	1.19242679406375	-2.7482505	1.9491425
shua1257	0.049243964664	1.11544365413212	-2.18170325	2.24852575
shwe1236	0.0573983486035	0.94088713270817	-1.7744135	1.936476
siam1242	0.50003060747635	1.00166038299791	-1.396354	2.5517385
siaw1243	0.490509575561	0.92224684277291	-1.2153075	2.28510275
sich1238	-1.063710459002	1.07526743676983	-3.34546675	0.785819974999999
sici1248	0.7604008270395	1.10394428475996	-1.32499025	3.06874775
siee1239	-1.4631258813475	1.07152946632088	-3.85360225	0.405830624999998
sier1248	0.6906040688565	1.0352916555913	-1.3345495	2.783054
sier1250	1.588086966228	0.97549554546449	-0.2504112	3.631907
sika1261	0.635031764399	1.1104597281555	-1.44173275	2.91058425
siks1238	0.493105870695	1.15390715567169	-1.59609725	2.87080075
sina1266	0.466810334752	0.857099424988913	-1.19509025	2.16417775
sing1264	0.809848737956	1.00096776183471	-1.06233125	2.88884175
sini1242	-0.350529388169	1.19333366274428	-2.7839555	1.9894185
sioo1240	-0.9769519955605	0.92639297721122	-2.93247525	0.725994025
siri1273	-0.395008711965	1.08497644929286	-2.63610525	1.582992
situ1238	0.8636301495464	0.972449585863827	-0.9171657	2.87918475
siwi1239	-0.45521822713605	1.14441289604851	-2.896514	1.626083
siwu1238	-0.4663948443375	1.02685643260161	-2.54616175	1.431327
siyi1240	0.96239304518	1.00638209232228	-0.94801055	2.97756925
skol1241	0.4799559633306	1.1100116924873	-1.5738735	2.68937875
slov1268	0.31930063980105	1.13485259238755	-1.9959265	2.56986
sobe1238	-0.259548715367	0.982899943560589	-2.230962	1.7402905
soch1239	1.4176612879695	0.99700722612451	-0.38504995	3.5355515
soga1242	0.97590686163	1.14822299050784	-1.07706975	3.32543075
soni1259	-0.2268726870425	1.16334379777589	-2.6453365	2.03449
sons1242	0.7109113917345	1.14000319483078	-1.36677375	3.1353045
sooo1254	-0.081593492809	0.969673866868516	-1.98101725	1.776532
sooo1256	-0.110221396830445	1.13748203578907	-2.43199575	2.060577
sora1254	-0.2927228154805	1.00724027727314	-2.30151275	1.728045
sout1528	-0.84135856003	1.14333346413806	-3.12426375	1.35193075
sout2649	-0.581685137078	1.13848279647981	-2.9953765	1.5401845
sout2674	0.45840579097635	1.0958559372999	-1.66329275	2.726191
sout2679	-0.817321938751	1.13378411697356	-3.145512	1.30780575
sout2728	0.7493830892073	1.01998660739522	-1.12151625	2.83137825
sout2729	-1.402347197951	1.04507355213456	-3.6359955	0.421929574999999
sout2730	0.043886021588	0.954699343768673	-1.859631	1.8961185
sout2782	0.277227622527	1.01104878865225	-1.663205	2.31466675
sout2807	-0.3159210679075	1.15881314841083	-2.6829115	1.88828525
sout2857	-1.97107735938	0.973379770282136	-4.0531625	-0.144501075
sout2859	-2.09134091205	1.02339581162228	-4.21947175	-0.321136650000001
sout2869	-1.44601276758	0.972674130334123	-3.47867975	0.265127424999999
sout2896	-0.343948967806	1.02158757485681	-2.41798575	1.710902
sout2918	-0.721471738999	1.10033242569508	-3.0352775	1.389985
sout2956	0.138245552985	1.13034509965775	-2.10759175	2.4285675
sout2959	-0.388217978729	1.13660464022804	-2.73302925	1.83485875
sout2976	-0.60693649096135	1.15027684219024	-2.9385145	1.5050435
sout2985	0.63495597995131	1.06569723017909	-1.41590575	2.831676
sout2994	-0.2167852639495	1.07827177981691	-2.47083875	1.8806285
sout2996	0.4341919833045	1.13091255630994	-1.722789	2.740294
sout3236	0.792595651829	1.10247599768291	-1.25117775	2.96739025
sout3261	0.944919066578	1.04684459185706	-1.050708	3.1481545
stan1289	-0.4323100447155	1.09488676261266	-2.7009945	1.67687225
stan1290	-0.470602672183	1.07271232060603	-2.747205	1.5254665
stan1293	-0.5338093764235	1.09661765266556	-2.72562325	1.58704974999999
stan1306	-0.1448411762035	1.01028826387851	-2.204492	1.806189
stan1318	-0.7152132013555	1.12375513575812	-3.04315625	1.42812925
suba1238	1.4129933131245	1.09654511073436	-0.614960725	3.637674
sund1252	-0.3950476408355	1.10468833123683	-2.688869	1.74232725
supy1237	0.004244479375	1.148311245604	-2.24595325	2.2828715
surg1248	-0.609928994621	1.10048641082215	-2.7929385	1.4427405
susu1250	0.2207685289325	1.13131981876589	-2.03561025	2.36672375
swah1253	0.3609915184825	1.07200308708377	-1.69813925	2.6003375
swed1254	-0.517437407349	1.1468181462699	-2.998626	1.6475445
taba1263	0.282772132188	1.04946018915847	-1.7786635	2.45610025
tabo1241	0.159894473357	1.00404980034019	-1.9188165	2.009006
tafi1243	-0.44930198797355	1.0652782490073	-2.713105	1.53301075
taga1272	0.2855088441585	0.9754495397454	-1.623653	2.177703
taga1273	0.4287551449055	1.00216094995865	-1.3883425	2.48833
tagi1241	0.157265297119	0.941794624233515	-1.78936025	1.93752175
tago1246	-0.756196797133	1.19133851292546	-3.24761975	1.454114
tagw1240	0.0540095040495	1.16513767749769	-2.3101135	2.38431375
taha1241	-0.366299170817	1.15227932618775	-2.737884	1.777269
tahi1242	-0.438468531583	1.04796446125281	-2.50201275	1.52079125
taia1239	-0.4515684138075	0.926715670016256	-2.32284125	1.297405
taji1246	0.95404670971	1.08918921801546	-1.046125	3.29804425
taku1257	-0.3657385144925	1.06940852518698	-2.58656325	1.6953445
tama1365	-0.65088163321	1.04017241864664	-2.8526405	1.30288875
tamb1254	0.0469485567735	0.898059842547542	-1.6603125	1.84039025
tami1289	0.407925997028	1.18888219369786	-1.89649275	2.91410725
tane1237	-0.7279859629925	0.967662705897142	-2.7310535	1.0100985
tang1336	-0.503221483645	0.863392028141635	-2.27639325	1.14171125
tang1347	-1.7749202237	0.966163092997962	-3.78433675	-0.00793255075000126
tang1373	-0.1773155993125	1.04533454191573	-2.239334	1.922821
tang1377	0.108267889656	1.0238077182359	-1.952158	2.1062635
tari1256	0.3596485494015	1.00375125204771	-1.6096245	2.35635625
tari1263	0.9759335141815	1.16451077753558	-1.19405575	3.40904475
tata1257	0.1988986280871	0.931189946259269	-1.70670375	2.0507945
taul1251	-0.667937895473	1.00199812875635	-2.66475	1.22143175
taus1251	-0.77337571356	1.05887554403916	-2.9989855	1.11424975
taus1253	-0.524658184655	1.13363990364239	-2.84643625	1.60024225
tawa1286	0.92799396188785	1.09668111828921	-1.1654895	3.303638
taya1257	-0.4226074121725	1.09595523600518	-2.65293075	1.65762275
tbol1240	-0.238695250251	1.06133463474074	-2.4640485	1.74057
tean1237	-0.690067833556	0.962406474714977	-2.73566975	1.052944
teda1241	-0.457005582252	1.13815900424982	-2.694328	1.698538
tega1236	-0.730187354483	1.17516148660816	-3.23118825	1.4414755
teke1275	0.811926559731	1.15527668943513	-1.3768065	3.124764
tekt1235	-1.15452046867864	1.14480116433931	-3.5472645	0.83594065
telu1262	0.1663322725585	1.10951218507526	-2.01221275	2.34759725
temb1272	-0.85243229160115	1.15473441630324	-3.324167	1.3550115
temo1245	-0.511121289013	1.04898250258071	-2.639492	1.5310755
temp1235	0.042714687356	0.948130947939381	-1.8027825	1.8634
teng1272	0.411896938215	1.15574660726711	-1.800164	2.7494515
tenn1246	0.662257095074	1.09381893525121	-1.3748685	2.944126
teop1238	0.244258298272	0.902088378138638	-1.54142175	2.04688925
tera1251	-0.456837936254	1.06872339988813	-2.6901365	1.57307125
tere1279	-0.4399898846415	1.08055838812031	-2.60376125	1.6146145
teri1250	-0.43429246481	1.14412128915034	-2.89752575	1.695688
term1237	0.14829999227	1.05423165844514	-2.0347905	2.19260575
tern1247	-0.17208174088695	1.05512982171167	-2.2941515	1.870181
tete1251	-0.456704185826	1.06532842557111	-2.572852	1.52118175
tezo1238	0.197563929888	0.963571373636912	-1.7256455	2.05068775
thad1238	0.88014911546	0.948550284844682	-0.894309775	2.793527
thak1245	0.61488280580325	0.953685632828892	-1.18750125	2.56696575
than1259	-0.38346102981	1.02156858342024	-2.452931	1.62258025
thao1240	0.766482753455	0.941200034912332	-0.991491375	2.74139175
thul1246	-0.0897930160505	0.929258163871619	-1.933512	1.72933075
tibe1272	0.4706523698885	1.0777781108417	-1.51518025	2.750733
ticu1245	-0.352192723205	1.12393504180178	-2.6399785	1.77421125
tief1242	0.8766659315365	0.961878350555396	-0.921404475	2.794408
tief1244	0.73738162372	0.974267790121037	-1.12173125	2.7206745
tien1242	-0.0934962718785	1.13209908750799	-2.37959325	2.1384195
tiga1245	-1.40240710633	1.09486518902855	-3.725746	0.477071149999998
tigo1236	-0.8441253446285	1.03312811690474	-3.026765	1.0662
tika1246	0.0129105252705	1.08538728270942	-2.10312675	2.1133785
tiko1237	-0.806744800875	1.15177306380873	-3.233168	1.31535975
timn1235	1.54537204107	1.12197967429406	-0.495135075	3.844583
timu1262	0.1654008428993	0.927236831416305	-1.69657925	1.9912645
tina1248	-0.092646216188	0.921167054298306	-1.90951525	1.8468885
tiri1258	-0.1817017412215	0.925667500848123	-2.12596275	1.59437625
tita1241	-1.1461981005672	1.04542010845116	-3.30575775	0.689971249999998
toab1237	-0.10014212287	0.943131402935193	-2.06433975	1.71148375
toba1268	0.714132737785	1.13586202604876	-1.41267725	3.135345
tobe1252	0.471541030897	1.07845389491954	-1.7186125	2.67330725
toho1245	0.97629812751	1.12734855442196	-1.18550975	3.309346
tojo1241	-1.033682250165	1.18633345445561	-3.55261675	1.1057835
toke1240	0.664478799975	1.11820440465739	-1.42880275	3.029093
toll1241	-0.5786458545805	1.11823352535054	-3.00183075	1.47328925
toma1245	-0.148898537542	1.15671758147128	-2.5105635	2.066346
tomm1242	-0.1054531645605	1.08240915589214	-2.29723125	1.94895675
tond1249	-0.4854129900705	1.0283653270404	-2.56749125	1.47458875
tong1308	0.187195965778	1.08667098014465	-1.864125	2.33954275
tong1325	0.6506980800965	1.14163081685382	-1.56852625	2.91222275
toor1238	0.3949814133985	1.04141096407913	-1.61993725	2.55237975
tosk1239	0.280424945135	1.09135123067442	-1.940767	2.492104
tote1238	0.743363288675	1.06662257315364	-1.234715	3.018739
toto1302	-0.60226265114	1.0094420828498	-2.56860275	1.3161955
trin1274	-0.3475050497595	1.06972792406545	-2.54771925	1.73685325
trio1238	-0.010734505545	1.13037670163143	-2.29867375	2.110353
trum1247	0.5840758752085	0.997086523602721	-1.3978335	2.5705035
tsat1238	-0.4479929551291	1.16432623144755	-2.8525645	1.87153475
tsha1245	0.902337834695	0.986763347826561	-0.91508515	3.05845525
tsis1238	-0.3418200413865	1.14389933672415	-2.67677625	1.77122325
tsix1234	0.6106974309115	1.16250083830645	-1.56261675	3.06830625
tson1249	-0.4664307459837	1.13245546839804	-2.932786	1.656524
tswa1253	-0.608258058609	1.0921827049849	-2.904815	1.41991525
tswa1255	-0.46866399686635	1.08388653568804	-2.81814875	1.61454075
tuge1241	1.15884976821	1.12342219321106	-0.984796375	3.47887475
tugu1245	-0.682390171545	1.10996266061177	-3.0175435	1.315479
tuka1248	0.825312728986	1.13149032841179	-1.27205625	3.18311775
tuki1240	1.120089716165	0.957426629441268	-0.67361255	3.06011925
tulu1258	0.5352298668705	1.11753387883853	-1.56844575	2.949881
tune1261	0.6566303762095	0.937248707226148	-1.08696725	2.5001325
tung1290	-1.1090412014	1.1447072233708	-3.5527685	1.04857475
turk1303	-0.293072967908	1.21191638382095	-2.80279475	2.09853925
turk1304	-0.2648986062025	1.14673657335935	-2.589983	1.99812299999999
tusc1257	0.4498080557055	1.18333669668667	-1.8435315	2.95404175
tutu1241	-1.88317573157	0.920005823774224	-3.76905575	-0.186348525000001
tuva1244	0.6723856957945	1.12568727777045	-1.47564275	3.06091774999999
tuwa1243	-1.038273518849	0.898286649045666	-2.926939	0.644822574999999
tuwu1238	-0.474084105123	1.04195299003952	-2.5644695	1.501341
udih1248	0.220931792272	1.22570547002463	-2.06616275	2.734256
uduk1239	0.556333273097	1.10831783356611	-1.53538675	2.7355315
ukra1253	0.31783586650255	1.18630907318069	-1.90296125	2.72245775
ulch1241	0.1682278583615	1.14055508373656	-2.10077	2.48887975
ulit1238	-0.5308724229115	1.13323242910857	-2.883962	1.5526155
ulwa1239	-0.651072290374	1.19810791157992	-3.167466	1.6532375
umbu1258	0.4150124926765	0.934506177198244	-1.36959125	2.30418775
umes1235	0.5854205647255	1.14122352467198	-1.67868075	2.93365675
unua1237	-2.058344352985	0.917404472960998	-4.07295675	-0.372803625000001
uppe1275	-0.378023658237	0.964618867208142	-2.35090475	1.403757
uppe1427	-0.43823374419155	0.973774749303315	-2.44273075	1.439075
urak1238	-0.006467223676	1.08730142796246	-2.14811875	2.1719665
urar1246	-0.480656441645	1.13171872769293	-2.7863185	1.6767445
urav1235	-1.4429158576155	1.07147152721185	-3.799007	0.431075874999999
urim1252	0.3338751123555	0.879037449369036	-1.34793375	2.03687875
urip1239	-1.852927530925	0.888462859819206	-3.7323685	-0.202892075000002
urni1239	0.935379669047	1.19447341540816	-1.19855975	3.50559075
utes1238	0.9277217941255	1.12774707465532	-1.19805725	3.3007315
uuuu1243	-0.94456234718	0.915802937294936	-2.748555	0.794969949999998
vano1237	-0.613010356735	0.965801831924711	-2.6461995	1.1279925
veps1250	0.389810642641	1.15092633922397	-1.8966235	2.844598
vera1241	-1.4737570144565	1.02551361802139	-3.6250415	0.371573024999999
viem1243	0.362472354005	1.01873793884966	-1.654586	2.32422675
vinm1237	-1.9490284137	0.905456165789844	-3.86190675	-0.266862925000001
voti1245	-1.066010838382	1.07854622536097	-3.3108795	0.904828149999994
vure1239	-1.4804894419814	1.02629132869749	-3.67137525	0.360550574999999
vwan1235	0.213864892345	1.08443290329762	-1.9426955	2.31279225
wadj1254	0.456293969441	1.13398045296222	-1.71763175	2.74333075
waga1260	-0.332702134432	1.06002424562288	-2.44596575	1.6826925
wage1238	0.606539833785	1.16186948661582	-1.632763	2.983261
waig1244	-0.745382171438	1.15679268395484	-3.270463	1.40352925
waim1251	-0.142253060915	0.847659241712917	-1.7911645	1.516541
waim1253	-0.3675779092945	1.11863617791751	-2.60336775	1.70603525
waiw1244	0.645673115767	1.14294497755057	-1.49948475	3.0699395
wala1266	-0.052670700875	0.873468982612946	-1.90394125	1.61531275
wall1257	0.753089114243	1.15439781180533	-1.503298	3.16092075
walm1241	0.4853626532	1.14479131761614	-1.674346	2.745969
wamb1257	0.688752100985	0.850302777213727	-0.90998345	2.37931525
wand1267	-0.962189153427	1.05215209188421	-3.23921675	1.01804975
wand1278	0.6300330389915	0.966680169956879	-1.2003795	2.58110424999999
wang1291	0.548609637333	1.11480714161135	-1.5329245	2.90709925
wanm1242	-0.576585530068	1.14196696637941	-2.925446	1.5190865
wann1242	-0.2279130933095	1.17483933882508	-2.7050445	1.98031275
waor1240	-0.2727844213455	1.12045472282989	-2.45308075	2.025015
wara1294	1.2821732434935	1.11524247942106	-0.73755815	3.62315975
wara1300	-0.0422672190005	1.07844751052622	-2.229869	2.04168075
wara1303	-0.401891531665	1.12141272278966	-2.68525575	1.72687925
ward1246	0.6425899202235	1.17090946012106	-1.5228745	3.04616525
ware1253	-0.8286171097517	1.0417648396677	-3.029167	1.0798345
wari1268	-0.608143397581	1.16198771464281	-3.0536995	1.690564
warj1242	0.455700971205	0.945887815107321	-1.39990525	2.37363
waro1242	-1.00977215753	1.07023258840515	-3.23844175	0.9996619
warr1255	0.8732103731355	1.08354109539203	-1.1255375	3.1657875
waru1265	0.4727452293525	1.1381111479837	-1.68171425	2.86674675
wash1253	-0.0300507442375	1.08601037004295	-2.149311	2.0375975
wawa1246	-0.35206309691	1.08900595230242	-2.600367	1.77772525
waya1269	0.667551129562	1.13195484957783	-1.43458725	3.049611
wayu1241	0.36520700982	0.878025824890034	-1.262968	2.13324425
weda1241	0.60655848591085	0.895291675441654	-1.1971135	2.363626
wels1247	0.3612809359925	1.08590833619987	-1.6760565	2.566406
weri1253	-0.45738823251603	0.932946231430915	-2.2855885	1.321455
west2354	-0.4751623854	1.12114270009626	-2.77089575	1.7045725
west2369	-0.5701213459948	1.14343717246321	-3.01872975	1.7358415
west2396	-1.058363487315	1.05553739326679	-3.25658875	0.845071224999999
west2397	0.1844897225475	1.05359470555781	-1.96199575	2.18377725
west2415	-0.390887286315	0.841430969614633	-2.0585465	1.22933725
west2418	0.49627486782	0.923954825749451	-1.22278225	2.45351825
west2430	-0.9400676785675	1.06831269769922	-3.17166925	1.00467475
west2466	0.879490374886	0.978513691130483	-0.901255675	2.86418925
west2516	-0.5103778151505	0.94182276945261	-2.518374	1.28136775
west2519	1.02227398396	1.05194747799845	-0.9584303	3.245493
west2548	0.36272004673	1.08551867196721	-1.69006	2.62490899999999
west2555	0.082381329125	0.909334828490361	-1.64496675	1.83859525
west2560	0.209189021905	0.936754338033267	-1.67090275	2.14961675
west2594	-0.1994635538311	1.11925647120223	-2.57739775	1.9166705
west2600	-0.2367547020665	1.05520346543812	-2.43906475	1.69029825
west2615	0.9264295674095	1.16132155160614	-1.16229	3.45321049999999
west2632	0.52509893736	1.07160225564746	-1.49424075	2.79452175
west2635	-1.213658640729	1.13782265752986	-3.66588075	0.842591049999997
west2650	-0.292440655506	1.07677725596226	-2.45302225	1.78575825
west2763	0.69038737204	1.09994651438131	-1.410425	2.943659
west2778	-0.62076412021	1.12984878517173	-2.92218575	1.417387
whit1269	-1.472949844235	0.980493040520296	-3.526245	0.27509545
wikm1247	-0.145306845597	0.981327152874597	-2.217424	1.84978925
wiru1244	0.3949663129775	0.919097560588042	-1.319253	2.24452925
woii1237	-0.979585036435	1.14061087027	-3.4403815	1.157719
wola1242	0.009899331829	1.07318738408125	-2.1659525	2.06548025
wola1253	-0.480418430859	1.01264475338173	-2.51546125	1.52166225
woli1241	1.00716784555	1.14050195902859	-1.02154175	3.383549
wood1236	0.247948030535	1.17589774458814	-1.9915415	2.586485
wotu1240	0.8568167853365	1.1307772675296	-1.2040975	3.278457
woun1238	-0.643394311825	1.17460421791788	-3.0363125	1.5783725
wuch1236	0.531107800931	1.11860168704554	-1.57904025	2.81895175
wudi1238	-0.56678645978	1.0099229900058	-2.7913765	1.29145125
wuna1249	0.540738460574725	1.2161932154505	-1.71802475	3.067406
wusa1235	-0.619985635545	1.00489372698401	-2.7537605	1.24945325
wutu1241	0.8641022756505	1.03318604833598	-1.10658975	2.985055
wuvu1239	0.4533595226715	1.10748216700945	-1.78790375	2.777202
xamt1239	-0.58710264561	1.13825618974878	-2.95587375	1.594504
xara1244	-0.2348259820065	0.920780800898149	-2.08727975	1.572674
xava1240	-0.1314367607405	1.16355732970163	-2.55949675	2.20835925
xish1235	0.55877551891	0.97249252809353	-1.2973245	2.582689
xokl1240	-0.26766217926425	1.21867581843743	-2.9087015	2.08315225
yaak1241	0.801270041185	1.08812459972751	-1.1733645	3.09583025
yaey1239	-0.0278059616465	1.08466695547786	-2.07170625	2.13105475
yagu1244	-0.257887130561	1.12947613917633	-2.55995	1.91688075
yaka1269	-0.000330217230000001	1.11856783343974	-2.24631475	2.167146
yaka1272	-0.5420106899095	1.10630328476833	-2.93336575	1.55249625
yaka1277	-0.083440867286	1.02884280459193	-2.13239225	1.9372465
yaki1237	0.4499791826205	1.23004574669228	-1.93756525	2.948425
yakk1236	-0.0929127649645	0.912637338294148	-1.85041625	1.64930875
yako1252	-0.5690412318335	1.17312494001681	-2.93130525	1.64786625
yaku1245	-0.280946114103	1.16253917263763	-2.54335875	1.92346475
yale1246	0.27303471536715	0.884310839235394	-1.435073	2.01245675
yama1264	-0.43557007455	1.15872465925557	-2.81859075	1.7579115
yami1254	0.72042769804	1.08009771201501	-1.27145225	2.96158624999999
yami1256	-0.166886483846	1.06884864719234	-2.2609565	1.967902
yand1253	0.49532454548	1.14620374872625	-1.629762	2.87046
yane1238	1.3151905981515	1.11923641197821	-0.7190491	3.59423275
yank1247	-0.672407798835	1.12620095552245	-2.94408975	1.4513465
yano1261	-0.083922282361	1.18398593672408	-2.42623975	2.22824025
yano1262	-0.237358749129745	1.12314266645171	-2.529116	1.947162
yaoo1241	-0.1859793311975	1.08603980267159	-2.25630025	1.905926
yaou1238	-0.248196695439	1.16804254043337	-2.6345785	2.1779115
yape1248	-0.6571421380555	1.16806049005099	-3.1058935	1.6033
yapu1240	0.235154353622	0.882442354059822	-1.44188275	1.95265175
yaqu1251	-0.308391128643	1.12155556090076	-2.5930525	1.81612825
yare1248	-0.1696643889553	0.892864051904856	-2.0102525	1.51658575
yatz1235	1.498724604995	0.955496769628322	-0.257537	3.5137395
yaul1241	-0.45308528341	0.891570393822426	-2.29650825	1.30359575
yaum1237	-0.61288669590095	0.825573527283381	-2.32878975	0.995786249999999
yawu1244	0.1750595959585	1.09082749738747	-1.999224	2.28071625
yecu1235	0.0739512039385	1.09298701826031	-2.1053925	2.25572875
yele1255	0.7549544250715	1.12857397295779	-1.29316075	3.15755075
yems1235	-0.5526881173935	1.07996404001256	-2.738762	1.4860315
yidi1250	0.7715517366905	1.18159395629426	-1.3865265	3.19972074999999
yind1247	0.255848731675	1.07759998796407	-1.77502875	2.50607975
yoga1237	-0.8320351309265	0.945542996826526	-2.738688	1.00043125
yoku1256	0.44273996105	1.11859477153382	-1.62948225	2.71885025
yona1241	0.5209905113455	1.08853632735764	-1.54988525	2.79510025
yong1270	-1.406115567629	1.07462202165958	-3.64973425	0.534652074999998
yong1280	-1.04238920621	1.06372838700851	-3.29359725	0.993851574999999
yora1241	0.2063923271885	1.08721527289206	-1.8932705	2.41625575
youl1235	-0.3832848950815	0.839644190286924	-2.05584975	1.28029425
youn1235	0.3936306765875	1.07499785993055	-1.64713975	2.56452725
yuca1254	-0.38855855407	1.11704593837823	-2.762907	1.69359225
yuch1247	0.408888665546	1.19489329976511	-1.8926515	2.8416055
yuec1235	0.220450227087	1.05851131831887	-1.80846725	2.4294295
yukp1241	-0.555161727246025	1.15175769891319	-2.96655575	1.56074725
yulp1239	0.1415201981865	0.962756217967943	-1.658549	2.134304
yulu1243	-0.427594608905	1.20248452288656	-2.99195325	1.81315525
yura1255	0.231358826154	1.13556252200613	-1.97772275	2.559061
zaba1237	-0.1036440977305	1.04620928334019	-2.284847	1.82779725
zaca1241	-0.382486087139	0.978278413949016	-2.35505275	1.475964
zagh1240	-0.40175387763	1.16948366614857	-2.80468375	1.9392335
zaiw1241	-0.0780480981785	0.946740752642199	-1.93071125	1.788635
zand1248	-0.453483392867	1.15541703746546	-2.76604925	1.774076
zani1235	0.640710112175	0.946940360416191	-1.142041	2.5110395
zarm1239	0.948174539685	1.1512945941959	-1.17880525	3.36760325
zaye1235	-1.243030570475	1.12660595080121	-3.57626325	0.845691749999999
zays1235	0.3010506862605	1.03233096394523	-1.78036875	2.2787155
zhab1238	-0.4036170508	1.02989019390304	-2.517811	1.54276
zoog1238	1.52909334722	0.956188688312814	-0.24411	3.53614875
