Estimate	Est.Error	Q2.5	Q97.5
abar1238	-0.871682003385	0.973834200650131	-3.001375	0.896594899999997
abee1242	-0.1902031085219	1.20357652993598	-2.65858525	2.080528
aben1249	-0.07066798342825	0.937647040537067	-1.98746175	1.800057
abkh1244	-0.5984850068158	1.18011413277883	-3.03627975	1.7123695
abua1245	0.2503935635	0.925817113602792	-1.559866	2.06193325
abun1252	-0.5116422189235	1.05381209238852	-2.61527675	1.40171975
acha1249	0.246859862258	0.936913707224262	-1.56595575	2.140536
ache1245	-0.6991588040115	1.13174775104712	-2.88958075	1.4248505
achi1256	-0.86325046964295	1.16869976937789	-3.44776275	1.3181695
achi1257	-0.1694058359285	1.13473438377213	-2.433351	1.912413
achu1248	0.323734096385	1.08417802583525	-1.78200125	2.51567925
acol1236	-0.544201601433	1.0836009270299	-2.883966	1.5049305
adan1251	-0.144066581232	1.00623469650417	-2.1188185	1.81983925
adon1237	-0.3158435949705	0.984766330283641	-2.315459	1.634434
aeky1238	-0.857662610115	1.10402906866217	-3.22002525	1.08317375
afar1241	0.466378878445	1.11943605575712	-1.6176645	2.7058115
aghu1255	-1.076010435281	1.10922127771742	-3.3969835	0.8664636
agob1244	1.26630694871	1.06895592304871	-0.7173068	3.58770025
agua1253	0.708928380435	1.13832707081998	-1.41612375	3.172863
agut1237	0.57848526968575	1.1088504226433	-1.4818835	2.850763
aheu1239	0.75432232406	1.08985242922181	-1.29017925	2.971255
aime1238	-0.5259863342685	1.0444032772769	-2.74611	1.38676325
ainu1240	-0.273646581626	1.20626303903839	-2.785634	2.08507025
ajas1235	-0.4677632804745	1.19354765396389	-2.9769705	1.8426905
akei1237	-1.53997268185	1.02132185238137	-3.78014525	0.208977274999999
akha1245	-1.36178083123	0.939803102815743	-3.44149	0.332649399999998
akoo1248	0.024599667788	1.04041093474294	-2.01064475	2.09036325
akun1241	-0.2940433213615	1.082360500668	-2.5618275	1.771744
alab1237	0.4500277143775	1.14118527840948	-1.69898125	2.80672425
alab1254	-0.1279244579	0.989329758553375	-2.0650515	1.87925375
alac1244	-0.669656063775	1.05202169249113	-2.918987	1.345718
alag1248	-0.1717882553225	1.00162126352959	-2.1264095	1.8750345
alba1269	0.36266056171	1.04751235273524	-1.71064	2.4885615
aleu1260	-0.6258198104155	1.1141254572119	-2.88689875	1.52240125
alor1247	-0.2050321906035	0.977953830286818	-2.2336965	1.67551175
alya1239	0.245652400545	1.19159307545843	-2.051913	2.6693225
amah1246	-0.3263693879905	1.12081625416494	-2.6330255	1.914089
amam1246	-0.5032810873159	0.874943110256877	-2.3149915	1.17440425
amap1240	0.4468069234655	0.941352773358756	-1.3426095	2.472357
amar1272	-1.63372556891	1.08015451275697	-3.9636305	0.214507399999999
amdo1237	0.70144207843	1.10951880431703	-1.3122885	2.98150475
amii1238	0.09313193007	1.09360924593524	-2.08085025	2.23419775
amis1246	0.25263005991065	0.95918240474612	-1.62608875	2.08204549999999
anei1239	-0.95634286891	1.10815765427501	-3.30629825	1.07815575
anfi1235	0.1851640606725	1.07873147254607	-1.981757	2.34115125
anga1288	-0.7142073338265	0.894702220451084	-2.61864175	0.952947999999997
ango1257	-0.4761828857575	1.16228826904245	-2.8408395	1.79194325
anuf1239	-0.342475916354	1.14203894663148	-2.718662	1.907726
anuu1241	-0.6030009213535	0.973195338200741	-2.6441765	1.17576325
aona1235	-0.325315148795	0.891365847750765	-2.15008475	1.411016
aoua1234	-0.629616702001	1.10014708558741	-2.8752285	1.4571355
apat1240	0.1652603406295	0.95267157448179	-1.7628415	2.0274035
apin1244	-0.22275173755	1.22899479439594	-2.80608275	2.260902
apma1240	-1.881509896845	1.02013990523471	-4.0315585	-0.0613304025000008
apma1241	-0.4010136592665	0.880576081479478	-2.2308915	1.2769165
arak1252	-1.654068651403	1.00937245646844	-3.867224	0.146407749999999
arao1248	0.3748836996735	1.10017284049714	-1.83746075	2.74102225
arap1274	0.37407475585	1.23720834099316	-2.0037775	2.88498675
araw1273	0.632220897335	1.08652357967052	-1.43572175	2.85199175
araw1276	0.91054335956	1.11068071941172	-1.07172725	3.21623825
arbo1245	0.2072243323265	0.995239586804041	-1.79220275	2.1589445
arch1244	0.800424220638	1.05461945689465	-1.06054825	2.9656435
area1240	0.2885167109625	0.931319568244728	-1.5952775	2.179916
aree1239	0.4777757864355	0.858909735670121	-1.249817	2.22386925
argo1244	-0.51580777778035	1.1523280639908	-2.85645425	1.70233075
arhu1242	-0.6866663263225	1.13085152775097	-3.02098675	1.3541665
arig1246	-0.052642280765	1.13879445963389	-2.3965675	2.18613025
arom1237	-0.168901109715	1.10431662258266	-2.50652	2.11744825
arop1242	0.04080359096	0.920072305068584	-1.77333625	1.77115275
arop1243	-0.8918898442195	1.04785492813085	-3.051744	1.1173635
aros1241	0.214587742029	1.02493142576917	-1.830852	2.1749755
arta1239	-0.7216546440725	0.937049818383859	-2.6509695	1.0065855
ashe1272	1.21073034845	1.07057313300425	-0.674501875	3.404376
asoa1238	-0.48511956861	1.15868266552713	-3.053359	1.61071975
assi1247	-0.596545351595	1.12473912812915	-2.85254875	1.521039
asut1235	-0.1596560942175	1.04624789830012	-2.26372825	1.817431
atam1240	0.32921372790085	0.988881493668043	-1.59611125	2.26948825
athp1241	0.480796201131	0.905515872206287	-1.238657	2.3076705
aton1241	0.07087800385	0.941289695146326	-1.812137	1.8768195
aulu1238	-1.991221541	0.951675822266778	-3.982641	-0.19888445
auuu1241	0.1821300276485	0.909412712860925	-1.60536675	2.0215715
auye1238	-0.5768743838378	0.949662244690011	-2.56255075	1.229171
avac1239	0.593654771975	1.13703233347229	-1.51422525	2.93461325
avat1244	-0.404988679804	1.06317345684295	-2.61748325	1.635199
awac1239	-0.182552699883	1.08149961058103	-2.358037	1.8613625
awad1243	0.3848642883025	1.0774294181952	-1.68424175	2.5322485
awad1244	-0.55866322576	0.929149518125815	-2.5316105	1.141292
awar1249	-0.457733143889	0.919673626301599	-2.3292455	1.21636925
awet1244	0.38259190987815	0.966262479246655	-1.520791	2.3842245
axam1237	-1.9820904409915	0.97621658501583	-4.05080575	-0.2031853
axiy1235	-1.276174905468	1.03200931443638	-3.35278325	0.670094524999999
ayac1239	-0.4366865541445	1.11833877393767	-2.8010395	1.69323225
ayiw1239	0.5290480513085	0.887218944740131	-1.14568675	2.3342635
azha1235	-1.2958731461795	1.0293854299167	-3.4489445	0.591392925
baba1266	-0.5766522285735	0.998002664385166	-2.65767625	1.2903245
baba1268	-0.710301474165	1.11260863889577	-3.11197775	1.39096725
babi1235	-0.5750411472845	1.14093501555425	-2.9788395	1.5918505
bafi1243	0.9911956234871	1.00211462211205	-0.9391436	3.071802
bafu1246	-0.68689595286915	0.995129113253604	-2.84157825	1.184038
baga1272	0.066286529669	1.08426098633396	-2.18982575	2.22333675
bagi1246	-0.020917809357	0.997041153565783	-1.9798595	1.915587
bahi1252	0.22220755545	0.873010760284361	-1.46260725	2.034468
baim1244	0.4812420236555	1.119170447389	-1.657233	2.73882375
baka1272	-0.1541018995265	1.16055572935653	-2.53049025	2.10256525
baka1274	-0.431700612041	1.13149007168774	-2.8425035	1.81014375
baki1244	-1.91193835597	1.04097625374481	-4.184833	-0.0451445325000009
bala1311	0.301736287123	1.04114271007948	-1.65770275	2.38024275
bala1315	0.585293320796	1.14537521748514	-1.4765955	2.97994775
bali1278	-0.472822637402	1.092832161898	-2.80148725	1.6028035
balo1261	-0.771704123575	1.13828535169794	-3.18182075	1.3476435
balu1257	-1.15956370275	1.0584528117257	-3.57248025	0.750694975
bamb1262	0.4629068451275	1.14015353513646	-1.73581975	2.7972575
bamb1269	-0.1159098039135	1.20968463487436	-2.4823875	2.31263025
bamb1270	-0.2529994605355	1.04354582204336	-2.37952525	1.70668
bamu1253	0.0494774047295	1.03693195710589	-2.0096055	2.03026875
bamw1238	-0.882998942604	1.19260506938523	-3.38638125	1.301962
band1344	-0.32715047638	1.19104565082228	-2.7924205	1.89362475
bang1354	-0.34746287834735	1.14565369336687	-2.73244375	1.81744675
bang1363	-0.029614749377	1.15918108233299	-2.3678085	2.163193
bang1369	0.583634473536	1.01136399598173	-1.34848425	2.62024725
bant1281	0.4532331170845	0.904805661778008	-1.3314095	2.31916625
bara1357	-0.570385429075	0.896694674256828	-2.41149775	1.1434265
bara1361	-0.503948385813	1.11630564799305	-2.81963325	1.53869775
bara1370	0.704661253733	1.1534246600779	-1.48804425	3.140698
bare1279	0.428741736395	1.07419621934655	-1.65702625	2.65613425
bari1286	-1.63070639429	1.08700593875105	-4.034867	0.240842099999999
baro1253	-1.2655160803915	0.995395722822073	-3.30926625	0.537862549999999
basa1282	-0.364649462515	1.20270452546202	-2.8718135	1.86161525
basq1248	0.3484702696425	1.1958231273807	-1.84659	2.8449165
bata1289	-0.541486268034	1.17625023663406	-3.0163095	1.710935
baur1253	0.474093533536	1.11474052228893	-1.665028	2.7388355
bawm1236	0.32941507057	0.958105319720384	-1.54281225	2.22621725
bayb1234	0.3906697391125	1.03946022708591	-1.55998525	2.56155625
bebe1248	0.783517320705	1.07635303775864	-1.27809725	2.94167625
beem1239	-0.09499791914855	1.11956174216061	-2.42283	2.051062
beja1238	0.686871909859	1.19691845166744	-1.55692925	3.27473375
beka1241	0.83477950023	1.03496848517881	-1.085837	2.9255755
bekw1241	-0.2217483416715	1.0938032410638	-2.44822675	1.84106525
bela1254	0.394063041065	1.16692560026059	-1.71152475	2.8799245
bela1256	-0.675069574255	1.17573126124743	-3.28601225	1.5135975
belh1239	0.450171182465	0.899284377059171	-1.29664375	2.2239575
bell1243	-0.7763561033035	1.13889841144515	-3.1149135	1.29942375
bemb1257	-0.379098343725	1.16231782501161	-2.71566125	1.788108
benc1235	-0.377029577805	1.06101977774226	-2.53649475	1.675286
beng1282	-0.3084956842565	1.11915571256143	-2.61055225	1.9182215
bent1238	-0.224468799371	1.05248037609712	-2.3574615	1.7928225
bert1248	0.572264022012	1.09316813369619	-1.5387435	2.76060025
bhoj1244	0.2618759636535	1.07979422614242	-1.7905155	2.46177475
biaf1240	0.52921388459	1.11820240032988	-1.58590425	2.81795225
biao1253	-0.069030922258	1.06296294561547	-2.165841	2.01828625
biao1254	0.59962867921	1.0669839265124	-1.4929155	2.85130125
biao1256	0.3289526289278	1.10030234739075	-1.73346775	2.6036485
biat1246	0.872509650279	0.982475065706822	-0.949619475	2.883593
bidy1244	0.01898286446555	1.08620141104336	-2.1475825	2.17594575
biha1246	-0.22442801737	0.943995230982782	-2.04401025	1.625975
bila1255	0.4524285471885	1.04568192097216	-1.58309425	2.4872015
bilb1241	-0.179338390979	0.863186722173853	-1.9374675	1.471882
bili1260	0.5616489965015	1.12285479379986	-1.69260525	2.88141124999999
bimi1240	-0.393472340918	0.982794936960894	-2.54012525	1.488548
bina1277	-0.894079858735	0.969702054523715	-2.89205925	0.928556124999999
bini1246	0.672254118427	1.12537549451544	-1.483237	2.84971525
bira1253	0.29446357034	0.988326198752793	-1.696023	2.24263075
birr1240	-0.355571585155	1.19905352010268	-2.910331	1.923414
bisu1244	-1.588737609055	1.09133170024057	-3.8481995	0.345926125
bitt1240	-1.0580724010708	0.946520893640629	-3.0570815	0.712181474999999
biwa1243	-0.3852181882325	0.870262320279152	-2.169074	1.28740875
blab1237	0.600306868835	0.895126710545841	-1.11354825	2.402257
blan1242	-1.20432808899935	1.04781384273997	-3.35555	0.693322075
bodo1269	0.5108228993175	0.995645766855262	-1.3917585	2.50088
boht1238	0.6915872945305	1.06904877424477	-1.293284	2.92996425
boka1249	-0.076556861241	1.0142560253362	-2.12023525	1.89307275
bola1250	-1.3405358465615	1.12779597222686	-3.823042	0.676298475
bolg1251	0.01089645895185	1.12733018477737	-2.26660775	2.2069275
bolo1262	-0.7640725788185	1.11083322334604	-3.02499825	1.26341275
boly1239	-1.0564342599345	1.10867215889734	-3.4548225	0.935586874999999
bomk1234	1.3902879545005	1.16404716443683	-0.7450447	3.88749625
bona1250	0.642423743225	1.06715008414087	-1.3213485	2.88362725
bong1284	-0.4879393687	1.14642431932678	-2.760147	1.67431775
bong1289	0.5140817646	1.04519700421353	-1.42052825	2.71807275
bora1263	0.097180209709	1.05567867705778	-1.95198925	2.1545585
bord1248	-0.61957013253	1.19502940323671	-3.098766	1.60114275
bori1243	0.090425543045	0.95964751576521	-1.85546325	1.911831
boro1277	0.513060002834	1.04958090240133	-1.5533025	2.63397075
boro1282	0.6358976831385	1.13131799559499	-1.48474575	3.02323675
boto1242	0.0273421541035	0.967134439487825	-1.9322025	1.94411575
boun1243	0.964990374095	1.21721104582755	-1.27582025	3.47765675
brah1256	-0.715209910215	1.11301478585248	-3.09597375	1.36958825
bret1244	0.3996454686385	1.14507237794939	-1.7904345	2.70900025
brib1243	-0.520624125792	1.17893749079525	-3.01422725	1.6840655
buga1247	-0.8270293469155	0.961622801680124	-2.86170775	0.954068375
buga1250	-0.872260698685	0.917121017289242	-2.73920475	0.888263074999999
bugh1239	0.5420569590765	0.887145085742875	-1.140569	2.34425
bugi1244	0.694073130236	1.12956085386784	-1.410119	3.03139275
bugl1243	-0.3425088535685	1.19005985737124	-2.795679	1.869402
buhu1237	0.272984284739	0.985435928206173	-1.53967025	2.34351975
bujh1238	-0.573334302895	0.893218528738377	-2.32258725	1.10337
buka1257	0.7832390416045	1.02087766256522	-1.1456875	2.83428325
bull1247	1.423779823754	1.15375011792532	-0.7162905	3.950575
bulo1242	0.2025531053865	1.00447066566152	-1.65688875	2.21737825
bumt1240	0.523509261945	1.01788997024685	-1.37166875	2.60299475
buna1276	0.937319718654	0.974120423711873	-0.9618902	2.92875275
bund1253	0.4425816854685	1.12273005831745	-1.706182	2.6886775
buol1237	-0.137923365865	1.03359477317583	-2.12670075	1.81534875
bura1292	-0.0732684385485	1.00404227315591	-1.95284375	1.9331475
burj1242	-0.320375787649	1.11816844878519	-2.749002	1.781685
burm1264	-0.8830070038469	1.01105119966137	-2.98908825	0.9800326
buru1296	-0.3169895401385	1.12670849185801	-2.538886	1.846749
buru1320	0.1454331264645	1.02900882497025	-1.78206025	2.26233875
bush1247	-0.2251984086575	1.21804509272577	-2.706832	2.15665
buwa1243	0.307498686535	0.906269147556597	-1.463562	2.070656
byan1241	-1.1910351805815	1.03895923068066	-3.46929275	0.746517149999999
caac1237	-0.2200433874835	1.00668904458513	-2.19103675	1.64924625
cabe1245	-0.511372584212	1.18512196599445	-2.9306015	1.6893855
cacu1241	0.17106875214395	0.969109743233736	-1.82290125	2.0801235
cahu1264	-0.2282507713745	1.19755456261243	-2.6204965	2.152093
cald1236	0.534726330792	1.04152797720734	-1.519888	2.60924875
camp1261	0.7255815186	1.16617625162601	-1.39541025	3.20257625
cams1241	-0.23743327643	1.0414791718959	-2.32433325	1.78289725
cane1242	-0.2612129878935	1.19758003266409	-2.699857	1.972726
caom1238	-0.35836897632	1.09556308632481	-2.59801575	1.736737
capa1241	0.5561519223	1.09970313977497	-1.58345	2.804409
carn1240	-0.6606538857	1.12231741842915	-3.0192765	1.40593325
caro1242	-0.27504182853	1.13110842354789	-2.59344975	1.8478755
cash1251	0.9574828447	1.16040417441739	-1.18125225	3.4080475
cavi1250	0.4095624707945	1.10680814856537	-1.675718	2.68678125
cayu1262	0.32999297434535	1.05592724067677	-1.684181	2.52134175
cemu1238	-0.43454160646615	0.977786474250673	-2.47811975	1.3739515
cent1989	0.3889418730258	1.06144201942179	-1.64996425	2.59097875
cent1990	-0.631458399597	1.11452407543208	-3.02170775	1.48531475
cent1992	-0.2276892047075	1.00187495015646	-2.308681	1.6971585
cent2004	-0.6366665902815	1.02274394854245	-2.70265025	1.29609725
cent2050	0.632874769	0.997682860173826	-1.30597225	2.71748675
cent2084	-0.015676237771	0.989988815924731	-2.002016	1.95810325
cent2100	-0.298752221683	0.954350381884885	-2.26092875	1.4711325
cent2127	0.458113875425	1.16683688596371	-1.75535175	2.8284965
cent2131	0.8342690068451	1.09602762090837	-1.2377525	3.09281874999999
cent2140	0.43429253606	1.07114027029233	-1.604417	2.67097375
cent2142	0.505525841713	1.13470862785329	-1.68205625	2.81010325
cent2150	-0.4591699255835	1.14673381046761	-2.78647875	1.7383135
cent2292	-0.75290319309	0.935012023403756	-2.63857325	1.0901305
cent2314	-0.45275265763	1.04387250070846	-2.639673	1.52633525
cent2322	-0.5454281810885	1.13904903284472	-2.864608	1.65427
chac1249	-0.10025309989615	1.13379305221363	-2.498971	2.18243549999999
chac1251	-0.193937023798	1.06989753162697	-2.34485	1.9145405
chad1249	-0.642370560761	1.08028779169282	-2.91123075	1.39786725
chak1270	-0.57812837506605	1.00838775702834	-2.624098	1.34328175
cham1309	0.802719751905	0.994103187680002	-1.06610675	2.87895475
cham1312	0.5226785255261	1.13005542467097	-1.56736275	2.80779425
cham1315	0.8364301618505	1.14209501007265	-1.26019625	3.238963
chan1313	-0.2326734309212	0.912496495763909	-2.06014325	1.514799
chas1234	-0.4180041750245	0.910840743061612	-2.25217175	1.3368575
chec1245	0.0901434447555	1.02290797075467	-1.9287395	2.12893775
chek1238	0.553739671462	0.888527796472267	-1.10673325	2.3236655
chep1245	-0.665532229475	0.891494087736314	-2.42811225	1.04882825
cher1273	0.448946256133	1.16256643596172	-1.734195	2.8703185
chhi1245	0.5314196161575	0.900479281571836	-1.21219575	2.279739
chic1270	0.3947420266075	1.13850893985894	-1.7889925	2.7376725
chil1280	0.6121700742735	1.11831802246908	-1.4849245	2.9760675
chim1302	0.5181504602175	1.11890219245794	-1.6958435	2.820592
chim1309	-0.585637748165	1.18175914492417	-3.13632275	1.568056
chim1312	0.8290358513175	1.1960189478699	-1.42176025	3.37570475
chin1286	0.65110507051	1.14889973989492	-1.43983125	3.0951505
chip1241	0.181104194642	1.18270354561004	-2.04707	2.58794775
chip1261	-0.37111402324	1.16132670183852	-2.7847425	1.85307
chiq1248	-0.375826084838	1.18584960047199	-2.80724825	1.96171375
chir1283	-0.9036112719105	0.893207484572329	-2.754533	0.824932975
choc1276	-0.756425769607	1.17640351058506	-3.231716	1.4631535
chot1239	0.357735506428	0.898826972045462	-1.3754795	2.15166875
chra1242	-0.44421451520895	1.06235385906618	-2.54393575	1.512013
chug1252	0.845857617344	0.992030629276036	-0.970505675	2.9503305
chuj1250	-1.14000398898	1.212207305877	-3.71474475	1.0380535
chuk1273	0.41777257861	1.19985096216548	-1.8391	2.9857005
chuv1255	-0.576244295845	1.13808774099594	-2.863282	1.56036375
chuw1238	0.8704157922855	1.14783792862676	-1.28951525	3.33844075
cici1237	-0.27498355293	1.15029432669095	-2.57003225	1.90304625
coat1243	0.7392189768145	1.00731919678542	-1.1403905	2.825708
coca1259	-0.470972715899	1.12613419168778	-2.81241425	1.7116825
coeu1236	0.9928997488945	1.19748004526269	-1.2188215	3.49071349999999
cofa1242	-0.231411092175	1.08791807540429	-2.44449375	1.85444
cogu1240	-0.6351961342945	1.13798175105203	-3.11520375	1.44252425
colo1256	0.1304245221405	1.07669443382584	-1.99007775	2.203725
colu1241	0.8799464711205	1.17831277600773	-1.29861575	3.366474
coma1245	-0.265489607735	1.14213875361703	-2.577012	2.06355625
como1259	-0.318432238195	1.08726317638565	-2.56529025	1.80355175
cong1236	-0.466069514141	1.09940631841066	-2.716268	1.64578
copa1237	-0.217451563766	0.955722885553974	-2.20649325	1.57354575
cors1241	0.6208038275815	1.1320780772406	-1.4811785	2.9295315
cosa1234	-0.7567523737955	0.879372981909938	-2.5435805	0.93232705
cree1270	-0.8491358435	1.20177886165563	-3.360306	1.35996375
crim1257	-0.268080722205	1.18081071543204	-2.542478	1.96245425
cros1244	0.332888830971	1.06983764856855	-1.7222685	2.46648899999999
crow1244	0.555999331295	1.07965575396946	-1.51905725	2.7696375
cube1242	0.39960061382	1.01756717189591	-1.61644725	2.4811025
culi1244	-0.6824920522219	1.1313018542513	-3.0547985	1.49263575
cusc1236	-0.53144461099	1.17040769979472	-2.8967205	1.74197625
czec1258	0.36161295995	1.12904951516552	-1.77376175	2.77933875
daai1236	-1.242141668155	1.02082387842272	-3.40231225	0.589071324999999
daas1238	0.5754879307445	1.09749841379391	-1.4901875	2.77732275
dadi1250	0.228369788111	0.996976172420598	-1.69909	2.27340225
dagb1246	-0.3474569155775	1.11589029201548	-2.62894225	1.731367
dagi1241	-0.647927290274	1.10341079066252	-2.95089975	1.36334499999999
daka1243	-2.020272184625	0.975196223539562	-4.16613225	-0.280071000000004
damp1237	0.5669724982565	1.1004386379602	-1.4556205	2.8396095
dana1252	-1.36851440281	1.09049773451556	-3.70871725	0.501167799999998
dand1238	-0.69101672297	1.05528716799287	-2.80524675	1.375185
dani1285	0.527280707853	1.1326380670426	-1.551441	2.81179425
dara1250	-0.366809859345	0.902553473564711	-2.20176925	1.33154575
darg1241	0.969140713234	1.09157631249607	-1.044117	3.27193474999999
darl1243	-0.624716802605	1.18025070448685	-3.10991375	1.549223
darm1243	-1.2106308768005	1.04426485932279	-3.44048625	0.712106299999998
dawr1236	-0.3074392342075	1.03310725241811	-2.3904915	1.64160375
daww1239	-0.080486638888	1.10622740318013	-2.399625	2.02471625
daza1242	-0.4218088479055	1.17853254182477	-2.80951925	1.801084
defa1248	-0.406434158131	1.08070396898018	-2.63170575	1.65494725
dege1246	-0.3197971952706	1.10858423525659	-2.574953	1.7895355
dehu1237	0.2547475137725	1.00392970108333	-1.64817625	2.3222965
dera1248	-0.2857354594695	1.05298435667852	-2.3602675	1.71747925
desa1247	0.2899088326064	0.981295290490663	-1.6201375	2.2054755
dhao1237	0.5544174942595	1.05662140331554	-1.4429	2.73140575
dhar1247	0.507998074527	1.1456119751938	-1.6887	3.06026875
dhim1246	-0.446564530293	0.998066684786875	-2.46579575	1.45346825
dibo1245	-0.67340080781	1.17337816326386	-3.01981425	1.5420335
dido1241	0.730665217044	0.999296782453481	-1.1169615	2.76312275
diga1241	0.3053955709685	0.910605022446336	-1.47712525	2.117996
digo1243	0.6124611193885	1.17972108034792	-1.575572	3.055251
dima1251	-0.012634502635	0.91053906561847	-1.862487	1.78042675
diri1252	-0.1797989891025	1.07113361188935	-2.34988625	1.9443935
djam1255	0.36615390636	1.14001192288137	-1.81822675	2.762527
djee1236	0.871422648539	1.17643379471354	-1.31867375	3.17655749999999
djeo1235	0.0077593083805	1.14900532840833	-2.34195325	2.298931
djin1251	0.49413685567	1.22113159253132	-1.83360825	2.986149
dobu1241	0.859815883955	0.878642421856848	-0.815773575	2.64069975
domm1246	0.6015697337075	0.913531897070624	-1.15014025	2.44983749999999
doro1266	0.092815628665	0.870394235564404	-1.64662575	1.7563005
drun1238	0.01048434744295	1.01684781965943	-1.9921015	2.189291
dual1243	0.301023422214	1.03378618257886	-1.6330585	2.499562
dumb1241	-0.08332232025785	1.04515027841241	-2.21163375	1.97583125
dumi1241	0.047224725345	0.893602033879565	-1.7207655	1.76112675
dupa1235	-0.5309743773205	1.02458135964307	-2.5413915	1.42488
duru1236	-0.831535385825	1.03592373700772	-2.895146	1.1282595
dusn1237	-0.9358410081235	1.09449158020415	-3.22196375	0.983018849999999
dyul1238	1.0672703507745	1.0589499434607	-0.963773725	3.15631225
dzao1238	0.586206942196	1.11190785245828	-1.41436775	2.82738175
dzon1239	-0.5944167336665	1.02110046109194	-2.60351725	1.3469985
east2328	-0.660106091926	1.11667258945336	-2.96032125	1.415291
east2332	-0.219443931042	1.00517960109865	-2.15503325	1.798679
east2342	-1.31679266919	1.12742396741546	-3.772822	0.746677374999999
east2379	-0.6450394150653	1.14155077731657	-2.98971375	1.47447175
east2443	-1.779483132165	1.10360141112288	-4.05015125	0.160468274999999
east2447	0.760383106404	1.07671101165713	-1.35196975	3.08971375
east2485	0.7395633233015	1.0910811180617	-1.38663975	3.01249375
east2516	0.42724663869041	0.929411957781938	-1.38377575	2.24174775
east2555	0.6219201199925	1.1290991506153	-1.5552895	3.00637725
east2556	-0.176525037257	0.951977878181448	-2.04100675	1.632581
east2694	0.1567241598149	0.998028633456611	-1.84787775	2.11472
east2773	-0.28741394969	0.88820455967876	-2.0305	1.42785825
east2782	0.667426935765	1.12054789920591	-1.5534955	2.958478
egyp1253	0.55239354711	1.09026407828858	-1.4308495	2.73166275
eipo1242	-0.328599713495	1.04720565342798	-2.37628025	1.7600445
ekar1243	-0.5979676902805	0.994131239278319	-2.7189975	1.24008175
elem1253	-0.4138263896495	1.07445786452838	-2.5089535	1.59379825
elna1235	-0.608161749565	1.15048645192122	-3.053315	1.5438365
emae1237	-1.713729503175	1.09647915836944	-4.074629	0.157138624999997
emai1241	0.203861579192	1.11372191569794	-2.08297975	2.356759
embe1260	-0.590139124317	1.216306449529	-3.07666925	1.64445275
embe1262	-0.400534972222	1.1535896228619	-2.70031125	1.837755
enap1235	0.591732332295	1.11023415665339	-1.49175325	2.8997065
enuu1235	-1.129509620924	1.00165746315671	-3.2205265	0.674239325
epen1239	-0.40660141061	1.18702539773117	-2.8436155	1.8593715
ersu1241	-0.2259117533565	1.03858893481481	-2.28556275	1.777067
erzy1239	-0.5502516265688	1.1068766140857	-2.8412415	1.56933525
esan1238	0.28799725258135	1.1425432662103	-1.900941	2.5206365
esee1248	0.2547833363415	1.10482645940363	-1.9473935	2.44862175
esim1238	-0.750020728841	1.02725760693246	-2.89536975	1.18864749999999
esto1258	-0.794048550978	1.15554596609507	-3.14859425	1.45371275
eton1253	0.7622309251965	0.988353347283879	-1.13871875	2.7095825
even1259	0.279578395292	1.10281279772075	-1.8243845	2.52638324999999
even1260	0.287464385822	1.12322280560601	-1.886265	2.616157
ewee1241	-0.1680732883605	1.09449216782739	-2.30298375	1.9696155
fait1240	0.3320830009315	0.854791536605483	-1.3935485	1.99221625
fare1241	-0.3819592257733	1.17977407129566	-2.85653125	1.93346025
faro1244	-0.600099943367	1.14226084434619	-3.060153	1.54433325
fass1245	-0.151877792958	0.947870569010861	-2.08681125	1.6301035
fiji1243	1.0135528848555	1.10510376396991	-1.082558	3.256655
fili1244	0.044097566634	0.971836944507668	-1.84575475	1.96614375
filo1235	-0.3977693160568	0.999057321467113	-2.498718	1.515659
fina1242	-0.8336218201	0.928383205187559	-2.73170625	0.930049174999999
finn1318	-0.522517052692	1.13275792974459	-2.9098185	1.746576
foii1241	-0.0276546755935	1.01144216950012	-2.007073	1.951804
fonn1241	0.65081989914665	1.12485646821952	-1.46565175	2.9742935
fore1265	-0.6860036053245	1.13798944681942	-2.96923575	1.5733575
fran1266	-0.7239786827385	1.1595693384292	-3.24075525	1.3787575
fuln1247	-0.394813312995	1.16290129467716	-2.8012025	1.908884
furr1244	-0.315977107539	1.26827607948992	-2.816316	2.05047525
furu1242	-0.504651839385	1.24347842154666	-2.99906075	1.8244915
futu1245	-1.1242809185055	1.13666326029651	-3.44396675	0.956437499999999
fuyu1242	-0.639323441605	0.922233357869511	-2.51873125	1.1598455
gaan1243	0.222837241437	0.948300108439373	-1.590974	2.14742575
gade1242	-0.50604568057	1.14636911142514	-2.933943	1.6426375
gaga1249	0.968091901945	1.17745818836917	-1.1764685	3.366545
gahr1239	0.375556017215	1.0616267797556	-1.68172725	2.55311875
gale1259	0.6256979161325	1.11682926382452	-1.43760675	2.97290524999999
gali1258	-0.547133358428575	1.12782285862258	-2.91367725	1.5902415
gali1262	0.919213275308	1.08447710150986	-1.063406	3.1450985
galo1242	0.346302084561	0.91508082990859	-1.36846325	2.23266599999999
gami1243	-0.633030757805	1.15443318815896	-3.03804575	1.51169275
gamo1243	0.2138566358475	1.00899747010512	-1.7324585	2.18657525
gand1255	-0.083587599179	1.05804462973643	-2.2323435	1.95454025
gang1266	0.1470733605065	0.90875284615951	-1.661509	1.93499475
gant1244	0.12206626894	0.892328792150267	-1.68081575	1.7982475
gapa1238	0.38950289511425	0.882544645058416	-1.322881	2.2635525
garo1247	0.002369752339	0.987483569440594	-1.99635075	1.8252355
gata1239	-0.6480818525775	1.00620456234212	-2.71623325	1.25205
gayo1244	0.29916967264	1.08807527767996	-1.74121275	2.46038174999999
gbay1288	-0.4928506461815	1.17694914382471	-2.90092625	1.804358
geba1237	-1.2600403737225	1.10622037071127	-3.5642555	0.800590599999998
gebe1237	-0.532237405599	1.09152542791476	-2.76113375	1.51680575
geda1237	-0.184177892565	0.866703292198206	-1.962481	1.4522715
gela1263	0.553401842375	0.884983145335399	-1.17603025	2.354516
gheg1238	-0.448440178516	1.05445645536099	-2.622065	1.540705
ghod1238	0.82603583979	1.01917757689847	-1.0849325	2.9133175
ghom1257	0.973128603275	1.13556275102759	-1.1094165	3.34218525
gilb1244	-0.385867625036	1.14980294904282	-2.76249225	1.8381995
gily1242	-0.26951890625	1.08925061771296	-2.4912085	1.904057
gira1247	0.05349322520315	0.878426872284064	-1.77389725	1.7598745
glav1244	0.77871636628	0.96268124208497	-1.0224135	2.7328585
gofa1235	-0.06248910224	0.995054219378352	-2.116266	1.901307
gogo1265	0.57087012435	1.0194274217585	-1.42752975	2.63549575
gola1255	-0.0597461215815	1.12459328008349	-2.298044	2.15722775
guah1255	-0.3653884250105	1.16621725749694	-2.73928425	1.79032
guam1248	-0.43008866397835	1.16141816829787	-2.912863	1.83856925
guan1266	0.6463808587305	1.06480117009201	-1.33914275	2.829072
guan1269	0.1607532787955	0.98310264392797	-1.81673575	2.138524
gube1234	-0.30053561785	1.13247605551876	-2.5293565	1.95467425
gude1246	0.190787605776	0.924866330499343	-1.58654275	2.0033785
guer1241	-0.674861995475	1.11357543241179	-3.00566075	1.4296205
guer1243	-0.4821117044555	1.01703187952492	-2.590127	1.3465635
gugu1255	-0.3645306838015	1.12802921184817	-2.656902	1.76764225
guhu1244	-0.568151922677	0.879725045784609	-2.39998925	1.064027
guiq1238	-0.1378802140435	1.06234242619196	-2.27804725	1.9523305
gulf1241	0.557814043602	1.15405121933851	-1.5821305	2.94852625
guma1254	0.5167881300256	0.857420844791138	-1.11731725	2.24906925
gumu1244	0.468033128705	1.11820058096148	-1.75972675	2.74801725
gunw1252	0.9310797030875	1.15962141966891	-1.2792925	3.265224
guny1241	-0.553572143903	1.12942324157886	-2.9784695	1.5386925
gura1251	0.77296994329985	1.11274382466633	-1.33939525	3.04214175
guro1248	-0.233412979618	1.14441655105546	-2.4634365	1.97683175
guru1271	-0.9536786491	1.13038477948157	-3.33807975	1.1388375
gyel1242	-0.205657503082	1.16040803635555	-2.572179	2.0101105
haaa1252	0.7596746640225	1.10800822869591	-1.257996	3.0370015
hadi1240	-0.45925134661	1.01563590371674	-2.47414925	1.59903625
hadz1240	0.221206898325	1.13370000604162	-1.90541075	2.52059125
haka1240	0.281921551425	0.99375465628118	-1.68423825	2.2589725
halh1238	-0.764370901458	1.18513548856042	-3.2225525	1.51689475
hali1244	0.15710640621	0.954202226815086	-1.663868	2.03222725
halk1245	0.199229129527	1.08144355337516	-1.82163725	2.39933324999999
hame1242	0.4766660203299	0.992692064940517	-1.464264	2.51818525
hang1263	0.3442124097198	0.87551013671443	-1.358779	2.06101775
hani1248	-1.2656436796435	1.06726234654109	-3.45224875	0.687933174999999
hano1246	-1.78633829741	1.0713815733795	-4.09676725	0.124620974999999
haru1245	0.122910463888	0.854535519917007	-1.564868	1.81002975
hass1238	-0.6323115754645	1.13921574606574	-2.9556805	1.46755725
haus1257	-0.6955749665425	1.13754333895332	-3.0623635	1.4360145
hava1248	-0.438379923225	1.12386937830152	-2.714571	1.63400775
hawa1245	-0.418955811612	1.12887787788425	-2.68831525	1.62795025
hehe1240	0.1678137711355	1.02562891504933	-1.78851075	2.2951825
heil1246	-0.796347710515	1.18194673205013	-3.292556	1.404963
hela1238	-0.6970409056675	0.882195868307676	-2.44171875	0.985051525
here1253	-0.2848550132045	1.13905585080772	-2.6920805	1.92256875
hida1246	-0.642816027971	1.14039189528959	-2.89774825	1.60341825
high1276	-0.418973123768	1.06641960510587	-2.74985125	1.5789915
hind1269	-0.439849305855	1.17097525430009	-2.81767175	1.7934
hixk1239	-0.419805131995	1.13789611272112	-2.79282	1.702769
hoaa1235	-0.85802904753	1.11258757747376	-3.1010265	1.23689025
hoav1238	-0.770869394078	1.02486010073847	-2.9380765	1.13533975
holo1240	-0.4231397926385	1.15547324978923	-2.87534475	1.67252925
hone1235	-0.7799443440495	1.07301597140033	-3.08502175	1.1755405
honi1244	-1.066099392086	1.02212876306682	-3.20425075	0.845487825
hooo1248	1.047669938726	1.09329130586636	-0.857068075	3.3094295
hopi1249	-0.196799245995	1.12804047698348	-2.43341675	1.9448805
hote1245	-0.5956244353715	0.857137758137487	-2.27469825	1.04970375
hrus1242	0.6130458378355	1.00389118240978	-1.3227845	2.63995825
huaa1248	-0.309074182714	1.21453418749542	-2.76585125	2.04152425
hual1241	1.1992232208645	1.11424081570865	-0.7361313	3.602081
huam1247	0.4084832443315	1.10982326713605	-1.79200375	2.6487535
huar1255	-0.133871140596	1.10145627243235	-2.43547675	2.03478975
huas1242	-0.2205365699065	1.09447905580665	-2.31613825	1.87161825
huba1236	0.241842396197749	0.932584847341013	-1.621461	2.13668475
huic1243	-0.5577149212865	1.14274161117458	-2.83327075	1.57513675
hula1239	0.5684375208125	0.902345657965468	-1.12350925	2.40705025
hula1244	0.3935632507055	1.11714814259018	-1.72785425	2.74549325
humb1243	-0.5456555156765	1.17571356037402	-2.9629595	1.6578685
hung1274	0.4574672393425	1.12332104699291	-1.68350625	2.77843375
hung1275	0.7092013447177	1.14285599046785	-1.48722	2.99076575
hunz1247	0.6255636118485	1.01444752546491	-1.306905	2.6661
hupd1244	0.11327150588	0.977222475893323	-1.84083825	2.0244455
huuu1240	-0.501152270845	0.888817674246523	-2.282971	1.25321925
iaai1238	-0.3816885028215	0.980734206388382	-2.40888175	1.4815675
iama1237	0.760417359094	0.831726643329018	-0.828327225	2.42325225
iatm1242	-0.15123838240518	0.889161287323878	-1.93132275	1.591495
ibal1244	-0.988488034705	0.948585602360759	-2.8268105	0.880842525
iban1264	-0.238450348489	1.1364623742486	-2.5702075	1.93705875
iban1267	-0.580251864073	0.986895966491774	-2.54699325	1.281564
ibat1238	0.562310419925	1.11943899166277	-1.563515	2.93540575
ibib1240	-0.14923458324	1.05255781762837	-2.3148295	1.830463
icel1247	0.56890349167	1.12999563703974	-1.54339725	2.9185595
idii1243	1.403443397094	1.03519621157398	-0.450137975	3.566014
idom1241	-0.12512429411	1.19912900248826	-2.568346	2.209148
idun1242	0.601772470115	0.854131694191254	-1.02771225	2.33046175
ikkk1242	-0.213433650095	1.15170609251922	-2.53694025	1.9782115
ilaa1246	-0.19630106716	1.07729456460599	-2.2843855	1.88529425
iliu1237	-0.65202350361	1.1307143939419	-3.05009575	1.51534125
ilon1239	-0.775619167975	0.936229077712093	-2.6809945	0.982003974999999
imba1240	0.3184708549869	1.02079200246032	-1.7640925	2.39191075
indo1316	-0.0833493173315	1.03861567141314	-2.18485625	1.92808375
inga1252	-0.27344274116	1.02711069751765	-2.2459985	1.6770635
ingr1248	-0.8785799274055	1.16837149407958	-3.373925	1.30841075
ingu1240	0.0955688571625	1.0137860264297	-1.9486095	2.07913575
irar1238	-0.8748263132275	1.1240022325265	-3.3306945	1.17707925
iris1253	0.53071488435355	1.10166117141052	-1.581732	2.79358875
irul1243	0.463526731918	1.17992317631881	-1.6935615	2.94771175
isco1239	0.59607165300135	1.10726167891358	-1.44998875	2.93759625
isir1237	-0.467751084478	0.991983729630104	-2.377002	1.3839955
isna1241	-0.186943183411	1.02381037756052	-2.18684875	1.90243325
isth1241	-0.502226932321	1.09037581960968	-2.856608	1.5450805
ital1282	-0.46234840276	1.14125135388145	-2.7493465	1.6929505
iton1250	0.49101395886	1.13629584420548	-1.71497425	2.8404545
itza1241	-0.6277426290753	1.18002139555414	-3.08799775	1.63773375
iumi1238	-1.451040410265	0.977760380967814	-3.5846965	0.261985849999997
ivat1242	0.8462625310385	1.1557144810294	-1.29177925	3.1467545
iyoo1238	-0.392744655214	0.882916750080666	-2.164908	1.260124
jahh1242	0.44544972697	1.09035382831956	-1.582983	2.71116075
jalk1242	0.68758190707	1.10114312697079	-1.316807	2.919049
jama1261	0.6559523034795	1.12811318936038	-1.469682	2.9734495
jamb1236	0.8233556725355	1.09305842641867	-1.2198485	3.155944
jams1239	-0.4993337688045	1.04174147681923	-2.61508175	1.462851
japh1234	0.779374607181	1.04939637824693	-1.1210225	2.93308875
jaqa1244	0.49578336367	1.14759512099387	-1.684497	2.8838855
jara1266	-0.237641527459	0.988728277930591	-2.2940955	1.71298275
java1254	0.1553983981095	1.05376434736996	-1.878081	2.263279
jede1239	-0.80650602915	1.10770855643037	-3.03438125	1.24422075
jeha1242	-0.9298915325165	1.07100522390227	-3.077019	1.11205625
jehh1245	0.649156413455	1.03722819224731	-1.25311925	2.77452175
jiba1237	-0.3926010927546	1.06495417485452	-2.56936225	1.54907475
jina1244	-0.07023190691	0.986090198717045	-2.11534175	1.85828625
juan1238	1.064502786195	1.13532505691491	-1.00399425	3.50883175
juku1254	-0.788952024406	1.0519189545122	-3.058172	1.146667
jurm1239	-0.32535245424	1.13551048479818	-2.7046475	1.810849
kaba1278	-0.4482744113065	1.09793539734599	-2.703908	1.682837
kaba1281	-0.429377600387	1.18894238896051	-2.88606525	1.823602
kaby1243	0.668707512651	1.14285076139813	-1.45705225	3.13208725
kach1280	-0.35547390116	1.05297926179424	-2.45658425	1.69480225
kach1284	0.1599568019785	1.06655780213605	-1.9371245	2.344377
kado1242	-1.43833890259	1.02417839764915	-3.70032775	0.380871549999999
kafa1242	-0.4038153233409	1.10288037802906	-2.58648725	1.74387925
kagf1238	-0.09612509572	1.14042454031701	-2.442861	2.17289825
kagu1239	0.22085598049	1.04210342981244	-1.9440775	2.350094
kaik1246	0.451620116505	0.963623789979742	-1.3696115	2.44773674999999
kain1272	-0.2521727426155	1.23289719950304	-2.829334	2.25051525
kaki1249	-0.3699592674445	0.976596060702553	-2.45494875	1.53552675
kala1384	-0.3029574924235	1.17766512862994	-2.68935525	1.89805425
kala1399	0.47196623146	1.18001633524285	-1.71333	2.88971525
kali1308	0.876638814496	1.16294540047997	-1.23206	3.4338965
kalm1243	0.420552188705	1.11362087964672	-1.74977075	2.7626095
kamb1297	0.7555903414005	1.17258229234223	-1.452161	3.2129295
kamb1299	0.9899184285615	1.09955543411241	-0.952983875	3.34584175
kamm1249	-0.262836158056	1.01776882585257	-2.23076925	1.70663975
kamu1260	-0.2177389500015	1.03393723278757	-2.29414375	1.76346625
kana1286	0.2267173441002	0.912570401196263	-1.58908	2.04136425
kana1291	-0.391946878595	1.17954799649278	-2.906986	1.9121435
kani1286	0.199909151471	0.89045127522062	-1.5559445	2.13874575
kank1243	-0.900878834316	0.947118465805493	-2.83277875	0.953709125
kaon1241	0.911045992435	1.15754473589179	-1.146519	3.20916725
kaqc1270	-0.8782260308205	1.13344625510353	-3.2934765	1.218514
kara1476	0.0237139856239	1.05636021572677	-1.9873025	2.1679255
kara1482	-0.369093840815	1.14448229040565	-2.757015	1.80900525
kara1486	-1.441591287235	1.10629947167185	-3.88987025	0.5213258
kara1487	-1.054809221201	0.893609407848695	-2.8604075	0.628213299999999
kara1499	-0.70391637206	1.14774820910187	-3.05878225	1.5208715
kara1500	-0.21018919816	1.13866996450517	-2.52847	1.94282875
kare1335	-0.58612373219	1.08353961900592	-2.716279	1.47366225
kare1338	-0.4066986810635	1.20796248473283	-2.8770955	1.781218
kari1311	-0.490775762435	1.08524327218077	-2.78865775	1.5176735
kark1258	0.24522756291	0.946985113122867	-1.68872775	2.12928375
karn1252	-1.326190693624	1.03909856499541	-3.463214	0.530204625
karo1304	0.430650930855	1.19966531922271	-1.83801675	2.81063925
kash1277	0.5566950301855	1.10025610754268	-1.5348465	2.8316475
katb1237	-1.88745124205	0.951632290394488	-3.914426	-0.217148925000001
kats1235	-0.302473346353	1.02132389371049	-2.318344	1.6249305
kava1241	1.0643144785215	1.09705250643523	-1.0333095	3.46682225
kaya1315	-1.29835256464	1.09602436759415	-3.55551	0.658319699999999
keap1239	0.5611961614529	0.941531758805628	-1.2654295	2.45572025
keig1242	-0.5481617723365	1.17046968135088	-2.98104425	1.6338925
kele1255	-0.341702785267	1.17486293358756	-2.69986375	1.8949365
kele1258	-1.162114154745	1.0279750372903	-3.3460435	0.736950074999999
kele1259	-1.02222521798	0.870427137341052	-2.73899825	0.633752975
kemb1249	0.6214783329515	0.998491581065429	-1.247884	2.72694925
keme1240	-0.8757788711535	0.9714628532716	-2.86199575	0.899040399999999
keng1240	0.118760972669	1.09627529552939	-2.0673725	2.18768675
kens1248	-0.766238922211	1.06685685835729	-2.8879065	1.35982225
kenu1236	0.763530041594	1.1682080256066	-1.4043985	3.18054
keoo1238	-0.0199138238155	1.00430261770658	-2.02723425	1.82570275
kera1255	-0.38927546691	1.03345274211012	-2.45235775	1.550094
keri1250	0.9629132512465	1.08668741880169	-1.0995915	3.335415
kesa1244	0.17488045078	0.864509522137966	-1.45513625	1.913955
kett1243	-0.321473331282755	1.19948587047866	-2.7536325	2.07635725
kgal1244	-0.495544093333	1.13530415136988	-2.91656175	1.73537425
khak1248	-0.3646387516555	1.14806222044248	-2.77046425	1.8474885
khal1275	-0.1933658118285	0.913148131986798	-2.087319	1.56782725
kham1282	-0.712424826178	1.12426349819617	-3.02700075	1.37689725
khan1274	-0.8072735324515	1.09756857256906	-3.12950525	1.27442475
khan1278	-0.40987414089	1.06642322731328	-2.58943375	1.58039025
khar1287	0.963766985268	1.18237151255066	-1.21665375	3.45904825
khar1288	-0.8320442295975	0.914390793936788	-2.72263075	0.834074824999997
khez1235	-0.7782429826405	0.882769860017801	-2.56466175	0.900146074999998
khin1240	0.2044095091935	1.01731313371964	-1.8200705	2.32312225
khmu1256	-0.997372855849	1.08934342127318	-3.2953675	1.04444075
khva1239	0.7190196862706	0.997076380187409	-1.1202755	2.770786
kich1262	-0.913744821651	1.13189678314572	-3.31122875	1.16995925
kiku1240	0.29438564965	1.06476544114714	-1.815034	2.429321
kile1243	-0.771511030513	1.09875700327286	-3.0969155	1.341635
kili1267	-0.12488080065	1.01914918557044	-2.31377775	1.88377575
kima1246	-0.740185928205	1.1365529330302	-3.1410535	1.342029
kimm1245	-0.287304751637	0.907267900787903	-2.1103975	1.42845025
kimm1246	-0.4575265719565	1.10704460556514	-2.71857	1.7398295
kina1250	-0.4318957404545	1.10669132906235	-2.7155905	1.74151875
kinn1249	-0.483689598881	1.06570185084582	-2.6872755	1.58890675
kiow1266	-0.294778151445	1.11385180907048	-2.5849175	1.963046
kips1239	0.319722146775	1.09078064380709	-1.828157	2.41515275
koda1255	0.7557088624495	1.12031176414946	-1.30377125	3.10088175
koho1244	-0.515553887622	1.02790514761444	-2.7103435	1.36101775
koir1240	-0.90198827650615	0.903801577042819	-2.85430575	0.744972099999999
koit1244	-0.23107403545	0.902930215425031	-2.057261	1.47335175
koka1244	-0.646793365551	1.13510001966872	-2.97856275	1.4432525
koko1269	0.5243749985	0.909477145410592	-1.21162275	2.33474725
kola1285	0.496269494229	1.09848438557322	-1.59785725	2.7532155
kolb1240	-0.009242315196	1.13893725609771	-2.3599405	2.245775
kolc1235	0.0243798416695	1.09164882030786	-2.187225	2.26504375
kolu1245	0.73817447893	0.825474215326355	-0.85387025	2.4124125
komb1274	-1.0487025946585	1.13629626280592	-3.52810975	1.00416825
komi1268	0.48104676225	1.09212192296042	-1.59933925	2.801658
komi1269	0.460885065094	1.15878468163575	-1.81572375	2.9225505
komo1260	-0.318343665156	1.14900684862678	-2.687787	1.86344525
konk1267	0.5440399677425	1.15726823881255	-1.62523125	3.11416825
kony1248	-0.052420691003	0.953654999028441	-1.946584	1.79967025
koon1244	0.116033494375	1.1200208676698	-2.1673605	2.39207525
koor1239	0.53877200942	1.11643563874644	-1.581809	2.78401625
kore1280	0.359159300974	1.1548297895231	-1.77807225	2.65462775
kork1243	0.7501114365915	1.16705276893047	-1.39286775	3.123084
koro1298	-0.572004290288	1.04413397327451	-2.875938	1.38181325
kosa1249	-0.569828439145	1.05437410623544	-2.83484375	1.40179675
kosr1238	-0.4049193032073	1.11638393699108	-2.66649475	1.65330575
kove1237	-1.539547609705	1.12489449126055	-4.063857	0.425387975
koyr1240	-0.281235330035	1.1888205242214	-2.661655	1.965011
koyr1242	-0.3497472656	1.21608653986693	-2.8974735	2.03921375
kryt1240	0.1727519888402	1.02716857739737	-1.77435825	2.25830425
kuan1247	-0.24218851332355	1.19426030731953	-2.788281	1.99312449999999
kuan1248	-0.756699476305	0.954668863193732	-2.65476625	1.08002675
kuii1252	-0.0552325407122	0.948113149265897	-1.84857425	1.90009975
kuik1246	0.315614529142	0.97295530682316	-1.6436815	2.24536775
kuku1273	0.41959181066	1.1228362829807	-1.756666	2.90570925
kuku1280	-0.103166287115	1.06299053196598	-2.15571075	2.0186005
kulo1237	0.6702375746085	0.931342221432607	-1.12430975	2.5366995
kuma1276	0.0090102848275	1.02466075214575	-2.01863475	2.031342
kuma1280	0.5836609550087	0.898202562616261	-1.15288675	2.499168
kumb1268	-0.619558973351	1.13323506361621	-3.0027725	1.4429625
kumz1235	-0.51223597131	1.14790534126684	-2.73995625	1.69212925
kunb1251	0.91073770508	1.17820084838086	-1.21333025	3.2729935
kuni1267	-0.434781410823	0.867279311912327	-2.20051225	1.205136
kuot1243	-1.507079824999	1.00779191133695	-3.71637925	0.3355632
kurr1243	0.528173909339	1.08165146665415	-1.60923475	2.7235515
kusa1251	-0.8262512814575	1.04319020187066	-2.9707955	1.1074305
kusu1250	0.21798745023	1.00315823510216	-1.7534825	2.292908
kute1248	-0.80516314611	1.03102510862872	-2.99258125	1.15099925
kute1249	0.8262867448755	1.19596167749036	-1.3761845	3.51357
kuyy1240	-0.2887407966335	1.04055160241022	-2.3934525	1.7012005
kwai1243	0.0710393545585	0.913974913545838	-1.88173425	1.823685
kwam1252	-1.326260508765	1.04361764625843	-3.5806225	0.514153399999997
kwar1239	-0.023365947645	0.922754353023243	-1.959662	1.83459425
kwaz1243	-0.4635718573118	1.14879192521286	-2.899764	1.633906
kweg1241	0.6016271706747	1.03716435711159	-1.289973	2.6856265
kwin1241	0.3803277523665	1.16602002656195	-1.855976	2.81048675
kwom1262	0.3437006579625	0.898209269599932	-1.391053	2.1779965
kxoe1243	0.49700833944	1.12806494217047	-1.62156325	2.71269125
kyer1238	-0.622721849185	0.879600650150968	-2.43474125	1.05303775
laal1242	-0.076326020416	1.10420794973541	-2.32944325	2.02570324999999
labu1248	-0.66232698008	0.844977278319893	-2.3223695	0.874527324999998
labu1249	-0.800062513505	1.04391938679576	-2.88416775	1.12819225
lach1248	-0.43945144004555	0.955555809085194	-2.34326925	1.380937
lagw1237	-0.162192392885	0.995204123716267	-2.16802475	1.76525275
lahu1252	-1.378936172133	0.945337217987273	-3.4663265	0.337397474999999
lahu1253	-1.5489243737545	1.04853705676611	-3.81308525	0.329686674999997
laiy1246	0.9142409700784	1.08827826284519	-1.146416	3.085717
lala1264	-0.246674518676	1.14624252321009	-2.55538625	1.9702715
lala1268	-0.36697407961625	0.874504046287192	-2.13861375	1.3209355
lama1277	-0.142888921575	0.974505651344764	-2.0381955	1.8085005
lamb1269	-0.27095220072	1.12967844489481	-2.5324065	1.89894175
lamb1273	0.995298335959	1.13991779287498	-1.002788	3.43826925
lamk1238	0.588386812675	0.921249859274076	-1.11670675	2.53329125
lamo1244	-1.562369088315	1.11014621016399	-4.0468495	0.372455849999999
land1256	0.05044521378	1.07325426733437	-2.07066825	2.19191375
lash1243	-0.443448223287	0.899530602939504	-2.24213725	1.25864525
latv1249	0.224836525075	1.10247010046535	-1.83430575	2.504198
lave1248	-0.556718883275	1.07099953097131	-2.78045825	1.39733775
lave1249	-0.2881298890425	1.01535038696501	-2.386438	1.70379275
lavu1241	0.20960863383	0.999502224112926	-1.83177175	2.1990345
lazz1240	-0.3811586509745	1.12848945419419	-2.851271	1.8217405
lega1249	-0.48839993841	1.15909159559613	-2.9364645	1.7353465
lega1250	-0.3434788707075	1.11197073062309	-2.70269325	1.819614
lele1267	-1.5343505120495	1.11231728604212	-3.894793	0.37492185
lemb1266	0.043646947288	0.847473949838366	-1.6438745	1.7563845
leme1238	-1.2987762973655	1.12649119468384	-3.695385	0.724303149999999
lena1238	-1.354935912975	1.04975332181394	-3.65274975	0.527607199999997
lend1245	-0.000400726974500001	1.09533922571487	-2.2338865	2.2297105
leng1259	0.782138268071	0.920768367457253	-1.022573	2.68026175
lepc1244	-0.70865084332585	0.979122703653964	-2.72859275	1.18337825
lese1243	0.939056193538	1.04188986080623	-1.10731	3.02744675
lewo1242	-1.84202402183	1.05037628670541	-4.12925125	-0.00628634600000333
lewo1244	-0.03726645185935	0.961570080938014	-1.885709	1.80413525
lezg1247	0.600100832432	1.05551964179777	-1.34967075	2.8462835
libi1244	-0.8733615313625	1.18036589119876	-3.42688775	1.2501
liby1240	0.553680914389	1.1343512898482	-1.51358525	2.89285474999999
lihi1237	-1.073353842707	1.01948979556455	-3.178799	0.719720299999999
liki1240	-0.86509535379	1.1730947488132	-3.4381025	1.28799575
ling1265	-1.886081816375	0.95049137111316	-3.981978	-0.233422525
lipo1242	0.34004921207	1.00664983495123	-1.616475	2.31768125
lish1245	0.7049313046725	1.15307093025604	-1.36629525	3.027826
lisu1250	-0.611572306023	0.865139655736239	-2.3858715	0.963710949999999
lith1251	0.472776265626	1.14794588540863	-1.6413975	2.9205535
lito1235	-0.851989785295	1.17691254796335	-3.4734885	1.29255275
litz1237	-1.81599313028	0.954298012974559	-3.9009315	-0.189612725
livv1243	-0.70418606251	1.16110647581793	-3.1296925	1.426848
logo1259	-0.3503928557955	1.16814011848263	-2.6822585	1.83863025
loka1252	0.238754562745	1.06878251345478	-1.85579725	2.45159925
lolo1259	0.197398322467	1.02084196494372	-1.79015425	2.21505775
loma1260	-0.1232907697515	1.19405504612584	-2.47705025	2.1755985
lomb1257	0.3157990705925	1.0707575000669	-1.7850225	2.43319324999999
long1395	0.737820562382	0.973247419922262	-1.09949125	2.762285
loni1238	-1.14875664594	1.04542313804655	-3.35321475	0.751099874999999
lote1237	-0.93519582236	1.14291208943088	-3.40437875	1.158063
loth1237	-0.5998415774955	0.899443242896024	-2.432217	1.09617625
louu1245	-1.17952157516	1.04856709860768	-3.5221875	0.675710424999999
lowl1260	0.551635983325	1.0418222153812	-1.42863675	2.631992
lowl1265	0.33003743143	1.08067093736178	-1.7788825	2.44932
lozi1239	0.283363090975	1.07173323506342	-1.84566	2.409716
luan1263	-0.4320052510585	1.1188396165766	-2.77080875	1.6842745
luch1239	0.376706828571	1.10570985171159	-1.711766	2.72441725
ludi1246	-0.4506180098285	1.13436836716376	-2.76994075	1.76560625
lugb1240	-0.386664647715	1.11981746902993	-2.65044575	1.750786
lugu1238	0.66983132666895	1.07668085749369	-1.37369625	2.814707
lule1254	0.7517228932045	1.10391457728615	-1.34944275	2.9550075
lumu1239	-0.7032329824615	1.11759838112609	-2.85504675	1.40903875
luok1236	1.024034443757	1.05218638744749	-0.9334671	3.2560085
luse1252	-0.6095480995825	1.16569225508937	-2.98654625	1.61637725
lush1249	0.3254736927765	0.950728744657763	-1.50308175	2.236684
lush1252	-0.205838109724	1.0931525645226	-2.368498	1.8765835
lusi1240	-1.647376593465	1.09859935350683	-3.9651935	0.250712349999999
luva1239	0.718059942305	1.13187098372639	-1.468014	3.1029315
luya1241	0.0930323620945	1.09055111200544	-2.11864075	2.307375
maan1238	0.5770560203425	1.11729979756499	-1.4486305	2.87512225
maas1239	0.1924653581585	1.10264613077304	-2.0709	2.29812375
maba1270	-0.627841432217	1.17104840814677	-3.16783275	1.626327
maba1277	-0.301950052172	1.18364931952396	-2.6824915	1.9806325
maca1259	-0.480439189895	1.16908443979787	-2.77849525	1.7639165
mace1250	-0.0251757673	1.08038079138466	-2.14374575	2.16475125
maco1239	0.399205436815	1.11340522282407	-1.748182	2.6170815
macu1260	-0.164292685745	1.08267010441186	-2.414859	1.86665325
mada1285	-1.39012423543	1.0016444890773	-3.489418	0.411844599999999
madi1260	-0.4951044188425	1.10482110107639	-2.73755725	1.60838025
madn1237	-0.0316545654825	1.16696197713332	-2.24717225	2.34612225
maee1241	-1.726964722422	0.957991793135303	-3.74128025	-0.0317102325000007
magd1235	0.507267891571	0.979980083011485	-1.439802	2.51034425
maib1239	-0.2300489576085	1.02911619482274	-2.32480875	1.74371125
mail1248	0.050110817335	0.986085615165217	-1.94203475	2.0063965
mais1250	-0.4367987074785	0.928758134875689	-2.3333985	1.2764125
mait1250	0.251046534815	0.997355502615486	-1.777381	2.16095025
maja1242	-0.100860147195	1.0736583698858	-2.24390725	1.964567
maka1304	0.253617615235	1.04339177913855	-1.8830855	2.32551675
makc1235	0.2158555956695	1.09103364856591	-1.86334	2.54730449999999
makh1264	0.102026122166	1.13445081944661	-2.3514925	2.256687
makh1266	1.0507629100285	1.07522378313238	-0.9981015	3.27208775
mala1463	0.538131193438	1.10041341794169	-1.550764	2.9491875
mala1464	0.62105461808	1.11158243261692	-1.476105	2.958024
mala1479	-0.15990189119	1.10311119993138	-2.3842	2.05263975
mala1522	-0.62433455908	1.11599232225516	-2.9266335	1.3829995
male1284	0.514009500821	1.00338417281176	-1.368189	2.5523445
male1289	-1.56981459593	1.05836130957285	-3.94958725	0.294828324999998
male1297	-0.451992805215	1.22748040216402	-3.017205	1.8557745
malg1251	0.5665754902895	0.984976724532065	-1.291084	2.61966275
malo1243	-1.740948934785	0.982965574733011	-3.8600885	0.0105509049999996
malt1254	0.6160469049405	1.13342829693204	-1.46737075	2.96421025
malu1245	-1.7024146524	0.971209815633386	-3.8076745	0.0424948924999992
mamb1294	0.121377301423	0.97702809047308	-1.812592	2.0404815
mamb1296	-0.35788804506	1.15649679480373	-2.736895	1.832046
mamm1241	-0.991794585336	1.174247451774	-3.4545405	1.155638
mamv1243	-0.1057912219105	1.1395028189182	-2.33857925	2.11018525
mana1288	0.227425079474	0.910676089277511	-1.57423225	2.03116575
mana1295	-0.4949202208095	0.939871201470008	-2.4601835	1.163605
mana1298	0.2351811198875	0.904316479395382	-1.631859	1.9607555
mand1415	0.5427661034705	1.09440107581258	-1.4938215	2.703622
mand1436	-0.11656952537	1.15162861140583	-2.374274	2.176147
mand1440	-1.357827815825	1.06650398709367	-3.5735595	0.625643749999999
mang1378	-1.070222690555	0.977149913681802	-3.1238395	0.887187774999999
mang1381	0.7261265804	1.175677801793	-1.44410825	3.11510775
mang1394	-0.4769732497115	1.10247715183936	-2.81019525	1.58041025
mang1401	-0.420687451964	1.07117800556144	-2.60767175	1.6373565
mang1404	-0.4802996531966	0.842284495554396	-2.207135	1.1093395
mang1405	0.607015077585	1.06665256036788	-1.4924165	2.74553524999999
manm1238	-0.5052067793725	0.895946447982999	-2.32920925	1.18980825
mann1248	-0.2060534315885	1.20771320457726	-2.76278175	2.14462725
maor1246	-0.458316133851	1.11656800051345	-2.6875675	1.71539775
mapo1242	-0.569725012895	0.833116668347267	-2.26780775	0.953012799999999
mapu1245	0.406238550775	1.18278314747241	-1.84159075	2.951884
mara1378	0.4245733337	1.10405859270445	-1.6074525	2.6625635
mara1382	0.120251376531	0.963349887591434	-1.80663725	1.91472675
mara1386	0.0234971356855	1.08603757020376	-2.16347925	2.155235
mara1399	-1.74934620745	0.955225116037797	-3.76994325	-0.078297545
mara1404	0.2654189694885	0.98672956495838	-1.653223	2.2750515
marg1265	0.40372222917647	0.951796340821841	-1.50633275	2.22567825
mari1424	-0.1245395931438	1.10417222607836	-2.268398	2.0365565
mari1426	-1.591899226161	1.14302256185431	-4.1002815	0.463596174999999
mari1440	0.947761119825	1.11401749870508	-1.126414	3.295293
mars1254	-0.3840531465	1.17693590507505	-2.798964	1.92972325
mart1255	-0.268247153255	1.09024197621388	-2.40946175	1.81435075
maru1249	0.21320936904	1.01594842424197	-1.7468935	2.2830535
maru1252	0.247061431239435	1.02670941529284	-1.75902475	2.2711045
masa1322	-0.433127934885	1.03607923192501	-2.585953	1.54420375
masb1238	0.134722898761	0.981341363911875	-1.75801375	2.06538925
matb1237	-0.6882619834725	1.09097669756397	-2.9739325	1.29148424999999
mati1250	0.1380716552265	0.961710619497824	-1.75872	1.966624
mato1252	-0.61159401492	0.876308397370063	-2.398069	1.0246505
mats1244	0.3737057957825	1.07234683900276	-1.61288675	2.55526575
matu1259	0.914854491345	1.08195533169422	-1.065271	3.204916
matu1261	-0.12933993765055	0.898703565944983	-1.9061985	1.65589375
maun1240	0.8331994627935	1.1486537545912	-1.365797	3.17147874999999
maxa1247	0.8218906957625	1.18174502845856	-1.404065	3.29132624999999
maya1285	-0.79168225146	1.20014224270405	-3.20441675	1.45538775
mayo1261	-0.36966257670425	1.12730756737683	-2.723538	1.855573
mayo1264	-0.036284076537	1.17008844027651	-2.43241375	2.26747175
maza1304	0.12787795711	0.915407294723951	-1.67231	1.92849275
mbaa1245	-0.377545219893	1.1861624536403	-2.91917875	1.85333875
mban1263	-0.5723598710882	1.19872310003644	-3.02495175	1.62631875
mbar1260	-0.188827644634	1.04066029039045	-2.3761145	1.83456825
mbay1241	-0.53598178052	1.18974272021721	-3.06219025	1.7102455
mbug1242	-0.1330062988504	1.06641197573361	-2.35944425	1.88338575
mbul1263	-1.404159649215	1.05896080701835	-3.645252	0.482993249999999
meen1242	-0.2963362002586	1.05832857619944	-2.43537275	1.68585975
mehe1243	0.4099717004515	0.906279213415535	-1.3244905	2.288258
meke1243	-0.22274158393	0.91767462264273	-2.05295275	1.53429
mele1250	-1.5092527568175	1.12697092276525	-3.8432995	0.451340599999997
melp1238	0.513605113499	0.915962192804815	-1.234537	2.40915075
mere1242	-1.6168512968475	1.0517083021664	-3.945639	0.20950105
meta1238	-0.499701256705	1.02289286066675	-2.61377325	1.4463125
mezo1235	0.4372467390555	1.02856318433446	-1.597099	2.4796765
mezq1235	-0.2643986273375	1.06217858735284	-2.346538	1.751712
mich1245	-0.377688889775	1.17960587694665	-2.9224785	1.78668375
midd1327	-0.40573847253	0.886209759519045	-2.2724695	1.2350015
miju1243	0.328352760874	0.907907381337668	-1.483373	2.106256
mika1239	0.39666549084185	1.08863553791591	-1.62595675	2.7459475
mikm1235	0.2220642787485	1.15852722647618	-2.12716825	2.69475425
mila1245	0.4044990743335	0.977479314885753	-1.44913425	2.30366425
mina1268	0.843647510302	1.0963738332899	-1.1703225	3.08745875
mina1276	0.1496620495515	0.901274119568048	-1.66738075	1.919969
mini1251	-0.789407789759	0.965201771268668	-2.74661475	1.134769
mini1256	-0.051986408773	1.03573774535556	-2.22286125	1.90413725
minn1241	-0.5350377627555	1.0882119544761	-2.83085275	1.6314705
miri1266	0.4332679489375	1.1774423698974	-1.846281	2.8983725
misi1243	0.970934258615	1.12367789331501	-1.1585345	3.21927525
misk1235	-0.640087542566	1.22061491290728	-3.20307375	1.67949525
mixt1426	0.663290203865	0.992689282938122	-1.29754475	2.59763325
miya1259	0.389789861461	1.1051049845806	-1.7974355	2.65158725
miya1266	-0.84520647332	1.11139614512727	-3.238737	1.19330075
mlab1235	0.6438934474145	1.07044146731446	-1.33158925	2.87732325
moba1244	-0.3684394312225	1.15425148649985	-2.71592375	1.80787675
moch1257	-1.093556528735	1.21920667475559	-3.70720825	1.124877
moco1246	-0.4736834646015	1.15071434895062	-2.855789	1.67149875
mode1248	0.43679890995	1.13723733399582	-1.75128775	2.8862535
moha1258	0.507347088255	1.18787409957617	-1.778852	2.91356549999999
moii1235	-0.7187671062585	1.09953241600527	-3.01073725	1.3114975
moke1242	0.5524621709225	1.13662658838472	-1.589845	2.8895825
moki1238	0.4786660543	1.08825611500686	-1.718301	2.70585325
mokl1243	0.434165688795	1.08831673076798	-1.6711845	2.552029
mokp1239	0.4143954706935	1.06234098542916	-1.609064	2.67045075
moks1248	0.450096048002	1.14484897996528	-1.668963	2.8012075
mong1338	-0.291232522484	1.14759529267006	-2.62737325	1.96997125
moni1237	-0.84548885407	1.15624185567214	-3.5237925	1.297964
monn1252	-0.378438863775	1.06479754094848	-2.54325175	1.61507325
mono1273	-0.40858046585	1.11039853051496	-2.72404925	1.621235
mono1275	0.1099001626775	1.07575381455291	-2.0288425	2.1812475
monz1249	-0.745189020565	1.15995674904786	-3.1848505	1.38855275
mopa1243	-0.6270641317225	1.17378238554379	-3.0665345	1.53891
morm1235	-0.8426976918435	1.03223590067328	-2.940159	1.029704
moro1287	0.9390304744125	1.16488968711841	-1.09864525	3.406313
mort1237	-0.2873014111195	1.143780501335	-2.594103	1.9007735
mose1249	0.66811822496	1.14268827433638	-1.48280775	3.15190475
motl1237	-1.261411860105	1.14456405953902	-3.70518175	0.732273299999999
motu1246	0.24369987586815	0.899862678600357	-1.49336775	2.07128
mouk1239	-1.64069198378	1.08760657900971	-3.95269025	0.226943999999999
moun1252	-0.4713942938222	0.92542983037642	-2.35622625	1.24769125
movi1243	0.1137946328925	1.04569778212537	-1.8557325	2.2174015
moyo1238	0.197501038493	0.896331316133295	-1.570924	2.0270455
mpad1242	-0.237040004341	1.05516034961763	-2.35971525	1.8045855
mpii1239	0.658683802735	1.13786726633535	-1.42254025	2.95574425
mpot1240	0.7470284836095	1.14363049959055	-1.366928	3.05457225
mpur1239	-0.466219721341	1.07268980498908	-2.668532	1.58811225
mual1241	0.705329517125	1.06812508031453	-1.28995175	2.90953225
mudu1239	0.720800976025	1.1566584383436	-1.53461725	3.2362385
mudu1242	-1.343051982041	1.1377933183513	-3.7411185	0.737412025
mull1237	0.271091808845	1.13300859884899	-1.91181575	2.5980665
munc1235	-1.19842724986	1.10849447844959	-3.50627125	0.85452615
mund1320	1.0560164653347	1.13753494257451	-1.03792125	3.4467755
mund1325	-0.135861680415	0.98716411686576	-2.10986475	1.786776
mund1328	-0.8797556263926	0.973484178871546	-3.01423825	0.896282524999996
murl1244	0.514532218182	1.14412695233517	-1.68138525	2.86762325
muru1266	0.38756656994195	1.07933675035739	-1.5597855	2.63911125
muru1274	0.3237939392065	1.15024465653012	-2.037677	2.68425649999999
musa1266	0.2023803881634	0.89373714883215	-1.57157275	1.941201
musg1254	0.046361367528	1.03413234708402	-2.023115	1.976579
muyu1244	0.688343817745795	1.1006037613924	-1.481302	2.9216665
mwag1236	-0.8450145057305	1.12259869923143	-3.2842705	1.228348
mwan1247	1.0516567201795	1.12633391650918	-1.09131125	3.34043275
mwan1250	-0.22460628363845	1.18470861432201	-2.61856325	2.087118
nade1244	-0.3209557231725	1.16708467651962	-2.67046225	1.9684205
nali1244	-1.500156046075	1.04918392893337	-3.8458295	0.295451225
namb1293	1.4275892991715	1.05359036680262	-0.39460785	3.74698275
namu1246	-0.9941813442995	1.04054837753257	-3.21156675	1.0429915
nana1257	0.1176095143805	1.1319865244139	-2.10523725	2.408834
nand1266	0.63611662608	1.04658225402626	-1.351088	2.74085949999999
nang1262	0.7562715971397	0.942300112118876	-1.1081865	2.6400095
naru1238	-0.650334671945	1.11769701261757	-3.0489655	1.394925
nati1244	-1.880444959532	0.978299533160376	-3.988677	-0.078194265
natu1246	0.7853716386945	0.931514040710818	-0.99320615	2.6254845
naue1237	-0.7117397468811	1.15501878678895	-3.17349175	1.40842175
naur1243	0.7273616146785	1.09380413505498	-1.26751525	3.07354375
nava1243	-0.32183109584	1.07907206351392	-2.5349215	1.7661875
nawu1242	-0.3091407505625	1.20581845401266	-2.79943275	2.02499075
naxi1245	-1.18027247354	1.13206364193085	-3.427735	0.840090124999999
ncan1245	-0.8447130157755	0.991194678455741	-2.863534	1.03042925
ndam1239	0.572807390165	1.1206834339445	-1.54549425	2.78668475
ndog1248	-0.485859335511	1.18356524463445	-2.9295355	1.842723
ndom1245	-0.717928526625	1.14268341216795	-3.14240425	1.376811
negi1245	0.10930028445	1.14601818186089	-2.13258075	2.419734
neha1247	0.3602052233235	1.02950733837198	-1.66468125	2.3369965
nend1239	-0.0443675457645	0.889504923759122	-1.73845925	1.695193
nene1249	0.4811170674525	1.13224339654617	-1.63815525	2.838088
neng1238	0.5837326343161	1.04727350324197	-1.30561875	2.695235
nenn1238	1.3973220268475	1.04006221788183	-0.46743795	3.58645475
nese1235	-1.712012960495	0.969375262509083	-3.77338325	0.0221350974999991
newa1246	-0.65711191782885	0.867159875397051	-2.358314	1.03741725
nezp1238	0.82139439109	1.13064469415994	-1.218831	3.2429795
ngaa1240	-0.628508744925	1.09538695576415	-2.8148445	1.45713025
ngab1239	-0.446126027249	1.17216326502469	-2.7889105	1.770698
ngal1292	0.72283526549	1.2275572995363	-1.56252075	3.2462935
ngam1268	-0.51075961611917	1.21852316546427	-3.07808	1.8565725
ngan1291	0.44079571383435	1.12136147809661	-1.67542225	2.76706149999999
ngar1235	0.58647413124105	1.13434792108191	-1.413484	2.92507825
ngar1283	0.4201503154401	1.18260863589017	-1.74807225	2.93319149999999
ngar1284	0.4598478309925	1.21015663375593	-1.91279775	2.937157
ngba1284	-0.577700604675	1.19708655841743	-2.99210625	1.834779
ngba1285	-0.8162246109205	1.16155008164474	-3.332519	1.2314455
ngit1239	0.88846756763	1.03800494699237	-1.12955675	3.0775835
ngom1268	-0.6737956469585	1.10764496889146	-3.0146425	1.529443
ngul1236	-0.5706305617356	1.1140032246258	-2.97687425	1.4349325
nhan1238	0.482141363135	1.09531379832593	-1.53464975	2.72445525
nhen1239	0.5052725259225	1.04448019421717	-1.51327875	2.6786255
nige1253	-0.6540090574835	1.10510786397604	-2.93473775	1.40743975
niha1238	0.649923836015	1.23894815819003	-1.72813975	3.1486535
nina1238	-0.5062364985693	1.18528743524561	-2.98604375	1.76628675
nisg1240	-0.7539129692115	1.17448719105148	-3.33120225	1.454358
niua1240	-0.32672107578	1.05677573394517	-2.485712	1.65308825
niva1238	-0.1730159174015	1.1422843463685	-2.486093	2.16169025
njan1240	-0.35252243085	1.05753912133739	-2.54145875	1.62183175
noct1238	0.5477297446825	0.931663126350284	-1.2013875	2.48407725
noku1237	-1.377248867796	1.11962417966532	-3.8079315	0.566815799999999
noma1260	0.9014660455398	0.991593037041194	-0.9964834	2.9979145
noon1242	-0.3508045620647	1.17165889261858	-2.78750875	1.89380325
noon1243	-0.782529517095	0.998682106408957	-2.8272625	1.1479445
nopa1235	0.5852131344335	1.05281107331693	-1.35796375	2.76106625
nort2671	0.5888120691745	1.19812454722656	-1.60562675	3.054678
nort2684	0.38514155587	1.14149359167174	-1.91234825	2.68267225
nort2690	-0.2385685711725	1.14087255590401	-2.473166	1.90171675
nort2697	0.25752213039525	1.07206084380461	-1.829858	2.4483785
nort2699	0.604906334845	1.12557362852011	-1.50536775	2.8460935
nort2702	-0.301158979373	1.07029283508833	-2.4506375	1.78091925
nort2722	0.465723829419	1.03377553641279	-1.49055825	2.53255875
nort2723	-1.172036605565	1.10523102855319	-3.4610705	0.939570249999999
nort2724	-0.94733713697	1.03996058387769	-3.19840675	1.0432905
nort2732	-0.9179131634455	1.09951226488165	-3.22534975	1.1018705
nort2745	0.43948667345	1.13508556848614	-1.71030575	2.750086
nort2747	-0.67786871999	1.13236167806262	-3.07670025	1.48678625
nort2774	-0.57731955368155	1.15961848361612	-2.94529075	1.6346105
nort2775	-0.2708519420055	1.18721202680619	-2.734519	1.99189975
nort2845	-0.408925993262	1.14325666960492	-2.834308	1.7339775
nort2847	-1.38463235851	1.04226099473879	-3.5762985	0.460631025
nort2885	0.274431977106	1.00123875253739	-1.748865	2.2395875
nort2930	-0.2474381288605	1.0383043701917	-2.315165	1.77100625
nort2938	-0.342304888615	1.05977533975906	-2.54679675	1.72440125
nort2942	-0.37619719627	1.13649158361832	-2.74023525	1.8071695
nort2954	-0.2365879175155	1.19395083622026	-2.7546275	2.01203075
nort2957	-0.4271732475225	0.96584267787291	-2.39884225	1.3944265
nort2959	0.962930572975	1.11692757193072	-1.066728	3.312574
nort2961	0.2311904293714	1.14757946171475	-2.057579	2.54572425
nort2972	-0.572684239066	1.2247105221889	-3.15927	1.80926275
nort2980	1.1469666556995	1.12651815524294	-0.8784401	3.6043195
nort2994	-0.5233526741805	1.05444057529913	-2.65689675	1.53953575
nort3047	0.2346837194065	0.937526772079994	-1.593537	2.07458275
nort3139	0.7483896446115	1.10096567448362	-1.3697715	3.06324575
nots1237	-1.499854413465	1.01653642935961	-3.70405875	0.348030499999999
nsen1242	0.832828147288	1.12150859716948	-1.25331425	3.12633075
nucl1235	0.534859778245	1.12174290567429	-1.64897925	2.90900575
nucl1240	-0.10361752015215	1.06157947287009	-2.2608045	2.00827625
nucl1301	-0.293429886896	1.18310889864239	-2.82357725	2.04762825
nucl1302	0.5692677903235	1.08106985014113	-1.453518	2.8622725
nucl1305	0.5941789631505	1.13561976989718	-1.512477	3.103184
nucl1310	-1.251912860495	1.03916703453604	-3.46425475	0.681314549999999
nucl1327	0.791361332314	1.19426638244561	-1.40887	3.404867
nucl1347	-0.435602803125	1.13882181322603	-2.89515875	1.67618225
nucl1417	-0.42214372422	1.07425465264989	-2.593457	1.5481805
nucl1452	-0.517319095465	1.12426069963942	-2.88457375	1.6831075
nucl1454	-1.0316464126425	1.10434149006072	-3.357702	1.012046
nucl1458	-0.4459513920739	0.918486328871743	-2.33482875	1.17267125
nucl1593	0.0179111587939	0.914718187660936	-1.7998105	1.81556875
nucl1595	-0.696371738526	0.997772107489063	-2.720662	1.1454455
nucl1622	0.328202128719	1.0595454993448	-1.7451295	2.45801575
nucl1633	-0.46086998255	1.10264308200377	-2.75111575	1.6315635
nucl1643	0.512338568732	1.12591814420877	-1.57418425	2.79626225
nucl1706	0.5060864697395	1.12042117995431	-1.632472	2.79787975
nuer1246	0.550712479842	1.14470617349095	-1.76262125	2.9147675
nukn1238	-0.623371378915	0.865008193789519	-2.34037075	0.950776525
nuku1260	0.624567534415	1.08651581828962	-1.44158	2.88794
nung1282	-0.53075406024	0.901702594842321	-2.3764865	1.19276525
nupe1254	-0.305017874301	1.15179551633203	-2.719243	1.93173875
nusu1239	-0.6071611948735	0.857477479561721	-2.321085	1.06128775
nuuc1236	0.1290578869415	1.16533857328367	-2.10563175	2.46586625
nyah1250	0.77285292703	1.10808359003973	-1.24336375	3.095844
nyak1260	0.5841636666355	1.09657060967292	-1.5734585	2.8225745
nyal1254	-0.222163854385	1.11011076179075	-2.446343	1.94166325
nyam1285	-0.6883250368625	1.02896127793236	-2.836559	1.30829775
nyan1301	0.411871893886	1.14243996422154	-1.7813375	2.860067
nyan1307	0.773146032717	1.09262548005386	-1.38470675	2.9331675
nyaw1247	0.832831250265	1.06703787722858	-1.0793465	3.0234135
nyig1240	0.3884475218685	1.18722365217872	-1.8891325	2.75429375
nyis1236	0.23017392918	0.975042661545011	-1.74109575	2.1579455
nyor1246	-0.112560940815	1.03851313302506	-2.24082225	1.9344925
nzak1246	-0.526514114225	1.14036521138493	-2.9194015	1.55379175
nzak1247	-0.4506907254595	1.15838286664483	-2.725476	1.75507675
obok1239	-0.85216415881	1.05639998579292	-3.0525405	1.12702025
occi1239	-0.428050142955	1.14734029826576	-2.6821995	1.68794375
ocot1244	0.86231307416385	0.991380626171618	-0.978645475	2.838706
ofay1240	-0.396836924855	1.10616866177118	-2.6673305	1.8053325
okan1243	0.74713317032	1.2082381100287	-1.5417085	3.24802725
oksa1245	-0.169120313784	0.978105904639655	-2.197778	1.67881025
oloo1241	0.1213315547495	0.895709497006697	-1.64738425	1.86549875
olut1240	-0.395598982082	1.05150994005548	-2.619138	1.538221
omie1241	-0.4253365364485	0.88771505190585	-2.23525575	1.2879745
onon1246	0.634440025056	1.1463353740868	-1.46486075	2.98881875
onto1237	0.6346042425535	1.0680618610397	-1.35324625	2.8904075
oriy1255	0.96817994031	1.13931970172889	-1.14251375	3.41083325
orok1267	-0.40398488721	1.02980290751283	-2.51705325	1.54372175
orok1269	-0.6875897614315	0.917782220163864	-2.5470955	1.14482975
orow1242	-0.198109528004	0.939042698757506	-2.061001	1.59883125
otta1242	0.286031684179	1.15871564325598	-1.991351	2.73866875
owaa1237	0.656688635057	1.04849662429936	-1.30823475	2.79245
paaa1242	-0.82871340281	1.10055870377065	-3.13357825	1.18146475
paam1238	-1.946713236095	1.00019577397596	-4.089412	-0.144825725000002
paas1238	-0.1090565637455	1.14201808329674	-2.595842	2.134625
paco1243	0.3742360993691	1.0734465946336	-1.61298875	2.7064125
pagi1243	-0.55658605922495	1.13918742392525	-2.89632925	1.5278625
pagu1249	0.166781151685	1.026794383571	-1.77367025	2.256953
pahn1237	-0.133447026876	0.929515724923748	-1.93814775	1.7370945
pala1344	-0.461396443334	1.14795691543107	-2.816383	1.72965225
pamb1243	-0.4782946013655	1.16304616845047	-2.86362475	1.635731
pamo1252	0.77672088231	1.13478197260388	-1.35140275	3.16490275
pana1307	-0.016853775688	1.14758982788398	-2.2460955	2.2381605
pang1287	0.2937553097317	1.08924315556352	-1.81377525	2.467771
pang1290	-0.56569985119	0.966660253063718	-2.53098025	1.3058625
pang1291	0.421945677436	1.05441080146035	-1.58489525	2.49774425
panj1256	0.46584419482	1.14333846915349	-1.639582	2.8367435
pano1254	-0.84310261437475	1.08950426883563	-3.09999575	1.17587025
papa1238	-0.2334703568035	1.01740655382611	-2.2661245	1.763553
papa1265	0.181849793283	0.93219854851065	-1.63766575	2.12436525
para1301	-0.8193059315285	1.08484416517021	-3.14698425	1.236027
para1302	-0.2068023946285	0.928873802913786	-2.0259875	1.63197425
para1311	-0.50228754430805	1.14908889820235	-2.87856925	1.6418695
pare1266	0.022320716515	0.922452910887788	-1.756732	1.895137
pare1272	0.467564862715	1.17690438825497	-1.773419	2.9765065
patp1243	-0.989181708935	0.98771720528913	-3.03640275	0.81413705
patt1248	0.741810973032	1.12620881097262	-1.438465	3.1698785
paul1238	-0.5800455680835	1.1283802328126	-2.9986955	1.480967
pawn1254	0.3596809775	1.18450575367077	-1.8377565	2.8510665
payn1244	-0.0856858248395	0.892124410601708	-1.77190775	1.66228825
pech1241	-0.56048674539	1.21357234445187	-3.05199	1.68989175
peer1241	0.058454887825	1.08083703387287	-2.10057275	2.151116
pela1242	0.14885845768	0.891911363111633	-1.602036	1.846374
pemo1248	-0.554925292412	1.17680491919464	-3.014889	1.6995045
pend1242	0.805058564693	1.07083158565402	-1.16439325	3.11004125
peri1253	-0.7280072866665	1.11802176703345	-2.96220525	1.39151575
pich1237	1.1361554301925	1.08900517032805	-0.8717477	3.46066925
pila1245	0.5040049395505	1.12880231763919	-1.76918425	2.79990425
pile1238	0.52256832139755	0.902809149669702	-1.21161025	2.34830475
pima1248	-0.220151035418	1.17138468462923	-2.63912075	1.9862545
pina1252	0.130704577305	0.837452436203926	-1.53815325	1.7800845
ping1243	-0.07654038787	1.04002956569322	-2.240059	1.9459555
pint1250	0.4941842660835	1.12763078392668	-1.63337325	2.854711
pipi1250	-0.5633857980795	1.19938807469179	-3.10730725	1.6049715
pite1240	0.75684276339	1.09625038381275	-1.333748	3.1112805
plai1258	0.1628506163985	1.13715236415237	-1.9969555	2.386377
pnar1238	0.14417070273565	1.00647139165366	-1.866203	2.1611515
pohn1238	-0.175156591462	1.09891805016766	-2.48387975	1.9172315
poko1263	0.018292696044	1.07813466422143	-2.1454515	2.21670775
poli1260	0.395260891553	1.12170060045624	-1.708859	2.66125525
popt1235	-1.1658648091885	1.2174351919982	-3.8136155	1.05975025
port1283	-0.5320332314355	1.12490463752229	-2.87306925	1.513801
port1285	-1.99932464702	0.977670312160848	-4.06821425	-0.224256000000001
pras1239	-0.58617925005	1.08498688122892	-2.7475845	1.4476145
psik1239	0.475779161457	0.923708234516577	-1.3241335	2.295186
puka1242	-0.50806467499	1.13192980377652	-2.8438865	1.677023
pula1262	-0.170756736623955	1.1766798143808	-2.49881425	2.1139985
pula1263	-0.3164620863135	1.18894245628585	-2.66577875	2.0000425
puma1239	0.5303059864835	0.923235888619294	-1.187193	2.4766435
pume1238	-0.30112803244825	1.07441660149894	-2.546861	1.65084075
pure1242	-0.5982745234635	1.14837929197843	-3.0373035	1.563702
puri1258	0.638162845605	1.13973744979078	-1.54769175	2.97026175
qanj1241	-1.10527612882745	1.1832810332233	-3.652302	1.02490875
qawa1238	-0.340005993351	1.18704242717865	-2.77545825	1.8949325
qima1242	-0.60014345357	1.11727543000595	-2.950428	1.5209935
quer1236	-0.56140319276	1.0839969406295	-2.713537	1.49078575
quio1240	1.327330754827	1.00193041146825	-0.470011275	3.382756
rabh1238	0.084193919701	0.983137415207836	-1.87445725	2.04528
rade1240	-0.3850539379905	1.00664794933417	-2.48420875	1.4907705
rama1270	-0.514840442265	1.17781439509686	-2.979336	1.66809475
rapa1244	-0.4437565812085	1.09160774283478	-2.65406675	1.5709685
rapa1245	0.696446966664	1.08093356763828	-1.335684	2.83324975
raro1241	0.688304095165	1.09936494276575	-1.41969175	2.85628875
rata1244	0.57307954436	1.08787528657031	-1.48454575	2.80469775
raut1239	-0.69525921850555	1.01180353434625	-2.794052	1.2116165
remb1250	0.043548034695	1.0158504403591	-2.052299	1.97939575
remo1247	-0.510111802461	1.08366468838218	-2.722204	1.588618
reng1252	0.5503187566025	0.956117858636933	-1.2755905	2.46456025
rere1240	-1.972254512815	0.943351379941262	-3.967329	-0.258569475000005
reye1240	0.5613654838875	1.10423497379199	-1.5786655	2.900286
rian1263	-0.752040188325	1.19504210804944	-3.22308275	1.62716525
rikb1245	-0.1883891286205	1.17541062078656	-2.57386125	2.05925775
roma1326	-0.084641611351	1.07601945763009	-2.20371575	2.06763525
romb1245	-0.395680005215	1.07339477773264	-2.57889325	1.763009
rong1264	-1.07856912321	1.16439983398845	-3.50169525	1.071142
roto1249	0.1724936308875	0.917641566010561	-1.5937995	2.0674775
rotu1241	-0.423281914111	1.19674138963087	-2.93355375	1.85428175
rovi1238	-0.799324646976	1.06482373303611	-3.0093575	1.1204585
ruch1235	-1.11994394253	1.13660058153904	-3.533365	0.993365699999999
ruka1240	0.375616477588275	0.966132497267283	-1.57319725	2.27248975
ruma1248	0.28600498673	0.956090122000912	-1.59754125	2.155646
rung1258	-0.4216206803	1.17465676997064	-2.799342	1.8140545
rung1259	0.32266787336	0.986156326582237	-1.6309135	2.3298095
russ1263	0.333082985885	1.10922612688243	-1.84336575	2.71434675
saaa1240	0.211533186775	0.959622863140481	-1.6346105	2.139387
saaa1241	-1.89561062522	1.01895641033211	-4.11778725	-0.0614772675000014
saar1237	0.181418778151	0.93228306759463	-1.67062925	1.99098525
saba1267	0.2065130561135	0.946416546297728	-1.6310925	2.13124775
saba1268	0.081176803365	1.12925230925387	-2.264225	2.35169574999999
sabu1255	0.79493179378	1.09693401042919	-1.23482575	3.1264245
sais1237	1.009598154479	1.08831236244743	-0.878942	3.394676
saka1289	-1.64418889867	1.09632472768997	-4.02536825	0.315851549999999
saki1248	-0.387821256085	1.12067135099228	-2.750538	1.74751925
samb1305	0.24814366592	1.02020851604078	-1.7392595	2.23237775
samb1311	0.1951155731915	1.0112243209557	-1.79878275	2.130574
samo1305	0.6516647310615	1.12597133012998	-1.4453255	2.98077125
sana1295	-0.666238436397	1.12568985664832	-3.10546775	1.47316575
sanb1242	-0.442303124515	1.17884371360284	-2.86870425	1.7319655
sand1278	-0.2918635700505	1.13550750355363	-2.676396	1.938525
sang1321	-0.6665042723685	0.903834197085785	-2.446325	1.06407775
sang1331	-0.20330850859	1.16260793350869	-2.6452985	2.03258075
sani1269	-1.3256227704195	1.02858811537523	-3.44216025	0.599185474999999
sanj1284	1.136396734939	1.01122768583705	-0.72998675	3.1616105
sanm1289	0.79498625857	1.13230356339574	-1.254212	3.14471025
sanm1295	0.3003853530375	0.977285872054984	-1.578553	2.29465375
sant1410	0.9108481796275	1.02310454310574	-0.992595675	3.06113075
sant1436	-0.277132147408	1.02290171441072	-2.3229895	1.686817
sant1451	0.665262577683	0.997282162571872	-1.22918725	2.7088535
sanu1240	-0.2829923811055	1.22803449339956	-2.7976695	2.09391175
sapo1253	0.13620533061	0.931850196604567	-1.6898025	1.9769225
sapu1248	-0.276385044949	1.03717756842893	-2.4453455	1.7400295
sara1321	-0.267248960908	1.11732017542427	-2.57794225	1.92680175
sars1236	-0.2272004016215	1.11470654122593	-2.5174885	1.91586375
sasa1249	-0.51722594602	1.1299623004168	-2.83853275	1.54886825
sata1237	-0.4001338101015	1.13718336209287	-2.706988	1.79915675
saur1249	1.0140018706185	1.02697211777191	-0.923271075	3.17688525
savo1255	0.499045795605	0.930145096299125	-1.410922	2.3442285
saya1246	-0.97481534156	1.11506933486988	-3.3420035	1.16588625
seda1262	0.742433517494	0.999224331085831	-1.134997	2.86182625
seim1238	-0.3032124658595	1.05505010518705	-2.403198	1.6913745
seke1241	-1.88917041895	1.02050771608186	-4.080559	-0.070007152500001
sekp1241	-0.3346098243284	1.02921091290931	-2.444018	1.63381175
sela1259	-0.35583708259	1.14084912460106	-2.66277225	1.890937
sela1260	0.99076057261	1.13412889270173	-1.0756655	3.4161775
sele1249	-0.399910265565	1.04924982023241	-2.52292375	1.62536475
selk1253	0.433792201754	1.20058596944183	-1.80605775	2.9885525
sema1265	0.51574232653	1.12156565469383	-1.6167375	2.82392225
seme1247	0.4169227242615	1.05902280348154	-1.662153	2.48003525
sene1264	0.61605222158	1.17925970010532	-1.647828	3.1115305
seri1257	-0.481290527015	1.13490098373923	-2.80438325	1.80214975
seve1240	0.20503743986	1.20047914324521	-2.13914375	2.71249575
sgaw1245	0.215432327355	1.08796820459309	-1.91953275	2.36779175
shab1252	-0.102593268557	1.04459319914277	-2.153142	1.93345325
sham1280	0.04118549105	1.07276110770798	-2.1807525	2.122473
shan1283	-0.3954916926035	1.06087301754951	-2.564129	1.6609385
shaw1249	0.309140236158	1.15023591130345	-1.7884285	2.610539
shee1238	-0.668659887251	1.13750517332732	-3.0417055	1.47813175
shil1265	-0.4411107539695	1.13019433948701	-2.8056885	1.6799635
shix1238	-1.255992951832	1.11947412816651	-3.47834075	0.896204424999999
shol1240	0.699791652485	1.16175779966362	-1.456905	3.210178
shon1251	-0.15527269615	1.15952671286883	-2.41262675	2.05621925
shor1247	-0.24999388532	1.14560845758552	-2.6704675	1.95806625
shos1248	-0.2444866459595	1.16880916548144	-2.6004685	2.02607875
shua1257	0.06050138469045	1.11281043208564	-2.10229075	2.383526
shwe1236	-0.011730021316	0.924765584607655	-1.794056	1.79115875
siam1242	0.6263072412405	1.01846340729423	-1.3625425	2.65662725
siaw1243	0.4198991639285	0.959658122719801	-1.37577225	2.439721
sich1238	-1.08050606292	1.05556470711996	-3.229945	0.887334049999997
sici1248	0.76393295241	1.15805506205453	-1.462382	3.28520025
siee1239	-1.3987418457945	1.08903067803952	-3.639147	0.47962925
sier1248	0.532202910705	1.00956694268312	-1.44595125	2.55776525
sier1250	1.3464346749973	1.00227257799508	-0.4750871	3.39224125
sika1261	0.66273751196135	1.16455062693802	-1.56014125	3.16204574999999
siks1238	0.439514813411	1.18141873572315	-1.79192325	2.77881525
sina1266	0.41269901155	0.851816421133219	-1.282322	2.141768
sing1264	0.678078385235	0.944055479424639	-1.08908675	2.59427525
sini1242	-0.35389135044	1.20982642878984	-2.7569165	1.97106925
sioo1240	-0.927823665105	0.93207233107797	-2.8506905	0.778928424999999
siri1273	-0.4326477706095	1.11788301011134	-2.68103275	1.68873025
situ1238	0.8322716638985	1.01517661554445	-1.087953	2.93749899999999
siwi1239	-0.38650020736	1.14068514672745	-2.80562875	1.86217175
siwu1238	-0.3903573728705	1.05155719782041	-2.556701	1.67967425
siyi1240	0.7802475486575	0.975453561253211	-0.98316665	2.811767
skol1241	0.492437335882	1.11978366449291	-1.64039775	2.925147
slov1268	0.3444705074855	1.13637446378149	-1.81370325	2.69723975
sobe1238	-0.3455367108255	1.00490844778047	-2.383508	1.61048175
soch1239	1.193689444035	1.02196066201942	-0.766823325	3.363319
soga1242	0.81568241765	1.11098280548204	-1.259276	3.20472175
soni1259	-0.21283330123	1.19344836954291	-2.66717525	2.0685795
sons1242	0.7779991775955	1.08627162608394	-1.2686465	3.0347235
sooo1254	0.036559017385	0.933246644984242	-1.82836225	1.88057625
sooo1256	-0.247483718815	1.1875976086436	-2.62485925	2.10952775
sora1254	0.012417465011	0.95801989202772	-1.91156675	1.92253425
sout1528	-0.8196627372736	1.08621893693507	-3.1210955	1.25731925
sout2649	-0.5202091003871	1.13342736768188	-2.80907425	1.6330655
sout2674	0.4879054792195	1.14019432122734	-1.70802325	2.83253275
sout2679	-0.7788723664335	1.1769282496718	-3.2470615	1.359726
sout2728	0.7515297146725	1.02774853262375	-1.1951495	2.81260075
sout2729	-1.428028966812	1.16365020272407	-3.85293075	0.678754299999998
sout2730	-0.0819198305425	0.976835103307186	-1.96861925	1.8398995
sout2782	0.3551024676395	1.00212970626095	-1.5298495	2.37213575
sout2807	-0.3114436637695	1.15000184739377	-2.653617	1.94748575
sout2857	-1.857710946151	0.984228257956295	-4.00553625	-0.0765756400000006
sout2859	-1.96370576639	0.998723374772846	-4.13713175	-0.144176400000003
sout2869	-1.33065556321	1.03983730727803	-3.5662665	0.532019474999997
sout2896	-0.382642227051	1.01833611944185	-2.394159	1.5072855
sout2918	-0.7562690535275	1.14857187636608	-3.121766	1.332542
sout2956	0.0975068542485	1.08705767076631	-2.06457275	2.34032425
sout2959	-0.366374911103	1.13525421766435	-2.647258	1.76355875
sout2976	-0.5203087098435	1.16317107669355	-2.9475335	1.67073975
sout2985	0.44747052699725	1.07735798658848	-1.59373225	2.76451275
sout2994	-0.33571951858	1.16826713949059	-2.72377	1.89862875
sout2996	0.414898798045	1.11551477128445	-1.67350075	2.7085865
sout3236	0.5615695672825	1.10042479266808	-1.59353975	2.820805
sout3261	0.9311132281665	1.10394965788526	-1.06045	3.28065775
stan1289	-0.457439433045	1.19698569514574	-2.88759325	1.77251175
stan1290	-0.47842587005145	1.16340594791425	-2.90464575	1.74505975
stan1293	-0.5845713884085	1.09836644489413	-2.82651075	1.48066525
stan1306	-0.138464494842	1.10292807038855	-2.35130025	1.9187385
stan1318	-0.668714421257	1.14953444822897	-3.03100625	1.52019725
suba1238	1.15952803915	1.06012684251162	-0.7705337	3.31958725
sund1252	-0.44630068464	1.12567478101998	-2.7929305	1.6351135
supy1237	0.078006415712	1.13038013372433	-2.03171725	2.236994
surg1248	-0.54359903873795	1.10919191336933	-2.8667095	1.5248675
susu1250	0.305231952595	1.09033237194758	-1.81225975	2.599935
swah1253	0.3222019505275	1.06727838572606	-1.728724	2.4702605
swed1254	-0.5673009290925	1.11575321637074	-2.813448	1.56662675
taba1263	0.1091599288605	1.03828408656483	-1.9606035	2.11802225
tabo1241	0.2275650226272	1.02386933380259	-1.77162875	2.25209375
tafi1243	-0.398576938356	1.06614363988922	-2.61870225	1.6904895
taga1272	0.297484018472	1.01933832503267	-1.6898405	2.34358525
taga1273	0.339417198478	1.06167919453194	-1.70882975	2.5379585
tagi1241	0.05535848999	0.955131902412544	-1.876922	1.95720675
tago1246	-0.4740444173369	1.20252652664994	-2.8946965	1.829163
tagw1240	0.102882643325	1.14049811888577	-2.13370925	2.3031325
taha1241	-0.3493239275295	1.14932206953851	-2.650514	1.8692985
tahi1242	-0.430667335974	1.12253770986819	-2.820428	1.62861275
taia1239	-0.32552342322	0.913978751738067	-2.18480325	1.34385625
taji1246	0.813603876111	1.07852670445458	-1.17995125	3.012252
taku1257	-0.387414148251	1.10123589931474	-2.59843525	1.80822425
tama1365	-0.55739640037	1.0296642715688	-2.74486375	1.3450595
tamb1254	-0.067641774095	0.914177896887828	-1.94789525	1.68245
tami1289	0.550927681036	1.12398596899974	-1.5355835	2.900431
tane1237	-0.723898065959	1.03634677762225	-2.851735	1.1364815
tang1336	-0.713901955014	0.904121484165918	-2.56544375	0.944239099999998
tang1347	-1.66211150174	1.01262693969616	-3.872652	0.0889863724999997
tang1373	-0.3157984477235	1.11532958808897	-2.5769905	1.773773
tang1377	0.033604194262	0.988149929822962	-2.0202785	1.98273125
tari1256	0.4968457139315	1.02787350031909	-1.3988945	2.708098
tari1263	1.040535723575	1.16592805555876	-1.20137225	3.55382775
tata1257	0.126752666454	0.930927432159387	-1.60753	2.0025965
taul1251	-0.66260296684	0.97933533381777	-2.62816275	1.1970615
taus1251	-0.84378302755	1.14462730093903	-3.309023	1.3172325
taus1253	-0.330742604934	1.16371497451698	-2.6454775	1.9116645
tawa1286	0.948448128605	1.1547314425699	-1.20111925	3.3277845
taya1257	-0.4291121063	1.149819297724	-2.805528	1.7777175
tbol1240	-0.255087470975	1.04482771621984	-2.3433225	1.7250495
tean1237	-0.6818223044649	1.02604080294916	-2.8225395	1.14808925
teda1241	-0.348594969915	1.22880825207207	-2.85119225	2.05701525
tega1236	-0.46633534548165	1.20969999324112	-2.924972	1.868163
teke1275	0.778279703345	1.08830396910517	-1.251235	3.03632625
tekt1235	-1.113068433525	1.21420327672001	-3.676194	1.10882575
telu1262	0.2809449138515	1.11926688041856	-1.927081	2.5342885
temb1272	-0.70032116614	1.17551781038504	-3.06335125	1.4454825
temo1245	-0.667452953365	1.09071210238992	-2.83991825	1.4139875
temp1235	-0.0753452540575	0.980772665963277	-1.96970375	1.84702725
teng1272	0.4420788115305	1.15924623079387	-1.72759325	2.94563525
tenn1246	0.325742956675	1.08358906347522	-1.7522075	2.459457
teop1238	0.220681114747	0.910118930932928	-1.52389675	2.058055
tera1251	-0.3892508065305	1.05814013637343	-2.552297	1.58661425
tere1279	-0.3978035480205	1.15340969472426	-2.71017775	1.84334175
teri1250	-0.5054610205255	1.18727742584723	-2.93993975	1.690286
term1237	0.1663748151127	1.05020265437297	-1.8387335	2.2134225
tern1247	-0.3455772906065	1.04246557383801	-2.444198	1.69142
tete1251	-0.556728100105	1.09966828538166	-2.91935125	1.539688
tezo1238	0.002064122538	0.990465861495823	-2.0064345	1.9312395
thad1238	0.6907603313681	0.947782728951593	-1.0788545	2.66132075
thak1245	0.4824031880205	0.929802723443343	-1.2604985	2.292652
than1259	-0.648181798329	0.999564577866682	-2.704913	1.28187825
thao1240	0.7217285676075	0.945440315842094	-1.0836455	2.63673825
thul1246	-0.36282429223065	0.948041487563093	-2.36286275	1.45759125
tibe1272	0.31163574751175	1.06087547644371	-1.71522575	2.48365525
ticu1245	-0.60886817411345	1.15015965939318	-2.929244	1.5444165
tief1242	0.9520970956525	0.983514223248461	-0.945491025	2.93032825
tief1244	0.804815798132	0.985499663297335	-1.06181825	2.7629575
tien1242	-0.0812421567415	1.1554101142417	-2.42810725	2.1394755
tiga1245	-1.356114905915	1.1310405737668	-3.80285175	0.679232974999999
tigo1236	-0.778729222565	1.01504925416682	-2.905711	1.11153975
tika1246	0.0200871313335	1.06739040285325	-2.06297475	2.109054
tiko1237	-0.79848479859	1.14630674613498	-3.299348	1.3971535
timn1235	1.6583087781245	1.16558124028749	-0.42234995	4.08123224999999
timu1262	0.0746531881595	0.945740359151712	-1.75297925	2.00812375
tina1248	-0.0878176736675	0.942116436011331	-2.01295575	1.72698525
tiri1258	-0.063091100603	0.954223105580583	-2.04594975	1.69943175
tita1241	-1.1292095634085	1.02824523766934	-3.3413465	0.728371149999999
toab1237	-0.02991823549	0.967441121535051	-1.99906175	1.8070075
toba1268	0.779570561662	1.12898194171543	-1.30091025	3.14659975
tobe1252	0.3074676412675	1.08256782837388	-1.765444	2.43952475
toho1245	0.994933041568	1.10378318111433	-1.099511	3.09786799999999
tojo1241	-1.02182813257	1.25191521486152	-3.71384725	1.26625075
toke1240	0.6446960077	1.1046581650857	-1.41117725	2.97759475
toll1241	-0.805697502872	1.15967986507554	-3.30168425	1.31667675
toma1245	-0.14476908936745	1.23455726521119	-2.703211	2.23989
tomm1242	-0.0094566566295	1.0985937905194	-2.238362	2.05074075
tond1249	-0.351257782008	1.08444820130196	-2.65615675	1.72006975
tong1308	0.13939054297385	1.11848698335767	-2.06613125	2.278692
tong1325	0.67773134791	1.08951562002701	-1.422051	2.84631275
toor1238	0.36289366269125	0.993854834262866	-1.49925875	2.389086
tosk1239	0.1998269474245	1.08168848245123	-1.86479525	2.41941075
tote1238	0.6834232165469	1.08634982207739	-1.33280875	2.86690425
toto1302	-0.712202365655	1.0108653010311	-2.80865575	1.15952125
trin1274	-0.24144551849205	1.09310047931496	-2.41488075	1.8442135
trio1238	-0.228300894211	1.08513678351307	-2.32425225	1.839675
trum1247	0.4946044628755	1.05485004055541	-1.52803725	2.56539975
tsat1238	-0.350539479356	1.13370269555182	-2.61859675	1.80875375
tsha1245	0.858663605415	1.01964236883761	-1.02977175	3.0514625
tsis1238	-0.3031966097305	1.18009839363444	-2.63933675	1.9166105
tsix1234	0.458730969065	1.16076932462469	-1.7326755	2.91175675
tson1249	-0.4124866841335	1.1453841243522	-2.81139725	1.7306555
tswa1253	-0.78989783156	1.13860229294472	-3.200165	1.24524825
tswa1255	-0.3959868280245	1.14433878603817	-2.89476	1.75000125
tuge1241	0.7150000703695	1.06471541378989	-1.3141	2.82304275
tugu1245	-0.74176163555	1.15076238881878	-3.11895	1.392912
tuka1248	0.7198653735455	1.14992954799133	-1.48848225	3.15674925
tuki1240	1.03651373693	1.02856713395568	-0.8700195	3.18896675
tulu1258	0.681592491688	1.1640489947855	-1.55758675	3.13244125
tune1261	0.5816676269805	0.971865089851889	-1.289038	2.52485825
tung1290	-1.084906275015	1.1747244076481	-3.56801375	1.09360525
turk1303	-0.2439682746875	1.15154822717708	-2.513232	1.9433455
turk1304	-0.28363445642	1.20489792466537	-2.67217225	2.04678575
tusc1257	0.528938708735	1.13059446084017	-1.5474475	2.9105245
tutu1241	-1.771856395955	1.0261731448046	-3.938271	0.0298871399999986
tuva1244	0.6534464424145	1.13473967782927	-1.52620175	3.011637
tuwa1243	-1.024516646082	0.875926672343772	-2.756324	0.621033699999999
tuwu1238	-0.397410005357	1.06816562679105	-2.5402265	1.70143675
udih1248	0.2795067002633	1.13697855327329	-1.93850425	2.58593875
uduk1239	0.530168975135	1.08257921216974	-1.56516375	2.74479625
ukra1253	0.325928322093	1.17017931181264	-1.84055125	2.83663775
ulch1241	0.0515053619585	1.05036199099012	-2.00125375	2.1804835
ulit1238	-0.52849442542	1.12383922853536	-2.777343	1.6889235
ulwa1239	-0.6149795441595	1.15102994550561	-3.09614225	1.545489
umbu1258	0.538122393735	0.937732385539254	-1.282582	2.531269
umes1235	0.563439493631	1.16216132735471	-1.6990295	3.05569275
unua1237	-1.94744285722	0.947120427863443	-3.9562505	-0.177713
uppe1275	-0.4322364758865	0.961964175403499	-2.41627625	1.37141575
uppe1427	-0.551998295835	0.973695828984971	-2.55849675	1.29451875
urak1238	-0.052078046619	1.07387585222305	-2.281773	1.9631445
urar1246	-0.2992287192905	1.13582251050249	-2.597381	2.00224125
urav1235	-1.3867841911815	1.11234504419103	-3.71282325	0.560480775
urim1252	0.38215948774	0.905007773975433	-1.30791975	2.17534575
urip1239	-1.7514397163	0.954935829945426	-3.81265575	-0.0880976125000002
urni1239	0.8584416997185	1.20095340281189	-1.4173865	3.2860115
utes1238	0.9555325972895	1.16948149485025	-1.297105	3.28577525
uuuu1243	-1.03110209282	0.991120082025506	-3.0460255	0.789509574999999
vano1237	-0.603339362499	1.0156980513728	-2.8117735	1.24609
veps1250	0.4691834712095	1.10308419878876	-1.6059105	2.71504525
vera1241	-1.3523893012125	1.1160808567472	-3.7410935	0.633109625
viem1243	0.420567296652	1.08914833064888	-1.79498175	2.60635125
vinm1237	-1.845853793755	0.958462585398576	-3.95733575	-0.1822588
voti1245	-0.9797266553	1.1490489978904	-3.3964635	1.1169125
vure1239	-1.357129108755	1.11513445202665	-3.76757925	0.622492899999999
vwan1235	0.1313191876075	1.0942541720771	-2.0265635	2.29146325
wadj1254	0.48986017224	1.14235262999	-1.645683	2.862515
waga1260	-0.32231588659	1.08966063291442	-2.48789275	1.88020275
wage1238	0.671187961422	1.18973648694554	-1.5948025	3.17832074999999
waig1244	-0.708506391783	1.136809885383	-3.09578075	1.4557855
waim1251	-0.1931185721085	0.907415229945134	-1.93261325	1.59669175
waim1253	-0.500971429565	1.17375209498591	-2.99922225	1.69584775
waiw1244	0.531257182944	1.12056405330542	-1.57018475	2.87283325
wala1266	0.037607283125	0.916186844562074	-1.8799735	1.8551015
wall1257	0.73673342351	1.08765783003673	-1.30376075	2.9167825
walm1241	0.5075734280315	1.14267911187607	-1.589784	2.95391725
wamb1257	0.417043625707654	0.893530054524536	-1.25494375	2.240183
wand1267	-0.8912808173155	1.05529021597491	-3.1462485	1.1113385
wand1278	0.7863234251455	0.977950796521365	-1.12351475	2.76677575
wang1291	0.522969501212	1.13353192178308	-1.63884475	2.86249475
wanm1242	-0.531513679926	1.13237381844102	-2.92179525	1.62725075
wann1242	-0.213912343491	1.19320751382285	-2.61402375	2.10459649999999
waor1240	-0.397782530134	1.1440326222209	-2.67502275	1.83119475
wara1294	1.21915505789	1.09669068780319	-0.81300555	3.474905
wara1300	-0.062980041433	1.0047124551815	-2.044995	1.82488875
wara1303	-0.27836935615605	1.12824310812832	-2.53858875	1.9310505
ward1246	0.6734816633295	1.20372668402574	-1.5830575	3.2922635
ware1253	-0.8739378360844	1.0859693686165	-3.14133225	1.0737505
wari1268	-0.4539248216014	1.1468939082682	-2.87653825	1.67607275
warj1242	0.370219504425	0.958119882897812	-1.51407325	2.272233
waro1242	-1.0384302748005	1.05470020380008	-3.32818975	0.824270375
warr1255	0.8614797334495	1.04872224870757	-0.96608805	3.04910125
waru1265	0.460789586825	1.13573141712538	-1.65250625	2.71822025
wash1253	-0.093265652724	1.08246407402489	-2.2844895	1.94729475
wawa1246	-0.2893886419335	1.09346919394253	-2.53823275	1.818753
waya1269	0.483366816639	1.11835875562675	-1.57378025	2.7847415
wayu1241	0.1037178848095	0.877924330654851	-1.598542	1.90272675
weda1241	0.54253264495	0.868848651576463	-1.105086	2.282145
wels1247	0.3706556013845	1.15460773820651	-1.7574985	2.854539
weri1253	-0.541487745462	0.904428648644084	-2.334161	1.20072775
west2354	-0.5132369375665	1.05929381406716	-2.6569575	1.48527
west2369	-0.521851395421	1.10485719469924	-2.74769125	1.4852225
west2396	-1.130970478765	1.12743147902782	-3.48714275	0.9298387
west2397	0.28694363896015	0.986318637983081	-1.5911565	2.189274
west2415	-0.6448674634555	0.860481874447997	-2.33389775	1.010762
west2418	0.388490096255	0.91416547280963	-1.35803125	2.21282625
west2430	-1.0413047004949	1.14288369068916	-3.45168875	1.1427485
west2466	0.9719705521025	1.01057340179779	-1.02629625	2.96814225
west2516	-0.46045452617	0.996453611834395	-2.56512225	1.466841
west2519	1.018388913285	1.08805251936561	-0.967866825	3.25557925
west2548	0.3842126194045	1.12605843598756	-1.726324	2.628089
west2555	0.05375947681	0.953918936842938	-1.82058025	1.95482575
west2560	0.113725874673	0.912052862919656	-1.7072965	1.9173755
west2594	-0.2993211763855	1.01388413998194	-2.2638235	1.7378245
west2600	-0.3710423145535	1.03920360577739	-2.44898725	1.6501505
west2615	0.980210405024	1.15079246328921	-1.138589	3.29639475
west2632	0.602819814295	1.1103489298934	-1.57643625	2.858842
west2635	-1.167450770315	1.21147689663984	-3.739574	1.04339725
west2650	-0.23846610081305	1.00916712273429	-2.2069015	1.795116
west2763	0.756283513005	1.14433604396351	-1.36326375	3.15722625
west2778	-0.544082434095	1.11262878473532	-2.875287	1.48683875
whit1269	-1.36174074826	1.03801811063525	-3.65233375	0.44815165
wikm1247	-0.1510387849755	1.06275765888408	-2.31475675	1.92958075
wiru1244	0.526267478515	0.924834790679125	-1.25169825	2.39800875
woii1237	-0.939752352817	1.1308325389707	-3.241276	1.0658615
wola1242	0.2075530060435	1.04931869919129	-1.88945525	2.41671975
wola1253	-0.47373337756	1.03127062699743	-2.5795465	1.567167
woli1241	0.870949895146	1.14194048865166	-1.21000575	3.30272775
wood1236	0.212260948271	1.21706515317242	-2.04121575	2.7954865
wotu1240	0.697333085996	1.14617880765836	-1.47116625	3.18572475
woun1238	-0.5674554166905	1.16500915717829	-3.02349975	1.513361
wuch1236	0.53568623426	1.15977561633466	-1.66437375	2.9839595
wudi1238	-0.712840007175	1.03059892925178	-2.822907	1.24182275
wuna1249	0.4362530014675	1.18722010155702	-1.81175725	2.9014345
wusa1235	-0.737462781966	1.05116018081407	-2.83491925	1.27105675
wutu1241	0.7161953678245	1.06531656056373	-1.299936	3.03161425
wuvu1239	0.4788394834685	1.07046815704073	-1.57484175	2.668001
xamt1239	-0.62813456007945	1.11500159565517	-2.88346925	1.536282
xara1244	-0.1318219124635	0.954067751175134	-2.11847725	1.725787
xava1240	-0.117512174082	1.15657587755966	-2.474833	2.1844295
xish1235	0.4357609182905	0.9982297230924	-1.447178	2.53891375
xokl1240	-0.256090522972	1.13497927966303	-2.535322	1.87128649999999
yaak1241	0.66762725151212	1.10097076869296	-1.40303925	2.93775275
yaey1239	-0.0320647995685	1.14925508994	-2.4135125	2.2357805
yagu1244	-0.3624464565177	1.15078606448942	-2.7236815	1.77034725
yaka1269	0.01303325823	1.10501284894896	-2.20885475	2.11829325
yaka1272	-0.5562869331485	1.18245417898651	-2.9424185	1.69737
yaka1277	-0.063135429889	1.01959725134321	-2.0822495	1.91818825
yaki1237	0.580134106305	1.16429033644391	-1.58779125	2.93377525
yakk1236	-0.341677162055	0.950835355972911	-2.23036875	1.447339
yako1252	-0.5285698692585	1.20531526280214	-3.0222715	1.88858675
yaku1245	-0.22244454748375	1.11599753445731	-2.43954325	1.97151175
yale1246	0.23923759696	0.918207788966392	-1.462812	2.089262
yama1264	-0.4134361106205	1.16402829801266	-2.77396775	1.85695175
yami1254	0.7399838435305	1.05644521739973	-1.291883	2.924051
yami1256	-0.09962984557	1.10054275788745	-2.23492525	2.0525605
yand1253	0.4860856714795	1.19186771106478	-1.82126075	3.093519
yane1238	1.340892144422	1.11591506538054	-0.647167875	3.72770024999999
yank1247	-0.6445304843885	1.10371315299045	-2.9445925	1.450952
yano1261	-0.251810623695	1.17670348716702	-2.57526525	1.9140345
yano1262	-0.4274643340615	1.14328177304978	-2.75184525	1.73053375
yaoo1241	-0.2349346809694	1.1399398216377	-2.512228	1.90228775
yaou1238	-0.243556402915	1.11957461834263	-2.52998	1.85416975
yape1248	-0.609524372514	1.15793586101667	-3.1127005	1.5488685
yapu1240	0.277255050437	0.896707719419482	-1.48017	2.026628
yaqu1251	-0.225428044242	1.11437737203415	-2.399119	1.9508205
yare1248	-0.252327333615	0.930099448185875	-2.18108125	1.48156025
yatz1235	1.241671919064	1.02389610023207	-0.6229671	3.3808635
yaul1241	-0.4002981761185	0.8651156790119	-2.1878275	1.2144975
yaum1237	-0.556589356089	0.857601637745844	-2.293091	1.06513875
yawu1244	0.167068177725	1.09364218656033	-1.8447655	2.414258
yecu1235	0.099781857851	1.06663940893082	-1.96758	2.2591535
yele1255	0.899100444153	1.1575566946233	-1.1752765	3.189835
yems1235	-0.53877427256	1.09438231682322	-2.72611925	1.65510475
yidi1250	0.7629588175365	1.13833583967419	-1.30862975	3.1212895
yind1247	0.2545131689075	1.05536198588772	-1.8319185	2.4115145
yoga1237	-0.7854286249045	0.956175240945788	-2.76289175	0.945086924999999
yoku1256	0.3713848797035	1.10445118637087	-1.78435475	2.58217125
yona1241	0.5098312117	1.08370071127529	-1.56856625	2.825386
yong1270	-1.44067909411	1.15084602355062	-3.87442	0.568498624999999
yong1280	-0.9814523417765	1.14709626956567	-3.47014025	1.04156825
yora1241	0.26575340864	1.10559090499436	-1.924481	2.51369725
youl1235	-0.4352963032615	0.898374483658504	-2.247126	1.356972
youn1235	0.340726709006	1.0570392197229	-1.70647925	2.5406695
yuca1254	-0.3585568128	1.19378322553652	-2.768727	1.9044155
yuch1247	0.658905014975	1.12625829770231	-1.447657	3.03748575
yuec1235	0.22243884345275	1.06757861885711	-1.94014225	2.28860575
yukp1241	-0.701267379145	1.16168619940091	-3.2288805	1.528448
yulp1239	0.1071561365875	1.04773109179347	-1.86544525	2.284539
yulu1243	-0.3864543680425	1.22367543024451	-2.995047	1.924297
yura1255	0.394406767995	1.1594032570809	-2.01738675	2.7533005
zaba1237	-0.0294642801152	0.997057440349587	-2.05935575	1.90798525
zaca1241	-0.4513779779995	0.969966694451542	-2.4737905	1.381761
zagh1240	-0.3019186737595	1.10334414392141	-2.5206935	1.857396
zaiw1241	-0.19812452577445	0.953585772023362	-2.10290025	1.5887485
zand1248	-0.431004605545	1.18139900733352	-2.71009975	1.85504325
zani1235	0.3929771520735	1.0119928582051	-1.46561325	2.415616
zarm1239	1.0289518709805	1.16625536291014	-1.10918275	3.51135775
zaye1235	-1.41242412833	1.0869248568028	-3.661825	0.543849824999999
zays1235	0.457675557426	1.03960866949065	-1.5676535	2.60681375
zhab1238	-0.38497299048	1.12750683706921	-2.717277	1.7904345
zoog1238	1.274041558441	1.01350048538665	-0.536549725	3.41877325
