Estimate	Est.Error	Q2.5	Q97.5
abar1238	-0.8829438124515	1.03340270064714	-3.06820275	0.976389649999999
abee1242	-0.2423932568355	1.18895367439445	-2.64993225	1.97337675
aben1249	-0.163506342651	0.914318560160368	-1.96075625	1.6781415
abkh1244	-0.733367442833	1.18106136722576	-3.20927425	1.4563435
abua1245	0.173020169947	0.954651441571578	-1.74209925	2.06405825
abun1252	-0.467604568875	1.13434853617189	-2.771432	1.7348335
acha1249	0.353180447335	0.949302781000291	-1.412263	2.26844925
ache1245	-0.996702200378	1.11865887857547	-3.33963375	0.952432699999999
achi1256	-0.7756542119125	1.1704555805177	-3.24936225	1.398116
achi1257	-0.1896565819895	1.07495563056252	-2.27441925	1.83023975
achu1248	0.4185173156195	1.09232741434757	-1.64094775	2.736086
acol1236	-0.3312649755015	1.1012433962001	-2.60103125	1.849787
adan1251	-0.20841251579	1.0068227616059	-2.24119875	1.80237775
adon1237	-0.32617004817	0.973659304960045	-2.3673205	1.5905815
aeky1238	-0.8242675175785	1.09950605202117	-3.120232	1.22443675
afar1241	0.4252872903805	1.16247035483083	-1.816625	2.69140325
aghu1255	-1.02065686511	1.13569887398555	-3.43160075	1.0151245
agob1244	1.315502901805	1.14224191953854	-0.78101645	3.67937075
agua1253	0.75427275234	1.17999243572106	-1.57144825	3.19070425
agut1237	0.556766629122	1.10103468788248	-1.593679	2.77833925
aheu1239	0.55061886081	1.12859509802795	-1.61791575	2.836885
aime1238	-0.508309060701	1.08258515606021	-2.77503575	1.51212125
ainu1240	-0.620274076155	1.15728436565957	-2.9747935	1.5830045
ajas1235	-0.3715998012085	1.26579016555743	-2.98293175	1.9954165
akei1237	-1.6090893276515	1.00066164369119	-3.7724765	0.299815875
akha1245	-1.187579023839	0.89474688580791	-3.03043175	0.536614149999999
akoo1248	0.1133104712565	1.03672031392666	-1.90173975	2.2055055
akun1241	-0.205311432793	1.0873489308988	-2.3696385	1.81772625
alab1237	0.45949983829	1.14248542362188	-1.66543475	2.79722325
alab1254	-0.2038420429775	1.00319149755163	-2.24583575	1.8015635
alac1244	-0.5410900329425	1.1021281667732	-2.93434925	1.6193445
alag1248	-0.1704355982985	1.03181316745594	-2.21895975	1.93523975
alba1269	0.34932450826785	1.06079931713904	-1.61528575	2.5669015
aleu1260	-0.713515377495	1.12443073266654	-3.02767275	1.39580775
alor1247	-0.2542945399065	0.997111942904387	-2.281539	1.70979675
alya1239	0.252894204495	1.06619031851681	-1.850602	2.3954015
amah1246	-0.126999956595	1.01795633729391	-2.09961425	1.9639475
amam1246	-0.44807441963645	0.901711299577791	-2.23613675	1.24502525
amap1240	0.543696811464	0.956491741619581	-1.260354	2.48290375
amar1272	-1.664083412015	1.0778139649345	-4.0841265	0.217983099999998
amdo1237	0.80241666082	1.1118195255733	-1.206393	3.161346
amii1238	-0.146289658455	1.06069960752306	-2.27658875	1.919532
amis1246	0.2226938593	0.938486705652976	-1.586173	2.08226775
anei1239	-0.99353350558115	1.12370643100213	-3.31630025	1.03565225
anfi1235	0.3985060782035	1.08368247584364	-1.743576	2.5362545
anga1288	-0.524997527295	0.898276520468791	-2.35864875	1.17047425
ango1257	-0.60131021282	1.19607745062045	-3.14056175	1.581962
anuf1239	-0.386918511075	1.13817924467241	-2.68247925	1.78774875
anuu1241	-0.534199734335	0.985352732570154	-2.51029125	1.3425935
aona1235	-0.154944490659	0.918063770139451	-1.93049125	1.620125
aoua1234	-0.618916555105	1.19383169716083	-3.01598475	1.54952875
apat1240	0.237503158674	0.932514984923473	-1.5623125	2.102447
apin1244	-0.304158506507	1.13631838529421	-2.64074225	1.86822025
apma1240	-1.982904363065	1.02964262512196	-4.1187335	-0.0560451800000002
apma1241	-0.40802492967685	0.905102021114999	-2.229263	1.30117125
arak1252	-1.726395790865	0.977283367875541	-3.754337	0.0738928399999994
arao1248	0.615254937665	1.07686297803042	-1.43682625	2.8480205
arap1274	0.3245311328375	1.20333383028771	-1.96000875	2.774207
araw1273	0.674947103011	1.1310141459455	-1.529001	2.957522
araw1276	0.824446870778	1.06493709721166	-1.1654485	3.0780405
arbo1245	0.39840292973	1.0113695865721	-1.5185685	2.45007
arch1244	0.0691097460085	1.04263784076168	-1.97628075	2.169222
area1240	0.3872191153375	0.936649979669686	-1.4515035	2.22524225
aree1239	0.750873163255	0.840175030522773	-0.836623	2.46923125
argo1244	-0.4818445508625	1.1553285690276	-2.77542975	1.74840875
arhu1242	-0.642202696556	1.14616096010793	-3.10750775	1.4171685
arig1246	-0.122478300531	1.10808800566461	-2.3843395	1.992261
arom1237	-0.09904038584295	1.06641804373428	-2.1942165	2.05781925
arop1242	0.058200408906	0.896587460296295	-1.7672795	1.87712125
arop1243	-0.9484048386285	1.07417456683481	-3.185999	1.0249865
aros1241	0.317429844905	0.98707103199463	-1.622479	2.2429365
arta1239	-0.818406773235	0.934879118265631	-2.7000235	1.03944025
ashe1272	1.1857788257835	1.07719279035276	-0.797253475	3.55476049999999
asoa1238	-0.5629631907115	1.13120436412781	-2.79627175	1.6854235
assi1247	-0.53280538831	1.13154724354449	-2.879211	1.570619
asut1235	-0.1903346289465	1.06950231620495	-2.282915	1.91138575
atam1240	0.273473334105	1.00948084857302	-1.66826025	2.25352125
athp1241	0.6214091460346	0.888812549371009	-1.09127575	2.4496435
aton1241	0.1793569236995	0.915393381974068	-1.612997	1.9768345
aulu1238	-2.05539248161	0.892423758964549	-3.91847625	-0.439643500000001
auuu1241	0.2101241073835	0.893556824027676	-1.503915	1.986224
auye1238	-0.4946311678885	1.01908064323273	-2.60852325	1.44094425
avac1239	0.650039039155	1.1929385559276	-1.55381275	3.06665725
avat1244	-0.4760364445285	1.05833344818949	-2.68284675	1.574682
awac1239	-0.2548642690495	1.02987821457713	-2.3380475	1.667385
awad1243	0.4864980744115	1.03360310634792	-1.50519925	2.70488675
awad1244	-0.64171512748	0.909128787457518	-2.5081185	1.02991975
awar1249	-0.5088809799105	0.935393488111854	-2.42470525	1.28839925
awet1244	0.442665630095	0.967823942593791	-1.39297725	2.38673425
axam1237	-2.039455970875	0.90886533847746	-3.90020225	-0.397743625000001
axiy1235	-1.1004055888735	1.10733939556038	-3.29780025	0.954888274999997
ayac1239	-0.476188001783	1.11528732686735	-2.82535475	1.73692925
ayiw1239	0.536152376765	0.903301699494425	-1.2285345	2.35858975
azha1235	-1.125086336763	1.0283857508438	-3.23556225	0.76106535
baba1266	-0.5832718363074	1.01073882732282	-2.711206	1.271887
baba1268	-0.781402937142	1.13816953749697	-3.25607175	1.29718875
babi1235	-0.69881454731	1.14803104146002	-3.1605615	1.42916225
bafi1243	1.03756726599	0.947764335189882	-0.793709525	3.00999975
bafu1246	-0.688223720548	1.0383079547109	-2.93462325	1.24023925
baga1272	-0.00123757065	1.10934011953666	-2.2407715	2.10414
bagi1246	-0.169602343405	0.998245378195884	-2.17109975	1.6617855
bahi1252	0.4521129424072	0.868111891438361	-1.206039	2.141924
baim1244	0.60443485613755	1.05614692136762	-1.40604975	2.720335
baka1272	-0.1772868174595	1.17292814270107	-2.469375	2.10994575
baka1274	-0.4459630908095	1.17678451456926	-2.999258	1.88419075
baki1244	-1.99510319272	0.983453721110065	-4.078345	-0.262475700000001
bala1311	0.2688774670685	1.04256623775095	-1.715978	2.42020375
bala1315	0.6998954716757	1.11295022808412	-1.406791	3.1066665
bali1278	-0.549006125338	1.17868646980764	-3.006007	1.6953835
balo1261	-0.8037164119704	1.16760411840884	-3.200927	1.36914425
balu1257	-1.17659379058	1.12527219330443	-3.534477	0.900314599999998
bamb1262	0.5665885500593	1.0708115890773	-1.53637325	2.77218225
bamb1269	-0.1936905803851	1.19179326184374	-2.67982125	2.1638865
bamb1270	-0.1264914367405	1.09225977795424	-2.37139575	2.01533175
bamu1253	0.082202737626	0.998457928219773	-1.953409	1.94727225
bamw1238	-0.945508166089	1.13977580859275	-3.36823575	1.1262345
band1344	-0.34697139062645	1.23520233594098	-2.78392125	1.9664405
bang1354	-0.378477769116	1.17351581981572	-2.68134525	1.92456125
bang1363	-0.122330868211	1.12148670294531	-2.338952	2.12476125
bang1369	0.5866692034465	0.993041878785089	-1.3443195	2.579362
bant1281	0.6347653516965	0.864837277069847	-1.0243225	2.37193725
bara1357	-0.2880513503855	0.888400774114546	-2.04634775	1.3862465
bara1361	-0.5828106407985	1.13329356299287	-3.0189795	1.5627555
bara1370	0.74075526456965	1.10358417806762	-1.25018475	2.97102975
bare1279	0.286743891535	1.10153544180971	-1.81794375	2.5770825
bari1286	-1.6563548377505	1.08591331580639	-4.0711645	0.212672824999998
baro1253	-1.32327482006	1.040956837847	-3.4967865	0.530284774999998
basa1282	-0.3985353235435	1.15159921354039	-2.8138165	1.738735
basq1248	0.363186308103	1.15192319679568	-1.8664245	2.6566045
bata1289	-0.562527332538	1.13615236043417	-2.82674375	1.65294
baur1253	0.496956284367	1.02151134111676	-1.48392875	2.570657
bawm1236	0.451582063525	0.942542325057962	-1.404358	2.3965205
bayb1234	0.4010732881825	1.08466141102062	-1.6332925	2.6632905
bebe1248	0.7852376614395	1.0425176215973	-1.25590575	2.96913175
beem1239	-0.054581456186	1.15302918685001	-2.4316975	2.084255
beja1238	0.706302125555	1.10444219284944	-1.39408325	3.03726225
beka1241	0.80810745255215	1.06939313303582	-1.24920725	2.96513625
bekw1241	-0.28960635637635	1.13844614512354	-2.5680745	1.88028925
bela1254	0.41572087676225	1.11988429450269	-1.6902955	2.702957
bela1256	-0.526653984636	1.15555431345586	-2.86764	1.60253325
belh1239	0.613083045946	0.866270962796352	-1.06358175	2.40315925
bell1243	-0.9133887217935	1.12818690473984	-3.303887	1.23567599999999
bemb1257	-0.402611811954	1.15805933904808	-2.820428	1.8083355
benc1235	-0.222262431809	1.054457193384	-2.43416625	1.8447495
beng1282	-0.2723793195445	1.16161088449245	-2.65021775	1.9801655
bent1238	-0.33067456979	1.09369102109472	-2.534579	1.756346
bert1248	0.601226131886	1.13470465916732	-1.56428125	2.97752075
bhoj1244	0.40371448717	1.06983300038826	-1.639008	2.59543175
biaf1240	0.47627747622455	1.13253458010256	-1.69291975	2.67227375
biao1253	0.05708933541	1.06923682181437	-2.03270425	2.12078475
biao1254	0.843551779185	1.09723451908142	-1.1986795	3.0876485
biao1256	0.50428738973	1.04112969374386	-1.51982125	2.597733
biat1246	0.863481408111	0.970864386847519	-0.9456946	2.8887765
bidy1244	-0.022822215849	1.10692064942354	-2.1833475	2.1318615
biha1246	-0.256559237706	1.05353271429574	-2.43442825	1.79904525
bila1255	0.4072683158115	1.06073117326108	-1.62666975	2.567407
bilb1241	-0.280067571495	0.837113309595341	-1.99802275	1.2906545
bili1260	0.5896942684565	1.11405687532122	-1.608822	2.8591735
bimi1240	-0.31111440981265	0.973847073736573	-2.459955	1.5610465
bina1277	-0.6619359679305	0.929430412947095	-2.5488865	1.09588425
bini1246	0.613327144268	1.12581192070268	-1.49187475	2.905655
bira1253	0.43335402575	0.968962474289754	-1.47113025	2.436532
birr1240	-0.4344586358665	1.18835186862843	-2.92581075	1.7630905
bisu1244	-1.449602603773	1.06185975673349	-3.663013	0.459628475
bitt1240	-0.943620364151	0.964555927355639	-2.92478525	0.8437453
biwa1243	-0.4029172861681	0.898290787864561	-2.2344925	1.3132045
blab1237	0.6337045465705	0.901643632824944	-1.122399	2.3737895
blan1242	-1.109558797055	1.07062771409749	-3.3170295	0.807920375
bodo1269	0.6637002888455	1.02355113685159	-1.1988595	2.685498
boht1238	0.2970999869331	1.08549561258594	-1.74448975	2.508204
boka1249	-0.0409975737925	1.06711333391467	-2.1639425	2.052393
bola1250	-1.3714060811585	1.14930205676667	-3.77096925	0.650934724999999
bolg1251	-0.0581285542815	1.09264763446937	-2.2023555	2.045237
bolo1262	-0.812192779062	1.19246512627303	-3.30590975	1.4413275
boly1239	-0.968379439734	1.06645111051779	-3.123358	1.04141425
bomk1234	1.384092314505	1.16578193111408	-0.650996125	3.7979535
bona1250	0.7724981846185	1.05648453318193	-1.25911975	2.901621
bong1284	-0.4694593475915	1.12846957211096	-2.800122	1.6950075
bong1289	0.56829978825005	1.05396483044287	-1.3944475	2.81020575
bora1263	0.4359553469915	1.11010150749518	-1.71030525	2.63343475
bord1248	-0.489289009196	1.17006416405457	-2.959831	1.68443375
bori1243	0.1520727801045	0.934075911240649	-1.6513905	1.9599915
boro1277	0.622673774989325	1.06235210190101	-1.42518325	2.82900275
boro1282	0.6392493346375	1.14038188639199	-1.60506325	3.0218405
boto1242	-0.044604760464	0.942296598817341	-1.909418	1.872843
boun1243	0.8850731365035	1.18986366371663	-1.36615675	3.41002325
brah1256	-0.96414203301	1.13845020645479	-3.34293325	1.10168575
bret1244	0.4587510064885	1.16965778215465	-1.86041725	2.9223895
brib1243	-0.4121338890995	1.19127502987769	-2.84722325	1.88780175
buga1247	-0.694388237867	0.950443651993153	-2.590927	1.15903525
buga1250	-0.9073506994205	0.976887821740779	-2.9090335	0.900682849999999
bugh1239	0.61597920616	0.863950329021867	-1.05023425	2.32198875
bugi1244	0.842904637995	1.12850034748692	-1.3047955	3.085672
bugl1243	-0.257946700287	1.21228763744597	-2.67680025	2.13024075
buhu1237	0.534998291248	0.965288109882318	-1.30187075	2.440009
bujh1238	-0.3180794302675	0.880083276618059	-2.0615275	1.43629275
buka1257	0.796388158555	0.971983549780372	-1.02273425	2.8361555
bull1247	1.40100875107	1.14419681188195	-0.596614475	3.76800675
bulo1242	0.17749982881305	1.08112612745205	-1.8849555	2.36876325
bumt1240	0.647814895305	1.06870701402015	-1.397564	2.8733595
buna1276	1.1576026707005	0.987305332153047	-0.728655025	3.224082
bund1253	0.450402692629	1.09919119869259	-1.6851305	2.65580475
buol1237	-0.1094228701805	1.10299135914554	-2.34433725	2.0388575
bura1292	-0.2022349208005	1.04019966362017	-2.29990825	1.836093
burj1242	-0.301887416395	1.14105254764665	-2.6276545	1.90132475
burm1264	-0.927298880596	1.05447817886577	-3.03373375	1.136585
buru1296	-0.07626688455	1.16598370218751	-2.4684025	2.15080325
buru1320	0.145992788745	1.02138314626664	-1.8230295	2.31176125
bush1247	-0.249373576806	1.18638467800355	-2.67057275	2.00549675
buwa1243	0.171125424584	0.918550444069857	-1.612088	1.9986965
byan1241	-1.107857435125	1.10199087631643	-3.48279725	0.865734974999997
caac1237	-0.2658942665137	1.01313625713653	-2.3051565	1.730063
cabe1245	-0.407737267365	1.13774899270106	-2.671829	1.768432
cacu1241	-0.00845289811	0.968841071077646	-1.941187	1.880154
cahu1264	-0.154744051535	1.12643093539012	-2.45042475	2.004478
cald1236	0.481191118645	1.116186638807	-1.6586175	2.77989975
camp1261	0.743550754871	1.09069686001384	-1.25725025	2.997331
cams1241	-0.262431307845	0.95575562760908	-2.17388525	1.5884045
cane1242	-0.3230519157885	1.13156828249163	-2.70177825	1.76370274999999
caom1238	-0.26815737509	1.12063250321686	-2.53138175	1.8504625
capa1241	0.7096160843681	1.14976875732883	-1.431945	3.0097505
carn1240	-0.7229106922355	1.14205528638908	-3.09557675	1.408714
caro1242	-0.247998897217	1.1304943441808	-2.52563675	1.89460825
cash1251	1.07080750311	1.16964131366998	-1.0674045	3.50318325
cavi1250	0.655112318295	1.07313417508836	-1.52698025	2.89569175
cayu1262	0.590294199755	1.03215164219429	-1.44877725	2.7771145
cemu1238	-0.488820038705	1.00573500673627	-2.527683	1.53141225
cent1989	0.3543313949265	1.0779200845673	-1.822716	2.44005075
cent1990	-0.725221075955	1.11732192253671	-3.02922875	1.34708775
cent1992	-0.288309712945	1.03912965418813	-2.415946	1.7967775
cent2004	-0.603405296409	0.991358726699722	-2.68606525	1.250172
cent2050	0.540462826322	0.985961304296154	-1.37043325	2.49938175
cent2084	-0.107155019825	0.973883882265821	-1.9912255	1.761622
cent2100	-0.23551652595	0.919618280008065	-2.0161305	1.47883675
cent2127	0.422325123768	1.15066998954299	-1.74317575	2.80967725
cent2131	1.00580454386975	1.06753202928689	-0.982863775	3.23519025
cent2140	0.578176313975	1.01974950291579	-1.45023725	2.6171315
cent2142	0.6967940928785	1.22645939764232	-1.5569445	3.1932335
cent2150	-0.534623403396	1.1955502034912	-3.004304	1.6474935
cent2292	-0.83236141899595	0.922567175083179	-2.76233	0.8658837
cent2314	-0.421792257735	1.08429300698732	-2.57948325	1.6317185
cent2322	-0.5661033052815	1.15296398826402	-2.89606	1.6183285
chac1249	-0.192808096615	1.10812429218853	-2.42743425	1.91845475
chac1251	0.007938047854	1.04831603146385	-2.05869975	2.09955675
chad1249	-0.6921472748085	1.16530536426458	-3.0771765	1.47846225
chak1270	-0.523850946109	0.97835043697567	-2.531105	1.3012565
cham1309	0.087494093599	1.00581188715159	-1.90732875	2.099853
cham1312	0.5248366090695	1.12383930429821	-1.59854525	2.853164
cham1315	0.8852668645905	1.10345058901918	-1.070574	3.24153325
chan1313	-0.076084894741	0.878238517600091	-1.8258985	1.65897875
chas1234	-0.3012863370155	0.92693125893012	-2.209033	1.43875275
chec1245	-0.5009809357985	1.11048537729588	-2.763605	1.584709
chek1238	0.6032542670435	0.878173071816276	-1.04260725	2.29217225
chep1245	-0.4397558028095	0.871309047151552	-2.213859	1.19326675
cher1273	0.2535294064	1.16800081578741	-1.97994425	2.7362485
chhi1245	0.6932189012905	0.873142823188263	-0.944290975	2.48303225
chic1270	0.382829502235	1.21110648465205	-1.88437075	2.84184025
chil1280	0.5546331842045	1.15012935675244	-1.71288475	2.87793875
chim1302	0.561763117702	1.10769408816909	-1.54554275	2.80118975
chim1309	-0.566163107291	1.13571058069361	-2.94362725	1.54001725
chim1312	0.8114100300475	1.09219664381892	-1.21569475	3.06563475
chin1286	0.75382706655725	1.15936176788794	-1.5184925	3.06133275
chip1241	0.1306303727435	1.17205488024156	-2.0812415	2.55817775
chip1261	-0.4349383190327	1.13023689551942	-2.6852615	1.66175825
chiq1248	-0.38862573855	1.14647616690514	-2.73121125	1.840831
chir1283	-0.7123540290235	0.894737261660791	-2.56436675	0.938744575
choc1276	-0.731273915336	1.14762816530341	-3.14894425	1.36991375
chot1239	0.533506497703	0.905830711511864	-1.2138935	2.32687225
chra1242	-0.4980558778575	1.07162781315342	-2.8153425	1.57682475
chug1252	0.9169170961385	0.97034649725875	-0.897635175	2.9302285
chuj1250	-0.9736006839	1.08863956576607	-3.287653	0.993229099999991
chuk1273	0.285093553506	1.17027119785294	-1.88354275	2.67589
chuv1255	-0.6220827083895	1.13306412866775	-3.02662125	1.453163
chuw1238	0.87997189741	1.09199222224638	-1.10877675	3.2859135
cici1237	-0.333482362354	1.17561856986564	-2.8142875	1.93418
coat1243	0.940440474589	1.02436795941145	-1.06039275	3.067551
coca1259	-0.425351298345	1.07523838497089	-2.65555075	1.7080425
coeu1236	0.992427737315	1.15085021623209	-1.18474525	3.37277025
cofa1242	-0.28915756035	1.01143940973077	-2.26094325	1.67102925
cogu1240	-0.5718747992205	1.1370963199789	-2.98439975	1.63507775
colo1256	0.054690214959	1.06559193952642	-2.035415	2.155909
colu1241	0.894837693574	1.17182501068263	-1.40036575	3.37058775
coma1245	-0.229561567285	1.16235112600265	-2.55791575	2.0229155
como1259	-0.376932123265	1.07439989525631	-2.52597675	1.64447175
cong1236	-0.459831384011	1.17294888332976	-2.84804375	1.80286525
copa1237	-0.043854944303	1.01273654254735	-2.01484725	1.9067745
cors1241	0.677788313585	1.17856742028931	-1.53049925	3.171065
cosa1234	-0.6132943624685	0.880308355470791	-2.39362925	1.09016175
cree1270	-0.8081200208257	1.17413108276025	-3.3279395	1.40823325
crim1257	-0.3119637539145	1.17034792178132	-2.619324	1.909807
cros1244	0.29589956755505	1.09807869904918	-1.89220475	2.437551
crow1244	0.622656581745	1.18308875730993	-1.67373675	3.17834775
cube1242	0.24493823272	1.04830070087665	-1.85701525	2.2684605
culi1244	-0.7028767031075	1.13829549752761	-2.93244825	1.4761385
cusc1236	-0.5400665913735	1.119426476735	-2.787155	1.647796
czec1258	0.3904738061605	1.12330110299863	-1.71560825	2.72520275
daai1236	-1.1316280629665	1.03346046138349	-3.302325	0.728466799999999
daas1238	0.785315127497	1.0973981551772	-1.14818125	2.986933
dadi1250	0.18172262163	0.977376769581114	-1.7650175	2.1774915
dagb1246	-0.4015681047295	1.18292767708978	-2.81925825	1.875754
dagi1241	-0.919334869112	1.15351771382459	-3.34788475	1.225218
daka1243	-2.094133333	0.958295512962634	-4.122818	-0.390960100000001
damp1237	0.724926130085	1.08670685105125	-1.32064	2.9498095
dana1252	-1.3177786581285	1.12998612871061	-3.63120975	0.645870399999999
dand1238	-1.034440896461	1.09635937407109	-3.30420825	0.944347174999999
dani1285	0.580654285297	1.11359116119166	-1.4662625	2.9426645
dara1250	-0.134592809834	0.939838745397135	-1.99229	1.687184
darg1241	0.361343943333	1.08058600311918	-1.7103045	2.4473815
darl1243	-0.565678671615	1.11665574266981	-2.876614	1.54617375
darm1243	-1.12237007064	1.08747111829723	-3.4549085	0.801380775
dawr1236	-0.432026614465	1.02531388876697	-2.59769125	1.44581
daww1239	-0.229226405798	1.0843909796004	-2.41491775	1.8346415
daza1242	-0.46601234300195	1.1030982922543	-2.58020775	1.64022425
defa1248	-0.516559813928	1.02339236977154	-2.5962935	1.3987305
dege1246	-0.42203592216	1.1001253233326	-2.73277325	1.61109475
dehu1237	0.205832213123	0.977521438208214	-1.682852	2.22668375
dera1248	-0.378795944988	1.03220607085089	-2.415171	1.54980175
desa1247	0.0973313018335	0.954056001634428	-1.76898825	1.9366605
dhao1237	0.54047509923	0.992787233466498	-1.36428675	2.57952275
dhar1247	0.4989868692845	1.10205583044151	-1.5983985	2.816773
dhim1246	-0.4097757210605	0.980294246861467	-2.38784175	1.43250675
dibo1245	-0.676718371437	1.1447060719434	-3.1205235	1.47894775
dido1241	0.0583160208675	1.01649415171085	-1.9946345	2.04870025
diga1241	0.3305057269333	1.01392592845621	-1.54192575	2.3644645
digo1243	0.6284576204185	1.16115212408006	-1.62137	3.04674074999999
dima1251	0.192673135492	0.938222688410561	-1.68846425	2.07321075
diri1252	-0.1979521560755	1.14408461751596	-2.51056725	2.0522995
djam1255	0.1857117297354	1.09668989439666	-1.91412325	2.43574475
djee1236	0.6700116704266	1.18741552242061	-1.5348535	3.14815775
djeo1235	-0.018204591126	1.09325907562223	-2.14931	2.17009425
djin1251	0.365318260966	1.16929563706027	-1.85336	2.803329
dobu1241	1.087941701051	0.861754560147617	-0.49152845	2.83011325
domm1246	0.5581334324225	0.956345013650116	-1.247801	2.542755
doro1266	0.346962079425	0.88906007916975	-1.37038375	2.0624945
drun1238	0.078976552275	1.01112835081287	-1.9815345	2.11255875
dual1243	0.377658122995	1.03716867311946	-1.6853605	2.4790775
dumb1241	-0.125104777658	1.04892226269486	-2.241722	1.876488
dumi1241	0.2717575199385	0.871195560210343	-1.434879	1.92718025
dupa1235	-0.646896018185	0.9722774452564	-2.56521625	1.23090575
duru1236	-1.14137455866	1.04678435296195	-3.34398175	0.806109899999997
dusn1237	-0.927808577285	1.09864019544981	-3.142916	1.12372275
dyul1238	0.871035688165	0.999586755081122	-1.04008525	2.8740065
dzao1238	0.8369647755255	1.05636824688496	-1.16934425	3.05160675
dzon1239	-0.484639813458	1.06121728834621	-2.65337275	1.58877775
east2328	-0.7041271863411	1.09940268598468	-2.952028	1.35036675
east2332	-0.34335358429615	0.987254547396835	-2.335092	1.50148
east2342	-1.2369693283935	1.11863133974333	-3.6497635	0.8152005
east2379	-0.620917266951	1.16717696842352	-3.0284665	1.51365625
east2443	-1.8752709778	1.05111988165333	-4.111218	0.010680482499999
east2447	0.76110884468	1.09884444767977	-1.2662235	3.1044555
east2485	0.74622242352	1.04167806484559	-1.22046	2.87457475
east2516	0.32064092658	1.01570924315229	-1.6895215	2.285635
east2555	0.657344503987	1.14179661384953	-1.5093145	2.95655625
east2556	-0.1447075451825	1.02459672308779	-2.15967025	1.91720525
east2694	0.1529057663155	0.997952496582955	-1.7666325	2.203549
east2773	-0.016742546195	0.875004977291926	-1.7649205	1.63583675
east2782	0.709483067645	1.1042232405977	-1.39798175	2.94383125
egyp1253	0.586114096106	1.11582539109552	-1.48083575	2.8719495
eipo1242	-0.1622222211025	1.04605297303049	-2.271197	1.935953
ekar1243	-0.4986254674798	1.01604146925938	-2.59372575	1.4168525
elem1253	-0.5348227211075	1.04216061550649	-2.6873165	1.3953945
elna1235	-0.5424354645265	1.13703146058953	-2.88232225	1.53421025
emae1237	-1.80756175528	1.02766910484007	-4.07874625	0.0162808524999995
emai1241	0.134652479459	1.10153009864396	-2.08453525	2.24847525
embe1260	-0.460578368215	1.19001432009455	-2.99267175	1.81244525
embe1262	-0.298285171805	1.16809856325683	-2.64533075	1.93539425
enap1235	0.5106399176725	1.08465013053725	-1.606251	2.7050145
enuu1235	-0.997937507227	0.999200143762437	-3.01719	0.822828149999999
epen1239	-0.324334606235	1.15272895928794	-2.6658555	1.971572
ersu1241	-0.1769273307475	1.04912444355019	-2.2665215	1.8909405
erzy1239	-0.521153475716	1.15164062863065	-2.87193425	1.71694525
esan1238	0.20048240035	1.10181612841956	-1.91825675	2.362748
esee1248	0.44245879572	1.11496395026852	-1.690985	2.817635
esim1238	-0.7628928964606	1.05055292345365	-2.8681845	1.18294925
esto1258	-0.832698556125	1.11874295176854	-3.11484525	1.217355
eton1253	0.797382319755	0.99296365197266	-1.147823	2.861906
even1259	0.3525693343995	1.18358020959124	-1.862461	2.749845
even1260	0.3528809713855	1.18236246763038	-1.8669505	2.75135525
ewee1241	-0.2445129564995	1.10262342266537	-2.463445	1.9067055
fait1240	0.27441527400415	0.840412272144963	-1.256657	2.01772925
fare1241	-0.4071938425995	1.17482042154876	-2.8077255	1.9139335
faro1244	-0.5223283628365	1.08294302017489	-2.82210525	1.50031525
fass1245	-0.0065763613215	0.949993009113444	-1.87489575	1.90022075
fiji1243	1.0213288197888	1.04676392240369	-0.92520185	3.129721
fili1244	0.029681220087	0.959462645293275	-1.8655235	1.86908725
filo1235	-0.401566433389	1.00339892628309	-2.34933325	1.562635
fina1242	-0.91692650598	0.917951519167252	-2.80446375	0.846779225
finn1318	-0.534715395109	1.07363501368988	-2.70813175	1.50980075
foii1241	-0.0844553586092	1.05507280167962	-2.20587225	1.9053165
fonn1241	0.5848314113015	1.11036380573313	-1.3905125	2.877828
fore1265	-0.633195658905	1.17060279034683	-3.12902725	1.57948225
fran1266	-0.51748382935	1.15033251541415	-2.90232225	1.64077825
fuln1247	-0.401516189366	1.1642328604964	-2.75119575	1.876469
furr1244	-0.3866545232695	1.17216202761819	-2.62080325	1.90322925
furu1242	-0.53547922573	1.17808862128617	-2.964467	1.642056
futu1245	-1.15447699101	1.12193955913106	-3.536698	0.885584374999999
fuyu1242	-0.436161571225	0.899971744412168	-2.2380005	1.312655
gaan1243	0.1132826028104	1.01253769096834	-1.8484795	2.13223525
gade1242	-0.530045414758	1.1887604979596	-3.0095	1.82820975
gaga1249	0.87821100908	1.1394290696108	-1.24620975	3.1185295
gahr1239	0.457301057309	1.04108897687605	-1.51749775	2.5093795
gale1259	0.562789739328	1.11910476948559	-1.476745	2.8381565
gali1258	-0.5190760824765	1.14431757397641	-2.95706975	1.6939265
gali1262	0.8342827356315	1.06943794499907	-1.16053825	3.0771355
galo1242	0.39824365281705	0.97007467830617	-1.40488625	2.35439275
gami1243	-0.59712481309087	1.15744512255314	-2.93491325	1.62217
gamo1243	0.0594906952195	1.00393823959236	-1.88283925	2.11748275
gand1255	-0.03326929081	1.02337200768264	-2.069872	1.89303525
gang1266	0.328575186986	0.887391634137877	-1.375175	2.05334175
gant1244	0.109810948858	0.891555457990537	-1.6165665	1.92627225
gapa1238	0.6588392115135	0.860711427666365	-0.958998375	2.45032375
garo1247	0.0866814884055	0.918824806114224	-1.7310615	1.95859225
gata1239	-0.9579573306328	1.07256874910363	-3.13441925	1.0778125
gayo1244	0.290607531295	1.1137847996979	-1.9700765	2.651791
gbay1288	-0.392269970151	1.20336396014783	-2.8576355	1.79459574999999
geba1237	-1.154226000604	1.09758371823931	-3.37465275	0.908792299999998
gebe1237	-0.5427781931025	1.17584741612452	-3.00340625	1.777884
geda1237	-0.289849732289	0.851638662684026	-2.04838	1.314585
gela1263	0.6594021540555	0.896167715922843	-1.0150385	2.40238675
gheg1238	-0.3676015307976	1.0589686247128	-2.501676	1.58783975
ghod1238	0.109725557253	1.0312526930924	-1.955211	2.055149
ghom1257	0.954226896362	1.12510930786604	-1.146082	3.25734825
gilb1244	-0.400424403003	1.11008724830122	-2.766898	1.6872165
gily1242	-0.167679142735	1.05393060411908	-2.27356275	1.9149145
gira1247	-0.027066183866	0.833564785650122	-1.59142875	1.581159
glav1244	0.637120450117	0.975243595741638	-1.2256145	2.69044075
gofa1235	-0.1787491154077	1.02249396933913	-2.192739	1.807151
gogo1265	0.651332896785	1.06038467916996	-1.270245	2.7814135
gola1255	-0.1278211338623	1.13499893128926	-2.45330225	2.06531425
guah1255	-0.512517942705	1.14607820109438	-2.91165	1.66070825
guam1248	-0.4166523374245	1.09031317557717	-2.56889225	1.64305
guan1266	0.7413876925515	1.02225442899171	-1.13532075	2.77829799999999
guan1269	-0.017306511154	1.00834618204541	-2.02407925	1.9055325
gube1234	-0.2697605060265	1.16031804065316	-2.598773	2.08237225
gude1246	0.0637605007965	0.913229491236233	-1.813754	1.81197225
guer1241	-0.5230584059515	1.11884857634311	-2.9330235	1.6472645
guer1243	-0.3369145559885	1.02552427114474	-2.393654	1.58703825
gugu1255	-0.3630612708985	1.15364196881736	-2.73001975	1.82901925
guhu1244	-0.45832420895	0.906824628447125	-2.3210065	1.2837225
guiq1238	-0.0553126593735	1.03524027207401	-2.1364965	2.01209175
gulf1241	0.4933572840935	1.1280530888874	-1.55830425	2.883924
guma1254	0.7411347281415	0.88888840366604	-0.9512934	2.609431
gumu1244	0.638198725533	1.09365643079551	-1.454872	2.797679
gunw1252	0.736222737908	1.1646310896238	-1.430078	3.105201
guny1241	-0.4919215389395	1.18624637073127	-2.8847135	1.7051835
gura1251	0.7104491369945	1.12780618452131	-1.2882555	2.99609125
guro1248	-0.401009025466	1.15806817613852	-2.847735	1.6453195
guru1271	-1.0549250412015	1.11984297176715	-3.40470525	0.953907999999999
gyel1242	-0.1809698233825	1.10959653133243	-2.4487805	2.00756725
haaa1252	0.757866638889	1.14093708667385	-1.517286	3.10530374999999
hadi1240	-0.551468429349	0.996687537875936	-2.5505885	1.377881
hadz1240	0.146335183442	1.09877599381489	-2.01719525	2.414704
haka1240	0.400370358611	1.01816778990093	-1.515897	2.4445005
halh1238	-0.7480703358745	1.15082101282189	-3.109983	1.3800845
hali1244	0.128389308861	0.954698649073291	-1.767032	2.0438905
halk1245	0.1915837582235	1.07874877554515	-1.867309	2.46753775
hame1242	0.699123006506	0.98888860795153	-1.16275025	2.701478
hang1263	0.329675686958	0.944049163198271	-1.554216	2.18338675
hani1248	-1.1435871619	1.04236162017009	-3.23909525	0.783170749999999
hano1246	-1.87270429887	1.08113848112148	-4.11080675	0.0724746599999998
haru1245	0.1084188993095	0.908724702392547	-1.63818475	1.87778525
hass1238	-0.60849732119615	1.1385434779316	-2.9447315	1.51244675
haus1257	-0.748480921099	1.14953448842259	-3.12737875	1.370899
hava1248	-0.27263872382025	1.14066158865197	-2.53389425	1.962177
hawa1245	-0.462154701595	1.1188130119825	-2.80696575	1.7010915
hehe1240	0.240419920695	1.0568428721593	-1.85510175	2.41965325
heil1246	-0.909858660422	1.10873372873475	-3.29542	1.10885275
hela1238	-0.3926502985915	0.858992091932075	-2.167214	1.284101
here1253	-0.270271268761	1.15481408082761	-2.74122675	1.9083495
hida1246	-0.509671685654	1.19417322164777	-2.905182	1.742557
high1276	-0.2383024135505	1.05309523917254	-2.3188835	1.8789595
hind1269	-0.4359977152963	1.09723486499574	-2.610004	1.65636499999999
hixk1239	-0.48521164435	1.14248730425829	-2.89577625	1.7301885
hoaa1235	-0.597626868109	1.19153628313796	-3.04445825	1.53928375
hoav1238	-0.832360141795	1.05859822851829	-3.09052525	1.0412405
holo1240	-0.354639819559	1.18100456493024	-2.7417745	1.900229
hone1235	-0.8710085726995	1.1211001725831	-3.137072	1.29418425
honi1244	-0.9430200494985	1.02075101707377	-3.056985	0.924454575
hooo1248	0.87210566996	1.12558897449386	-1.2373245	3.17568925
hopi1249	-0.193198492433	1.11448412780544	-2.45908725	2.01750675
hote1245	-0.63094522634	0.849874730412393	-2.383403	0.973909425
hrus1242	0.7038671900105	0.925259912826852	-1.0458945	2.5688785
huaa1248	-0.25714199768	1.19964139768016	-2.80330875	2.082613
hual1241	1.20167288376	1.15161440845939	-0.8932808	3.65110725
huam1247	0.4590546905575	1.12303431139221	-1.6802615	2.675314
huar1255	0.009957977389	1.11584627619323	-2.17229675	2.200422
huas1242	-0.1987921376275	1.14664770626887	-2.5592175	2.0198925
huba1236	0.11603666229525	0.961932348003114	-1.84619725	2.009944
huic1243	-0.517067675199	1.17000027088327	-2.9813725	1.78014075
hula1239	0.77598823178775	0.935098738283508	-0.9544416	2.763614
hula1244	0.3511574914465	1.17152251890861	-1.797097	2.83389975
humb1243	-0.571711021809	1.12579650162655	-2.9498105	1.4997775
hung1274	0.473667281432	1.11177735550168	-1.6057295	2.72653949999999
hung1275	0.509910947925	1.13535095803825	-1.6130885	2.83029
hunz1247	-0.0614084800255	1.04523406717624	-2.0968265	2.00842075
hupd1244	-0.087731909763	0.956799479107842	-2.0223675	1.68961875
huuu1240	-0.3509960967485	0.872746003998642	-2.00183125	1.429234
iaai1238	-0.4278955321855	0.959164961745998	-2.38016475	1.40701475
iama1237	0.981552395709	0.832409759312607	-0.5572175	2.610076
iatm1242	-0.133289584423	0.927287629091067	-1.9861405	1.70662825
ibal1244	-1.0633907000595	0.960200184979389	-2.995475	0.720007474999999
iban1264	-0.248761876253	1.1405021222305	-2.6033285	1.8363805
iban1267	-0.692046737304	0.941859076472256	-2.58803525	1.14976675
ibat1238	0.501378129245	1.00996158868781	-1.42484875	2.573727
ibib1240	-0.228464364146	1.07026408349195	-2.339175	1.85353325
icel1247	0.653030713375	1.13737409556785	-1.52921125	2.98579425
idii1243	1.494307072359	1.10757709078561	-0.479249625	3.89416925
idom1241	-0.20318360966	1.12147329160875	-2.30039375	2.01379025
idun1242	0.82712138484275	0.897946200185085	-0.931233975	2.64434175
ikkk1242	-0.03472725852	1.19264923199413	-2.441266	2.355777
ilaa1246	-0.2117331293628	1.19484045271835	-2.6590405	2.056784
iliu1237	-0.6373705398355	1.08876907591958	-2.789966	1.4423565
ilon1239	-0.871573774255	0.932560821979579	-2.7448545	0.91163775
imba1240	0.2520966635305	1.01588312826507	-1.707351	2.248126
indo1316	-0.08292605724	1.08373009625693	-2.2371465	2.02840175
inga1252	-0.306190203265	0.956779018338617	-2.2079445	1.5722755
ingr1248	-0.9196993509305	1.13999870642741	-3.33029075	1.15428975
ingu1240	-0.5041378336175	1.09799606068021	-2.87629525	1.56069025
irar1238	-0.81608235934	1.14142801496369	-3.3752725	1.260873
iris1253	0.593121990384	1.10969902967773	-1.41208575	2.90986575
irul1243	0.295722055142	1.1611561141244	-1.9710565	2.70408125
isco1239	0.74679468719	1.1262362131081	-1.4033105	3.06636225
isir1237	-0.48396854710835	0.998021310062744	-2.57052	1.4073985
isna1241	-0.28781481925	1.02847554169139	-2.349304	1.689749
isth1241	-0.33531015787	1.03059929766376	-2.47064625	1.68769875
ital1282	-0.4533480320458	1.17976821877803	-2.8581965	1.85795075
iton1250	0.532590741685	1.03504088035775	-1.50407375	2.605367
itza1241	-0.5122086775885	1.20103378713727	-3.02937425	1.68895624999999
iumi1238	-1.30103143455275	0.985155240490391	-3.2902665	0.4747085
ivat1242	0.7912749251185	1.16567720255792	-1.33738375	3.14408475
iyoo1238	-0.44801063596	0.900914947903786	-2.30146375	1.2640205
jahh1242	0.5404979551595	1.02333294835146	-1.4257245	2.653208
jalk1242	0.5048644206095	1.00817357989067	-1.44922425	2.4252165
jama1261	0.521108776531	1.11381141241846	-1.66496425	2.775449
jamb1236	0.862049238572	1.05982605042441	-1.14140925	3.0350195
jams1239	-0.608919954825	1.06741267715695	-2.8202255	1.4434335
japh1234	0.891744815941	1.0264731470283	-0.99214205	2.9792015
jaqa1244	0.60745743333082	1.12493054877553	-1.6118565	2.92788175
jara1266	-0.31575717060755	0.99808544321479	-2.37639875	1.61433675
java1254	0.130550270633	1.03387699676357	-1.843102	2.18052925
jede1239	-0.783542220195	1.03572335601565	-2.97499	1.18632325
jeha1242	-0.9162518894893	1.04113337329896	-3.16048075	1.05492875
jehh1245	0.5423854028375	0.987703249448224	-1.369989	2.529741
jiba1237	-0.47884723532	1.07248481892263	-2.74008275	1.5068325
jina1244	-0.2159955518655	1.0074771853312	-2.2439815	1.767793
juan1238	0.946201412211	1.05663134557545	-1.0198275	3.0435775
juku1254	-0.8162404940135	1.04763756565256	-3.0620635	1.1192025
jurm1239	-0.3002998897095	1.20368477346096	-2.74644075	2.0251335
kaba1278	-0.672510666634	1.12103126059024	-3.02589275	1.450656
kaba1281	-0.452963545435	1.20852630953451	-2.92869725	1.86852275
kaby1243	0.6581694592985	1.16584197143014	-1.52200325	3.093666
kach1280	-0.245562631341	1.06233316661761	-2.40205075	1.76305025
kach1284	-0.0231401473415	1.00893331013561	-2.04793575	2.0097065
kado1242	-1.30661655278	0.958340016650795	-3.40053475	0.482311899999999
kafa1242	-0.3609049332095	1.09747309930363	-2.663224	1.7640145
kagf1238	-0.1323157802493	1.19013041793079	-2.8119745	2.0816885
kagu1239	0.2560273648435	1.09880796966202	-1.90430575	2.381254
kaik1246	0.6693629894625	0.98919858397639	-1.1380945	2.69268775
kain1272	-0.324153553237	1.13278233162362	-2.6399	1.8063975
kaki1249	-0.4594460250615	1.0120090110618	-2.4437845	1.50870925
kala1384	-0.32497163755	1.08414967213391	-2.52972	1.6930575
kala1399	0.422997122613	1.11923865574073	-1.73247425	2.7374615
kali1308	0.7665709274685	1.15132692510272	-1.41108875	3.13770525
kalm1243	0.481162049357	1.13714531932164	-1.71612775	2.80294425
kamb1297	0.858291482405	1.09379119926576	-1.2008355	3.19044225
kamb1299	0.974179582725	1.14325234009169	-1.11839275	3.30537125
kamm1249	-0.339210763345	1.05849700528611	-2.45285825	1.78320675
kamu1260	-0.190637168025	1.08098648765135	-2.4126535	1.89545925
kana1286	0.20388124617305	0.883654549005407	-1.5224465	1.90234575
kana1291	-0.3808983558855	1.11375469702899	-2.810785	1.80629825
kani1286	0.163288064856	0.94629286594885	-1.59616775	2.10332625
kank1243	-0.96965181131	0.922771639435304	-2.9355205	0.724202924999998
kaon1241	0.9446722487445	1.12596351164319	-1.23159375	3.308656
kaqc1270	-0.79072627029	1.12288987211597	-3.2227225	1.30696075
kara1476	0.0077907715855	1.00006080869226	-1.98068025	2.0266775
kara1482	-0.368974252465	1.11990257421637	-2.6315285	1.78891825
kara1486	-1.46629963445	1.03021321789572	-3.641169	0.376305799999997
kara1487	-1.138881006334	0.90867818887659	-2.96747375	0.541952449999999
kara1499	-0.550360274675	1.07336584566538	-2.67228975	1.553682
kara1500	-0.273992964535415	1.08869921873371	-2.47524875	1.87561025
kare1335	-0.57494913765335	1.2012161936556	-3.03573375	1.65674975
kare1338	-0.4195023511475	1.13823172726683	-2.6500315	1.800082
kari1311	-0.4413880035535	1.16923996636099	-2.9692985	1.808904
kark1258	0.4056294895415	0.964265948692698	-1.3992265	2.338894
karn1252	-1.388613782925	1.04096933339008	-3.544105	0.428177624999997
karo1304	0.3935226746415	1.15460098055542	-1.8521375	2.6790055
kash1277	0.684378316235	1.15128235182821	-1.57116025	3.04861525
katb1237	-1.9412417487	0.873395068096475	-3.74356375	-0.361795775000001
kats1235	-0.11143314839785	1.03153551247432	-2.1955045	1.9623335
kava1241	1.033027684059	1.10227879367836	-0.977711775	3.299162
kaya1315	-1.1816842331335	1.09842335325648	-3.43604925	0.803988975
keap1239	0.7425967857315	1.00676468415874	-1.07804225	2.7210015
keig1242	-0.780072332781	1.16883378044595	-3.29925125	1.34174275
kele1255	-0.38647829886115	1.17947770155429	-2.8931515	1.86706574999999
kele1258	-1.169198725284	1.08302418171711	-3.40227625	0.784595674999999
kele1259	-1.113118602787	0.901806434414749	-2.90643725	0.570595624999999
kemb1249	0.6364740767955	0.942455847980603	-1.0909735	2.61178725
keme1240	-0.863612629987	1.01931587933814	-2.98700575	0.932740924999998
keng1240	0.047597890255	1.12114961080946	-2.30286675	2.2827535
kens1248	-0.7512245672345	1.06382110607824	-3.0036755	1.26228875
kenu1236	0.768133575047	1.20227407585254	-1.506281	3.34411775
keoo1238	-0.0349203558505	1.07552763401789	-2.1914655	2.048383
kera1255	-0.5099506632215	1.06493429750148	-2.6909155	1.49131925
keri1250	0.9639653222835	1.12638939881078	-1.11757375	3.269985
kesa1244	0.123629097314	0.856056239060824	-1.531571	1.8871545
kett1243	-0.3710419047895	1.28359998454123	-2.9638795	2.11946875
kgal1244	-0.451918747055	1.18567272742471	-2.96520225	1.7761885
khak1248	-0.383307430175	1.15332854768096	-2.801407	1.73780325
khal1275	-0.0188392400445	0.866993516112158	-1.6910705	1.73896425
kham1282	-0.63575341354875	1.10582969792264	-2.86787675	1.354712
khan1274	-0.797156565605	1.11053891818077	-3.09684025	1.269195
khan1278	-0.528102258037	1.02375740690361	-2.60288625	1.2943955
khar1287	0.855118450685	1.11407788964931	-1.16583875	3.13643524999999
khar1288	-0.6354397749435	0.876366467983071	-2.54587125	0.972425974999999
khez1235	-0.603301704755	0.875809206267901	-2.439194	1.02771925
khin1240	-0.3366006994575	1.05866886659992	-2.4727885	1.705228
khmu1256	-0.925162208545	1.04374130043721	-3.15479825	0.915281249999999
khva1239	0.0122087131425	1.00570505283408	-1.9728135	2.037998
kich1262	-0.8268733266005	1.10277291284043	-3.203911	1.219892
kiku1240	0.4003853496145	1.04890827981673	-1.67934275	2.4277485
kile1243	-0.688499263506	1.11880969887704	-2.98840775	1.47588075
kili1267	0.111274395739	1.02308733434766	-2.02124575	2.111054
kima1246	-0.8913075005405	1.03992354420466	-2.969124	1.101684
kimm1245	-0.109908269375	0.904132860514508	-1.9268865	1.5951995
kimm1246	-0.55745474219	1.10295804365313	-2.76226875	1.61276125
kina1250	-0.459480858402	1.16873920243326	-2.92300375	1.833949
kinn1249	-0.3491947489295	1.06985358363106	-2.464657	1.660186
kiow1266	-0.192835138019	1.13088202590951	-2.5164825	2.085939
kips1239	0.6495459227575	1.08873484701726	-1.43487875	2.92175225
koda1255	0.620553944265285	1.20818911085437	-1.575263	3.20748324999999
koho1244	-0.55027790375	1.05195411698093	-2.5942765	1.562608
koir1240	-0.7051252081955	0.882355139953631	-2.56446475	0.952511374999998
koit1244	0.03227700839	0.929939636953627	-1.782472	1.890017
koka1244	-0.64282794543	1.17216964215918	-2.97341	1.624729
koko1269	0.55552016183525	0.935689244063817	-1.24244875	2.46929325
kola1285	0.5081205986935	1.09808931429102	-1.502193	2.67995725
kolb1240	-0.018628534315	1.0846421130001	-2.25735525	2.1275665
kolc1235	0.06857380332	1.08687325070834	-2.03690575	2.24307875
kolu1245	0.963463924945	0.844361794747467	-0.614737	2.6476145
komb1274	-0.932462890808	1.11053624313037	-3.184211	1.05985775
komi1268	0.563580490156	1.10333559473054	-1.458993	2.81619825
komi1269	0.60348698423	1.16807687784279	-1.5866235	2.92646025
komo1260	-0.258277755588	1.11150321609798	-2.49741875	1.90782325
konk1267	0.552033877536	1.15377941378911	-1.67574925	2.8780185
kony1248	0.072544561079	0.892752791396355	-1.6541065	1.8117315
koon1244	0.1601274671365	1.08076486897441	-2.0160405	2.3167325
koor1239	0.4056705300555	1.04908075811842	-1.606916	2.55306275
kore1280	0.499668279242	1.14789364448359	-1.689038	2.83247325
kork1243	0.6452956991795	1.13489953302726	-1.50576075	2.99632225
koro1298	-0.667142150858	1.11683725670822	-2.948129	1.44359275
kosa1249	-0.4408068737435	1.04979746173282	-2.49660675	1.65818825
kosr1238	-0.429129545165	1.10731846902112	-2.7142945	1.6543925
kove1237	-1.55412091152235	1.08689045058739	-3.840622	0.37640375
koyr1240	-0.327027996506	1.13970572014072	-2.65278125	1.843792
koyr1242	-0.371255823495	1.16867147117602	-2.8652165	1.771785
kryt1240	-0.35195019866	1.05323504397437	-2.45680375	1.68262525
kuan1247	-0.233541097182	1.10905538524841	-2.482116	1.93178725
kuan1248	-0.78590400164	0.978624201032453	-2.790391	1.11755375
kuii1252	-0.3248662117825	1.03221386103547	-2.39048025	1.73883325
kuik1246	0.356263141195	0.963796284441172	-1.4829665	2.25367225
kuku1273	0.447341073298	1.11399579623394	-1.68316625	2.6980825
kuku1280	-0.02933857277653	1.06150028577853	-2.05012575	1.991901
kulo1237	0.626727672695	0.955622424453142	-1.24999575	2.5151375
kuma1276	-0.0293324488015	0.994294768117929	-1.96389375	1.965766
kuma1280	0.5411802815751	0.929110492798277	-1.2078255	2.433965
kumb1268	-0.6495494218055	1.07687571723417	-2.95589	1.399927
kumz1235	-0.578233945015	1.19366485777806	-3.11339525	1.62656725
kunb1251	0.71174083979	1.17609573402368	-1.427612	3.22500275
kuni1267	-0.3741814711985	0.885833479711631	-2.1545745	1.307439
kuot1243	-1.52839159126	1.02207468515869	-3.63524475	0.279314975
kurr1243	0.541521154165	1.13710278388342	-1.55164	2.95347575
kusa1251	-0.894098579305	1.07407664480902	-3.209997	1.02097575
kusu1250	0.361294930214	1.04368040956828	-1.6504545	2.49315525
kute1248	-0.833860491931	1.02773590094668	-2.9871045	1.068713
kute1249	0.6734924361115	1.1824163265301	-1.5403825	3.075238
kuyy1240	-0.3892462933465	1.07610935123004	-2.63913725	1.6511805
kwai1243	0.16784354608	0.924155174617395	-1.705319	1.85677175
kwam1252	-1.39741180576	1.01627823128767	-3.68738475	0.359611374999999
kwar1239	0.05850246708	0.898293640476195	-1.773217	1.7575505
kwaz1243	-0.41847222960245	1.12812005612805	-2.8207815	1.7354195
kweg1241	0.854440750355	0.990874343124068	-1.06870175	2.90572425
kwin1241	0.28415392417	1.20382381160233	-1.9571075	2.89052675
kwom1262	0.357027528959	0.953071201201518	-1.46571475	2.3137
kxoe1243	0.546405541237	1.12336425567212	-1.5834095	2.939941
kyer1238	-0.3229755848265	0.871979060597404	-2.0906245	1.336138
laal1242	-0.1851881678615	1.18491918071977	-2.43060075	2.19361825
labu1248	-0.7090217981465	0.857377483022189	-2.42618525	0.940722974999997
labu1249	-0.741066509059	1.00636992532408	-2.8413335	1.1661795
lach1248	-0.2812256619275	0.908980142364491	-2.08052825	1.42132375
lagw1237	-0.2913001892175	1.00185033068554	-2.2900595	1.5830675
lahu1252	-1.206027330225	0.89551814766861	-3.08324925	0.510730825
lahu1253	-1.408854691385	0.980656769491468	-3.5186195	0.319536925
laiy1246	1.0597671489355	1.08304948569504	-0.917179975	3.38399825
lala1264	-0.280294457931	1.15260089533876	-2.59879725	1.9350845
lala1268	-0.199617536918	0.896721636310167	-1.95555675	1.60577875
lama1277	-0.132798910447	0.972347107697862	-2.0092375	1.74681725
lamb1269	-0.29795752436475	1.0748519946711	-2.51275575	1.77411975
lamb1273	0.955025129362	1.14224514749693	-1.14200875	3.35840425
lamk1238	0.75632274083	0.952676695545251	-1.01127975	2.68687925
lamo1244	-1.571677691625	1.08515422457635	-3.82701925	0.448712849999998
land1256	-0.0265060171685	1.10954628773769	-2.22931	2.117572
lash1243	-0.3201981862485	0.94619570729282	-2.203782	1.46631975
latv1249	0.230959287527	1.17872382248689	-2.025998	2.71431225
lave1248	-0.647145171995	1.09365707390227	-2.8676685	1.36185925
lave1249	-0.379889339138	1.00329968506042	-2.30481725	1.602427
lavu1241	0.212259774783	1.049070501702	-1.8691395	2.29506175
lazz1240	-0.6060256316545	1.14648941097931	-2.8946175	1.526028
lega1249	-0.41638061579006	1.13856587446369	-2.7047045	1.71236924999999
lega1250	-0.2869420569005	1.14697647900684	-2.6711635	1.9198395
lele1267	-1.608626945545	1.0668548756758	-3.80630925	0.314759399999999
lemb1266	0.00363227145065	0.928260862130972	-1.86500625	1.8596965
leme1238	-1.37778959437	1.09505076516418	-3.65120025	0.531900049999999
lena1238	-1.410422194885	1.00182998851881	-3.6071495	0.322456949999999
lend1245	-0.06247543459865	1.10566266745896	-2.408072	2.03566925
leng1259	0.886587230285	0.954951969387715	-0.943139125	2.881633
lepc1244	-0.615885253414	0.987090901392813	-2.6426735	1.25644075
lese1243	0.892982907863	1.05864671514769	-1.12974925	3.08324075
lewo1242	-1.930230291443	1.00933871117038	-4.1224325	-0.105777725
lewo1244	-0.040472953806	0.969800109764325	-1.9449795	1.82822225
lezg1247	0.022225502045	1.07982535941599	-2.1906135	2.172341
libi1244	-0.9413607977195	1.15352119761789	-3.3121885	1.185136
liby1240	0.550488581487	1.13757625167625	-1.7101885	2.8674485
lihi1237	-1.11946699714	1.09629016581036	-3.428818	0.925399774999999
liki1240	-0.9211440599055	1.1708235795797	-3.352042	1.1348585
ling1265	-1.93529447835	0.862579099401859	-3.697488	-0.380413150000001
lipo1242	0.506104917146	0.980979925097926	-1.439434	2.56119875
lish1245	0.65459233154	1.1672292963914	-1.48272925	3.034171
lisu1250	-0.514203873721	0.873396369326258	-2.2910065	1.104241
lith1251	0.450975545281	1.15146015639926	-1.771558	2.8317925
lito1235	-0.89490716878735	1.15069809162499	-3.34878	1.27547725
litz1237	-1.8613043402395	0.854488973897007	-3.61940775	-0.304928200000001
livv1243	-0.715067963452	1.17447256465688	-3.20270575	1.4346285
logo1259	-0.394775641822	1.1332597701604	-2.829231	1.81131825
loka1252	0.193782853793	1.08939647375325	-2.01390775	2.3233905
lolo1259	0.34129528553605	0.970271624100157	-1.47922825	2.38234075
loma1260	-0.212810491964	1.15575196661835	-2.6279095	1.916495
lomb1257	0.34709623652	1.09914140160088	-1.75398775	2.64561425
long1395	0.8380984830375	0.962903962291667	-0.9723384	2.78904275
loni1238	-1.150002149	1.05969997044458	-3.43802225	0.753653925
lote1237	-0.914086606691	1.12283714621619	-3.38515425	1.1524435
loth1237	-0.4250441749445	0.916963470655845	-2.34063625	1.3370845
louu1245	-1.196311730568	1.07192607600516	-3.39012575	0.743921599999997
lowl1260	0.72626275252	1.03202960244865	-1.2596795	2.91260625
lowl1265	0.5100845914395	1.01121528369391	-1.4707375	2.46765425
lozi1239	0.29289261015396	1.10543121126657	-1.79830575	2.46373025
luan1263	-0.492272790665	1.1035066736565	-2.80031175	1.64560575
luch1239	0.3732385785165	1.07316348630004	-1.77351675	2.6178875
ludi1246	-0.429034805469	1.06787607879214	-2.614172	1.59534249999999
lugb1240	-0.4048107220574	1.14629387395509	-2.71000075	1.79393625
lugu1238	0.70406888565	1.06145661501819	-1.3123775	2.79209725
lule1254	0.7544903549725	1.12849833907383	-1.44289925	3.03528425
lumu1239	-0.995290279742	1.11386196479962	-3.38612575	0.986899074999999
luok1236	1.27734233412	1.05428284786732	-0.646385675	3.470684
luse1252	-0.672087260541	1.20391756028862	-3.1888465	1.5451705
lush1249	0.4307254835105	0.986246012405259	-1.464681	2.4979575
lush1252	-0.212552886926	1.09957494129726	-2.4497095	1.9423605
lusi1240	-1.657903744318	1.06570001374462	-3.91168425	0.252961175
luva1239	0.70474594881	1.08362252585371	-1.279912	2.92665725
luya1241	0.0775728853115	1.09321488558739	-2.14470475	2.2042995
maan1238	0.5582949405985	1.13629360727612	-1.5769055	2.83705225
maas1239	0.092670727619	1.0477182077983	-2.0088465	2.07418575
maba1270	-0.68967850569	1.18188284070536	-3.2100395	1.52778825
maba1277	-0.3086234447825	1.16736685364599	-2.61640725	1.96660025
maca1259	-0.671141522641	1.16954532544796	-3.12921775	1.4961385
mace1250	0.0086627632965	1.01957760236983	-1.96415	2.06646225
maco1239	0.413221199488	1.15645160196321	-1.8587695	2.76239
macu1260	-0.267953757017	1.08475025276203	-2.482181	1.72922225
mada1285	-1.43983613417	1.03255679298708	-3.627515	0.434643949999996
madi1260	-0.38204854644	1.15206270375355	-2.74303775	1.7263865
madn1237	-0.3975264394285	1.12429589326764	-2.7103685	1.81271925
maee1241	-1.77413149686	0.876829681677398	-3.58653475	-0.183893300000002
magd1235	0.698124963881	0.995423727632693	-1.208827	2.68673325
maib1239	-0.1557731217	1.05606627430058	-2.30488275	1.87974625
mail1248	0.2839434288755	0.996980477656826	-1.7109435	2.24820375
mais1250	-0.1997868796245	0.923120693172037	-2.0115725	1.527913
mait1250	0.30469225206735	0.962222675665212	-1.6445205	2.19101124999999
maja1242	0.221577017716	1.09002096427797	-2.01528125	2.39475875
maka1304	0.2685271629445	1.06584033867596	-1.75766	2.35798425
makc1235	0.25291569867	1.14032937972033	-1.9927505	2.53674375
makh1264	0.0455898509	1.14224765732036	-2.408618	2.283
makh1266	0.99634959683	1.10786884861489	-1.0797625	3.206677
mala1463	0.446612778925	1.15929374284878	-1.713437	2.90874174999999
mala1464	0.49731202826	1.10823033182651	-1.58441425	2.773591
mala1479	-0.15950021421	1.10592637268148	-2.39427625	1.986498
mala1522	-0.593090646786	1.15293651619995	-3.04410425	1.58453225
male1284	0.4863697164115	0.976705957752414	-1.391581	2.482685
male1289	-1.605308871405	1.08510271573811	-3.86470875	0.34607755
male1297	-0.337806648268	1.16393261096678	-2.754413	1.9149255
malg1251	0.433949415688	0.999892670199137	-1.51516175	2.527265
malo1243	-1.7983268964	0.938135646855073	-3.73520875	-0.0945130050000009
malt1254	0.5729893561895	1.14662323402646	-1.54050225	2.8378395
malu1245	-1.750431863885	0.884499792641178	-3.6065605	-0.099220712500002
mamb1294	0.02463331875485	0.980016679056353	-1.91523875	1.99210775
mamb1296	-0.3102965433725	1.12218365440382	-2.61294275	1.83207825
mamm1241	-0.8831915977685	1.12223404650848	-3.2927515	1.2264505
mamv1243	-0.1872478688185	1.1508633361136	-2.526881	2.133243
mana1288	0.4691121603915	0.948597120818946	-1.255757	2.39039375
mana1295	-0.5630386908928	0.956757166922855	-2.4886735	1.268854
mana1298	0.271366885673	0.948397240451849	-1.6020205	2.145802
mand1415	0.5754733853835	1.1061287704551	-1.42209025	2.86709825
mand1436	-0.1380897449635	1.14391750006814	-2.42897575	2.05013125
mand1440	-1.395323239315	1.07729095456587	-3.60169825	0.5317364
mang1378	-0.955135567248	0.980838174900917	-3.07552925	0.871789874999997
mang1381	0.555693180679	1.22905827140747	-1.7597925	3.18912575
mang1394	-0.5930904692185	1.11283796949313	-2.8734205	1.5473115
mang1401	-0.47236045239645	1.08931894067846	-2.69472725	1.6050245
mang1404	-0.5381987339894	0.834576655819249	-2.24678725	1.0047875
mang1405	0.603376083955	1.10162787821694	-1.501522	2.916267
manm1238	-0.3618043382745	0.886060835543754	-2.06745075	1.37434599999999
mann1248	-0.3048003821345	1.14817668513063	-2.63623425	1.971178
maor1246	-0.4092133546505	1.07304964913806	-2.623452	1.6345125
mapo1242	-0.61900030096	0.819322817974077	-2.2805735	0.9639323
mapu1245	0.557073237505	1.13438700923199	-1.5654765	2.91057725
mara1378	0.462512392258	1.1683518488834	-1.7039625	2.94459499999999
mara1382	0.2445060969396	0.939358275912417	-1.5446435	2.17223125
mara1386	-0.229072336488	1.06193497790459	-2.372246	1.85583625
mara1399	-1.795549963015	0.868015340174199	-3.5562395	-0.172035850000001
mara1404	0.2089827456645	0.970109123394397	-1.706316	2.2082515
marg1265	0.2683771023826	0.972082115407377	-1.615456	2.20427575
mari1424	-0.395244767222	1.08779475904233	-2.567427	1.697959
mari1426	-1.66530281261	1.13415331037441	-4.15732225	0.37414705
mari1440	1.14781855665	1.17211273559495	-1.014498	3.571499
mars1254	-0.409640696626	1.18124270484348	-2.85512575	1.9377775
mart1255	-0.24119156946045	1.0927692720454	-2.38510625	1.878066
maru1249	0.288623702225	0.990872264014724	-1.67365525	2.27580725
maru1252	0.449703312659	1.11076093922354	-1.65307625	2.73250075
masa1322	-0.5291846433435	1.07355395135743	-2.71918325	1.48381725
masb1238	0.1118683828325	0.980935859378378	-1.86332275	2.0294365
matb1237	-0.69893023029	1.14900876325804	-3.0113255	1.5164175
mati1250	0.0680204002745	0.955498378078947	-1.81762375	1.9558865
mato1252	-0.6726125005495	0.906844234823867	-2.58328875	0.972100249999999
mats1244	0.5233605884585	1.09901762137958	-1.562656	2.83599575
matu1259	0.8971385602675	1.17085607937019	-1.35283575	3.3279215
matu1261	-0.2437988227095	0.910207915701233	-2.1147465	1.48982075
maun1240	0.63666133637	1.14852564419189	-1.5432955	3.073664
maxa1247	0.83921104268	1.13824472612247	-1.2817405	3.17759625
maya1285	-0.950657338094	1.18052321260818	-3.45123525	1.15177
mayo1261	-0.4572147588785	1.13694944745058	-2.86620075	1.67773975
mayo1264	0.057005523305	1.19631620059175	-2.3823695	2.36801825
maza1304	-0.010418169365	0.924649843418831	-1.885548	1.75417475
mbaa1245	-0.42190497719885	1.18848405458937	-2.82228375	1.8564045
mban1263	-0.6183573056685	1.17994235632238	-3.14087875	1.53477175
mbar1260	-0.309320451115	1.03309404566478	-2.418897	1.685727
mbay1241	-0.5816516719395	1.11813993687892	-2.91416425	1.57210975
mbug1242	-0.14796245492605	1.09089216801669	-2.30738375	2.072803
mbul1263	-1.458479858766	1.05802915824239	-3.695262	0.401236175
meen1242	-0.0847084068655	1.01976875945374	-2.088711	1.88832975
mehe1243	0.397049327578	0.938319539946551	-1.450222	2.318064
meke1243	-0.17376792524935	0.908292289332425	-1.99276975	1.48156575
mele1250	-1.575516005625	1.06681733615528	-3.80914525	0.37892185
melp1238	0.44438028520215	0.963536051275383	-1.36967475	2.37960925
mere1242	-1.706626966855	1.0554867847632	-3.939633	0.166666749999998
meta1238	-0.492150808254	1.08246303017261	-2.79908175	1.5169705
mezo1235	0.618155495518	0.997903266427252	-1.258985	2.49868275
mezq1235	-0.1485171926645	1.05607559310547	-2.301032	1.90013775
mich1245	-0.261227884235	1.17372349805621	-2.7036695	2.01160425
midd1327	-0.469709616619	0.866523261443095	-2.25629725	1.191458
miju1243	0.356576500715	1.01467873128098	-1.56719175	2.36936925
mika1239	0.4544771779615	1.13618206980154	-1.73889025	2.868815
mikm1235	0.165854744494	1.13627757780583	-2.0628785	2.4354025
mila1245	0.4387427406315	0.990292725496478	-1.5358005	2.3689075
mina1268	0.83972926709	1.15473990098454	-1.283582	3.25553375
mina1276	0.009744610112	0.918110436659203	-1.84373575	1.7246115
mini1251	-0.82043469407	0.98673868854611	-2.85374425	1.14343925
mini1256	0.222895744295	1.06159471341455	-1.890295	2.2695105
minn1241	-0.5062431578965	1.10779720935346	-2.87667125	1.67956825
miri1266	0.279763440265	1.23236156153788	-2.17342525	2.79320075
misi1243	1.17153966862	1.17514822421064	-0.8784819	3.81758275
misk1235	-0.812173745335	1.11019119161644	-3.14992775	1.30487725
mixt1426	0.876089180104	0.974068324338938	-1.02494325	2.879707
miya1259	0.3955947823945	1.18893940903255	-1.86438125	2.85827725
miya1266	-0.952723640085	1.16546553592713	-3.4028605	1.15016425
mlab1235	0.706908951895	1.06324178889238	-1.34282525	2.94098675
moba1244	-0.368265759945	1.17735625564972	-2.8020445	1.8149715
moch1257	-0.9257555362367	1.13209227704923	-3.274188	1.17707175
moco1246	-0.4754451629685	1.11399338625626	-2.74724175	1.6072475
mode1248	0.50088233531995	1.1183656583339	-1.69546475	2.82384125
moha1258	0.280841711605	1.21424813198624	-1.9931735	2.75500025
moii1235	-0.663429751032	1.12648661184363	-2.96050525	1.4470015
moke1242	0.6454075390385	1.16877767965724	-1.57711475	2.974043
moki1238	0.45343432243	1.03731903085868	-1.524399	2.47666125
mokl1243	0.4922879794295	1.12684025547187	-1.7700365	2.778573
mokp1239	0.4827958160095	1.0502138360851	-1.6362125	2.617343
moks1248	0.4167669998595	1.11927442178762	-1.72529225	2.66784025
mong1338	-0.353726624535	1.14839524951615	-2.7035325	1.874291
moni1237	-0.853801282055	1.16817803480754	-3.36245925	1.38505925
monn1252	-0.48175494485	1.13421889984571	-2.76534975	1.654007
mono1273	-0.45162397553	1.09092499020444	-2.74893875	1.59613125
mono1275	0.234164336798	1.07972208713558	-1.8259335	2.4010035
monz1249	-0.77207491666	1.13327078676056	-3.1296855	1.320834
mopa1243	-0.489909593043	1.18329193643048	-2.92708225	1.822765
morm1235	-0.776967035908	1.05876317958973	-2.91612375	1.1093675
moro1287	1.105818707523	1.14488750430648	-0.957205875	3.509074
mort1237	-0.2677543640205	1.15086329173609	-2.5636735	1.8741135
mose1249	0.8690906933295	1.1280320745646	-1.2410115	3.32899825
motl1237	-1.3358563806695	1.09602314376225	-3.4903185	0.645212649999999
motu1246	0.50467296403	0.873439282185133	-1.13625625	2.28159575
mouk1239	-1.6434388316305	1.07921029064117	-3.94861275	0.317338024999999
moun1252	-0.180723307586	0.894129526865727	-1.93551125	1.5795775
movi1243	0.3105894994485	0.99985459283561	-1.68740525	2.26472975
moyo1238	0.366061444327	0.918784349972096	-1.40294775	2.14144375
mpad1242	-0.342098852094	1.06871509330089	-2.55804875	1.71572825
mpii1239	0.714047865925	1.05158096547244	-1.155328	2.93980025
mpot1240	0.812005126475	1.16930923360583	-1.399494	3.12612525
mpur1239	-0.4249201417955	1.09650618683425	-2.6141505	1.73072775
mual1241	0.7237846500245	1.0357779490605	-1.2463065	2.80944725
mudu1239	0.5726679349465	1.21933152241371	-1.722617	3.0642395
mudu1242	-1.374203674464	1.18648086111452	-3.82050425	0.912996149999999
mull1237	-0.07612657590805	1.14086027504474	-2.28419325	2.2407145
munc1235	-1.0925498994735	1.1017782870797	-3.32890425	0.880057424999997
mund1320	0.9312378725575	1.21474841563172	-1.2678945	3.6090005
mund1325	-0.27320701805	1.04433042989932	-2.3484485	1.6393235
mund1328	-0.890874895945	1.02900490476932	-3.097947	0.953735624999999
murl1244	0.829759554065	1.10264022943093	-1.23355675	3.10154825
muru1266	0.458283172997	1.09083520868164	-1.64302725	2.6747085
muru1274	0.533402164635	1.09214632424906	-1.6833095	2.73382675
musa1266	0.14317157577	0.854477228530183	-1.45936775	1.937191
musg1254	-0.0818866871235	1.01365207641204	-2.1551495	1.920271
muyu1244	0.917859676359	1.09045358742787	-1.191108	3.149991
mwag1236	-0.8787105559765	1.14618917957422	-3.24610775	1.325883
mwan1247	1.030986549375	1.12785594473748	-1.04992425	3.38141425
mwan1250	-0.37150666131	1.06966836836663	-2.6272265	1.62802625
nade1244	-0.5160391603545	1.05726090634038	-2.72981625	1.46406425
nali1244	-1.52184518665	1.04165044544384	-3.68572275	0.350385349999999
namb1293	1.55781892715	1.1110469839844	-0.378064	3.972745
namu1246	-0.947700155149	1.07449841597699	-3.248514	1.07503375
nana1257	0.27537987982	1.16303622244772	-2.023669	2.631474
nand1266	1.02983706243	1.06490257908384	-0.969968775	3.16486325
nang1262	0.79300261987	0.962028439606206	-1.0118995	2.74379775
naru1238	-0.63490072972	1.08189006051439	-2.83768	1.406542
nati1244	-1.939981430895	0.915493161475667	-3.82258025	-0.291105825000005
natu1246	0.8221882247577	0.964948293054633	-1.0262185	2.76676575
naue1237	-0.7238418958069	1.11113875132864	-3.005508	1.265354
naur1243	0.75110738359	1.1548837143965	-1.29382975	3.202404
nava1243	-0.3772329594195	1.11299109283403	-2.65015775	1.83284425
nawu1242	-0.362569829391	1.13710620888174	-2.74493675	1.90130175
naxi1245	-1.1599731487425	1.03386293533817	-3.39151825	0.665580849999998
ncan1245	-0.8372906303	1.01539227726168	-3.01310275	1.08425975
ndam1239	0.647415865077	1.03719677543382	-1.29407	2.77102024999999
ndog1248	-0.39130994025	1.17233897763182	-2.75578025	1.895964
ndom1245	-0.878001671262	1.08803475260844	-3.23142625	1.18232825
negi1245	0.204870715766	1.07553612344445	-1.98437675	2.33536575
neha1247	0.3277587808995	1.04513475513716	-1.6699615	2.41423775
nend1239	-0.0681170430255	0.874234230752638	-1.7904855	1.7171725
nene1249	0.5264796316817	1.13959574342864	-1.6273295	2.949922
neng1238	0.5455111093315	1.08224125880609	-1.57830975	2.762172
nenn1238	1.51926028505	1.10425136888464	-0.413025025	3.88738875
nese1235	-1.75990580152	0.889106153042898	-3.63548225	-0.11297495
newa1246	-0.38526035581525	0.886398703598227	-2.16397875	1.273652
nezp1238	0.8807664012685	1.15880210294752	-1.2046995	3.36216925
ngaa1240	-0.6285009625365	1.10632133647126	-2.88441125	1.442493
ngab1239	-0.3240938470225	1.1854535011602	-2.762635	1.940575
ngal1292	0.6391100904375	1.18566522146952	-1.71261575	3.158142
ngam1268	-0.55996734235	1.12813459878319	-2.97523475	1.41352025
ngan1291	0.5270093229855	1.12146983188208	-1.53448175	2.85256725
ngar1235	0.417197685328	1.08437253640206	-1.6089425	2.63825299999999
ngar1283	0.311555651384	1.17782622638822	-2.04149275	2.62795525
ngar1284	0.352248260953	1.20575300805628	-1.92948425	2.79854325
ngba1284	-0.584263268616	1.1511157959654	-3.01482975	1.5325565
ngba1285	-0.835532628443	1.14146252650172	-3.2255235	1.23194475
ngit1239	0.8349315743435	1.07496840057229	-1.223397	3.04222225
ngom1268	-0.77605400397	1.1720952506092	-3.26473075	1.37475525
ngul1236	-0.57860254916	1.1348486923596	-2.83614175	1.54610275
nhan1238	0.526933562832005	1.10475882586008	-1.5316225	2.8031625
nhen1239	0.4615399301125	1.09865901585726	-1.6503295	2.6102935
nige1253	-0.6924671358125	1.12834329204443	-3.022272	1.471083
niha1238	0.5526157086655	1.13538734857765	-1.61802	2.9054135
nina1238	-0.6047725511615	1.17313477975398	-2.9296115	1.598734
nisg1240	-0.83057513547	1.15434481972233	-3.18372225	1.3615905
niua1240	-0.3201764733575	1.1471125783703	-2.642333	1.8788985
niva1238	-0.229217632235	1.13197638634143	-2.57155675	1.93506275
njan1240	-0.3813123768585	1.06364704033382	-2.47552675	1.63777075
noct1238	0.66108487183	0.914955996607973	-1.09088075	2.42030575
noku1237	-1.435693019125	1.13456276355348	-3.76798675	0.701741825
noma1260	0.9494803098145	0.937008352971023	-0.837485475	2.88838475
noon1242	-0.3252003265205	1.16635897643462	-2.616166	1.94668775
noon1243	-0.7775778852125	1.02159531720353	-2.94655975	1.15014
nopa1235	0.763363704248	1.03387381097585	-1.2012945	2.9007375
nort2671	0.607277666865	1.1588140162159	-1.56646	3.12315975
nort2684	0.3011857284655	1.08505769283617	-1.776028	2.436609
nort2690	-0.3434929395595	1.15676705335797	-2.6868575	1.8734015
nort2697	-0.14201622053	1.01846210022788	-2.27889825	1.785161
nort2699	0.443606633446	1.17733988454807	-1.7698765	2.73359375
nort2702	-0.63280105935365	1.0476762369562	-2.75782	1.4231535
nort2722	0.5833652287675	1.00100177173403	-1.35830075	2.53757125
nort2723	-1.1207725531707	1.07694815422041	-3.3324325	0.838208725
nort2724	-0.920737617925	0.985617154934573	-3.0332785	0.8841063
nort2732	-0.80210552849793	1.15684783976477	-3.2933745	1.4158705
nort2745	0.30556515615	1.19861782455456	-1.99719825	2.72683425
nort2747	-0.542851469797	1.10184950008984	-2.92216175	1.52753325
nort2774	-0.584794673218	1.204371127317	-3.1460945	1.72653
nort2775	-0.26236939187	1.17974161767432	-2.7903305	2.02557225
nort2845	-0.470122206216	1.09898780945323	-2.7907925	1.566079
nort2847	-1.44642439879	1.02002830527798	-3.69632175	0.372577674999999
nort2885	0.2835466698454	1.00588778579034	-1.579	2.34111275
nort2930	-0.35053172562595	1.05285276070798	-2.58223925	1.57803625
nort2938	-0.576547128334	1.16098943528396	-2.92141375	1.6874925
nort2942	-0.40790724564	1.12011369160247	-2.687418	1.676794
nort2954	-0.241421095058	1.16961088504545	-2.6222865	1.89510425
nort2957	-0.397602987652	0.992717908571594	-2.35442075	1.48860825
nort2959	1.056778970925	1.1445421140423	-1.07038925	3.4308965
nort2961	0.2165764124155	1.18406399534131	-1.99839775	2.548717
nort2972	-0.446286001035	1.16860540698998	-2.8394695	1.7817725
nort2980	1.123208985388	1.11695403061061	-0.924517425	3.4630635
nort2994	-0.589485423442	1.11220357468865	-2.91709325	1.5375695
nort3047	0.0684752720605	0.983042556548278	-1.81232125	2.082283
nort3139	0.63861470581	1.06442879716087	-1.39702575	2.82818375
nots1237	-1.5273386397075	1.03333947676597	-3.65021325	0.366992974999999
nsen1242	0.7939694487154	1.12275425710085	-1.38677575	3.0867455
nucl1235	0.4675505050422	1.05454832896229	-1.61099675	2.63444425
nucl1240	-0.210647066782	1.09527471623224	-2.47377825	1.93174775
nucl1301	-0.3454721624635	1.1489778172392	-2.74602125	1.7403145
nucl1302	0.2188099470805	1.11357092646305	-1.96866375	2.4622455
nucl1305	0.4475926237315	1.21178955472761	-1.8094985	2.93432699999999
nucl1310	-1.139148068814	1.01382678448362	-3.333107	0.74736705
nucl1327	0.5375474460335	1.20377030372289	-1.803933	2.955966
nucl1347	-0.3674038585205	1.21920850899431	-2.8416195	1.9763655
nucl1417	-0.5434614294985	1.03755246679032	-2.695821	1.3628725
nucl1452	-0.6521529865685	1.01322498468992	-2.736578	1.26836975
nucl1454	-1.003318711235	1.06218817779413	-3.229989	0.9024547
nucl1458	-0.5131484101525	0.937716649686017	-2.518287	1.28202625
nucl1593	0.1968363524775	0.93407181249682	-1.604684	2.06958825
nucl1595	-0.7353947348855	1.00808159807687	-2.7946305	1.218409
nucl1622	0.342241580547	1.09390326202402	-1.72958	2.55929825
nucl1633	-0.2592857997715	1.11197165292136	-2.46471825	1.95533625
nucl1643	0.514226245235	1.17629787212734	-1.59624125	2.9948485
nucl1706	0.404013246354	1.13921515076177	-1.782111	2.74168875
nuer1246	0.8464742617685	1.10929833889855	-1.3045235	3.1487035
nukn1238	-0.68360956209615	0.898035159524638	-2.4549575	0.976078249999999
nuku1260	0.6172449367905	1.09847900395709	-1.38564175	2.92313
nung1282	-0.430892324761	0.940818439050084	-2.345781	1.351033
nupe1254	-0.3848868661	1.14449643999223	-2.774361	1.70229625
nusu1239	-0.5055720693395	0.89260056723079	-2.3576675	1.16525025
nuuc1236	0.067454209787	1.0661087702107	-1.98220325	2.2287045
nyah1250	0.69869022949	1.1339860762788	-1.44076325	3.07767925
nyak1260	0.65070538712285	1.09038951797093	-1.34464525	2.8838805
nyal1254	-0.2778075687265	1.08712458189628	-2.4669475	1.81399475
nyam1285	-0.772102909544	1.09590993531716	-3.06578175	1.241892
nyan1301	0.474467690045	1.12010309212063	-1.6167255	2.697619
nyan1307	0.8238791603405	1.12260948563484	-1.24290725	3.13207174999999
nyaw1247	0.84923832442	1.13847555452654	-1.25455875	3.25563425
nyig1240	0.37106930243	1.22074472462351	-1.942198	2.9277335
nyis1236	0.292247268717	0.925861130456192	-1.485798	2.14214675
nyor1246	-0.0855856597525	1.0236489832343	-2.15587625	1.901015
nzak1246	-0.531514075545	1.11538438045255	-2.80937325	1.614032
nzak1247	-0.4507868137995	1.12185199872133	-2.73705675	1.73816275
obok1239	-0.876362969505	1.11201816563639	-3.198604	1.22171175
occi1239	-0.39068013566	1.16798555084095	-2.85560375	1.832958
ocot1244	1.038740216688	1.00553296386405	-0.85277375	3.12969275
ofay1240	-0.4004288513955	1.18700659645229	-2.75385575	1.85653925
okan1243	0.691230876711	1.15287059117745	-1.430252	3.11818125
oksa1245	-0.07832087112	0.970076708191071	-2.05880175	1.849945
oloo1241	0.142223610737	0.894848162037276	-1.5955275	1.92718625
olut1240	-0.191137141019185	1.04739768946996	-2.34015175	1.889044
omie1241	-0.1411091403875	0.886568022699836	-1.92770075	1.533355
onon1246	0.359016413477	1.1644206468629	-1.90452875	2.78709724999999
onto1237	0.6463036648015	1.12718242380523	-1.49465425	2.945768
oriy1255	0.878104421625	1.06979845589532	-1.18616575	2.9981715
orok1267	-0.530251969027	1.02243888163726	-2.60056275	1.37431525
orok1269	-0.400959849805	0.902346879518861	-2.2511205	1.32693575
orow1242	-0.3046643488965	0.973631701398374	-2.30814875	1.512571
otta1242	0.152352479175	1.23063932338131	-2.25423325	2.558457
owaa1237	0.7165066485405	1.10468213307239	-1.399601	2.84815125
paaa1242	-0.899263658885	1.14318798013536	-3.33962825	1.14702275
paam1238	-2.0175196750385	1.01165167893402	-4.2191755	-0.17622915
paas1238	-0.15467018049	1.15719646661735	-2.592049	2.1128755
paco1243	0.293443574332	1.02967748841265	-1.67690025	2.3724645
pagi1243	-0.568099535582	1.15265924556478	-2.90859775	1.66197675
pagu1249	0.0859818005675	1.01762747414346	-1.86205975	2.22046075
pahn1237	0.041171144682	0.946864112102635	-1.79886175	1.91154625
pala1344	-0.4758044546765	1.13723869473209	-2.74437925	1.7898285
pamb1243	-0.539782392432	1.183069764009	-2.96652675	1.74441525
pamo1252	0.979464631611	1.1592829487629	-1.14014125	3.36907125
pana1307	-0.1237972724615	1.1140270585988	-2.37267175	2.081995
pang1287	0.37042329537925	1.13555692880104	-1.83818875	2.52297425
pang1290	-0.6552702372305	0.972886487666586	-2.6087925	1.29812275
pang1291	0.4340008258725	1.08411710327896	-1.61051975	2.656321
panj1256	0.5088852847802	1.133091737375	-1.611493	2.81489925
pano1254	-0.703094142441	1.09898794321819	-2.97316025	1.375815
papa1238	-0.28219061867	1.0156058921447	-2.375347	1.7531205
papa1265	0.243362552652	0.93776657044638	-1.590188	2.0823535
para1301	-0.707463061028	1.10285639079621	-3.00579925	1.34434175
para1302	-0.042149766815	0.915368950112691	-1.9146765	1.73154975
para1311	-0.413929417254	1.10469142003965	-2.584147	1.68708325
pare1266	-0.198552039688	0.943349460065872	-2.075271	1.6014035
pare1272	0.446998476886	1.14208535214525	-1.640166	2.7847115
patp1243	-1.042137759735	1.02214665531539	-3.1394035	0.789754999999999
patt1248	0.8370826551109	1.12016581351048	-1.198044	3.19819475
paul1238	-0.5653701538695	1.13426699418601	-2.904623	1.70507025
pawn1254	0.434699815219	1.14177609691868	-1.78680125	2.8233235
payn1244	-0.11264019655	0.890013542374479	-1.880943	1.6808835
pech1241	-0.4982025435795	1.22961699081706	-3.035392	1.74567025
peer1241	0.030364945615	1.1236577317044	-2.217659	2.2101075
pela1242	0.276107888977	0.934906216539175	-1.5031955	2.18768475
pemo1248	-0.623556205592	1.11661879179722	-2.91643775	1.4508815
pend1242	0.9639923135035	1.07547862680178	-1.06223575	3.1580785
peri1253	-0.6546001737548	1.11276284484761	-2.89911375	1.47340825
pich1237	1.126599469685	1.15734023521113	-1.012931	3.51216625
pila1245	0.6342917592455	1.11541169224459	-1.50229675	2.87795975
pile1238	0.52458348641	0.904702532528091	-1.24112525	2.27854425
pima1248	-0.120424014025	1.14672031249421	-2.47517075	2.0876085
pina1252	0.11496586835095	0.903354406537989	-1.63618025	1.85966625
ping1243	-0.1231220799715	1.09437338050708	-2.33234275	1.90022349999999
pint1250	0.5078071782555	1.12062077568043	-1.684433	2.85753025
pipi1250	-0.476559747315	1.17638365566068	-2.8466895	1.72797225
pite1240	0.800880544825	1.16345546803144	-1.38349975	3.2776665
plai1258	0.1064286884245	1.2449716807122	-2.30617275	2.714267
pnar1238	0.298781496388	0.9636545968228	-1.62012025	2.16498875
pohn1238	-0.17870924148	1.0683625467226	-2.315519	1.88952774999999
poko1263	0.3200302901455	1.07803345927606	-1.81195825	2.429222
poli1260	0.4313609963335	1.18060969843586	-1.8087635	2.90856524999999
popt1235	-1.00051215025755	1.08146063695091	-3.277659	0.96799155
port1283	-0.553235101555	1.17058297561282	-2.96275225	1.612706
port1285	-2.05515563541	0.917899547621382	-3.919606	-0.41237225
pras1239	-0.58259076135	1.13150944119489	-2.93967375	1.522621
psik1239	0.34545461422	0.921880536539712	-1.457185	2.18423
puka1242	-0.46091230166	1.12957881727659	-2.82859625	1.66493275
pula1262	-0.222693124193	1.1429226191143	-2.60299475	1.9981095
pula1263	-0.2933510438855	1.16351817193755	-2.65530275	1.93227725
puma1239	0.71119044643	0.856625037605836	-1.00831825	2.3680905
pume1238	-0.342374860035	1.15523909129433	-2.66638875	1.89528125
pure1242	-0.5079835790295	1.10971535739176	-2.7796005	1.5071135
puri1258	0.789756711157	1.15404206215745	-1.28941675	3.24639225
qanj1241	-0.962071684455	1.10192445087308	-3.3046395	1.0832425
qawa1238	-0.30606910404	1.17091825790377	-2.794717	1.9088155
qima1242	-0.5805317400145	1.16109124552992	-2.8952865	1.54938325
quer1236	-0.4267757321885	1.03951380877051	-2.5548945	1.5964725
quio1240	1.522360254643	1.02001991936798	-0.305057625	3.62814925
rabh1238	0.233478200681	0.975250170515222	-1.683892	2.2300285
rade1240	-0.470642505428	1.05058498942046	-2.69168075	1.57927425
rama1270	-0.470112382914	1.20264210566311	-2.9300375	1.81714075
rapa1244	-0.46331189049	1.09937078406044	-2.81067125	1.61223725
rapa1245	0.7267716822255	1.14030503838367	-1.40066725	3.14358025
raro1241	0.7175385602385	1.14514726445993	-1.38921125	3.06407225
rata1244	0.566504653822	1.15563267416504	-1.6537155	2.9618305
raut1239	-0.620106852755	1.07486468727574	-2.99397475	1.4296055
remb1250	0.04699753762135	1.09023490628849	-2.16564525	2.11930025
remo1247	-0.559717676836	1.07837645555373	-2.675429	1.5056245
reng1252	0.44286465077	0.962968246783151	-1.43553975	2.39648125
rere1240	-2.0370409983	0.882393149026837	-3.90134975	-0.420999900000001
reye1240	0.7362333142785	1.10928837417585	-1.29831325	3.0804685
rian1263	-0.887062762475	1.08851619606753	-3.175733	1.118657
rikb1245	-0.2827855106833	1.16304129402966	-2.70949825	1.93055475
roma1326	-0.0824416679075	1.06609856801085	-2.1760125	2.129922
romb1245	-0.391774533445	1.0588344168187	-2.62457625	1.665661
rong1264	-0.981417913476	1.16692735185583	-3.39056	1.2387425
roto1249	0.23160739446	0.929088214414705	-1.60622025	2.13785
rotu1241	-0.425721444296	1.11292567129654	-2.6797555	1.70677925
rovi1238	-0.8773308235185	1.07674471501869	-3.109702	1.01668
ruch1235	-1.061342703195	1.14777834881085	-3.55867525	1.02931375
ruka1240	0.370153627205	0.946565296468567	-1.4843045	2.32393475
ruma1248	0.378567166209	1.0050308223761	-1.55484725	2.38006575
rung1258	-0.4034974808232	1.182443010858	-2.73950775	1.939458
rung1259	0.36040405137859	0.994997224269081	-1.5396795	2.41217624999999
russ1263	0.386359096482	1.18320433836134	-1.90004825	2.7407515
saaa1240	0.30304967808	0.996697699709617	-1.63645375	2.26230425
saaa1241	-1.996329177085	1.03120544491742	-4.1824185	-0.0593581400000014
saar1237	0.168265959709	0.913922720170685	-1.6150425	1.932018
saba1267	0.238102384189	0.920513538821467	-1.53599325	2.14141775
saba1268	0.169914488585	1.0787082455258	-1.9999095	2.2792035
sabu1255	0.81661647437	1.08589107821488	-1.13682175	3.1421375
sais1237	0.98949070631165	1.07904942379312	-0.9742681	3.182481
saka1289	-1.721779486655	1.0952504580226	-4.0883845	0.251698525
saki1248	-0.30363704154	1.12320032288963	-2.645741	1.91349825
samb1305	0.1583893729045	1.07317776851979	-1.9277245	2.3093215
samb1311	0.111253798767	1.06222944792248	-2.00052725	2.180372
samo1305	0.69007186534	1.04399389041066	-1.24297275	2.914344
sana1295	-0.758602644188	1.10125767754807	-3.084189	1.38127625
sanb1242	-0.3604173031585	1.18336448016874	-2.848994	1.838683
sand1278	0.014753318165	1.10296098278723	-2.2196445	2.108188
sang1321	-0.4863302892155	0.900531573484353	-2.2878195	1.1790625
sang1331	-0.2392687576515	1.14942065359218	-2.53388525	2.03899375
sani1269	-1.15951684417	1.06734351947181	-3.28571675	0.889627099999998
sanj1284	1.314305662407	1.01212229454549	-0.4932001	3.43754375
sanm1289	0.843030611865	1.19238423117312	-1.382997	3.32042125
sanm1295	0.490154751125	0.965538339570127	-1.38576225	2.421504
sant1410	0.7300023785265	1.11349391796734	-1.4148335	2.96205525
sant1436	-0.1032784571595	0.993284110396793	-2.10715825	1.7998855
sant1451	0.8590871419529	0.963820192212786	-0.94084865	2.8300625
sanu1240	-0.326429179915	1.15842386698213	-2.688655	1.85892375
sapo1253	0.131784525275	0.95134108984563	-1.682663	2.08354175
sapu1248	-0.368033132721	1.04368074511424	-2.54011425	1.66191625
sara1321	-0.322896572149535	1.20869161980901	-2.792496	2.001208
sars1236	-0.293586013249	1.08962357868073	-2.49866175	1.7403365
sasa1249	-0.54622330478435	1.13829850440218	-2.91620225	1.61204775
sata1237	-0.3856336789765	1.11295431416811	-2.706674	1.726324
saur1249	0.804550313356	1.14418743087449	-1.34349475	3.146534
savo1255	0.574982671476	0.944690707762739	-1.26746	2.42727225
saya1246	-1.02709112573205	1.16487788774271	-3.478204	1.08891075
seda1262	0.6218941471775	0.946336855110212	-1.136731	2.52203875
seim1238	-0.3055920645895	1.11068067362313	-2.50348125	1.85010525
seke1241	-1.98906724579	1.02866947726393	-4.11406	-0.0681127025000019
sekp1241	-0.377013413855	1.04474862907604	-2.5928725	1.6557625
sela1259	-0.3986162836695	1.16600882816559	-2.76292525	1.83860225
sela1260	1.1396737796985	1.08354634977831	-0.7420265	3.46252175
sele1249	-0.465382189103	1.05044510789614	-2.6601415	1.512669
selk1253	0.511956157631	1.15429511692194	-1.669642	2.76863325
sema1265	0.613414769095	1.03366429313322	-1.31083725	2.86504825
seme1247	0.4800755038805	1.09494642124387	-1.6283075	2.679525
sene1264	0.39682902875485	1.17193981598697	-1.78848975	2.85886225
seri1257	-0.192418183222	1.16055455537192	-2.49463375	2.00968575
seve1240	0.1967898173205	1.17568957358932	-2.10142625	2.5946465
sgaw1245	0.2471589526065	1.12478416309451	-1.9568925	2.40871225
shab1252	0.19013372844045	1.07806373062884	-1.92775	2.32724475
sham1280	-9.15793085000004e-05	1.08017373245311	-2.145437	2.07455475
shan1283	-0.25048219158	1.14157783334778	-2.52960825	1.98310725
shaw1249	0.252051251877	1.22048421298975	-2.046023	2.80146925
shee1238	-0.527185268074	1.08644322482097	-2.73822625	1.56131
shil1265	-0.3751018921885	1.11898438848819	-2.6307185	1.75672225
shix1238	-1.184169313262	1.08526744231589	-3.47048875	0.746854774999999
shol1240	0.5708687988015	1.21471378095807	-1.7422135	3.14279175
shon1251	-0.21420711886	1.12443129354683	-2.5790275	1.9242465
shor1247	-0.308769727855	1.13095165862689	-2.579446	1.92734475
shos1248	-0.173537600631	1.14731953811396	-2.51112125	1.93328125
shua1257	0.1572280085105	1.07270391998507	-2.0063765	2.320862
shwe1236	0.088129182659	0.98713371343376	-1.87573275	2.05663675
siam1242	0.457145391133	1.01353959000488	-1.56022725	2.53226825
siaw1243	0.54696302327835	0.922392642253123	-1.20112175	2.3371195
sich1238	-0.9986918302545	1.08536275629838	-3.357817	0.999249549999999
sici1248	0.78496869052	1.09540092610421	-1.2392045	3.08693325
siee1239	-1.4377373024365	1.0959410407598	-3.78133125	0.567295074999999
sier1248	0.701258109771	1.07245599780145	-1.347731	2.81791975
sier1250	1.52758206252	1.0155923203035	-0.303602175	3.60798225
sika1261	0.67756535346	1.13373481271827	-1.5038075	3.0151605
siks1238	0.367405486431	1.17321082283796	-1.86202925	2.62238824999999
sina1266	0.629867966895	0.905376737014094	-1.11035775	2.48198525
sing1264	0.776442715335	0.95497121253932	-0.9876119	2.70812625
sini1242	-0.404909485625	1.20631754202113	-2.75114075	1.88352825
sioo1240	-0.98329797168	0.977313590642991	-3.016819	0.721876724999998
siri1273	-0.4103259789445	1.11275604710833	-2.63837625	1.69803125
situ1238	0.9307352215595	0.980898743557882	-0.880757625	2.9745515
siwi1239	-0.3891687502669	1.19452704703376	-2.9162735	1.899514
siwu1238	-0.448463206073	1.05996944257349	-2.6899625	1.58126075
siyi1240	0.944684303113	0.977317249471261	-0.845281975	2.93617175
skol1241	0.5267768267125	1.18418402017488	-1.6791635	2.93477425
slov1268	0.367783703542	1.13658106431274	-1.75482775	2.67307925
sobe1238	-0.3544213762225	1.01545962254772	-2.4322595	1.64049175
soch1239	1.3919177804035	1.04836760782218	-0.474552575	3.56388625
soga1242	0.940728421568	1.10382263344742	-1.1462935	3.17520175
soni1259	-0.2800126686775	1.15600089066474	-2.68837475	1.8476825
sons1242	0.767598113164	1.09013323204641	-1.402767	2.95533725
sooo1254	-0.1320253439885	0.970806105655498	-2.06694375	1.7112305
sooo1256	-0.02199490986585	1.10851427586578	-2.2764645	2.0979805
sora1254	-0.186793595530655	0.931835409010522	-2.06194025	1.65271875
sout1528	-0.8254421347	1.14936154111089	-3.2231005	1.32015975
sout2649	-0.591258660745	1.12313234345986	-2.9426795	1.59454675
sout2674	0.4972788229145	1.17125232698807	-1.692672	2.828345
sout2679	-0.7881528943695	1.0491772797878	-3.000369	1.2006055
sout2728	0.8317858684835	1.04479061360553	-1.13795625	3.0370405
sout2729	-1.384364849175	1.07641181350704	-3.721874	0.49662235
sout2730	-0.020021503823	0.964696582177077	-2.00065675	1.85314825
sout2782	0.28823986281425	0.988289575547646	-1.58799925	2.28236475
sout2807	-0.294751486821	1.20657240275772	-2.758715	1.994084
sout2857	-1.915779717951	0.927266720615277	-3.75190725	-0.217940050000002
sout2859	-2.04079481144	0.991213211124403	-4.20586675	-0.268865600000001
sout2869	-1.39192029557	1.01002184668841	-3.65629475	0.338761549999997
sout2896	-0.40433260643585	0.975294481028573	-2.36746425	1.423557
sout2918	-0.74604153925	1.07653385114758	-2.97120025	1.26458075
sout2956	-0.128724360968	1.13619388341958	-2.37462675	2.13672124999999
sout2959	-0.4750271156355	1.1222852887857	-2.85388875	1.66098925
sout2976	-0.48030510371	1.14721110008121	-2.884042	1.717193
sout2985	0.5726912275295	1.04615525892541	-1.396937	2.7687935
sout2994	-0.2963605304955	1.16687241110259	-2.64812125	2.00100475
sout2996	0.582674526698	1.1060091948344	-1.46313025	2.87623475
sout3236	0.7235106997955	1.07962221657851	-1.3232585	2.88510925
sout3261	0.3317438905805	1.08101673658668	-1.68538175	2.446563
stan1289	-0.4515579859645	1.14144618219985	-2.85415975	1.74287525
stan1290	-0.498367693725	1.10747196707046	-2.76483375	1.63203025
stan1293	-0.5017236678075	1.1599161097173	-2.99327775	1.73820875
stan1306	-0.089397239825	1.04662762564433	-2.1349965	2.02462475
stan1318	-0.750651256102	1.1303182985308	-3.053199	1.430878
suba1238	1.350428074618	1.05672117678275	-0.549165625	3.536408
sund1252	-0.4880473728405	1.07234634523895	-2.77111125	1.64311075
supy1237	0.0161891584615	1.17891019818813	-2.37737725	2.402388
surg1248	-0.5616101404155	1.15060652256165	-2.9691195	1.56029125
susu1250	0.2670336879245	1.10020718078529	-1.9426605	2.434601
swah1253	0.29071970144	1.07763670436377	-1.88209875	2.53080925
swed1254	-0.505880006182	1.11364408983051	-2.763687	1.60429875
taba1263	-0.0017511062215	1.04147820737295	-2.054925	2.12722875
tabo1241	0.274783803375	1.08861815621887	-1.90798375	2.412161
tafi1243	-0.473300652465	1.06614375469746	-2.73582075	1.592327
taga1272	0.229949137374	0.988399266092762	-1.64945975	2.2040015
taga1273	0.3976624848095	1.06595307851912	-1.707344	2.572395
tagi1241	0.102167811091	0.966350724244474	-1.7661955	1.97685174999999
tago1246	-0.854202849435	1.11352116716977	-3.168857	1.193699
tagw1240	-0.0143964803335	1.13109533960741	-2.396486	2.24363175
taha1241	-0.3697767901805	1.18629876681834	-2.85595025	1.907186
tahi1242	-0.487912712965	1.09835154924233	-2.71466425	1.60824475
taia1239	-0.3530614544032	0.920730161977514	-2.18923425	1.43276175
taji1246	0.97659485164	1.05557603142912	-0.9591937	3.13590775
taku1257	-0.3987450485215	1.07734902154004	-2.56138475	1.69508025
tama1365	-0.6603372061105	1.06203160229981	-2.8718005	1.35174125
tamb1254	0.0082592258115	0.91537931741552	-1.820075	1.87827875
tami1289	0.4008279720935	1.19456796641542	-1.83302625	2.82288075
tane1237	-0.7429424150931	1.03778665342884	-2.84988075	1.122649
tang1336	-0.51384680575	0.909727702134379	-2.37523125	1.15710325
tang1347	-1.73568682141	0.982749975330003	-3.77400025	0.0707061399999995
tang1373	-0.2116295957805	1.07582382670062	-2.38026525	1.80767925
tang1377	0.086780787407	1.01298282650885	-1.962038	2.02533575
tari1256	0.311768171705	1.00780763880035	-1.639063	2.3652865
tari1263	0.98537450396	1.14341941166668	-1.2297565	3.422296
tata1257	0.156401767283	0.912448244458392	-1.63864175	2.065066
taul1251	-0.6754263843475	0.987400207250766	-2.707368	1.210146
taus1251	-0.8163202431855	1.07254543348291	-2.99427225	1.14200475
taus1253	-0.397132717168	1.13296525256719	-2.64366075	1.77190475
tawa1286	0.9106951209435	1.12551704941772	-1.2302015	3.23277775
taya1257	-0.44957073975	1.14076620085009	-2.7212245	1.66506825
tbol1240	-0.2717237021435	1.07493655418496	-2.4220035	1.860495
tean1237	-0.7079854867435	1.03851991102981	-2.8914195	1.16613175
teda1241	-0.373148608253	1.10975242511704	-2.6510745	1.72847775
tega1236	-0.841679815765	1.10683661025581	-3.13155925	1.17398425
teke1275	0.8433593294845	1.11186587992319	-1.19125775	3.17765175
tekt1235	-0.9449874629505	1.12416229651164	-3.217441	1.1614185
telu1262	0.1529035822535	1.22797222128406	-2.28472075	2.643898
temb1272	-0.792844456203	1.17423129685455	-3.3557075	1.3299855
temo1245	-0.5145025189455	1.01327018906486	-2.56812675	1.4043865
temp1235	-0.0203207076565	0.919166167032847	-1.797874	1.7368685
teng1272	0.439145017326	1.13096485226406	-1.756121	2.811357
tenn1246	0.59792519536	1.1316943501868	-1.61013375	2.88848275
teop1238	0.251945167046	0.929921713242761	-1.5440935	2.19652525
tera1251	-0.469172955158	1.05965799479937	-2.74977825	1.51970025
tere1279	-0.4479158038885	1.12109713889887	-2.7849665	1.76998925
teri1250	-0.396586040167	1.17080610187581	-2.8862225	1.9090835
term1237	0.14266149188	1.03713240932896	-1.92928325	2.2819
tern1247	-0.3701147165695	1.02104598654041	-2.421569	1.689405
tete1251	-0.4270610177145	1.09293311162317	-2.6630845	1.6090115
tezo1238	0.1792107516465	1.01450372725729	-1.8005535	2.20116975
thad1238	0.882936091465	0.970563554735816	-1.01610175	2.85530425
thak1245	0.716785327691	0.962870178012344	-1.021741	2.66386125
than1259	-0.3829922633745	1.01172319533859	-2.54054075	1.637134
thao1240	0.682149208325	0.968858890638536	-1.25018525	2.6070835
thul1246	-0.184949219641	0.910638899681779	-2.02605975	1.611633
tibe1272	0.4375738757315	1.07782529575776	-1.58046075	2.7111125
ticu1245	-0.372390888079	1.22873700340211	-2.853164	2.02564375
tief1242	0.780949043925	0.95580526403019	-1.05800175	2.76975575
tief1244	0.659107709495	0.964788013127243	-1.16568225	2.599669
tien1242	-0.107698130655	1.22098293927323	-2.512315	2.27006575
tiga1245	-1.3877984011645	1.03133896729228	-3.58371225	0.422799074999999
tigo1236	-0.77974283276	1.02542729379429	-2.84051875	1.15557375
tika1246	0.00213480899	1.08167394781034	-2.17354775	2.1403055
tiko1237	-0.7931625981835	1.14275424118184	-3.20714375	1.29035975
timn1235	1.65473374836	1.16643582533141	-0.425953425	4.15963675
timu1262	0.112778008273	0.946029528868265	-1.80950125	2.002624
tina1248	-0.18058291616	0.929802280323029	-2.02646925	1.64355075
tiri1258	-0.15375853920915	0.982947154440822	-2.19804925	1.69499825
tita1241	-1.1395189848385	1.10285284550859	-3.523459	0.838831624999999
toab1237	0.0427298201695	0.95113422315761	-1.899496	1.8505795
toba1268	0.7723609706195	1.13110727737611	-1.39711475	3.083433
tobe1252	0.2477192972668	1.06674057033373	-1.85369675	2.42049475
toho1245	1.129436984075	1.14333801927802	-0.94021055	3.62914925
tojo1241	-0.85223067168	1.1538018006479	-3.2718295	1.3228355
toke1240	0.690099736955	1.1486476629921	-1.4488655	3.05621075
toll1241	-0.445709705274	1.19871950442495	-2.989976	1.81751275
toma1245	-0.23998096769	1.16535284672061	-2.57391975	1.984086
tomm1242	-0.1088890965515	1.12576692326398	-2.35215525	2.10400675
tond1249	-0.426029885393	1.12394079828585	-2.6855465	1.669758
tong1308	0.2250329328535	0.990849272758935	-1.752562	2.15264275
tong1325	0.672958663249	1.10280615936342	-1.4018965	2.91708025
toor1238	0.3752376061065	1.04104361490403	-1.646428	2.44467975
tosk1239	0.297441750139	1.12084031956735	-1.8325485	2.538959
tote1238	0.7422922362435	1.07518842728537	-1.2957575	2.9803435
toto1302	-0.67500613043295	1.01837826729295	-2.76223675	1.2351775
trin1274	-0.2807666052445	1.07495043084487	-2.42093525	1.947767
trio1238	-0.2771381251375	1.09311786870622	-2.5610485	1.850439
trum1247	0.54819418992	1.04043670818488	-1.41039575	2.68347575
tsat1238	-0.4251672887746	1.12531634607196	-2.8014345	1.75735375
tsha1245	0.940352234696	1.01617390407471	-1.0223715	3.056484
tsis1238	-0.368536408286	1.12263758351714	-2.7209305	1.77231275
tsix1234	0.520756512684	1.1538286846461	-1.714304	2.8820635
tson1249	-0.44410686164	1.13583786348432	-2.727542	1.83665375
tswa1253	-0.600165195732	1.17436862756841	-2.9998745	1.55302275
tswa1255	-0.455943046023	1.0996557772474	-2.6852785	1.65202225
tuge1241	1.067304656613	1.05804398430974	-0.8662281	3.33874425
tugu1245	-0.712733352325	1.15207129820593	-3.019571	1.40522825
tuka1248	0.82819791251	1.14139794901623	-1.29696925	3.127758
tuki1240	1.06512762211	1.0084102445862	-0.900989075	3.1122295
tulu1258	0.5234657506275	1.164738121725	-1.684164	2.96466525
tune1261	0.6477927397515	0.955718715415642	-1.1348425	2.63438275
tung1290	-1.1217414263605	1.08130792591663	-3.522315	0.825510624999998
turk1303	-0.333144813631	1.11798190935472	-2.52785975	1.767651
turk1304	-0.3158730818395	1.09229904764076	-2.53080225	1.82903025
tusc1257	0.32406744003	1.22563959810247	-2.0335555	2.818978
tutu1241	-1.841473629855	0.962488331000087	-3.8309855	-0.100256190000001
tuva1244	0.681725265435	1.10318027961674	-1.4154115	2.9234655
tuwa1243	-1.12015864221	0.905488965117839	-3.009414	0.5604219
tuwu1238	-0.460943747828	1.07467400192268	-2.698237	1.5579965
udih1248	0.345436888024	1.16847716006305	-1.922369	2.71651075
uduk1239	0.7589212188065	1.11019716004376	-1.30828375	3.04025875
ukra1253	0.377025736716	1.13994682978151	-1.8253955	2.7256565
ulch1241	0.1534541059955	1.13982749899567	-2.0383255	2.381915
ulit1238	-0.5272097560689	1.09538114421063	-2.8841195	1.44182725
ulwa1239	-0.7713423997925	1.19676539071532	-3.08770975	1.482947
umbu1258	0.43353434221	0.980445447521557	-1.4027445	2.439618
umes1235	0.611577264756	1.12062712836677	-1.494469	2.91554149999999
unua1237	-2.0069497222	0.875780118439177	-3.870874	-0.395481725000001
uppe1275	-0.41769377489	0.984113153267129	-2.3942075	1.49620875
uppe1427	-0.498356096325	0.999328667395559	-2.6068605	1.3982085
urak1238	0.0077446241975	0.996394403700778	-1.96667425	1.9650465
urar1246	-0.364740940045	1.12117889528142	-2.621563	1.73884525
urav1235	-1.417023224129	1.09855115554341	-3.71621175	0.646832824999999
urim1252	0.333781012998	0.947363750497795	-1.5495365	2.275198
urip1239	-1.796222865565	0.86998698134407	-3.5831995	-0.210261225
urni1239	0.71813893809	1.2248789948823	-1.5406845	3.222298
utes1238	1.041211025239	1.20206377130231	-1.1631615	3.48481075
uuuu1243	-0.9024887968881	0.998845221165067	-2.9163585	0.92324895
vano1237	-0.62953482473115	1.04285249016909	-2.799891	1.2403885
veps1250	0.428283089722	1.14737235619358	-1.73162825	2.65438525
vera1241	-1.4398421063245	1.10288338360017	-3.7639215	0.485301575
viem1243	0.3087087201185	1.02686176166417	-1.7295235	2.25683025
vinm1237	-1.89245453945	0.870064100354139	-3.64836275	-0.301050050000001
voti1245	-1.0120250307555	1.1376580904313	-3.517341	1.1156015
vure1239	-1.4460703661675	1.09816139475567	-3.6959055	0.4580435
vwan1235	0.218382319582	1.08748761764447	-1.95692525	2.42690274999999
wadj1254	0.1989642737599	1.16932423990961	-1.99989875	2.62132025
waga1260	-0.311942896845	1.03732120686641	-2.4862155	1.702232
wage1238	0.374423877827	1.2017543705319	-1.9103215	2.892491
waig1244	-0.7208594107185	1.16729099041214	-3.08343675	1.472389
waim1251	-0.0972954633675	0.881813436064029	-1.78244425	1.62233225
waim1253	-0.59197388140065	1.13587748059101	-3.0138295	1.52649925
waiw1244	0.462762933915	1.119505083381	-1.71699225	2.60314125
wala1266	0.1271429200745	0.880016892677846	-1.639539	1.8009585
wall1257	0.772372510848	1.15229655452366	-1.36489025	3.320025
walm1241	0.5129967010945	1.16129639252208	-1.75770725	2.95634925
wamb1257	0.6187681201725	0.847686683553975	-1.0047765	2.2740105
wand1267	-0.893179484405	1.13661970494817	-3.2636255	1.258712
wand1278	0.6391440380605	0.966676741039645	-1.17694725	2.682695
wang1291	0.55538690137715	1.17433696438074	-1.62291225	2.94750375
wanm1242	-0.560935956985	1.148361222783	-2.94158275	1.6088065
wann1242	-0.359546046525	1.07213068022194	-2.63245225	1.73033325
waor1240	-0.1967412563275	1.09901965492484	-2.42820075	1.9357125
wara1294	1.369248716027	1.12007564892949	-0.574350025	3.727555
wara1300	-0.05652225265	1.04753731680572	-2.09129675	2.0391025
wara1303	-0.526271086135	1.1252809681195	-2.820591	1.61484775
ward1246	0.471858375311	1.21200587294912	-1.800641	3.00678625
ware1253	-0.858462874602	1.12088884148889	-3.21262625	1.295321
wari1268	-0.4845937026695	1.17564836901645	-2.89709275	1.6917265
warj1242	0.5267207815835	0.97020958884536	-1.304553	2.5180685
waro1242	-1.0169484139315	1.07256005357816	-3.16327325	1.00002625
warr1255	0.922987744687	1.15736845878119	-1.18346325	3.3777565
waru1265	0.4787043639685	1.14092711822804	-1.65114175	2.82736525
wash1253	-0.1348735372385	1.08099345946359	-2.26679175	1.94431675
wawa1246	-0.3177761350635	1.09734767874226	-2.46225625	1.86751425
waya1269	0.47132138723	1.14559338061341	-1.67985575	2.87663975
wayu1241	0.33809238638035	0.879137898232391	-1.31523025	2.088809
weda1241	0.8275490757685	0.891989464446149	-0.858358825	2.6132425
wels1247	0.409489225362	1.14835432802799	-1.72473825	2.7639715
weri1253	-0.506427066813	0.932434716644407	-2.4841165	1.2347175
west2354	-0.4417223647945	1.08423715208568	-2.62213875	1.7285865
west2369	-0.5840987984545	1.06995286926999	-2.7342705	1.460402
west2396	-1.050068314645	1.14845215501923	-3.454904	1.0610595
west2397	0.1331825854165	1.05099869153785	-1.9478345	2.27665175
west2415	-0.3681218585065	0.844127845970059	-2.012637	1.2457825
west2418	0.6166709951665	0.91853214245349	-1.147366	2.608937
west2430	-0.883434384434	1.12016112951524	-3.267768	1.1520555
west2466	0.7752452282485	0.963390414336065	-1.13096275	2.70559
west2516	-0.507243128094	0.986211374860958	-2.522651	1.30404625
west2519	1.0192678259475	1.04488335354209	-0.9459619	3.18297799999999
west2548	0.383583821835	1.09528980957526	-1.7228645	2.57512275
west2555	-0.0076111132255	0.949415275544499	-1.909695	1.78694575
west2560	0.1739842905975	0.93210703662223	-1.62071625	2.03365725
west2594	-0.3212112856805	1.09549955300836	-2.538417	1.84336775
west2600	-0.420977261765	1.02181328894663	-2.5530585	1.58508075
west2615	0.927729087542	1.13906257333425	-1.24233425	3.22980275
west2632	0.40444399901889	1.12498353180809	-1.8639795	2.65289425
west2635	-1.0035896891785	1.08329407545173	-3.3018145	1.0535645
west2650	-0.2406016580065	1.05907563279617	-2.34852325	1.836325
west2763	0.6194980897495	1.09642537575751	-1.4093815	2.76079174999999
west2778	-0.466900428888	1.12892836445047	-2.71917025	1.62432175
whit1269	-1.429685556985	1.00879160172596	-3.6613445	0.338449149999999
wikm1247	-0.072195064252	1.04838845676728	-2.17770075	2.00371125
wiru1244	0.4208182292385	0.983928115520364	-1.56228375	2.41172675
woii1237	-0.912645120634	1.15015384016151	-3.3046175	1.2876945
wola1242	0.001181174048	0.999308781840781	-1.945281	2.07414975
wola1253	-0.511561856482	1.06552173005016	-2.587164	1.4934455
woli1241	1.05054814473	1.08513160788552	-0.956538875	3.307921
wood1236	0.124051270429	1.19163738772194	-2.2592345	2.436035
wotu1240	0.9034488699705	1.11983888070666	-1.14007225	3.341201
woun1238	-0.4640421951615	1.192536238005	-2.98088	1.83107025
wuch1236	0.6075431308985	1.12681132968269	-1.554384	2.95276725
wudi1238	-0.529620283004	1.02634363166471	-2.5451605	1.45837875
wuna1249	0.311042036865	1.210437628381	-2.01722825	2.7534065
wusa1235	-0.59308741335	1.05116030890229	-2.78000875	1.32162
wutu1241	0.8598620250545	1.06345285878793	-1.19495	3.11130175
wuvu1239	0.4663970424985	1.0487608595418	-1.4747785	2.65266325
xamt1239	-0.60148960467	1.14997345344656	-2.98266575	1.533223
xara1244	-0.2143744807385	0.973993552444632	-2.12506425	1.6178645
xava1240	-0.2094746946235	1.10350388326131	-2.43828675	1.99418625
xish1235	0.55576748329	1.0312915677054	-1.424666	2.6051495
xokl1240	-0.305408482661	1.13416134264746	-2.6397275	1.8084625
yaak1241	0.765053587835	1.10030400065522	-1.25038725	3.113335
yaey1239	-0.07525055619655	1.16347911069378	-2.446255	2.231488
yagu1244	-0.2271514313265	1.12478206369601	-2.59178225	1.853577
yaka1269	-0.0130715610485	1.18138570421839	-2.46909175	2.171601
yaka1272	-0.53226372508257	1.16432494573554	-3.09049725	1.5816225
yaka1277	-0.0842180184505	1.0163020152023	-2.08604075	1.92176725
yaki1237	0.6535410280735	1.15808125954409	-1.6037815	3.033775
yakk1236	-0.180480903318	0.922487906325886	-2.01932	1.66760325
yako1252	-0.5475140981085	1.10650266158229	-2.78818525	1.57029175
yaku1245	-0.3262241491465	1.17036214453086	-2.72474125	1.930705
yale1246	0.39167792770385	0.935094641510609	-1.45126975	2.34309225
yama1264	-0.301985702571	1.2013831356636	-2.7038485	2.1071985
yami1254	0.6907750639435	1.03437494749302	-1.36008475	2.80012475
yami1256	0.063434910884	1.07340206449897	-2.0791905	2.241515
yand1253	0.48818189564	1.14242795450892	-1.633082	2.82736475
yane1238	1.308933265645	1.11401792472788	-0.63631405	3.70304925
yank1247	-0.64280727325	1.15318582521939	-3.12863525	1.604162
yano1261	-0.31581503033115	1.14307056590785	-2.59413675	1.81992675
yano1262	-0.488518517232	1.11753147878838	-2.79539875	1.737125
yaoo1241	-0.170704066692	1.15637667399672	-2.50244175	2.14384325
yaou1238	-0.371785611663	1.17698229225898	-2.71971275	1.8962085
yape1248	-0.615558946044	1.11265813815622	-2.908897	1.3323325
yapu1240	0.2517433150055	0.908956800463685	-1.5229555	2.0471585
yaqu1251	-0.07799507547	1.18517060512758	-2.56220575	2.29085975
yare1248	-0.034163199755	0.94181159222429	-1.94714925	1.7431085
yatz1235	1.4206448298	0.997293317736428	-0.411302025	3.49793825
yaul1241	-0.40908600361765	0.900707710907129	-2.238409	1.31225425
yaum1237	-0.613772798482	0.88712555498877	-2.39255775	1.053059
yawu1244	0.159876071962	1.14780988568781	-2.17213625	2.5231185
yecu1235	0.034653001123	1.02749777362621	-2.0514535	2.2002785
yele1255	0.98348003135	1.1852098002801	-1.175707	3.4784465
yems1235	-0.6260348238705	1.02122811904268	-2.78345075	1.34594575
yidi1250	0.79916165740535	1.12745809750825	-1.30456725	3.23680325
yind1247	0.3057508204885	1.11457826861749	-1.761726	2.5964975
yoga1237	-0.909370187011	0.943461268836198	-2.82507025	0.863888024999999
yoku1256	0.488717229585	1.08121514387714	-1.584999	2.6540465
yona1241	0.4513605707385	1.12373088366515	-1.7523125	2.798444
yong1270	-1.3854015740615	1.09412771260106	-3.81419275	0.601886774999999
yong1280	-0.931933532339	1.1562006605642	-3.27908425	1.166668
yora1241	0.39970271113	1.09566406256805	-1.7295705	2.61807925
youl1235	-0.288979815886	0.871096148877109	-1.964115	1.5000305
youn1235	0.531423463717	1.04887449309178	-1.44696475	2.63469775
yuca1254	-0.3201487410655	1.16987548485753	-2.638207	1.9151645
yuch1247	0.496786313933	1.15648770754055	-1.6593615	2.907488
yuec1235	0.317701350675	1.05426606247602	-1.73464875	2.44037925
yukp1241	-0.7208348212995	1.10398034313976	-2.99523325	1.327048
yulp1239	0.1012575178635	1.03497357955713	-1.9639185	2.193008
yulu1243	-0.36980714337	1.22664356322679	-2.9288085	1.8753475
yura1255	0.298268449015	1.10426368896419	-1.80777825	2.49797175
zaba1237	-0.0354833318655	1.00652184481129	-2.08563275	1.86834675
zaca1241	-0.416555943726	1.00941532341911	-2.4574285	1.5165545
zagh1240	-0.3599910152445	1.17523886073195	-2.803055	1.96627875
zaiw1241	-0.045840206919	0.999069883134192	-1.97617975	1.89523325
zand1248	-0.5024974428635	1.24262563496408	-3.043821	1.8425505
zani1235	0.58787756338685	0.973448214051642	-1.39555725	2.5060445
zarm1239	1.0389347278505	1.18171893290827	-1.19136375	3.47808075
zaye1235	-1.35582609054	1.13096693577748	-3.7854935	0.657950449999998
zays1235	0.369548557611055	0.963092345011691	-1.34152125	2.41862525
zhab1238	-0.31471688663625	1.06256107259716	-2.39751575	1.7165015
zoog1238	1.451504340497	0.998856125940323	-0.37191955	3.5478045
