Estimate	Est.Error	Q2.5	Q97.5
abar1238	-1.2927713314225	2.69515482475788	-6.98202175	3.4337865
abee1242	-0.4920226424225	2.83954202354568	-7.01641025	4.6730865
abkh1244	0.5068651557845	2.5006469140702	-4.790315	4.99941925
abun1252	-0.4689074166145	2.87951265539553	-6.65906925	5.13831224999999
acha1249	1.2303361041	2.01938037602412	-2.850674	5.09212375
acha1250	-0.257637787675	2.98068969244089	-6.45649975	5.19280874999999
achi1256	-0.90413589789	2.72849120886287	-6.6823775	3.974985
achi1257	-0.57398044923	2.7508413183863	-6.423074	4.57274799999999
achu1248	-0.43592665148	2.85033314061372	-6.2951945	5.12287575
acol1236	-0.7503815449775	2.8389324216883	-6.7548355	4.42511674999999
adan1251	-0.79083277037	2.7529010594693	-6.584314	4.15024625
adon1237	-0.7057714313375	2.66803640017025	-6.394676	4.23173275
adze1240	-0.352459670195	2.37823912637301	-5.19931125	4.17515
afar1241	0.0302827220775	2.97142860215701	-5.99181425	5.7745945
aghe1239	-1.285351819135	2.65590347066468	-6.9979965	3.433325
aghu1255	-0.62988515511	2.90977876238732	-6.74393375	4.98325975
agob1244	-0.5650558794998	2.88922960164738	-6.8936485	4.88907275
agua1253	-0.36589064291	2.84849373073561	-6.03837875	5.12196125
agut1237	-0.641550662265	2.68160967582734	-6.5520135	4.007629
aheu1239	-1.0730981210585	2.62652788900094	-6.7661745	3.83703225
aime1238	-0.4533242246	2.73054288045446	-6.2417795	4.821623
ainu1240	-0.53173927998	2.67561142819231	-6.35055025	4.3976925
ajab1235	-0.515293188845	2.67353262371361	-5.87751525	4.55411424999999
ajie1238	-1.446040385975	2.62913069520352	-7.2082965	3.13496825
ajyi1238	-0.637980710565	2.87097216555494	-6.88965525	4.688454
akha1245	1.1128092202125	1.94238547171171	-2.674187	4.891061
akoo1248	-1.3401418082705	2.66645240042248	-6.969333	3.414409
alab1237	-0.429970475316	2.75592473135547	-6.31600775	4.45066325
alab1254	-0.714590637745	2.53933151308977	-6.10863825	3.855858
alag1248	0.082032060785	2.66414016626779	-5.32836975	5.044231
aleu1260	-0.4727981263815	2.8506574741428	-6.9276495	4.60937425
alor1247	-0.790968720635	2.76795617084777	-6.67593025	4.37137575
aluk1238	-1.636020919535	2.55691942454137	-7.52255225	2.826162
alya1239	-0.23762229271	2.80444764665516	-6.107844	4.898084
amah1246	-0.3520025763145	2.82222996547894	-6.24133075	5.17036825
amap1240	-1.14716491714	2.69537518303321	-7.07029925	3.49556474999999
amdo1237	-0.861581348855	2.71158072672036	-6.6632485	4.04868425
amii1238	-0.32843118511	2.84213225845687	-6.31280925	4.83175275
amis1246	5.0284360007	1.97792463961206	1.4769265	9.248568
anei1239	-1.005872071575	2.65146990691488	-6.67354025	4.05191499999999
anfi1235	0.7211630994	2.43005206476557	-4.48089225	5.39816275
anga1288	-1.39868639322	2.39458091971676	-6.55509775	2.890226
anta1255	-0.355122011915	2.78236774391263	-6.3555955	4.839397
anut1237	-0.60520014126	2.75155158760791	-6.19023175	4.49496125
anuu1241	-1.358642699473	2.57918793248448	-6.81121825	3.22126075
aona1235	-1.7443336878525	2.54327005456657	-7.3171025	2.94872575
aoua1234	0.361154834565	2.67334592857604	-5.14289075	5.22270875
apin1244	-0.1952531258335	2.95600439031035	-6.41208925	5.4762745
apma1240	-1.87907282406	2.53819697624944	-7.4175085	2.77645225
apur1254	-0.07024377436	2.93525117439256	-6.25508275	5.37667225
arak1252	-1.748360636655	2.6507310902654	-7.48948075	2.90448525
arao1248	1.540092281955	2.57868789128329	-3.476825	6.91686875
arap1274	4.44123134782	2.53556154333025	0.062739935	10.0669775
araw1276	-0.27380684176	2.8950297949405	-6.2147795	5.22693849999999
arbo1245	-0.967255121945	2.77031804662834	-6.819934	3.90529849999999
arch1244	0.093191350925	1.92214384277585	-3.8026585	3.775724
area1240	-1.462607551075	2.5559780225335	-7.1763135	3.20589025
aree1239	-0.97647890842	2.74058430375221	-7.04295175	3.93216975
argo1244	4.125767383765	2.45635890137408	-0.201124275	9.310881
arhu1242	-0.545501263508	2.93400055738798	-6.8029165	4.89544175
arig1246	-0.26601906983	2.74747480962674	-6.071024	5.0557725
arop1242	-1.19961064067	2.63138034540111	-6.64831175	3.45600925
arop1243	-1.081862511655	2.75449809598059	-6.86945325	3.87060325
aros1241	-1.060202009574	2.78409689402183	-6.9835005	4.03334375
arta1239	3.6840616661	1.83526057409594	0.368755075	7.5502035
ashe1272	-0.52966884948	2.73295484931722	-6.38761125	4.59377
asoa1238	-0.60670425557	2.85177458932736	-6.469961	4.65232649999999
assi1247	-0.401278834365	2.66309920577221	-5.77302875	4.47237525
asut1235	4.66664510545	2.50459136607871	-0.0327648975	9.82198274999999
athp1241	-0.111126412504	2.07689269725869	-4.40744525	3.69998925
atii1237	-0.70918490739	2.65995486597162	-6.431164	4.23337099999999
aton1241	-0.12341366572	2.4752360369193	-5.43943925	4.47489949999999
auuu1241	-1.289247848535	2.64118115304719	-6.94828375	3.31012574999999
auye1238	1.098114694	2.44211092238798	-3.65365	5.90032525
avok1242	-0.769949358481	2.81750899122736	-6.940443	4.376397
awac1239	-0.329256982745	2.97460610741477	-6.2500075	5.25142225
awad1243	-1.321206589261	2.73363358844	-7.23809475	3.57782999999999
awar1248	-0.4833275884875	2.34723785789627	-5.42903	3.8244505
awar1249	-0.73729258042	2.67114003717121	-6.5284205	3.911553
awji1241	-0.2725811289675	2.85345923339868	-6.8437115	4.969549
awtu1239	-1.26662868915	2.5967032552938	-6.826218	3.23864175
axam1237	-2.00261988982	2.40061194272664	-7.1918115	2.28230249999999
axiy1235	-0.592054266266	2.58888067744065	-6.1765305	4.17363975
ayac1239	-0.251809185675	3.00713455649276	-6.63262475	5.664448
ayiw1239	-0.8150850651385	2.59482962376134	-6.381308	3.96301025
baba1264	-1.33306679106	2.58967921399602	-6.828381	3.27679674999999
baba1266	-1.3435693026815	2.64937149673528	-7.1948775	3.36543225
bafa1247	-1.214973452965	2.6887908335928	-6.97667975	3.37208425
bafi1243	-1.1493950217175	2.75730919260691	-7.181258	3.8147555
bafu1246	-1.3160783840955	2.613859537846	-6.98337675	3.33356775
baga1272	4.110577952555	2.27041919705101	-0.116245375	8.86798324999999
bagi1246	-1.1271454866155	2.87619807291597	-7.147999	4.24642575
bagv1239	0.9644739193325	1.68323829209811	-2.2710565	4.4617475
baim1244	-1.011971874005	2.84509250139742	-6.9295925	3.94767774999999
baka1272	-0.31630882055	2.95921740983979	-6.48812525	5.3130205
bala1311	-0.69263789797	2.80341216791344	-6.7853185	4.4433965
bala1315	-0.48997715336	2.7851712669734	-6.38718	4.69421775
bala1316	-1.156550672575	2.64031900678327	-6.71928075	3.712302
bali1278	-0.4620254867195	2.73882591470757	-6.1821465	4.52157274999998
balu1257	-1.008079384285	2.70334214538969	-7.020405	3.828848
bamb1270	0.58614593819	2.70189961172858	-4.98818825	5.70742625
bamu1253	-1.249928358827	2.67369671248761	-7.0264715	3.563073
band1344	-0.4472721840875	2.78103170553776	-6.54261375	4.71610149999999
bang1354	5.3035146026	2.65613933003429	0.40553575	10.98614
bang1369	-1.2640967041975	2.88774833752525	-7.4325535	3.78302875
bant1281	-0.9725144337	2.11784502483594	-5.8142225	2.76154074999999
bara1357	-1.9601917540465	2.50676654180283	-7.445906	2.562884
bara1380	-0.59365914875	2.73957028901446	-6.1803645	4.57475975
bari1286	-1.259440650685	2.6119949854096	-6.84066425	3.62226225
baro1253	-1.355510294039	2.54586840937486	-6.944691	3.28997775
bash1264	-0.46695745995	2.89197404072728	-6.2726135	4.82759025
basq1248	-0.61904189785	2.71687832625901	-6.558858	4.32077775
bata1285	-0.48801714809	2.85698517164288	-6.52069	4.9114275
bats1242	1.657048148985	1.95960508278308	-2.10253725	5.75834975
baur1253	0.231414705985	2.68290983761806	-5.05900575	5.450526
bawm1236	-1.301334572621	2.43180431825467	-6.67283875	2.8541725
bebe1248	-0.674862547038	2.90144969866439	-7.165967	4.629961
beem1239	-0.30530921997645	2.90565979733396	-6.472913	5.33145424999999
beka1241	-0.529066805945	2.79610585069047	-6.63782125	4.830692
bela1254	-0.494369040875	2.6940037203305	-6.2061935	4.38258524999999
beli1257	-0.50736764528	2.95019218313286	-6.7791095	5.161541
bell1243	-0.519091160135	2.86497125293806	-6.37112075	4.8117615
bemb1257	-0.381535975455	2.95698502786931	-6.6364445	5.3363125
beng1282	-0.435743231315	2.89425311719927	-6.8092575	4.83694525
bent1238	-1.249913925735	2.75677493720624	-7.55701075	3.58105075
bert1248	1.667463928978	2.26137943067957	-2.91654325	6.11536874999999
bezh1248	1.868426687935	1.70444928720414	-1.278128	5.607052
bhoj1244	-1.292345905077	2.75337221907448	-7.03165925	3.6231215
biao1253	6.00808877702	2.6634033260145	1.5646735	12.24507
biao1254	5.66359652915	2.66281253801855	1.0773295	11.7503
biao1256	5.7466669962	2.82904828657354	1.18353125	12.56443
bier1244	-1.887824361105	2.42348571537217	-7.22416275	2.41092925
bign1238	-1.96771119946	2.57751940520412	-7.70284075	2.53915125
biha1246	-0.5293589409855	2.4365451868323	-5.56980025	3.98013075
bilb1241	0.07658117820145	2.26944564224989	-4.4665005	4.27740724999999
bimi1240	-0.86943190581045	2.85353030345345	-6.9928685	4.4402695
bini1246	-0.44867758569	2.86392864139582	-6.412611	5.29630249999999
bira1253	-1.045973194895	2.6941749175027	-7.1466665	3.72808649999999
bisu1244	0.4527602411385	2.21998240651737	-3.921144	4.65317224999999
bitt1240	0.104922844295	2.15515951659603	-4.37934725	4.30173875
biwa1243	-0.8021714514229	2.59576817569538	-6.2707735	4.04005224999999
blab1237	-1.306355717209	2.47299437501554	-6.55559825	3.2183655
blan1242	-0.65895606652	2.4167909052282	-5.97651125	3.747125
bodo1267	-1.29510110564	2.59771796390726	-6.940392	3.30522775
bodo1269	-0.431739877755	2.3593921717021	-5.6634515	3.90177125
bola1250	-1.194764757533	2.77109542056449	-7.377628	3.8736685
boly1239	0.18809594465	2.28280910761127	-4.622171	4.45409374999999
bona1250	-0.9627509640725	2.45720002163955	-6.1902255	3.48606575
bong1285	-0.401613204375	2.97671040262024	-6.80997175	5.20499324999999
bong1289	-0.5782727904465	2.95270694343833	-6.61650225	4.778398
bora1263	-0.4463664041785	2.86181080205332	-6.572729	5.147199
bord1248	-0.5271232261645	2.81254490233525	-6.380192	4.58791999999999
boro1277	3.069743295475	1.95713298472801	-0.6932056	7.04126975
boro1282	-0.270600131185	2.9653826345716	-6.345214	5.38149625
boto1242	5.506915895	2.50410917468295	1.28942	11.21135
boun1243	0.18309780492	2.64983524502624	-5.378163	5.10941875
boun1245	1.23678595475	2.26933441451144	-3.21514575	5.66377599999999
brah1256	4.08687483795	2.37354972260816	-0.25267965	9.4326715
bret1244	-0.502530986815	2.70087566823502	-6.44693825	4.5370525
brib1243	-0.874179425305	2.81870114323621	-6.89819775	4.46277075
bube1242	-0.7028437266295	2.75455639179504	-6.2605665	4.424719
budu1248	-1.039714680875	2.40987447551961	-6.26610075	3.3270535
budu1265	-0.695186793587	2.7648819303909	-6.58756475	4.48066774999999
budz1238	-0.6607943099955	2.80498370723685	-6.3239665	4.4577595
buga1247	1.9812529740075	2.11968635513138	-2.069055	6.17190624999999
buga1250	-1.2007780688325	2.68511323270862	-7.1231815	3.41572199999999
bugh1239	-1.417330028655	2.38262879006953	-6.40144375	2.93713925
bugi1244	4.52924958434	2.5618080685057	-0.196347675	9.8168675
bugl1243	-0.633665176829	2.78839212126955	-6.64205375	4.52591149999999
bujh1238	-2.00373108294	2.59796909919004	-7.96515025	2.4686315
bull1247	0.27350389269	2.74980924295362	-5.1081835	5.66722349999999
bulo1242	0.3888382157811	2.39302364478377	-4.665978	4.8734235
bulu1251	-0.7374355351675	2.8304241325629	-6.66124475	4.44223449999999
bumt1240	-0.958995834035	2.60364642669382	-6.259696	3.61509625
bura1292	-1.46268739463675	2.80204176273379	-7.4224	3.49644849999999
bure1242	-1.287854306783	2.89421830349607	-7.332048	3.9506845
burj1242	-0.8849038262995	2.56762832550939	-6.17271225	3.7881145
buru1296	-0.8240617843207	2.7579410899934	-6.8824185	4.0511835
buru1320	0.15961476405	2.69425379563951	-5.52850225	5.105751
busa1253	4.034364746523	2.34729105219694	-0.264467225	9.009515
bush1247	-0.1607419531535	2.85142727403562	-6.21157725	5.33976075
buwa1243	-1.4162241340455	2.71345838579312	-7.09101575	3.51111125
bwat1240	-1.339607940962	2.71842876930905	-7.19105075	3.48843225
byan1241	-1.1266238008015	2.58462036124569	-6.75440725	3.46086425
caac1237	-1.274572722185	2.75343731544558	-7.46274525	3.76956475
cahu1264	-0.47139989568	2.70982278886807	-6.02375	4.55758925
cakf1236	-1.169042674346	2.80442409918293	-6.970458	4.04610974999999
caml1239	-1.45654309687455	2.28441393210387	-6.470259	2.71525825
camp1261	4.75458820232	2.64765710658439	0.05336706	10.2614
cane1242	-0.202887537545	2.94716323881664	-6.233325	5.56744225
caom1238	6.03590248895	2.84450613077178	1.4103265	12.48958
capa1241	-0.6259954757815	2.80744264600408	-6.7549325	4.63688475
carn1240	-0.613237749309641	2.71261473045155	-6.268218	4.15219875
caro1242	0.51201217792	2.63049800648675	-4.893225	5.37928075
cash1251	-0.556538647289	2.80124634975759	-6.508782	5.08363175
cavi1250	5.292147013115	2.7354012318651	0.556211	11.328325
cemu1238	-1.3716443392	2.74390855673948	-7.449496	3.68157375
cent1989	-0.31577301841	2.49374491026298	-5.4197175	4.337581
cent1990	-0.623572162855	2.6791507644903	-6.4299905	4.21242
cent1992	-0.55165402286	2.42575369836295	-5.85481675	4.0242765
cent2004	4.25343039025	2.27058441574402	0.275437975	9.0911735
cent2050	-1.118550476985	2.82944113378546	-7.22705375	4.06413125
cent2090	-0.5843092405365	2.70265108844652	-6.34860875	4.12055225
cent2126	-0.992417913775	2.80081353932478	-7.203963	3.97510575
cent2127	-0.49140265505	2.77720269478311	-6.199434	4.67137675
cent2131	-0.879647053475	2.64169454301504	-6.632802	3.8170835
cent2142	-0.285807276695	2.86308178790377	-6.365094	5.08463875
cent2150	-0.257780833015	2.92979033551981	-6.445789	5.36021975
cent2292	4.4913369611	1.87658741635535	1.17470025	8.52528875
cent2314	3.43330955505	2.14123361263887	-0.54083615	8.04818675
cent2322	-0.5940918013725	2.69540673761299	-6.5247885	4.18671225
chac1251	2.28727635021	2.48577157733162	-2.410849	7.41073125
chad1249	-0.4098800082365	2.84443388842618	-6.30579	5.00340549999999
chak1270	-1.23670851437385	2.569580289419	-6.92366475	3.36572199999999
chal1275	3.98845364405	2.33809178354927	-0.3264604	9.12593225
cham1309	0.74681616246	1.73166687704608	-2.54315125	4.18339025
cham1312	4.704222640645	2.44910467659971	0.5002579	10.0709625
chan1313	-1.776576805435	2.44855816846614	-7.062472	2.54318524999999
chas1234	1.07085668488	2.11302076702488	-3.404076	5.06113275
chec1245	-0.435537733335	2.46120830815547	-5.74383	4.08203475
chek1238	-1.36545024779	2.39258924815103	-6.59018575	2.92445724999999
chen1255	-0.974106034845	2.66108816346133	-6.7475815	3.70892425
chep1245	-2.0539350549005	2.53744343510456	-7.728313	2.451192
cher1273	-0.495498901935	2.75472062991945	-6.322062	4.706161
chhi1245	-0.5277914017355	2.06995106690374	-5.107908	3.284944
chil1280	-0.4080690713	2.73985562465114	-6.30315025	4.76732225
chim1302	-0.3686964154445	2.89170086970345	-6.0403685	5.13642125
chip1241	-0.38975693795	2.69642565800889	-6.27028475	4.3631785
chip1261	-0.230488885605	2.74456987064661	-5.886928	4.81624575
chiq1248	-0.417327490935	2.96613908041021	-6.89325875	4.98491875
choc1276	-0.539980246605	2.71376687112968	-6.16798175	4.31923124999999
chon1284	2.733305872285	1.97962868820631	-1.1244165	6.6794115
chot1239	-0.976427248733	2.36288335458258	-6.06975275	3.40850375
chra1242	3.916064826785	2.43333174972813	-0.508767375	9.12073525
chuj1250	-1.06845963684	2.65490687650302	-6.78899025	3.8156445
chuk1273	-0.367176436677	2.75669272538091	-6.39236075	4.801627
chuv1255	-0.95589044338	2.69100452019976	-6.79628825	3.92587149999999
chuw1238	0.175779284855	2.78363429039726	-5.708495	5.55052174999999
cici1237	1.073778959875	2.56121711381334	-4.37484975	5.99654075
coat1243	-1.4085804199785	2.54302477424174	-6.7766295	3.237635
coca1259	-0.40504038195	2.84389337584677	-6.1844375	5.03475775
colo1256	-0.3480180765265	2.88220180813085	-6.5386405	5.32626175
colu1241	1.979512245155	2.4402266120689	-3.03059875	6.52924375
coma1245	-0.5314811463125	2.79684201328499	-6.52189175	4.35427475
como1259	0.132941127015	2.63262927819952	-5.3637045	5.07685775
cong1236	-0.3620971039025	2.94354068653305	-6.77300875	5.39004275
copa1237	-0.416813861041	2.47601828380073	-5.62117075	4.21860675
cori1240	-0.7721273093	2.76830146591482	-6.580236	4.46578
cors1241	4.71298899091	2.60516942131407	0.038957205	10.336195
cosa1234	-0.1010236436745	2.04557069454806	-4.25102125	3.79332474999999
cree1270	-0.514913764925	2.7640607938359	-6.73060125	4.38561249999999
crim1257	-0.44581161174	2.7762960112382	-6.481844	4.84237
cros1244	-0.954510680725	2.87896265998816	-7.227236	4.31469475
crow1244	0.338051102545	2.61264188676585	-5.243571	5.184432
cube1242	-0.52871221594	2.86323918162055	-6.47304375	4.74635199999999
culi1244	-0.307208346025	2.91135846633075	-6.540331	5.60054399999999
cypr1248	-0.4967139199445	2.7950455718468	-6.43609375	4.57560975
czec1258	-0.63446047496	2.69297133925688	-6.55323325	4.15731325
daai1236	-1.18720419011	2.60746891781989	-7.1269775	3.31018025
daas1238	-0.660186188	2.83910898274502	-6.74533375	4.62267124999999
dagb1246	0.358556326215	2.41933316629299	-4.839463	4.713966
dagi1241	-0.509422652765	2.85439898307819	-6.4204605	4.7847805
daka1243	-1.9948945797395	2.39219477926885	-7.19237775	2.2462565
damp1237	-0.69782602323	2.91229161411584	-6.691718	4.75453475
dana1252	0.9935734945035	2.21551249010626	-3.432769	5.20622999999999
dani1285	-0.6159546498255	2.73463903335786	-6.60110875	4.59867699999999
dara1250	-1.88119804277	2.69409827596951	-7.814483	2.7728695
darg1241	-0.5704831785465	2.27754465307794	-5.4151045	3.66083499999999
darm1243	-1.13205765168	2.56624606041045	-6.519852	3.4103065
daur1238	-0.46461295103	2.73031652246844	-6.3801615	4.526764
dawr1236	0.6735527874725	2.310948541688	-4.0027295	5.117591
daww1239	-0.462204932505	2.69114347609689	-6.00115225	4.5381525
daza1242	-0.309835960859	2.9761411515897	-6.49970225	5.50437149999999
dege1246	-0.6951489646705	2.75326100801015	-6.6462765	4.54423475
dera1248	-1.4840332026735	2.80839284334723	-7.683728	3.494921
desa1247	-0.66450822313	2.70557340343824	-6.453334	4.36047525
dhao1237	-0.2325803834785	2.66302616787512	-5.83804725	4.5405765
dhar1247	-0.3195458502905	2.97671093177507	-6.42013175	5.42109075
dhim1246	2.980615535985	2.25372653030515	-1.28771225	7.79039575
dibo1245	0.663352988395	2.79353555714932	-5.30804	5.770386
dido1241	1.4908583185	1.67735336396976	-1.6960935	4.9694965
dier1241	-0.262175793255	3.08779026059958	-6.84136775	5.44384925
diga1241	-1.34198561822	2.62242282886309	-7.13903475	3.38343275
digo1243	1.024093999555	2.6309903230949	-4.033656	6.21050675
dima1251	-0.2168869751905	2.29127410085999	-5.0834885	4.25101425
djee1236	2.146265290566	2.36929006130368	-2.32825	6.84328025
djin1251	-0.44845597983	2.74047891445247	-6.17218325	4.6576695
djin1253	0.617749163122	2.54069726167881	-4.4392035	5.525249
domm1246	3.592032303455	2.46140361925659	-0.766951475	8.89888675
dong1285	-0.79507759445	2.66603643986689	-6.29188525	3.95608925
doro1266	-1.02008361344215	2.772585039872	-6.87825975	3.97780025
drun1238	-0.712191960485	2.65536519515676	-6.38686225	4.308085
dumb1241	-1.083005476495	2.78168224674894	-7.126945	3.9614615
dupa1235	1.98372761125	2.1851660925054	-2.464781	6.32602225
dusn1237	-0.17042852548	2.63325607318007	-5.64705275	4.80171449999999
dutc1256	-0.66144378015165	2.75710223941376	-6.52157225	4.367155
dyir1250	-0.362479114495	2.87222220698157	-6.17672175	5.1125005
dzao1238	5.729068282015	2.80522558320545	1.06019575	12.021725
dzon1239	-0.143950986058	2.45478689498255	-5.45352275	4.4206435
east2328	-1.024786185876	2.58314234819248	-6.76177075	3.72132475
east2332	-1.155467226345	2.67774994146027	-6.813719	3.555332
east2342	4.437734897324	2.19147737544244	0.529873625	9.00194425
east2379	-0.365323776265	2.94746322402094	-6.4918915	5.377113
east2443	-1.77989168866	2.74285294473537	-7.8054665	3.32924324999999
east2447	-0.4354606693875	2.75996511886333	-6.1838275	4.7682155
east2516	1.03404723649	2.36347859936971	-3.700513	5.60150825
east2555	0.195186640445	2.91137045889423	-5.82243	5.55842774999999
east2690	-0.55957305212	2.85420230568528	-6.750002	4.5322695
east2773	-1.9445786111685	2.41812448177098	-7.05297625	2.35274675
east2782	-0.2941540720968	2.90554856612746	-6.66422925	5.34590699999999
egyp1253	-0.345774302342	2.82901810789032	-6.13367625	5.09867225
eipo1242	-0.7213901870095	2.84215100076596	-6.7884955	4.59827925
elem1253	-0.82208739733	2.65987520284065	-6.5184155	3.909818
emae1237	-1.64116993909	2.5001638557413	-6.824595	2.91788675
emai1241	-0.3691542445395	2.79478623535177	-6.08628925	5.2382985
embe1260	-0.497757879905	2.9011098452141	-6.4955705	5.00925874999999
embe1262	-0.27301700382815	2.85526197671312	-5.87853	5.06208449999999
enap1235	-0.309781138324	2.84826926148817	-6.05646875	5.293848
enuu1235	-1.0390575253095	2.39497661858005	-6.29359125	3.37507
epen1239	-0.2792853404825	2.8265000490591	-6.2115875	5.24452875
ersu1241	3.696323312435	2.26413220002193	-0.40138815	8.63995825
erzy1239	-0.706293666755	2.66053753935506	-6.392133	4.20745675
esee1248	1.04629110004	2.56642152171246	-4.30657425	6.14282825
esim1238	-1.22307614869	2.71241592266634	-6.93739075	3.72776775
esto1258	-0.988629655175	2.63412073763465	-6.680105	3.57848724999999
even1259	-0.2833255297	2.72206356894449	-6.003365	4.716129
ewee1241	-0.741003932764	2.60371415177443	-6.33369575	4.0335035
fare1241	0.690642994135	2.45913884219162	-4.64034075	5.36399975
faro1244	-0.485949569625	2.73107118160796	-6.197984	4.4488495
fiji1243	-0.5067258844785	2.7764151442621	-6.21662475	4.844841
fina1242	3.8491583266	1.73479751218165	0.723833275	7.47017525
finn1318	-0.5848548656165	2.64887471795248	-6.0985785	4.23505225
fonn1241	-0.498961743643	2.68058559827987	-6.0189425	4.5308145
fore1265	-0.53823300672	2.74925332867955	-6.42052275	4.53409199999999
fuln1247	-0.205146164105	3.05122680983437	-6.20251375	5.34919624999999
furr1244	-0.493664670685	2.64257895169062	-6.1991285	4.372775
furu1242	-0.6039643874185	2.90761361545511	-6.7163295	4.75805824999999
futu1245	-1.028243915148	2.57759351259532	-6.649515	3.64943825
fuyu1242	-1.117534653857	2.80314386657074	-7.2753445	3.83236275
gaan1243	-1.47478297337	2.86754594026403	-7.4156845	3.657767
gade1242	-0.626540517544	2.78662856692776	-6.53554025	4.4474495
gaga1249	-0.4200251603685	2.77663679854351	-6.3795775	4.62934175
gahr1239	-0.9397869443	2.73214103587287	-6.957522	4.1456865
gali1258	-0.60978826598	2.85243259470343	-6.57889275	4.62512575
gali1262	-0.276477068375	2.90381655550466	-6.101354	5.403497
galo1242	-1.57353071808	2.84728637487637	-7.6434175	3.65042575
gami1243	-0.3410367875675	2.95214405605531	-6.35168125	5.1412015
gamo1243	-0.7243593574067	2.42345770045217	-5.74805775	4.064137
gant1244	1.118687390345	2.26267814982943	-3.427983	5.46035425
gapa1238	-0.97280206645855	2.76615141839215	-6.862481	3.986728
gata1239	-1.3191434499295	2.61689967663512	-7.264856	3.21882925
gayo1244	-0.64925562423	2.88447324774933	-6.7741915	4.5054435
geba1237	2.241053998415	1.90054549175976	-1.36232625	6.13467175
geda1237	-0.0612292541	2.25063493707255	-4.677417	4.0142785
gela1263	-1.545868286395	2.53859965083341	-7.090023	3.039851
ghad1239	-0.35799253795	2.93642232196745	-6.556093	5.274097
ghan1242	-1.038723346632	2.80742204455726	-7.09247625	3.904634
ghar1239	-1.384403121845	2.69728448104755	-7.20806775	3.58664125
gheg1238	-0.71977896641	2.70536283308167	-6.765457	4.146191
ghod1238	0.0913966633855	2.00588580453311	-4.1448925	4.04376
ghom1257	-0.386170204649	2.82166637202003	-6.19819075	4.68603725
gilb1244	-0.297071241155	2.98928999618683	-6.65686625	4.9927355
gily1242	-0.6473852749172	2.53543626577394	-6.12783	3.97917825
glav1244	-1.383102701079	2.68591372285544	-6.999379	3.307376
gofa1235	-0.066998163882	2.38945016133312	-4.920559	4.58721275
gogo1265	-0.525800887775	2.78107500218482	-6.23540075	4.82630799999999
gola1255	-0.272186948222	2.89741854864944	-6.16386475	5.37228225
guah1255	-0.237391917791	2.77356282509284	-5.969813	5.09902024999999
guan1266	-1.006940558118	2.56965849091741	-6.429021	3.78941324999999
guan1269	-0.5812128419555	2.7307948444967	-6.225112	4.6152545
guat1253	-0.3852593227625	2.81702244801896	-6.13147275	4.9342355
gube1234	-0.327004405245	2.65331880051933	-5.8002645	4.46609199999999
gude1246	-1.424045481464	2.76765180943818	-7.35056675	3.566388
guer1243	-0.6955601998385	2.556109494353	-6.0909195	4.041488
guiq1238	0.51118071034	2.34453830904392	-4.317396	4.95981325
gulf1241	-0.50869790073	2.72886428725561	-6.109345	4.476819
guma1254	-0.8392838717095	2.7596344934461	-6.85301475	4.146011
gumu1244	4.40785878279	2.36007685611246	0.196174675	9.551053
gunw1252	2.429111200826	2.3360736462538	-1.878265	7.191214
guny1241	-0.248989400605	2.98975273555012	-6.307013	5.31186975
gura1251	1.41083245103	2.20819770518372	-3.096452	5.55012225
guru1261	-1.819471845855	2.33278180704421	-6.841719	2.4645415
guru1271	-1.398675037922	2.78024773469649	-7.39087975	3.72288949999999
gyel1242	-0.68988704642	2.73579626374567	-6.38591775	4.44005975
haaa1252	-0.44377971518	3.03666989978226	-6.62780225	5.169503
hadi1240	-0.278932046016	2.31715660589956	-5.18260025	3.880536
hadz1240	-0.2793822690355	2.88522072788114	-6.217009	5.26052725
haka1240	-1.00481953513	2.40016305360447	-6.2738265	3.1672575
hakk1236	5.134273259895	2.65767619381112	0.629974525	11.28774
halh1238	-0.524926813072	2.68202267192004	-6.374099	4.29694774999999
hali1244	-1.04610734687	2.63133534831907	-6.80989825	3.69823125
halk1245	2.38826261187	2.25781702569522	-2.10111775	6.777181
hame1242	-0.85172572788	2.78101895377903	-6.75077025	4.17875575
hang1263	-1.232025851172	2.78837458895245	-7.28459625	3.671279
hani1248	-0.536922971355	2.53518325170237	-5.9442065	4.28455975
hano1246	-1.75022141542	2.63872868990508	-7.48809825	2.97842775
haru1245	0.32332345774315	2.33764183010569	-4.4726375	4.67787075
hass1238	-0.1976211859625	2.81493397851845	-6.08847925	5.04084275
hava1248	-0.5317520340925	2.78492738809639	-6.53087125	4.51752274999999
hawa1245	-0.369182600443	2.81062918819739	-6.51073575	4.6774005
hebr1245	-0.606812238875	2.6924655539538	-6.36325175	4.3350915
hehe1240	-0.615999521435	2.75845222954536	-6.30961625	4.34182524999999
hela1238	-2.03878983375795	2.4953923437888	-7.36501125	2.34266875
here1253	-0.2859121551475	2.90669833385414	-6.6418755	5.1552385
hida1246	-0.4128660755535	2.6473138745438	-5.85192275	4.44718675
high1243	2.54845106926	1.93676614547872	-1.2180135	6.2854765
hind1269	-0.60362613379	2.75207849939274	-6.945467	4.1745865
hoaa1235	-0.741228352575	2.79132890975537	-6.5575405	4.17519225
hoav1238	-1.179292981505	2.62461589593281	-6.79039075	3.5605415
holo1240	-0.358211963895	2.82987306007637	-6.05985275	4.9367105
hone1235	-1.4164623452895	2.81626501590506	-7.58275075	3.86210275
hooo1248	-0.547583611704	2.60923010061071	-6.13529925	4.2876655
hopi1249	-0.6872220705215	2.83167991079182	-6.739911	4.4299725
horp1239	-0.59686361907	2.41780579611344	-5.86409975	3.9049825
huaa1248	-0.622349726065	2.78112028694967	-6.69989825	4.25626975
hual1241	-0.54230551136	2.87286839679066	-6.708645	5.049627
huam1247	-0.4780113606055	2.7443076751932	-6.29420925	4.96414875
huar1255	-0.900550159888	2.66252888946792	-6.5133865	3.90054875
huba1236	-1.4781342895	2.79747699600904	-7.4299795	3.63527275
hula1244	-0.49563017979	2.83389539010653	-6.4420765	4.76695125
humb1243	-1.102491685925	2.79250777925778	-7.24000675	3.75031475
hung1274	-0.62780809593	2.73709497685516	-6.62853225	4.27199975
hung1275	-0.9083644453	2.59026487941595	-6.33276575	3.855217
hunz1247	1.7711575686395	1.74786375293152	-1.49293925	5.5814505
hupd1244	-0.667448003605	2.65391933283002	-6.51882	4.24648125
hyam1245	-0.736500277885	2.7784637992321	-6.598959	4.4711515
iaai1238	-1.18648337347	2.75714538648644	-6.96554175	3.64872075
iatm1242	-1.005415311735	2.69207672656406	-6.75964875	4.06877625
ibal1244	3.54263905715	1.70385038048716	0.37745895	7.20942775
iban1264	0.9962138633	2.74148545116625	-4.6076985	5.95947475
ibat1238	4.62478333034	2.42894156967949	0.0046381535	9.653863
ibib1240	-0.982148089795	2.80571567405357	-6.8051755	4.24002025
idum1241	-1.1728332962185	2.71130896864508	-6.7758225	3.60673799999999
idun1242	-0.9438673893845	2.7380557503479	-6.85478625	3.91103924999999
ikkk1242	-0.545604049815	2.89762875155778	-6.54188275	4.98703999999998
ilaa1246	-0.342427923975	2.9902286749736	-6.986916	5.2978445
iliu1237	-0.778487455995	2.81430321009869	-6.66067925	4.32684625
ilon1239	3.59083981285	1.7494273029341	0.350563375	7.330416
imba1240	-0.4367371651205	2.91014060053074	-6.46763875	5.180991
indo1316	4.27184849135	2.46384609877761	-0.0884844975	9.49062099999999
ingr1248	-0.649746701555	2.57799063323945	-6.21824975	3.9320955
ingu1240	0.148368988731	2.26087161811341	-4.574015	4.363963
iris1253	-0.5111855520255	2.78330460986484	-6.27407575	4.418758
irul1243	-0.85545588794	2.64887036780865	-6.4158475	3.88040399999999
isco1239	-0.65718711009	2.7640439070244	-6.586925	4.47336325
isin1239	3.2151627716085	1.61094621283647	0.16440935	6.4121875
isir1237	-0.014356167101	2.54183580397113	-5.3387005	4.74212875
isna1241	2.8091670407195	2.12170576331371	-1.492969	7.01823749999999
isth1240	-0.766726074553	2.77633794220657	-6.64911275	4.4827345
ital1282	-0.166937062355	2.77255572584548	-6.19559	5.0313335
iton1250	1.189110276327	2.57725833434811	-4.102015	6.2679465
itza1241	-0.62677049174	2.77173665253466	-6.59914225	4.715028
iumi1238	2.369975373615	2.09775748991808	-1.5736395	6.60093149999999
iwal1237	-1.07707223523	2.58215942517724	-6.75158225	3.74057
iwam1256	-1.165425429075	2.67830266982009	-7.0474575	3.6079775
iyoo1238	0.00618508523845	2.36220642407486	-4.907882	4.44643149999999
jahh1242	-1.143759904074	2.63508289482337	-6.9307485	3.73639025
jalk1242	0.8446062547295	2.17150967224293	-3.41247975	5.04001599999999
jama1261	-0.1718587808585	2.97392899952114	-6.377397	5.6438735
jamb1236	-0.520645382045	2.85256317952158	-6.53757	4.7782635
jams1239	-1.11769833924185	2.62652410558956	-7.0203915	3.62857024999999
japh1234	-1.2477231421145	2.54161877712516	-6.7571855	3.40301875
jaqa1244	-0.245953187821	3.04832210234099	-6.7936645	5.651054
java1254	2.69919679852	2.20524830111497	-1.67469575	7.21162624999999
jede1239	-1.077401823505	2.63903308132114	-6.71955625	3.60463925
jeha1242	-1.126567152485	2.6062929365196	-6.8411285	3.67454574999999
jehh1245	-1.020886105492	2.5694528499246	-6.56854725	3.50666125
jina1244	-1.1057935170605	2.86175731729517	-7.1497125	4.1417345
juan1238	0.105073838365	2.27547662889076	-4.69607375	4.2675635
juku1254	-1.214868028255	2.69503358528467	-6.89002175	3.90564025
jurm1239	-0.57141300117	2.93770401101593	-6.95881525	5.02179049999999
kaba1278	0.297105592265	2.37808661162522	-4.721205	4.6201935
kaba1281	-0.584188115347	2.92445672155674	-6.8174	4.82468975
kach1280	-0.2216271343095	2.49843735864315	-5.71276575	4.26395775
kach1284	-1.063746211799	2.60078396411825	-6.672376	3.66436299999999
kado1242	-0.35751141391	2.26471140794003	-5.19350975	3.80020725
kafa1242	3.78427431725	2.37804168050156	-0.562503825	8.9104315
kaga1256	-0.64634095935	2.70847669148763	-6.60229125	4.2204525
kagu1239	0.069286856125	2.77204274342151	-5.3853415	5.36170799999999
kaik1246	-1.556831810655	2.57057867172084	-7.099485	3.15892025
kaki1249	-0.59272510586	2.63114573737369	-6.178512	4.33185799999999
kala1384	-0.23783938862	2.92727905969362	-6.16837475	5.3258105
kala1399	-0.40173319377	3.05159269585181	-7.20569525	4.95139574999999
kalm1243	-0.523956569405	2.89627619077487	-6.8468965	4.82791099999999
kamb1297	0.0014696397	2.96362291207682	-5.98132	5.6995615
kamb1299	4.439197734835	2.50505374418213	0.00450927575000002	9.79032774999999
kamm1249	-1.3043724691975	2.74606801232238	-7.0404925	3.90115075
kamu1260	-0.553435969675	2.72423444366205	-6.10696525	4.635041
kana1286	5.1915744967	1.69687459401443	2.08644075	8.8169445
kana1291	-0.44093671514	2.86281780839937	-6.5459495	4.82387275
kani1286	1.501838237318	2.43297921115332	-3.2818255	6.25985675
kank1243	4.63600545407	1.9182284153661	1.2104565	8.78116575
kaqc1270	-1.014267087789	2.62674456140162	-6.518168	3.7922055
kara1476	-0.433042824715	2.85945949945986	-6.3615315	4.94932699999999
kara1486	-1.26473216485	2.56228444876097	-7.02518975	3.28827625
kara1487	3.39728930585	1.50584784442349	0.663185375	6.6411845
kara1500	-0.27216523821	2.77582389829523	-6.020429	4.82866325
kare1335	-0.6610437768	2.73077722481357	-6.627275	4.12803525
kare1338	-0.605847188149	2.92790816972272	-6.78142225	5.07633149999999
kari1311	1.5749674035935	2.7808026308305	-4.00222125	7.03029975
karn1252	-1.298854607285	2.65739399324461	-6.9417275	3.497327
kash1277	-0.835952372191	2.70550921017644	-6.738974	4.00710774999999
katb1237	-2.033728114675	2.48159437434382	-7.52208475	2.23772224999999
kats1235	-0.901625648325	2.60949410751997	-6.19752375	3.835396
kava1241	6.20318580295	2.31687523378449	2.343256	11.146425
kaya1315	4.0671810327455	2.11149742325542	0.36883965	8.54700325
keap1239	-0.84604208822	2.85039562538583	-6.94040125	4.42360275
keda1252	-0.7484811789415	2.69198985768645	-6.6204875	4.205248
keig1242	-0.397851393794	2.8220273210539	-6.28089325	5.1840995
kele1255	-0.57871473308	2.84216282404262	-6.70332825	4.7698545
kele1258	-0.9894120742745	2.6553140912912	-6.60993175	3.92439075
kemb1249	-0.613216698735	2.6724539825489	-6.32094	4.42309975
keng1240	-0.463225253411	2.92912085562679	-6.38586	5.089133
kens1248	-1.055011440545	2.72166670395911	-6.7241415	3.99628275
kenu1236	-0.4486054708425	2.61812362059893	-6.11242475	4.34220325
keoo1238	0.6748730196915	2.46247509960446	-4.4647335	5.36689424999999
kera1255	-1.060367794865	2.69825205020753	-6.579864	3.9522325
keri1250	-0.61690935227715	2.69811558124228	-6.70591025	4.35265075
kesa1244	1.27868885457	2.26018116725514	-3.152508	5.786796
kett1243	4.22961129373	2.41537818562786	-0.1021487	9.24486775
kgal1244	-0.44963075264	2.77085794686496	-6.189319	4.64738525
khak1248	-0.72803012503	2.86907095310171	-7.28084775	4.31771625
khal1275	-0.5472231604285	2.09185911131586	-5.11512	3.43045375
kham1282	-0.5939278435345	2.74698149673518	-6.52998425	4.381545
khan1274	-0.1048222829425	2.47071020651972	-5.31705475	4.491588
khan1278	-0.87530112364	2.70096198656284	-6.7038445	4.1472525
khar1287	4.05908827085	2.43381784615087	-0.34737325	9.129888
khas1269	1.9354773875255	2.01568763694359	-2.0239475	5.869471
khez1235	-1.642316055617	2.52315719544964	-6.99927425	2.83286575
khin1240	-1.014839522575	2.33985090094185	-5.879762	3.1400895
khmu1256	0.8700658225925	2.18171728287602	-3.423915	5.06300425
khum1248	-1.08516898985	2.40373155710715	-6.502973	3.09315725
khva1239	1.431224332406	1.62384073630509	-1.563386	4.9438715
kich1262	-1.022501194485	2.65492755143403	-6.6192795	3.73854674999999
kiku1240	-0.493912601593	3.04435133357636	-6.9655445	5.27669675
kile1243	-0.6318067070235	2.64523125619386	-6.15052375	4.2327275
kimm1245	4.15912636311	2.18305578961892	0.246291425	8.91891575
kina1250	-0.752692785427	2.71137323277758	-6.508673	4.305764
kinn1249	-1.018624843835	2.78890657643389	-7.04075475	3.9771095
kiow1266	-0.495214862298	2.80918004359857	-6.42815875	4.8351665
kips1239	-0.59935267424	2.88221078624542	-6.56207525	4.655051
koda1255	-1.53808635383	2.70836615497124	-7.4672355	3.240358
koho1244	0.7099324985185	2.29718565023005	-4.06229625	5.132217
koit1244	-1.028586219625	2.88164904391087	-7.2922465	4.2619755
koko1269	-1.2774320285225	2.53284837672669	-6.6571155	3.48182
kola1285	-0.2566718525265	2.92905255391382	-6.48993325	5.542863
kolb1240	-0.9603074078	2.93671399910723	-6.993902	4.71000175
kolc1235	-0.69805193183	2.80007001867424	-6.751363	4.37411075
kolu1245	-0.92864972179	2.76209367328122	-7.07412625	4.100393
komb1274	-0.617124552685	2.85057138513477	-6.27958975	4.942347
komc1235	-1.3426746755815	2.64436219548378	-6.971309	3.38026474999999
komi1268	-0.669930941615	2.83907067868819	-6.611516	4.42694899999999
komi1269	-0.621196960465	2.71719910669694	-6.569586	4.4598205
komi1270	-1.169233476265	2.45631155166059	-6.706491	3.3455985
kona1242	-0.7901477114754	2.81127813957518	-6.5568165	4.66550924999999
konk1267	-0.636912094005	2.78513126209518	-6.88649775	4.35779824999999
kony1248	-1.7384472381485	2.53657283360079	-7.0476875	2.7911785
koon1244	-0.35801046132	3.03233692579153	-6.76300025	5.44333825
koon1245	-0.563765180227	2.89893626103032	-6.434574	4.72415974999999
koor1239	-1.1888250363045	2.64202219410739	-6.69324725	3.70810074999999
kore1280	-0.6824980199	2.6261208585153	-6.41492325	4.0004475
kore1283	-0.368047067145	2.88825587878583	-6.56500425	5.42343225
kork1243	-0.709407409425	2.71144214937545	-6.68467525	4.26821524999999
koro1298	-0.990219299333	2.6715947438442	-6.96319775	3.8559265
korr1238	-1.35280384691	2.6314832376245	-7.15770275	3.24187024999999
kosa1249	-0.608747002185	2.94781083042952	-6.74836925	4.83347899999999
kosr1238	-0.38649760397	2.84444588674346	-6.46835025	4.652755
kota1263	-1.652737442685	2.52478284704607	-7.33695775	2.71920199999999
koti1238	0.9298801652	2.6971244733487	-4.66846075	6.07355474999999
kova1243	-1.29559292431	2.60579270790684	-7.15591	3.43192325
kove1237	-1.1796115878245	2.67923564896866	-6.81198725	3.84937899999999
koyr1240	-0.828771796487	2.75693401792298	-6.882327	3.99241975
koyr1242	-0.651734210965	2.77423361435582	-6.39471475	4.458429
koys1242	0.227243135075	2.43500295019547	-4.95488325	4.747453
kryt1240	-1.03745159167	2.38237264239973	-6.17839125	3.313646
kuan1248	-1.3077999139765	2.56548476351467	-6.72783525	3.3962135
kuii1252	-1.35181943976	2.4994825349629	-6.724991	3.00598525
kuik1246	-0.3176095588445	2.91983211367774	-6.41244825	4.9904245
kuku1280	-0.27726198112795	2.91688056419615	-6.29492625	5.14442099999999
kulu1253	-0.0543653532655	2.02921247562338	-4.37417025	3.713638
kuma1276	-1.184487208391	2.68056980992859	-6.913876	3.54291275
kumb1268	-0.25574409793	2.8498067763853	-6.02106225	4.97721949999999
kumz1235	4.575894555135	2.54894516537941	0.0402484625	10.11627
kuna1268	-0.4981355669475	2.76956152006882	-6.1735745	4.71321099999999
kuni1267	-1.05665736757	2.80227067552265	-6.990583	4.21531675
kunj1245	-0.362810863595	2.84046692292763	-6.25842475	4.971304
kuot1243	-1.3365844252465	2.58507361688986	-7.0011635	3.2589225
kurr1243	-0.44613234223	2.81109230505188	-6.32966625	4.641147
kusa1251	-1.168717784756	2.59413338598374	-6.7081005	3.33474675
kusu1250	-1.51886300963	2.68810198632674	-7.310499	3.2882325
kute1248	-1.1916071852465	2.70585897615105	-6.6976945	3.910304
kute1249	4.63151897915	2.52908476988025	0.209202375	10.037455
kuyy1240	-1.07263668623	2.67159540694407	-6.49116625	3.8655895
kwai1243	-1.469962931008	2.4856487887611	-7.0093845	2.87817924999999
kwam1249	0.9320508542535	2.43409519336875	-4.16444925	5.58119675
kwam1252	-1.247462756204	2.48847993190949	-6.7005075	3.32620725
kwar1239	-1.487121532475	2.48629555327639	-7.17305375	2.9012055
kwaz1243	0.0615640274517	2.76441521701259	-5.529168	5.582723
kweg1241	-0.504621822625	2.80464726102218	-6.52970425	4.65544799999999
kwom1262	-1.237162557925	2.81181125588682	-7.40602375	3.66864925
kxoe1243	-0.65201807634	2.81330068585814	-6.77259825	4.36206675
kyer1238	-1.967248617621	2.52896633996113	-7.469742	2.510332
laal1242	-0.54267048997	2.84937888008027	-6.6958715	4.696417
labo1244	-1.9726661153045	2.50143833279994	-7.65386625	2.341496
labu1248	-1.091818666525	2.46671218668483	-6.2330465	3.311666
lahu1253	0.042592606875	2.13487511168558	-4.36271975	3.89039025
laiy1246	0.45148011486	2.592997196998	-4.89161425	5.31634925
lakk1252	-0.158430471219	1.99932850004769	-4.5306165	3.6936375
lala1268	-1.07713705923	2.83237013012881	-7.27873475	4.108339
lama1277	-0.652877100034	2.66043234526506	-6.42531925	4.2646525
lamb1272	-0.685903744095	2.97581774314958	-6.99278325	4.978176
lame1260	-1.897388342489	2.41814379907379	-7.1543225	2.30667375
lamk1238	-0.90983108809	2.40067198760832	-5.7963955	3.6833015
land1256	2.80589267583	2.26836060753207	-1.54547525	7.35498025
lash1243	0.564825309635	2.1393612484	-3.8443175	4.408139
latv1249	-0.8306047654945	2.71026919382557	-6.85852925	4.12777899999999
lauu1247	-1.3760039988145	2.61294612442759	-6.91973325	3.282886
lave1248	-1.1643275484	2.613938010697	-7.000854	3.422069
lavu1241	-1.15281672045	2.75286619509396	-6.896713	4.10800225
lazz1240	4.57624110905	2.42348328911414	0.362354525	9.852597
lega1250	-0.3560387756	2.94356382412117	-6.49504125	5.18384875
lele1267	-1.48667613849	2.60208559125254	-7.15769275	3.274685
lele1270	-0.9945425631195	2.62445345303774	-6.693386	3.6304885
lele1276	-0.896376510638	2.80558773774873	-7.06792275	4.36468425
lemb1266	-0.251270784245	2.54883564177689	-5.2644785	4.52964949999999
leme1238	-1.264747070667	2.75878630955341	-7.1779105	3.677596
lena1238	-1.291420162565	2.5219032844425	-7.03053475	3.166253
leng1259	-1.485794283035	2.63623992316095	-7.86432725	3.264493
leti1246	-0.807346977772	2.73221058301022	-6.88955925	4.09471
lewo1242	-1.7722847975	2.46458376956491	-7.03872575	2.685353
lewo1244	-0.627217530632	2.62482555710083	-6.31872725	4.18486025
lezg1247	-0.9523679766625	2.31387553942165	-5.858745	3.322784
lian1251	-0.619168311312	2.23330601564905	-5.3146565	3.53956875
libi1244	-0.411688729275	2.80790073996105	-6.03977025	5.0353245
liby1240	-0.2082119328735	2.73496676305355	-5.684522	4.96135425
liji1238	-0.9179702206465	2.8272590709965	-6.99787475	4.41001775
lika1243	-0.7397569395275	2.70797990831353	-6.791059	4.38493325
lill1248	0.33238848508	2.69568372353225	-5.25987225	5.46045125
ling1265	-2.050948456167	2.48894404663638	-7.591988	2.2843855
lipo1242	0.4972659332525	2.0900205225013	-3.8459635	4.2672935
lish1245	1.007672433673	2.22346491395685	-3.67048175	5.25288225
lisu1250	0.659043484465	2.34753749041519	-4.3118275	5.1746695
lith1251	-0.703459185432	2.60762381494489	-6.3800445	3.93101825
litz1237	-2.036094206415	2.52149224901173	-7.6458855	2.30440025
livv1243	-0.547211828275	2.62788769042218	-5.93865075	4.28546025
loba1239	-0.34433527953	2.83036360971813	-6.309444	4.78339425
logo1259	-1.00464794577	2.70610122286428	-6.55975675	3.9978595
loka1252	-0.9471676792805	2.84378021939705	-7.134388	4.18404325
lolo1259	0.86443958031	2.0968182056638	-3.45187875	4.92809175
lomb1257	-0.4269196719275	2.8534518317525	-6.369256	4.86671725
long1395	-1.4242857496785	2.65971102662867	-7.314176	3.2567855
loni1238	-0.99137885245	2.62967595096194	-6.70275925	3.5918825
lote1237	-1.0177790087185	2.75187684235066	-6.824474	3.89487849999999
louu1245	-1.020997131415	2.66214275539329	-6.747017	3.64477025
lowl1260	-1.122213757695	2.72583901638609	-6.796525	3.84229175
lowl1265	-1.0122379405465	2.59382327032759	-6.8237965	3.7012285
lozi1239	-0.4797172902945	2.99551098114857	-6.59441025	5.2328795
luan1263	-0.770614821795	2.78921100348282	-6.90853075	4.238565
luch1239	-0.35900429553	2.95141354291075	-6.41144125	5.090755
ludi1246	0.513820736435	2.40237318841718	-4.5371315	5.014656
lugb1240	-0.853094837875	2.73471235295394	-6.392522	4.23455625
lugu1238	-0.142130462489	2.73430048592252	-5.6683445	5.0345995
lule1254	-0.0437362405115	2.50496186539241	-5.32130725	4.4616765
lumb1249	-0.288551622295	2.72119449455553	-5.9490735	4.9580335
lumu1239	-0.4620870724195	2.8483664159691	-6.55667675	4.8087835
lund1266	-0.249834384795	2.89209119338929	-6.19672975	5.36112575
luok1236	-0.493210098292	2.88934432688179	-6.737133	4.831405
lush1249	-1.1068577179	2.48455633332218	-6.57496475	3.19001175
lush1252	4.7104779138375	2.48055952606901	0.35692915	10.055625
luya1241	-0.414152632655	2.93946130600035	-6.1644875	5.04357949999999
maan1238	-0.339105771205	2.83663550778321	-6.1154315	4.95873825
maba1277	-0.2811673313415	2.83269983755491	-6.2875165	5.05451549999999
mace1250	-0.721417414495	2.64934819239406	-6.64251825	4.22566199999999
maco1239	-0.39219533511	2.92179364036222	-6.343912	5.056862
macu1259	-0.2824501653575	2.87876874866322	-6.14752875	5.20316849999998
macu1260	-0.663458643365	2.64790083468596	-6.263196	4.15767125
mada1285	-1.364910378745	2.55467665227885	-7.088254	3.17523175
madi1260	-0.85605801939	2.71712900446708	-6.82109725	4.04414549999999
maee1241	-1.989549356672	2.56480302307481	-7.6760925	2.45705524999999
mafe1237	-1.81698975018	2.62137786691563	-7.82306225	2.89515224999999
maib1239	-0.451158402915	2.91442823605749	-6.439863	5.40832075
mail1248	-0.761890117585	2.78908453956048	-6.52227175	4.57133449999999
mais1250	-1.023768424684	2.85533787496131	-7.25335425	4.291427
mait1250	-1.150981562065	2.66849157369718	-6.740284	3.89015975
maja1242	0.918306806043	2.42873164096906	-4.40537	5.616793
maka1304	-0.69619519463	2.76428522077325	-6.34804225	4.32319775
makc1235	4.876458377495	2.4723796605189	0.598086375	10.4869125
makh1264	5.3042729517	2.63380761194054	0.492972	10.89002
makh1266	1.49254146127	2.57106388250849	-3.49704	6.59878749999998
mako1251	-0.18063733547	2.93001641163961	-6.10228875	5.137745
mala1463	-0.9542996191877	2.63443731314353	-6.77791575	3.66265
mala1464	-1.147623964844	2.65456962794563	-6.7983275	3.7028835
mala1522	-0.579310298696	2.93387023251485	-6.91163825	4.9961105
male1284	-0.754025217929	2.52317191933857	-6.0855235	4.33126825
male1289	-1.272595483465	2.59793700851289	-6.93534025	3.55209875
male1297	-0.742435366945	2.72979444861655	-6.53916025	4.31186525
malg1251	-1.1990358354737	2.78362379564119	-7.042702	4.01481625
mali1285	0.24789543453	2.57642891703636	-5.0089915	5.45101399999999
malo1243	-1.888244786385	2.60173869577385	-7.56514725	2.7041315
malt1254	-0.4930344288	2.81136629947328	-6.48993875	4.4547715
malu1245	-1.95818021657405	2.57445093206311	-7.6992965	2.6737305
mamb1294	-1.2350468019105	2.70745078490472	-6.925587	3.64766125
mamb1296	-0.41600774915	2.88230356483196	-6.23650725	5.015445
mamm1241	-1.10555501811	2.72700820237098	-6.70764025	3.89631575
mamv1243	-0.874560266265	2.70356276547787	-6.7376255	4.111998
mana1288	-1.80695880436	2.72797787036326	-7.7280025	3.29993375
mana1295	-0.7599606223955	2.67901711105474	-6.644321	4.12392325
mana1298	-1.18501020128	2.75260247476872	-7.26523425	3.69047075
mand1415	4.35845144344	2.49468257395589	-0.11772175	9.7132955
mand1440	-1.164243375245	2.64586499932488	-6.69727125	3.808087
mang1378	-0.21053254447	2.2391786081219	-4.852813	4.15969275
mang1381	-0.348918269885	2.83808385727824	-6.39496075	4.839478
mang1394	-0.6133811100005	2.78402347493849	-6.36528125	4.55905375
mang1401	-0.3831044793255	2.87839651812414	-6.085879	4.86491799999999
mang1403	-1.0866462822635	2.69447796066222	-6.717322	3.90295725
mang1405	1.0332601798825	2.42147412981186	-3.76315425	5.64894675
manm1238	-0.712737152665	2.32640474728707	-5.71840175	3.47048174999999
maor1246	-0.435664329448	2.92827022386512	-6.9439975	4.931669
mapo1242	-0.9993071967735	2.4676758046483	-6.194385	3.35058724999999
mapu1245	-0.30528985969	2.89207062474772	-6.47879175	5.18674775
maqu1238	-0.50692278419125	2.87759742885674	-6.2925365	4.76203174999999
mara1378	-0.764736941457	2.67944486016346	-6.64374225	3.98134375
mara1379	-1.510973340107	2.42497936111741	-6.7202275	2.81153625
mara1382	-1.374702148448	2.4689973101097	-6.539421	3.0943115
mara1399	-2.004580505585	2.54713535305031	-7.80070225	2.4175855
marg1265	-1.380346932456	2.65838507192336	-7.08063075	3.83072475
mari1426	-1.55063826533	2.77158514949989	-7.3428695	3.69016525
mari1440	-0.57621605537	2.78896881963043	-6.4525175	4.581814
mart1255	-0.40375796625	2.80837062431949	-6.40421025	5.05306975
maru1249	1.7801927557667	2.04941899046385	-2.19730625	5.73662324999999
maru1252	-0.405234046395	2.85212529989008	-6.48515075	5.060353
masa1322	-1.0089093383615	2.79743073166587	-7.08149375	4.14480575
masb1238	-0.4028217703	2.69911137736556	-6.08108425	4.75097425
mask1242	-1.9815034373815	2.40291336437032	-7.0641585	2.2989715
mati1250	-0.661272112527	2.68966555089606	-6.54983275	4.2835205
mato1252	-1.010876352959	2.49736919539281	-6.37476975	3.5410475
mats1244	-0.38440959346	2.91617170917166	-6.82648725	5.24922125
matu1259	-0.30331301503	2.93417031877453	-6.3332005	5.33997425
matu1261	-0.339775968542	2.36160119851292	-5.01365575	4.09114225
maun1240	4.58313811436	2.59820047015876	-0.0480603124999999	10.3327475
maxa1247	-0.177567750365	2.90053474240902	-5.9863335	5.58919425
maya1285	-0.82791940172	2.63430910326311	-6.26763825	4.02405775
mayo1261	-0.71364083806	2.74799518008783	-6.10818475	4.28819275
mayo1264	-0.814481767085	2.82835270592956	-6.7301375	4.52955375
maza1304	-1.38478542851	2.72557809945987	-7.467834	3.47389125
mbaa1245	-0.72265060651	2.7889458951611	-6.46162425	4.19934924999999
mban1263	-0.6513201131225	2.85971300850251	-6.6045255	4.742544
mbar1260	-0.94047606252	2.87081022075819	-7.07050325	4.43468125
mbay1241	-0.7988977284355	2.87732773648313	-6.739576	4.592486
mboc1235	-1.3798338603025	2.6506429889892	-7.31665225	3.42327225
mbol1247	-0.40338868619	2.88669974251564	-6.14056	5.067759
mbul1263	-1.30304499298	2.63145539248351	-6.69574825	3.4016325
mbya1239	-0.203971722825	2.94089082788072	-6.41049975	5.17167225
meen1242	1.4268332553305	2.47847568925779	-3.27068525	6.507424
meke1243	-1.0156567052995	2.80600363521	-7.22708275	4.0650295
mele1250	-1.45622063951	2.6059279593372	-7.07267425	3.438623
melp1238	1.51116823282	2.26680591385955	-2.798843	6.16734474999999
mere1242	-1.593875306292	2.61011121176984	-7.38479375	3.03964725
mezq1235	5.2319789534	2.36452462581966	1.12282125	10.1155175
miju1243	-1.3169367709155	2.61149278806569	-6.81641275	3.3403665
mila1245	-1.509294580253	2.66344913910084	-7.2755995	3.12239425
mina1268	-0.644119716153	2.71908546969493	-6.3204585	4.48080899999999
mina1276	-1.406738022515	2.72948134336569	-7.40222825	3.6719095
mini1251	-1.3126119687765	2.56695987382324	-6.73523925	3.31636624999999
mini1256	-0.422543366287565	2.83383335759112	-6.50608025	5.03518775
minn1241	5.4539591472	2.55980738981987	1.147282	11.18932
misk1235	-0.763083408015	2.68222822594051	-6.24764675	4.15391975
mixt1426	-1.3474099975	2.54868911697196	-6.66859425	3.156371
miya1259	-0.8058403817815	2.62025420332833	-6.538235	3.86072275
miya1266	-1.001571023672	2.85979041132008	-6.956139	4.216164
mlab1235	-0.718199850081	2.49816524933707	-5.80476225	3.82116449999999
moba1244	-0.00146865985	2.70915893811152	-5.43389925	5.04052
moch1257	-1.11427674625	2.67590836747227	-6.69861475	3.45825949999999
moco1246	-0.3066962808655	2.92188012020603	-6.5552645	5.337353
mode1248	-0.55111084255	2.8076338819897	-6.50890075	4.74287025
moha1258	-0.38056157336	2.84676957042316	-6.45786725	4.79186699999999
moke1242	-0.5462104652095	2.79180108088476	-6.4679595	4.55588874999999
moki1238	-0.630526045185	2.68028542446613	-6.17031225	4.39942975
mokl1243	-0.857643719113	2.56979362421639	-6.76081	3.799817
mokp1239	-1.005051076355	2.73464844347171	-6.4363965	3.8495975
moks1248	-0.6567582002965	2.57059429348639	-6.25260175	3.99491575
molo1266	-1.3636297860035	2.8416598420869	-7.36380875	3.72488424999999
mono1270	-0.57472596169	2.90392771008961	-7.10874425	4.978944
mono1273	-0.856596501305	2.83497231728824	-7.4142505	4.39843375
mono1275	-0.583645428205	2.81445635793293	-6.54280825	4.46342725
morm1235	1.75997114712	2.27158542936536	-2.742821	6.140293
mort1237	-0.399573272327	2.83197887773423	-6.3156695	4.89717949999999
mose1249	0.8035453244035	2.91456754907176	-5.44583325	6.24172374999999
motl1237	-1.2201341018655	2.77960228108934	-7.18406425	3.84049299999999
motu1246	-0.9725158002	2.90620655738295	-7.13485525	4.329926
moun1252	-1.112273152097	2.86111049711315	-7.49598925	4.19048024999999
movi1243	2.076472700715	2.4076218049119	-2.743059	6.95901875
mpad1242	-0.878375019182	2.7608749046157	-6.6825415	4.42461875
mpii1239	-0.26583614516	2.63362113460344	-5.7965745	4.58304475
mpot1240	-0.449741099957	2.95597625057168	-6.632206	5.2479405
mpur1239	-0.389216831355	2.94230340990297	-6.388101	5.19645125
mual1241	-0.5660033189715	2.7357219140153	-6.64811675	4.61606674999999
mudu1239	-1.5039886399495	2.57488225460544	-7.31711	3.01862025
mudu1242	-1.11887835855	2.76258669679852	-6.99779325	3.91277724999999
mull1237	-0.2278219422735	2.88000277319577	-5.97802825	5.3101645
munc1235	-0.8462133830232	2.67846096339352	-6.8582165	4.01745499999999
mund1325	-1.2052202091223	2.71377282298733	-6.82120675	3.699044
mund1326	-0.809964235202	2.83221617782987	-6.92956975	4.17026925
mund1328	-1.2935123158975	2.70451608025938	-7.07559425	3.45958324999999
murl1244	-0.02370283382	2.76224234932733	-5.57213725	5.4126075
muso1238	-1.1017664794765	2.44182769288429	-6.388449	3.2187315
muyu1244	-0.563773650955	2.69213639953341	-6.42161375	4.43713875
mwag1236	-1.10576252499	2.72308955533394	-6.69988325	4.085182
mwan1247	0.11750214879	2.63998145605579	-5.562057	5.27054275
nade1244	-0.2282433273805	2.91923112968289	-6.53543125	5.2461045
naka1262	-1.081030902485	2.6578003641765	-6.61393725	3.60710374999999
nali1244	-1.318255920125	2.58454300483179	-7.14062175	3.21760499999999
nama1268	-1.605556711165	2.54106042113059	-7.0180545	3.17562675
nana1257	-0.650582486215	2.84933567574031	-6.567307	4.6794545
nand1266	-0.62064801445	2.82542166938741	-6.57956325	4.802815
nang1262	-0.796058173875	2.62022950967143	-6.39723025	4.26926875
nant1250	-0.28284557281	2.99139095712142	-6.4643605	5.568737
nara1262	-0.537055361065	2.74775199961159	-6.64143825	4.28454375
naue1237	-0.80200032365	2.75953310890372	-6.48503925	4.426179
naur1243	-0.34464452122	2.7969977692792	-6.458945	4.8854275
nava1243	-0.674413368395	2.76911561589582	-6.7715145	4.3163905
nawu1242	-0.5420254251795	2.63634202411667	-6.09958875	4.2257275
ncan1245	-1.33664248762	2.66693017930185	-7.21081975	3.47154175
ndam1239	-0.647513037263	2.76365621402912	-6.6794695	4.60583649999999
ndog1248	-0.3571295466035	2.91904825276354	-6.3835775	5.25536325
ndun1249	-0.746305516007	2.61168845118238	-6.2643625	4.05624299999999
neha1247	-1.029332295955	2.70213902188106	-6.57024525	3.99058449999999
nend1239	0.491693559455	2.23288161830677	-4.1214915	4.83774
nene1249	-0.57052799023	2.80616809529339	-6.724498	4.73407324999999
neng1238	-0.863644891736	2.82771538753772	-6.8268985	4.27974175
nenn1238	-0.620570384665	2.86763047032196	-6.4808385	4.90437275
nese1235	-1.967145260705	2.57356650830719	-7.7201895	2.6142945
newa1246	-2.082623855035	2.48008506549502	-7.475299	2.2328855
nezp1238	0.119826997235	2.62213200376037	-5.37257175	5.00951375
ngaa1240	-0.219248497642	2.99124434967265	-6.68793025	5.36602225
ngab1239	-0.790500869235	2.71450410129268	-6.549381	4.17455825
ngal1292	-0.06384496579	2.78414773773419	-6.0111195	5.07637824999999
ngam1268	-0.9105656847	2.84938222389027	-6.543601	4.35207849999999
ngan1291	-0.621994407615	2.71556253554162	-6.6376035	4.488752
ngar1235	-0.42041655479	3.0012610007572	-6.77623975	5.137472
ngar1283	-0.4318237124185	2.87708584003537	-6.7189255	4.93127924999998
ngar1284	-0.302206418492	2.97020065416184	-6.36588775	5.28214
ngas1240	-1.312437091545	2.69659596901252	-7.05238025	3.7001475
ngba1284	-0.5712943842955	2.89070934373357	-6.5643295	4.87659049999999
ngba1285	-0.602312808993	2.91056479174791	-6.571778	4.83293
ngit1239	-0.793095048673	2.71019130645773	-6.47013525	4.11289749999999
ngom1268	-0.363641917625	2.88470715082909	-6.3461735	5.03804825
nhan1238	-0.375817518595	3.07597100472014	-6.949926	5.61432925
nhen1239	-0.38431150901	2.78886287442956	-5.9705695	5.01106
nila1242	-0.45391797462	2.90380238799125	-6.589888	5.15681
nina1238	-0.47105154833	2.87853513350811	-6.345477	4.79165075
niua1240	-0.38194811284	2.90326091594394	-6.472337	4.945567
niue1239	-0.33478809063	2.75546522796494	-5.98935575	4.64241949999999
niva1238	5.05388538302	2.61001264095143	0.445630075	10.59081
njan1240	-1.1498044065895	2.75485856415113	-7.086838	3.84234124999999
noct1238	-1.683036957284	2.59310533292582	-7.345072	2.968955
noon1242	-0.221371204145	2.86840924450377	-6.1108515	5.25094175
noon1243	-1.3460429843105	2.62935057511625	-7.11250375	3.47647375
nopa1235	-1.383946701424	2.58738716603599	-6.93090925	3.16446925
nort2671	4.455549515685	2.51319765755422	-0.30894395	9.49705849999999
nort2684	-0.55765700309	2.60658953427675	-6.13697675	4.1770265
nort2690	-0.5459989463145	2.70358704526817	-6.2246115	4.12963475
nort2697	0.169190008829	2.43264291086265	-4.62036475	4.91496875
nort2702	-0.98426579005	2.68758131878975	-7.0517565	3.8220585
nort2722	-1.271486542115	2.62618479487463	-6.9494915	3.34945874999999
nort2723	0.902423691535	2.22846816846563	-3.84673675	5.03072225
nort2732	1.2741510881415	2.26613710790736	-3.36148775	5.440235
nort2745	4.33670134493	2.45472541534181	-0.159956	9.59434749999999
nort2747	5.27288423655	2.6535372056662	0.7667482	11.269615
nort2774	-0.73520330938	2.88212475181802	-6.8674885	4.59348775
nort2839	-1.96237655742	2.43280652521884	-7.4871315	2.51556875
nort2845	-0.3182557003575	2.84154642281305	-6.4158055	4.73000224999999
nort2847	-1.2979354771467	2.50140786813211	-6.74285775	3.182488
nort2885	-0.774205500625	2.9040685794694	-6.82871425	4.72292425
nort2930	0.5511306510755	2.66788571390928	-4.79153425	5.5984505
nort2938	-0.514232899133	2.77425907120402	-6.241222	4.708665
nort2942	-0.48849443426925	2.76706563399235	-6.514874	4.61487249999999
nort2954	-0.54945778971	2.64447028369827	-6.252681	4.1248895
nort2957	4.11380205997	1.99795104866756	0.347323775	8.3618795
nort2959	-0.793138847525	2.73131276749922	-6.616455	4.46458
nort2961	-0.013071167295	2.74844595850536	-5.93571	5.07178749999999
nort2972	-0.401865772409	2.90844073675517	-6.404986	5.05421325
nort3047	-1.371124364675	2.81746173098591	-7.2268595	3.72825299999999
nort3139	-0.7058822505125	2.75549085454934	-6.65797325	4.2935665
nots1237	-1.325052423615	2.56505755248869	-6.910369	3.25839675
nucl1235	0.383024464153	2.48873842070932	-4.8425095	5.00800174999999
nucl1240	-1.378732476985	2.66438387498297	-7.16843975	3.55691675
nucl1301	-0.52563797355	2.63420133058907	-5.986487	4.279989
nucl1302	4.503061612375	2.41155135432504	0.2789209	9.8826535
nucl1305	-1.242389245386	2.73137091869206	-7.09647225	3.62934624999999
nucl1310	-1.16670665222	2.59777251764152	-6.745647	3.29998725
nucl1417	-0.7974793185415	2.67711048867595	-6.5287425	4.0283335
nucl1458	-0.648101079984	2.6163135827389	-6.25949725	4.03567674999999
nucl1593	-1.16136395917	2.70317289376703	-6.9973675	3.674269
nucl1595	0.1433057548805	2.46503878326298	-4.81395125	4.68213125
nucl1622	-0.346505135305	2.77283754525169	-6.34885425	4.81657725
nucl1633	-0.57285163730065	3.0300878339756	-6.90393225	5.36615124999999
nucl1643	-0.6871435061877	2.63899139822153	-6.55837975	4.05375825
nucl1706	-0.578074310937	2.75703466847992	-6.45233875	4.8024825
nuer1246	-0.26211570409	2.80833600564969	-6.032351	4.83751775
nukn1238	-1.1102818430905	2.49521945515622	-6.78873675	3.42258524999999
nupe1254	1.1609479051355	2.60356317342357	-3.95988325	6.35721949999999
nuuc1236	-0.26616043011	2.67109197026874	-5.999611	4.79532274999999
nyah1250	-0.487168627863	2.66590578260675	-5.9590725	4.3901755
nyak1260	-0.75811475666	2.81758088811229	-6.801226	4.32165199999999
nyal1254	-0.83189772469	2.67077459672185	-6.4959955	3.962683
nyam1285	-1.39920742041	2.78137666134455	-7.44851275	3.7543765
nyan1301	-0.35058563825675	2.93424052809323	-6.33046875	5.23015774999998
nyan1307	-0.424331595262	2.99178738291169	-6.63480925	5.37366
nyat1246	-0.46407337475	2.8654773269763	-6.716864	4.7262485
nyor1246	-0.593825677625	2.72101942190372	-5.862789	4.6961005
obok1239	0.851850055365	2.46494687268284	-4.1410655	5.51932324999999
occi1239	-0.191899683345	2.6816648840206	-5.67448925	4.86805775
ocot1244	-1.32637802125	2.53011648048357	-6.84506575	3.53337475
okan1243	4.78226281572	2.47118302795344	0.338709875	10.1413525
okin1246	-1.04809053405	2.59060263507248	-6.619711	3.54000975
oksa1245	-0.899550623825	2.8303749843319	-7.00428775	4.426088
oloo1241	-1.253813398845	2.59969120536525	-6.8557455	3.3272735
olut1240	-0.802941561565	2.80203643620981	-6.91718225	4.484832
omie1241	-1.068761157951	2.74938219413825	-6.84794125	4.06149875
onto1237	-0.641358281115	2.93969794198634	-6.98132775	4.47717075
oriy1255	0.13637219709	2.47343298972767	-5.2185995	4.596382
orma1241	-0.134271248941	2.7564108678778	-5.75272325	4.847278
oroc1248	-0.598386975285	2.79586007670062	-6.374604	4.57304975
oroh1237	-1.24081980142	2.61033275920446	-6.8893315	3.37843275
orok1265	-0.488912491744	2.85014067228473	-6.6796275	4.489138
orok1266	-1.205795427195	2.73915004548514	-6.88579925	3.89432125
orok1267	-0.248657615172	2.57838914878909	-5.57796775	4.42452375
orow1242	-1.347886114669	2.68337659671417	-7.15681825	3.15623825
otta1242	-0.449738321995	2.65855864984833	-6.14740025	4.4420085
paaa1242	-0.81110053684	2.82785763917469	-6.72105225	4.27053775
paam1238	-1.887008731219	2.42890103939269	-7.21290875	2.386365
paas1238	4.0511526127	2.35856921295762	-0.118774225	9.15108074999999
paco1243	-0.730519130314	2.51324098429806	-6.0501615	3.91246625
pagi1243	-0.7589182039888	2.87279525883435	-7.00261575	4.5118835
pagu1249	-0.619738925175	2.8318725682154	-6.56263425	4.74502724999998
pahn1237	4.3583744621655	2.26176765778874	0.31340655	9.131346
pait1244	-0.603745033505	2.28282551764562	-5.3635985	3.6595915
pala1344	-0.353708453845	2.83900567791153	-6.44957025	4.862889
pali1279	-0.25321831025	2.87495063570528	-6.34591475	5.30207225
pana1307	-0.3567793554165	2.91955312628462	-6.69197475	5.29326475
pang1287	-0.65716141678	2.83386332162592	-6.81264875	4.62014
panj1256	-0.629792237798	2.65978046751473	-6.482735	4.08400349999999
pany1241	-0.3213747900106	2.8604807878054	-6.31873825	5.11638175
papa1265	-1.02659043131	2.6225975029975	-6.78158175	3.49501225
para1301	-0.3045468195671	2.54455589105546	-5.548903	4.404959
para1302	-1.65684134424	2.58423920031921	-7.484939	2.9175155
para1311	-0.22120317	2.92992830733999	-6.20369175	5.31514374999999
pare1266	-1.282447784777	2.58919879281417	-7.310241	3.246024
pare1272	-0.228100579665	2.81591960375107	-5.89489275	5.02048975
pate1247	-0.87030309567	2.49035467142353	-5.99172475	3.49713325
patp1243	-1.32013359051	2.60558095654986	-6.9761345	3.587224
paul1238	-0.47243736873	2.8765349093423	-6.727074	4.84593675
payn1244	0.280350226837	2.26406041080718	-4.3867955	4.59076649999999
pech1241	-0.78544743218	2.79249543281975	-6.683458	4.403885
peer1241	-1.1473430333845	2.76523539454371	-6.961429	4.07816
pela1242	1.299101985815	1.98854880438718	-2.71847225	5.12203674999999
pemo1248	-0.35725182549295	2.8482841739785	-6.31736475	5.1721
pend1242	-0.758754449085	2.7618081673842	-6.50701375	4.009778
peng1244	-1.289350068355	2.5148993537198	-6.7464025	3.10034475
phai1238	-0.41702030605	2.42478838128008	-5.58451125	4.11223849999999
phom1236	-1.776785104562	2.53422702473994	-7.219797	2.86902625
piap1246	-0.358809220422	2.96669283689943	-6.49097675	5.225367
pila1245	0.2121603783	2.75129015755324	-5.30850675	5.45529675
pile1238	-0.768064802171	2.61282779231323	-6.44218	3.9259555
pina1252	0.164303326464	2.40827889026654	-4.8109655	4.89189949999999
ping1243	-0.573701457209	2.79953138976603	-6.76973125	4.59591625
pipi1250	-0.63614242210845	2.68854703378395	-6.175589	4.404626
pite1240	-0.566919819875	2.6129927205896	-6.32974	3.8858925
plai1258	-0.38307998484845	2.70198824881217	-6.22162225	4.48247449999999
pnar1238	2.676966007375	2.18060370973569	-1.4136125	7.15911174999999
pohn1238	-0.4670841393295	2.78224269980715	-6.61277275	4.71236575
poko1263	-0.51642836911	2.76534758266951	-6.35843525	4.66234725
poli1260	-0.6298020012455	2.62551630377526	-6.496697	4.001378
popt1235	-1.1247219011715	2.68374591208072	-6.786237	3.67217299999999
port1283	-0.5578137800935	2.76838626259305	-6.3371895	4.57606375
port1285	-1.9940613083635	2.40104101339672	-7.11381725	2.30982225
psik1239	-1.456089962105	2.72115478549964	-7.29232125	3.43108225
puin1248	-0.435513517155	2.79326582013972	-6.2923465	4.89056675
puka1242	-0.19799661639	2.74984892655646	-5.669158	4.97283625
pulu1242	-0.457962700725	2.97651381852808	-6.69808925	5.10777325
puma1239	-1.193264107565	2.20255368649693	-6.06224025	2.77688275
pume1238	-0.3031202339605	2.81154917197943	-5.9843	5.196608
puoc1238	-0.446601972075	2.47383086583297	-5.5860435	3.9993505
pura1257	0.1956753435655	2.64070860554465	-5.01995125	5.15539925
pure1242	0.38432262034	2.70713552332459	-5.3927435	5.358151
puri1258	-0.8228528149235	2.67404441116263	-6.5138075	3.98823625
qima1242	0.395863722664	2.67954705227208	-5.13259475	5.456239
quer1236	3.23094010533	2.12489761733068	-0.8790886	7.45190249999999
quio1240	-0.8667837693015	2.50873540918468	-6.3185555	3.67486924999999
rabh1238	-0.340125708513	2.36838253217158	-5.441568	4.0494515
raji1240	-1.198061852417	2.87791980684554	-7.6980225	4.26279625
rama1270	-0.869882810798	2.84262969131746	-6.893008	4.20234725
rapa1244	4.8564317311178	2.50353766991925	0.423870275	10.1472
rapa1245	-0.3427018916665	2.81224195761593	-6.3048455	4.883724
raro1241	-0.35503672403175	2.69448864603061	-5.874275	4.57982625
rata1244	-0.468761516285	2.7648732668765	-6.455965	4.61350149999999
reja1241	4.62464386027	2.48876404385265	0.068706835	9.91783099999999
remo1247	5.45653605	2.47065097064166	1.17574175	11.022775
reng1252	-1.107877731547	2.64305829947693	-6.9781825	3.68087325
renn1242	-0.7381540962635	2.97854166118833	-7.227965	4.68465375
reye1240	0.967633080545	2.60410219936954	-4.61990025	6.0696765
romb1245	-0.03509403163	2.72128338310678	-5.8310695	5.0798155
rong1264	-0.98366075446	2.71826794257695	-6.8919205	4.07144025
ronn1241	-1.1439404612125	2.77800093264677	-6.82001025	4.0855855
roto1249	-1.041611116195	2.62187692001787	-6.533041	3.449244
rotu1241	-0.36894728183	2.89143932078422	-6.4833165	5.00796125
rovi1238	-1.17486904686	2.60484842849451	-6.784168	3.39429874999999
ruch1235	0.520823123105	2.53051845779093	-4.67675625	5.61515324999999
ruka1240	3.38373863306	1.87226813242127	-0.22665565	7.10524549999999
ruma1248	3.658250821981	2.29927595952231	-0.394439175	8.69367275
rung1258	-0.365013999743	2.93528147891678	-6.171859	5.32967425
russ1263	-0.726108870915	2.71157453514364	-6.5698975	4.14982249999998
russ1264	-0.65395775512	2.73615439220074	-6.472506	4.41318
saaa1240	-1.2763706822026	2.54818144159732	-6.867701	3.30105224999999
saaa1241	-1.88459425976	2.51370953347149	-7.1223215	2.823975
saar1237	5.064566039	1.79543630545217	1.911376	8.93152249999999
sabu1255	0.43295689658	2.58176022906408	-4.88093625	5.41373149999999
saga1262	2.1029189715535	2.37538406857318	-2.448123	6.92116375
sais1237	7.085764928	2.47874438340653	2.8392355	12.547875
saka1289	-1.5607382205455	2.67029332817678	-7.3005375	3.25837425
saka1291	-0.3109166812395	2.89706076279767	-6.610031	4.7205355
samb1305	-1.374783285455	2.62934204120183	-7.26516375	3.45277125
samb1311	-1.349950272844	2.62235539831042	-7.0728225	3.42505199999999
samo1305	-0.45013727547	2.87262926113005	-6.39891325	5.00069925
sana1295	-0.5427630332423	2.75589727294591	-6.08152225	4.56390075
sanb1242	-0.2609642761	3.00777252610618	-6.296504	5.64552625
sand1278	-0.9211284400335	2.75777484684865	-6.3704505	4.52577275
sang1330	-0.680755665455	2.69999476643657	-6.34175025	4.63446975
sang1331	-0.62498281384	2.79234301845992	-6.60868475	4.40895049999999
sanj1284	-1.2545913076565	2.48435177704557	-6.69274825	3.37759825
sanm1289	-0.560480013805	2.84324730393435	-6.36505575	4.48545675
sanm1295	-0.8162956640884	2.42017117852193	-6.07906975	3.57156224999999
sant1436	-0.889935727765	2.54613438036914	-6.1979845	3.84780525
sant1451	-1.269885791345	2.62205036290966	-6.572052	3.38188825
sanu1240	-0.49169994193665	2.93333669238558	-6.442263	4.8390855
sapo1253	-1.045951736604	2.62869933222005	-6.5397945	3.36068875
sara1321	-0.4568496849319	2.89552028864196	-6.53713225	4.8878045
sars1236	0.34675707185	2.63135953437777	-5.18907825	5.1514735
sasa1249	-0.4069897501755	2.78617934569818	-6.177112	4.890696
sata1237	-0.437875680585	3.01694640010156	-6.99830475	5.147039
sauk1252	-0.965361454245	2.41213040599204	-6.2991675	3.2432605
saur1249	-0.3663980769375	2.40692909698464	-5.4883325	3.98172025
savo1255	-1.42412168858	2.50987568052856	-6.66976325	3.200905
saya1246	-1.399413371562	2.70218102263801	-7.29916475	3.29010274999999
seda1262	-1.09915239573	2.64117430765676	-6.921244	3.55393849999999
seim1238	-0.657594522155	2.73405180062344	-6.22736325	4.2593905
seke1241	-1.8817399970435	2.53904962669602	-7.36023925	2.832327
sela1259	-0.199089540115	2.81231389323515	-5.8557615	5.23379225
selk1253	-0.57484814939	2.8905851955869	-6.983506	4.70841749999999
sema1265	-1.049966374955	2.7100940199898	-7.0079845	3.79619824999999
seme1247	-0.9401249561335	2.72910067628352	-6.811406	4.07251675
seri1257	-0.63564104670545	2.78839408637734	-6.402866	4.31506574999999
seve1240	4.479140750405	2.49284323791195	0.0881716525	9.7425405
shab1252	1.39770942241	2.30920625063764	-3.213794	5.7655155
sham1280	2.482608580695	2.45725352148571	-2.44571875	7.48428675
shan1283	-0.554172841229	2.90897732691377	-6.698306	5.10596125
shaw1249	-0.5505097578425	2.73796614717037	-6.5410735	4.4088595
shil1265	-0.304988551985	2.80883529865089	-6.05847175	4.96239475
ship1254	-0.642996931635	2.84383290725539	-6.24030575	4.46913024999999
shix1238	-0.074850595515	2.3832163364924	-5.11002325	4.372255
shol1240	-1.53013810418	2.67266256978597	-7.26096325	3.277114
shon1251	-0.29180690450895	2.7701195806018	-6.06964425	4.712204
shos1248	-0.4983644858316	2.78715426146062	-6.23052825	4.6557255
shua1257	-0.52677557205	2.78566245650785	-6.43901225	4.82737175
siam1242	1.719238932788	1.94820437459166	-1.963742	5.790309
sich1238	0.98852603591	2.24757318112585	-3.41312025	5.338446
sici1248	-0.486948260195	2.72380015574389	-6.245179	4.29735949999999
siee1239	-1.27494922869	2.51400263983405	-6.6792575	3.206879
sier1250	-0.991761434585	2.47046011340298	-6.46235875	3.4888415
sika1261	-0.67247561521	2.7872110712782	-6.374559	4.515427
sile1255	0.253362723325	2.28111199299718	-4.34210925	4.527022
sina1266	-0.954405389752	2.82670220847138	-7.021692	4.2329455
sing1264	-1.662495802246	2.66208212879369	-7.42571325	3.10702075
sion1247	-0.333250981389	2.84217001457756	-6.10601775	5.010672
sioo1240	-1.25712645723	2.56141500133677	-6.523792	3.6119795
siri1274	-0.6473265943165	2.68307211662633	-6.31970375	4.46588725
situ1238	-1.122081747945	2.4788234517466	-6.5447605	3.324654
siwi1239	-0.255371839035	2.80249449377795	-6.18645375	5.09518925
skol1241	-0.08966280184	2.6381165538117	-5.567443	4.66167575
slov1268	-0.57676670241	2.63066571815856	-6.206696	4.18363849999999
sobe1238	-0.14959808473	2.59977159373985	-5.550746	4.73651375
soch1239	-0.61529133354	2.55211388110543	-6.24923575	4.40902299999999
soga1242	-0.528597638115	2.95053976801604	-6.63648325	5.14412375
soli1239	-0.345760480715	2.93163789120841	-6.309147	5.14223675
sons1242	-0.366713530375	2.68354193268363	-5.936526	4.755646
sooo1254	-1.22892911993815	2.57308558598815	-7.04186375	3.25836099999999
sout1528	-0.561503287205	2.64484894511872	-6.2352115	4.10912575
sout2649	-0.070245787715	2.78049588030936	-5.8523375	5.16497125
sout2674	-0.64438407149	2.67533884854991	-6.175763	4.09620775
sout2679	-1.028343927825	2.70251042856294	-6.86072125	3.7972675
sout2728	-0.980115415862	2.57684953886378	-6.4760595	3.729864
sout2729	0.13131729264	2.47004485142445	-4.90471075	4.534123
sout2730	4.03624559196	2.0778581257603	0.15542755	8.49991725
sout2797	2.298056799735	1.87543967614381	-1.3143745	6.14934625
sout2807	-0.21800790699	2.76765482733438	-5.6684275	4.97509724999999
sout2856	-1.443881649165	2.60040999861886	-7.05859125	3.23996575
sout2857	-1.9429626305418	2.49457377902527	-7.48730625	2.37335725
sout2859	-1.92341313727	2.42670117160684	-7.3442965	2.37779199999999
sout2869	-1.263370291435	2.49541055589854	-6.688001	3.310846
sout2954	-0.93421711658	2.75257627513517	-7.096952	4.10895125
sout2956	-0.5413138850525	2.73178696558293	-6.172502	4.399105
sout2959	-0.402155842951	2.77824231749194	-6.0191385	4.722162
sout2976	-0.38478185367	2.89790392510076	-6.46836875	4.87084275
sout2994	-0.2167977815485	2.99527621704641	-6.3761075	5.53021075
sout2996	-0.222481793365	2.9254371942348	-6.23953625	5.559712
sout3236	4.36756721225	2.36865762567337	0.13451745	9.82865874999999
sout3261	-0.693674943995	2.194849336363	-5.44462175	3.3568035
stan1289	-0.41621812494	2.68846736171226	-5.99013125	4.65801375
stan1290	-0.487435111509	2.72230285196404	-6.25620525	4.71634424999999
stan1293	-0.660949641945	2.56581577183553	-6.21300325	4.025485
stan1306	-1.02146885221	2.68784528263437	-6.79032025	3.69427775
stan1318	-0.487227157155	2.69950393985651	-6.14880725	4.524538
sude1239	-0.51066678244545	2.77304692246741	-6.07071775	4.60874899999999
sumi1235	-1.748398561705	2.59911252640246	-7.52572975	2.77160899999999
sund1252	-0.0382741202955	2.74824157289038	-5.82227975	5.0718235
sunw1242	-1.85909787833	2.37882332157889	-6.7965355	2.6077395
supy1237	0.0887539007345	2.44328848795459	-5.06456475	4.70855899999999
surg1248	-0.596492557238	2.59130165196686	-6.233126	4.09691074999999
surs1246	-1.30404516754	2.61633459576608	-6.833996	3.45774675
swah1253	-0.411338825595	2.77279450370119	-6.309048	4.82815825
swed1254	-0.626558448255	2.7754696912814	-6.6528125	4.37448575
taba1263	-0.569123489056	2.83273822944085	-6.4322685	4.90054525
tabo1241	-0.397233341135	2.71106048654417	-5.94192025	4.7912795
taga1272	-0.739988129	2.77122237392417	-6.54907975	4.25810125
tagw1240	-0.3159760211286	2.60159537643843	-5.89891075	4.46240899999999
taha1241	-0.237399650282	2.73891992798208	-5.766754	4.9746625
tahi1242	-0.282028526195	3.01693997381366	-6.68615925	5.32054075
taia1239	-0.79955315895	2.70739482754437	-6.59795275	4.17908925
taji1246	-0.736904471655	2.78802961048796	-6.5479155	4.13117225
taku1257	-0.64793365183	3.17246678466257	-7.345692	4.83412825
tali1259	-1.385398011124	2.64237197799284	-7.39668825	3.355376
tama1365	-1.1334556569045	2.63270532835894	-6.9870165	3.49378325
tami1289	-1.0288038920435	2.76609144834161	-7.230034	3.80930699999999
tane1237	-1.0653325470885	2.72324974477664	-6.9468875	3.8247825
tang1336	-1.302733749985	2.37439491535695	-6.3458715	2.7753005
tang1347	-1.7408496801	2.64013950061013	-7.632509	2.8925995
tang1348	-1.061188765749	2.77188463209847	-6.996346	4.18679524999999
tang1377	-1.34028882977	2.6323653456759	-7.02784525	3.389661
tani1257	-0.583279105115	2.78868103433747	-6.211166	4.67896399999999
tari1256	-0.57069831086	2.77090233951184	-6.41315525	4.78509674999999
tari1263	-0.390596288176	2.83957095345243	-6.54241375	4.93962375
tata1255	-0.93003300152	2.59629501220503	-6.647929	3.81844125
tata1257	-0.37846828253	2.7207085499171	-6.1957215	4.894747
tata1258	-1.27460075276	2.60575843660338	-6.97102725	3.4395665
taul1251	-1.2637603747	2.53720617364788	-6.657483	3.27074925
taus1251	-0.4807933208915	2.73699124426905	-6.12406625	4.578379
taus1253	-0.3722097143695	2.94918579023155	-6.437429	5.20018525
tawa1286	5.2006900327	2.64735050264231	0.3526426	10.707125
taya1257	-0.1038295509375	2.82942016997506	-6.28529675	5.29205675
tbol1240	-0.664371320415	2.67878245581111	-6.3348285	4.203758
tean1237	-1.06830486675	2.72478007962211	-6.88473375	3.75422824999999
teda1241	-0.26037869151	2.92760090763368	-6.22824525	4.99853575
tedi1235	-0.7068108846874	2.36951305418222	-5.7920615	3.86889725
tehu1242	-0.18894509819	2.91696859579649	-6.4444955	5.51890499999999
teke1275	0.3703952592045	2.89297455437209	-5.66147175	5.77111975
tekt1235	-1.12934020769	2.63446783348681	-6.6788945	3.5429555
telu1262	-1.007134854891	2.71840337808831	-7.01365025	3.74219825
tene1248	-0.785351341295	2.86052173215747	-7.0320295	4.4138935
tenn1246	-0.4832633651175	2.89104957240668	-6.549722	5.03530625
teop1238	-1.0458065874075	2.58915987196381	-6.41167125	3.50287475
tera1251	-1.174819851795	2.80065197774573	-7.0163475	4.0022195
teri1250	-0.871828698325	2.66134641179787	-6.532187	4.11309849999999
tern1247	-0.60493554173625	2.82693759463557	-6.35184575	4.79949575
tete1251	5.39671936525	2.55337494173005	0.866112	10.982585
thad1238	-0.6907616622735	2.2897293556338	-5.34888675	3.635064
thak1245	-1.7186065102015	2.5611876889571	-7.343908	2.979592
than1259	-1.59332677553	2.59510220679845	-7.14596975	3.218096
thao1240	6.60237672	2.24149271638956	2.7542265	11.5601675
thul1246	-0.540516453044	2.19678559076475	-5.34580125	3.847656
tibe1272	-0.887149164345	2.70424203132909	-6.7811585	4.05325775
ticu1245	-0.258969592619	2.95417657752846	-6.28988875	5.56947549999999
tief1242	1.98180593167005	1.85492590382276	-1.56446125	5.740696
tief1244	2.083998868185	1.86275263208325	-1.41001275	5.80086225
tien1242	0.688426987055	2.88317485934539	-5.41356225	6.12989825
tiga1245	-1.18942154305	2.61841322973913	-6.8064535	3.56728349999999
tigo1236	-1.28682081885	2.72346910402869	-7.27656725	3.75592949999999
tika1246	-1.06282231462	2.79573448460446	-6.93565025	4.05091225
tiko1237	-0.786962015723	2.82462855548911	-6.92028025	4.44523474999999
timn1235	-0.28512708245	2.67600621807099	-5.98508525	4.48473125
tiri1258	-1.323758356095	2.67227445107705	-7.11086875	3.3502125
toab1237	-1.3926734006365	2.58075562325667	-7.12344975	3.3075525
toar1246	-0.842684962875	2.72055325831301	-6.84779125	4.22275025
toba1268	-0.119210802615	2.88522139514467	-6.2883475	5.2733125
tobe1252	-0.584429583635	2.84295058297356	-6.64867575	4.6782105
toho1245	-0.556446794315	2.78089725302529	-6.41498775	4.6317705
tojo1241	-0.93926630949	2.73117228952135	-6.677392	4.07071549999999
toke1240	-0.41086343661	2.87986417492769	-6.45307375	5.01586525
toll1241	-0.728354242045	2.91035423876973	-6.656526	4.68320125
tond1249	-1.228719952435	2.77220459094349	-7.19881825	3.74558
tong1308	-0.99276214496	2.84985217677089	-7.18886725	4.27417475
tong1318	-0.37590739175	2.8911178925413	-6.322359	4.73577325
tong1325	-0.30669207357	2.8023946116156	-6.3132465	4.79753825
tosk1239	-0.6390177630585	2.6586500485292	-6.09309325	4.12037675
toto1302	1.69389091	2.13206057901845	-2.41385175	6.10516775
trio1238	-0.11240294709	2.86184559863914	-5.8871325	5.349535
trum1247	-0.32460676525	2.83147471889952	-6.17462525	5.020434
tsam1247	-1.00381101922	2.70760281293956	-7.075214	3.761507
tsat1238	4.060873034365	2.46412726920925	-0.4212067	9.33625725
tsha1245	-1.1267861754165	2.80201693611328	-7.25989125	4.03358624999999
tsis1238	2.1106797577115	2.36939624491703	-2.40693575	6.854231
tsix1234	-0.632417411475	2.77779563923152	-6.5535715	4.369933
tsog1243	-0.25285394736	2.90232868245401	-6.47496175	5.26815024999999
tson1249	-0.3072825018175	2.8846269467803	-6.3498775	5.19534675
tswa1253	-0.694444665325	2.76149035146809	-6.4095435	4.4744635
tswa1255	-0.261932690185	2.81050984897168	-6.10805275	5.09342375
tuca1252	-0.6647054819	2.69530042456848	-6.525164	4.32999275
tuge1241	-0.60671726023	2.81606998043295	-6.5133545	4.54757775
tugu1245	-0.8037834643185	2.83919297230042	-6.83369025	4.50602275
tuka1248	-0.34535041122	2.79516232244562	-6.5889735	4.920966
tuki1240	-1.049262089817	2.81469600880855	-7.06895525	3.99474224999999
tula1252	-1.4528585695495	2.82727405140982	-7.7386015	3.912728
tulu1258	-1.386823242355	2.59637187026744	-7.04814475	3.060424
tune1261	-1.24311874943415	2.7705666474144	-7.13939825	3.71609975
tung1290	-0.91020523649	2.64495336012023	-6.590777	4.06637325
tunn1238	-0.279995361217	2.80974040645305	-6.4335965	5.14718024999999
turk1303	-0.58176811295	2.68651110806808	-6.209423	4.42037349999999
turk1304	-0.527779486441	2.791092874466	-6.5733495	4.33280674999999
tusc1257	-0.5267840662069	2.88223731174093	-6.653816	4.8787085
tutu1241	-1.900701324286	2.59957389385138	-7.6824435	2.68691975
tuva1244	-0.43154149025	2.76711798138926	-6.2695515	4.75381325
tuwa1243	3.346466198215	1.51249941776882	0.550156	6.51517974999999
tuwu1238	-0.7456732714585	2.69497786660715	-6.3743445	4.25359325
udih1248	-0.61462604538	2.79068240773936	-6.6154455	4.2576265
udii1243	-0.84229393782	2.4322306568419	-5.8203685	3.59656324999999
ughe1237	-1.1320499588155	2.66372324343099	-6.93316775	3.526026
ukra1253	4.55906536815	2.55465959186553	0.0571051825000001	10.12581
ulch1241	-0.6521896329775	2.64728396837547	-6.09320275	4.20678875
ulit1238	-0.2910934237445	2.78285664343678	-6.09858075	4.85036549999999
ulwa1239	-0.77836141679	2.76811418662201	-6.3982915	4.315107
umaa1242	-0.388504377375	2.57161605217621	-5.622502	4.38730699999999
umbu1257	-0.220612624995	2.82712206631341	-6.1666335	5.31119649999999
umbu1258	1.042383203877	2.33466182635661	-3.57947675	5.6235805
umes1235	-0.745401938245	2.72014160929308	-6.342318	4.22066
unua1237	-2.05813192002	2.45153463300949	-7.355736	2.21766074999999
uppe1275	3.33941753371	1.86193337262639	-0.28817365	7.1199185
uppe1427	-0.62331112659	2.81713920158107	-6.636251	4.59736175
urak1238	-0.98686118844	2.70247713079227	-7.00395425	3.93765275
urar1246	-0.4862549647875	2.91317480677177	-6.70214875	4.962469
urav1235	-1.25060491466275	2.56211481479775	-6.79568425	3.517757
urim1252	-1.251020143335	2.71172383549725	-7.15281225	3.58359425
urip1239	-2.0065463278945	2.55009978059869	-7.76807725	2.31066675
utes1238	-0.26275900994	2.80643257940539	-6.23404475	5.01986225
uuuu1243	-1.053087307215	2.30545076651515	-6.121152	3.22965575
vano1237	-1.059689369995	2.74456085571738	-6.95335075	3.84839674999999
veps1250	4.38664060835	2.40651352625322	0.2084837	9.73061549999998
vera1241	-1.32540369398	2.75866927901692	-7.3985365	3.50773249999999
viem1243	1.57702480625	2.35847633130728	-2.95797175	6.486496
viet1252	-0.2183385427282	2.6496057320783	-5.96307625	4.477696
vinm1237	-2.025103935559	2.50847902699767	-7.6434515	2.27474025
voti1245	-0.91685545773	2.46591858255637	-6.128599	3.36274949999999
vunj1238	2.4125579572	2.41109881915774	-2.27955175	7.18760875
vure1239	-1.325689556565	2.74891238870013	-7.5354095	3.526539
vwan1235	-0.83833229508695	2.75019593886762	-7.0118245	4.12766975
wage1238	-0.149063329928	2.82217980852621	-6.0325505	5.26567674999999
waig1244	-0.443945322019	2.92255860272283	-6.45612775	4.9945165
waim1251	-1.03541558882	2.80820439050632	-7.187984	4.239047
waja1257	-0.21809240738	2.83620944476574	-6.266706	5.27370975
waka1274	-0.174229130345	2.76116184211024	-5.8951555	5.12395575
wala1266	-1.519301346565	2.49130541489883	-7.17819075	2.88556675
wall1257	-0.3755904603255	2.96006714019861	-6.50060275	5.26091549999999
wamb1257	-1.57916123805	2.28942907896836	-6.469104	2.48657075
wand1267	-0.3504858416885	2.81892646356168	-5.93996925	5.003068
wand1278	-1.35155873797	2.73065393279408	-7.18316375	3.45690725
wang1291	-0.276927100375	2.82500799747765	-6.33333925	4.85823275
wara1294	-0.570000903945	2.82473728124687	-6.61932625	4.75699175
wara1303	-0.275791020245	3.02394774449624	-6.4631055	5.39963575
ware1253	1.52936317491865	2.44131360104019	-3.32494125	6.220993
wari1268	5.00528156555	2.64035391701346	0.329987675	10.9031175
warj1242	0.9555183456105	2.02853378233104	-3.01893075	4.89605275
waro1242	4.539051833475	2.56608540883143	-0.1702059	9.99371625
warr1255	-0.3174050600105	2.80215634576807	-6.0658095	4.98422825
waru1265	-0.29632227956	2.77988478043988	-6.0023225	4.90836849999999
wawa1246	-1.127005699825	2.80147240355043	-7.058075	4.06340625
waya1269	-0.20909775362875	2.89693183154716	-6.04294375	4.9708455
wayu1241	-1.83674267666975	2.3447457895928	-6.83371625	2.3868935
wayu1243	-0.451976467488	2.98005602591907	-6.68637575	5.1098495
wels1247	-0.681156772645	2.83349949771647	-6.6800885	4.54494125
west2354	-0.736793321229	2.75302530301141	-6.57209975	4.27067875
west2369	-0.49360374624	2.69629108926794	-6.47468275	4.61176625
west2392	-0.86463242971	2.70974802458521	-6.6792425	4.05312825
west2396	1.7790908461822	2.15905123303362	-2.65344525	6.00096425
west2397	-1.192030758338	2.60241662913821	-6.592483	3.41347275
west2415	-2.084427506315	2.51876865247037	-7.6957025	2.33292299999999
west2418	-1.7420827265	2.66163467201665	-7.41073175	2.92585825
west2430	4.1330346752	2.30299307993896	0.10011427	8.98040375
west2441	-0.292967673315	2.76487652742258	-6.16997175	5.0214975
west2466	1.697286343375	1.91620635526495	-2.12031425	5.49927174999999
west2516	-1.1525096503	2.74873706591173	-6.90428925	3.73836475
west2519	-0.530583942785	2.83414585652971	-6.5548095	4.81817924999999
west2548	-0.507974438215	2.86666126380479	-6.5618255	4.80383825
west2557	-0.786259687135	2.91423591034895	-6.9108455	4.77023
west2560	-0.692511988355	2.77830046866775	-6.84358825	4.36830174999999
west2594	0.06299523251315	2.71226359441321	-5.452655	5.188541
west2600	-0.54080482363	2.88188028729447	-6.43372	5.018032
west2618	-0.36127661274	2.72110355332075	-5.94427175	4.57788575
west2632	-0.483191263173	2.84453171928375	-6.5243425	4.54371649999999
west2635	-1.15184602702102	2.63646160007375	-6.7514735	3.55633375
west2644	-1.36602595522	2.55911000038984	-6.96541825	3.18920999999999
west2650	-0.10342470241	2.58810430915054	-5.5360735	4.67906175
west2763	-0.7228123108575	2.72899256287487	-6.15384275	4.22334449999999
whit1269	-1.274913652424	2.49652876742422	-6.861537	3.1953035
wiru1244	1.6720963099235	2.39655704490266	-2.944257	6.52302025
woii1237	1.09801482213	2.68226872056151	-4.2460175	6.11744949999999
wola1242	-1.079500192005	2.54495698745578	-6.37608075	3.6461185
wola1253	0.116363323889	2.68429878245525	-5.63906625	5.39166724999999
wole1240	-0.375850241145	2.8864824895628	-6.62401875	4.845599
wood1236	4.58283492915	2.5534983904006	-0.07751481	10.1848675
wotu1240	0.08889792707	2.754704022282	-5.4935245	5.113333
wuch1236	4.33057619665	2.49307720901592	-0.0529348075	9.946193
wudi1238	-0.701980447035	2.42023614744953	-5.902382	3.7140265
wusa1235	-0.4332856594465	2.45072757443124	-5.47529075	4.07186675
wutu1241	-0.9791703504815	2.57374040114989	-6.63155425	3.64019025
wuvu1239	-0.887504552415	2.86805718408522	-7.1018965	4.413219
xamt1239	0.2530564654855	2.5354867072284	-4.919417	4.98123675
xara1244	-1.313851406735	2.64872200370698	-7.027033	3.4145175
xhos1239	-0.30343662008	2.82852770384881	-6.4106195	5.07698425
xish1235	1.0062532198594	2.04434704686507	-3.179363	4.9653205
yaak1241	-0.487724225555	3.02189773741794	-6.75212175	4.98409974999999
yaey1239	-0.26815521823	2.36731348146602	-5.35253525	3.93244975
yagu1244	-0.3923170521745	2.94130096346904	-6.76009875	5.27438974999999
yaka1272	-0.546332599405	2.90210123144269	-6.41032325	4.839486
yaka1277	-0.73054414237	2.69400513167297	-6.15820575	4.23990775
yaki1237	0.2679862238745	2.66951463740242	-5.210006	5.3085535
yakk1236	0.259391054675	2.14578119341182	-4.2566955	4.36627524999999
yako1252	-0.60545274742	2.95870490941536	-6.73831575	5.05386475
yaku1245	-0.420986950591	2.74489831863153	-6.25177	4.54144425
yale1246	-1.1909435467755	2.72376019157725	-6.9654725	3.591874
yami1254	1.60654535356	2.40275837566655	-3.2087245	6.2818
yami1256	-0.26416183655	2.80738462772501	-5.96622725	4.9577855
yamp1242	-1.293051667104	2.26767732053888	-6.1708835	2.95493725
yane1238	-0.517345204905	2.77865130561966	-6.116628	4.73068175
yank1247	-0.2420172800605	2.7964483902527	-6.19676325	5.18994925
yano1261	-0.455058391305	2.84765682581366	-6.418874	4.84835949999999
yano1262	-0.3852118923	2.77981644759891	-6.152624	5.03761824999999
yaoo1241	-0.050287821191	2.90770195898777	-6.037355	5.61234724999999
yapu1240	-1.2790536125	2.67429014942215	-7.06449275	3.2778865
yaqu1251	-0.7532731524955	2.89016788554392	-7.04511925	4.26119849999999
yasa1242	-0.668290206366	2.89797258175901	-6.89937175	4.62768299999999
yatz1235	-1.1760252884935	2.48099055176089	-6.74541175	3.3715005
yaum1237	-1.0320561850495	2.45429178131084	-6.4159345	3.3256675
yawu1244	-0.42949711359	2.88505270804793	-6.52715625	5.06102075
yele1255	-0.474731517655	2.81557243208286	-6.20192125	4.85988075
yems1235	0.428866005925	2.28429733978546	-4.269271	4.59663425
yind1247	-0.4837900897595	2.86041317808737	-6.650123	4.8622225
yoga1237	3.113849308015	1.80110671104688	-0.22133235	6.81139425
yona1241	1.07928667442	2.12993563576793	-3.5303525	5.056916
yong1280	-0.724312937125	2.90263669485937	-6.40943025	4.7534225
youl1235	-0.67227470402	2.25441629736969	-5.70074525	3.445438
youn1235	5.8240280355	2.66283091552363	1.45617575	11.84971
yuca1254	-0.429986208627	2.87083122804442	-6.72876325	4.81153675
yucu1253	-0.4373000507105	2.93292126517406	-6.40663975	5.19180849999999
yuec1235	5.469476230484	2.54838438348284	1.3334145	11.3860825
yura1255	-0.23134272298035	2.9996060912898	-6.7619085	5.18362725
zaba1237	-1.0741933228565	2.73465043114455	-7.018335	4.0134215
zaca1241	3.83179212788	1.89215614546308	0.271328725	7.7164065
zaca1242	-1.3256536985055	2.63168710202349	-6.9655145	3.39589
zagh1240	-0.19359088852	2.92792736805204	-6.177129	5.3382565
zamb1245	0.134697557021	2.79594568985286	-5.73126175	5.49582224999999
zani1235	-1.255865101385	2.5362035176121	-6.923848	3.583614
zarm1239	0.34899524633	2.64499713734614	-5.19608725	5.217963
zaye1235	1.252536156635	1.97282717431906	-2.703015	4.975228
zays1235	-1.08221034643	2.52986744961678	-6.4163715	3.558142
zeme1240	-0.957240549604	2.2629558767143	-5.80502125	3.06932125
zinz1238	-0.432516885534	2.84879222469509	-6.19763275	5.0615305
zoog1238	-1.170948194015	2.46668282975069	-6.72121775	3.31129249999999
