Estimate	Est.Error	Q2.5	Q97.5
abar1238	-1.0716996476115	2.26676299783775	-5.768406	3.10227675
abee1242	-0.4282989908585	2.34358965060198	-5.4085625	3.963052
abkh1244	0.47476872431	2.16988179880286	-4.01507825	4.5021745
abun1252	-0.284498633445	2.38958969403626	-5.1598515	4.4147145
acha1249	0.935518590035	1.83621568485845	-2.836118	4.489295
acha1250	-0.200775896477	2.45303278601178	-5.4028025	4.39369225
achi1256	-0.83101122404	2.49521771640249	-6.122985	3.81564025
achi1257	-0.45867584062	2.25701061267564	-5.20166125	3.676702
achu1248	-0.338520344988	2.42631175459777	-5.4435155	4.48997924999999
acol1236	-0.322533927704	2.32857542382779	-5.13965475	4.238294
adan1251	-0.5487811188875	2.40169087061968	-5.579225	4.09614275
adon1237	-0.585311718205	2.21149353060585	-5.35374025	3.364911
adze1240	-0.322888839575	1.93258973237732	-4.2924105	3.4268945
afar1241	0.16152635112	2.39851358594825	-4.63763375	4.82445824999999
aghe1239	-1.06877004651	2.313622175049	-5.87645775	3.183343
aghu1255	-0.4045421354465	2.44764275102309	-5.59733375	4.34842775
agob1244	-0.388010288642	2.43630512810031	-5.7217575	4.40886575
agua1253	-0.251347142214118	2.52978973459706	-5.447151	4.83169825
agut1237	-0.610869651775	2.27852713166025	-5.62651625	3.5953935
aheu1239	-0.91857039236	2.32470810431684	-5.97704525	3.2715195
aime1238	-0.25938169738	2.29411221052341	-5.054364	4.134558
ainu1240	-0.2300588883935	2.32588964533541	-5.17319525	4.23235349999999
ajab1235	-0.4372499067465	2.39822645974247	-5.822151	4.04355024999999
ajie1238	-1.004585749795	2.19763488491049	-5.947729	3.0230855
ajyi1238	-0.491323683227	2.42234754332181	-5.67427525	3.936407
akha1245	-0.1707074527	1.81951483228885	-3.8013385	3.59976425
akoo1248	-1.033367025685	2.25027917485776	-5.6596145	2.82623975
alab1237	-0.2839229369785	2.39858735588204	-5.162299	4.3340145
alab1254	-0.512264741255	2.17672391836787	-5.2650405	3.5742955
alag1248	0.1297347946825	2.25919571269512	-4.69572675	4.36085125
aleu1260	-0.285056965655	2.31550605949787	-5.12865	4.1826465
alor1247	-0.57579588459	2.34479117252898	-5.3546845	3.88020774999999
aluk1238	-1.100055511798	2.26704292231626	-5.82095575	2.97756
alya1239	-0.14434290674355	2.42778144398345	-5.22116475	4.47114525
amah1246	-0.283621777075	2.51989292800778	-5.63772175	4.58732449999999
amap1240	-0.826773414795	2.37780964491104	-6.00673	3.50507925
amdo1237	-0.699947308685	2.34573932385498	-5.7182115	3.78923599999999
amii1238	-0.198946294095	2.51674194865177	-5.63792025	4.60742225
amis1246	4.0634224673	1.82137377110143	1.00044	8.00238725
anei1239	-0.83456430179	2.3571690682044	-5.962401	3.54382174999999
anfi1235	0.6450205341535	2.0941931456319	-3.665425	4.8004685
anga1288	-1.2882575036155	2.02161443877333	-5.554167	2.31077949999999
anta1255	-0.2825244357415	2.26781420593848	-4.9527455	4.05482849999999
anut1237	-0.462378708185	2.25193553619767	-5.2810505	3.61659
anuu1241	-1.233698900075	2.27099832984383	-6.399324	2.64060075
aona1235	-1.5930501277	2.14543684566461	-6.24587125	2.2221945
aoua1234	-1.4570755047545	2.19943268795645	-6.07835125	2.66939699999999
apin1244	-0.17090272958	2.3975773794639	-5.09176575	4.7502935
apma1240	-1.5644800928355	2.12938276645726	-6.224872	2.15799525
apur1254	-0.04758996838	2.38088629227338	-5.13131075	4.67602875
arak1252	-1.462183465085	2.07640775899501	-5.9377445	2.313918
arao1248	1.22501574487682	2.28410717455221	-3.32953975	5.7716665
arap1274	3.199041734235	2.26455865066148	-0.80308235	7.88963475
araw1276	-0.174063854325	2.3519959141431	-4.90696325	4.348735
arbo1245	-0.7165073178965	2.20724261477663	-5.352509	3.249772
arch1244	-0.61724341875	1.94220919001098	-4.74293325	3.16805425
area1240	-1.244237250044	2.23545944663997	-6.110664	2.899476
aree1239	-0.738403189975	2.30438882087811	-5.7033375	3.48388975
argo1244	3.23373271143	2.25480711274425	-0.711098125	8.17090425
arhu1242	-0.3216889067815	2.3789748450324	-5.4447705	4.0066735
arig1246	-0.1633581601495	2.37840640121204	-5.0749315	4.31451875
arop1242	-0.945903758479	2.31492142004836	-5.92488975	3.06142325
arop1243	-0.96691825375955	2.27073737683054	-5.94930525	3.1021365
aros1241	-0.89313131658	2.2072989188886	-5.563081	3.34452325
arta1239	2.784992119825	1.643962977884	-0.234485025	6.44730025
ashe1272	-0.51951434483	2.31394588258623	-5.43973125	3.8213865
asoa1238	-0.283617243195	2.40561126272057	-4.95845775	4.5678535
assi1247	-0.27760102378	2.40976278605932	-5.53331825	4.36051874999999
asut1235	3.6789495278	2.33403390628532	-0.457676325	8.51355525
athp1241	-0.25778450113	1.81243708336612	-3.905092	3.38692775
atii1237	-0.64112767017	2.24209456240359	-5.55220225	3.45827225
aton1241	-0.2748276215	2.0408736591982	-4.614245	3.51528399999999
auuu1241	-0.9473066297885	2.2859281862773	-5.97275025	3.04215575
auye1238	0.8875031161975	2.19585890503468	-3.45309925	5.372272
avok1242	-0.3137132350655	2.44062565421041	-5.42137075	4.23854399999999
awac1239	-0.225713095067	2.58644333114267	-5.70730775	4.80669624999999
awad1243	-0.98859798395	2.22696093056583	-5.63331425	3.0732105
awar1248	-0.445665869546	1.97319911159497	-4.45331125	3.42597075
awar1249	-0.592869346898	2.10597032506668	-5.003825	3.158045
awji1241	-0.2154507723	2.40313313200705	-5.207484	4.57592524999999
awtu1239	-0.944129642545	2.29243285413784	-5.8685185	3.128216
axam1237	-1.65967652277	2.05880160814253	-6.33594025	1.87059125
axiy1235	-0.70349860972	2.31926926674746	-5.75515725	3.53973525
ayac1239	-0.214875894588	2.39539531132013	-4.9705325	4.53646775
ayiw1239	-0.698072117597	2.19234998922034	-5.380294	3.348663
baba1264	-1.0801065805135	2.31688775243077	-5.6580025	3.2490175
baba1266	-1.10332850177055	2.30826138547367	-5.85687275	3.031757
bafa1247	-0.94047899604	2.14930476451768	-5.5362705	3.0040045
bafi1243	-0.8193967869965	2.39369587951742	-5.82203575	3.565106
bafu1246	-1.08767017452	2.31568085546498	-5.98855075	3.12485075
baga1272	3.154950286215	2.18798309642884	-0.68610675	7.85033425
bagi1246	-0.8544015517435	2.41919001884605	-6.10539225	3.45977075
bagv1239	-0.0080968913615	1.75940748890995	-3.47831175	3.56416675
baim1244	-0.778269844955	2.28340623659533	-5.68890525	3.40796824999999
baka1272	-0.20423354788	2.34779827357263	-5.09656675	4.3832425
bala1311	-0.544248692175	2.26004774624607	-5.39882975	3.55651374999999
bala1315	-0.3814313178215	2.35108197781151	-5.117821	4.0680625
bala1316	-0.8667520907295	2.31249918311581	-5.8755695	3.54343325
bali1278	-0.30589565527477	2.28999442264374	-4.94808075	4.00021425
balu1257	-0.8618730549	2.2621871570056	-6.06481775	3.07889575
bamb1270	0.430982022475	2.2290096671078	-3.97525625	4.61351974999999
bamu1253	-0.9780597179675	2.31607946293993	-5.8864605	3.40521374999999
band1344	-0.2046849797415	2.4694375898935	-5.2995505	4.724463
bang1354	4.168502596275	2.54567802853609	-0.125751225	9.56204349999999
bang1369	-1.1572746707	2.28342646556776	-6.13903975	3.06955625
bant1281	-0.908258407047	1.85319116984795	-5.0277095	2.49475975
bara1357	-1.585340872236	2.23995676739112	-6.40079625	2.4512505
bara1380	-0.460354487015	2.40856360247782	-5.48593975	4.28363275
bari1286	-1.037354845344	2.26845224152719	-6.0001035	2.8867515
baro1253	-1.128918929485	2.12997248464434	-6.03442575	2.6532345
bash1264	-0.308389830321	2.29536446056891	-5.044162	4.10052525
basq1248	-0.416866328775	2.27590872103088	-4.8545785	4.11664875
bata1285	-0.4104444279215	2.31582710943748	-5.4692965	3.81175449999999
bats1242	0.7219613077425	1.90863239575431	-2.8082695	4.7347775
baur1253	0.1933882237995	2.30535285941154	-4.4038155	4.832867
bawm1236	-1.119199528773	2.06403742329759	-5.6582845	2.47354
bebe1248	-0.523204040712	2.43659363752862	-5.90454175	4.23409525
beem1239	-0.21924523135	2.38410008091639	-5.004711	4.435193
beka1241	-0.478479031793	2.27116324952609	-5.27334175	3.7707495
bela1254	-0.371629738927	2.27437519683645	-5.122339	3.91242675
beli1257	-0.15977254396	2.56804104176948	-5.32387525	5.10659225
bell1243	-0.461650526716	2.38162765624785	-5.426045	4.0046545
bemb1257	-0.259197071549965	2.44194237695955	-5.55244875	4.5997795
beng1282	-0.3799431094405	2.39626756088995	-5.603687	4.3439345
bent1238	-0.95325718277	2.32658418335376	-5.87212475	3.4291505
bert1248	1.217024640587	2.14231204435604	-3.030992	5.52646649999999
bezh1248	0.604528970305	1.78188206082879	-2.82074575	4.37234825
bhoj1244	-0.899331164255	2.24676990732908	-5.76547625	3.23480774999999
biao1253	3.32654698423	2.44690524612624	-0.800020675	8.93832624999998
biao1254	2.540849075975	2.45822015464509	-1.63478925	8.02857174999998
biao1256	2.89255553467	2.51629505912774	-1.32561025	8.26028149999998
bier1244	-1.5727970994815	2.18581135595285	-6.3775685	2.22928025
bign1238	-1.635908840116	1.96175835592114	-5.9310785	1.7472455
biha1246	-0.3782715049688	2.1583698668462	-4.91721175	3.6739385
bilb1241	0.03437874383	1.98155847238895	-4.07968125	3.8613445
bimi1240	-0.5919881082155	2.36903208673894	-5.51828475	3.87792225
bini1246	-0.282077239	2.40023626026535	-5.41133875	4.42134974999999
bira1253	-0.76371181434105	2.1675735656112	-5.28677825	3.18496875
bisu1244	-0.113547715365	1.92710093251326	-4.04024375	3.82168725
bitt1240	-0.5411745260205	1.98529708452173	-4.63570125	3.2214965
biwa1243	-0.51271423482	2.27522661557652	-5.21457175	3.85217025
blab1237	-1.1355605760851	2.30928053096774	-5.98472425	3.1588975
blan1242	-0.636265291455	2.06421459707523	-5.07887825	3.2047575
bodo1267	-0.846783879855	2.23413655404972	-5.7150045	3.07953975
bodo1269	-0.4996155135325	2.00002710400036	-4.59491475	3.15136424999999
bola1250	-0.98142667932	2.18129379680609	-5.69040425	2.93286
boly1239	-0.397225737905	2.21309099660117	-4.92586425	3.84119124999999
bona1250	-0.872058804755	2.21972186594023	-5.78902625	3.18651999999999
bong1285	-0.15960016066	2.46531971248995	-5.375323	4.56162475
bong1289	-0.50947447262	2.47599324671227	-5.90818925	4.08094199999999
bora1263	-0.375152835001	2.3816766021066	-5.28983	4.34459275
bord1248	-0.321147428389	2.1944280345082	-4.88865375	3.96605775
boro1277	2.2307404445494	2.0144171441888	-1.3797485	6.38843
boro1282	-0.13612032191	2.42487139026259	-5.03663475	4.8522155
boto1242	4.23439106138	2.23771753016743	0.450346425	9.19687925
boun1243	0.284833208821	2.13525993285423	-4.39438125	4.548828
boun1245	0.940208308183	2.08910465203946	-2.86307225	5.25762674999999
brah1256	3.35893441041	2.26392735918861	-0.421819025	8.1374615
bret1244	-0.36157126298	2.34163300574815	-5.20924575	4.07175875
brib1243	-0.52873470299	2.29686894398737	-5.3890865	3.8943735
bube1242	-0.543255021115	2.43354059872984	-5.869881	4.18392875
budu1248	-1.3040330681665	2.03311894350865	-5.8948165	2.42467875
budu1265	-0.4943549582255	2.27724144793813	-5.17872075	4.03984225
budz1238	-0.41211883384	2.34096646389552	-5.377795	3.83626649999999
buga1247	0.556138236336	1.99119202756144	-3.50557525	4.514026
buga1250	-1.010424175555	2.23884517539598	-5.73955975	3.06341775
bugh1239	-1.220783791931	2.24665465202179	-5.9901435	2.918139
bugi1244	3.356913001825	2.19039869641384	-0.64397985	7.94871525
bugl1243	-0.39852000748	2.37602649263881	-5.55913525	4.203188
bujh1238	-1.58222070959	2.20643107283411	-6.52058925	2.3406675
bull1247	0.252772408045	2.21091514790875	-4.3067445	4.426906
bulo1242	0.2282813750085	2.06922454759729	-4.143751	4.01240675
bulu1251	-0.48061901554	2.43821612704124	-5.67720475	4.137757
bumt1240	-0.809046838964	2.27300295972286	-5.50680175	3.300085
bura1292	-1.037882411185	2.33172022132247	-6.2561085	3.20910825
bure1242	-0.855447722035	2.23317511312167	-5.6126075	3.2395455
burj1242	-0.74301514825	2.24877042506513	-5.457404	3.43975475
buru1296	-0.38970707209	2.43819993278688	-5.5334085	4.35168624999999
buru1320	0.18773709346	2.25040553062134	-4.158575	4.742835
busa1253	2.84975231764	2.31510117925051	-1.0482885	7.84462925
bush1247	-0.105863007995	2.40188271502792	-5.214725	4.41829724999999
buwa1243	-1.086052466845	2.31444711607163	-5.94850275	3.041783
bwat1240	-0.952467211485	2.28747747483021	-5.85653575	3.28753024999999
byan1241	-0.94863305377	2.24450139337146	-5.86659725	3.10326
caac1237	-0.89484139055	2.30483214661563	-5.918221	3.24570099999999
cahu1264	-0.345664587495	2.30171585449749	-5.08696075	3.91420349999999
cakf1236	-0.87794578658	2.40013077314077	-6.0875445	3.51763775
caml1239	-1.29491557065	1.96439553719004	-5.57861375	2.334696
camp1261	3.70939647438	2.25105006673522	-0.3213796	8.50761825
cane1242	-0.1494081656995	2.40620606687087	-5.152203	4.61412025
caom1238	2.4805098191	2.50214830532834	-1.7345175	8.22788975
capa1241	-0.40281051212	2.46364583712325	-5.439848	4.38098375
carn1240	-0.4493165268685	2.31821224151658	-5.286501	3.728832
caro1242	0.4447115448155	2.19780023760377	-4.20843775	5.00068724999999
cash1251	-0.4213018161	2.32592420432745	-5.5453285	4.10668375
cavi1250	4.089907738285	2.52842438925544	-0.2710687	9.48471525
cemu1238	-0.98763848769	2.25566746213619	-5.94776725	3.080259
cent1989	-0.2968231366595	2.30909788952947	-5.33804975	4.01386125
cent1990	-0.5301788547	2.29741911975923	-5.86844275	3.589458
cent1992	-0.4713745243795	2.15953416893	-5.23712075	3.428298
cent2004	2.87365262121	1.93944510157953	-0.45066425	6.930408
cent2050	-0.83671981227	2.41949511636547	-5.733124	3.580263
cent2090	-0.5784200948155	2.22130466490637	-5.35974375	3.4677465
cent2126	-0.2737253821155	2.43988897614032	-5.28534525	4.48183425
cent2127	-0.219957166335	2.4537922654364	-5.21733975	4.66787
cent2131	-0.6551004797135	2.38112539686025	-5.80023175	3.89309449999999
cent2142	-0.220720424486	2.44474212045945	-5.1737355	4.3613255
cent2150	-0.1503902537995	2.42702239711077	-5.124537	4.6463615
cent2292	3.50224364955	1.67170279974163	0.6046836	6.99549475
cent2314	2.63802746951	1.94722749869942	-0.898441975	6.79427874999999
cent2322	-0.361926998573	2.36614294972064	-5.43510125	4.04910825
chac1251	1.8325826585215	2.19076086553409	-2.16280275	6.236017
chad1249	-0.30513096256	2.30810388593983	-5.091887	4.08189525
chak1270	-1.161224536895	2.22743638665956	-6.15618425	2.63055475
chal1275	3.266454543125	2.20284586587275	-0.561721325	8.226281
cham1309	-0.1364131170122	1.77631206140604	-3.790804	3.326493
cham1312	3.60120173600035	2.36766714144245	-0.412299525	8.698623
chan1313	-1.68471488719	1.99256305617615	-6.189689	1.87584625
chas1234	0.687760432014	1.85232255178396	-3.1131545	4.14280174999999
chec1245	-0.698221252824	2.21338392413721	-5.15128725	3.62617325
chek1238	-1.183025941282	2.28116349538082	-6.132221	2.93414974999999
chen1255	-0.6106474400226	2.30891075346441	-5.58614525	3.74365049999999
chep1245	-1.6074036357	2.21146821828032	-6.48473775	2.393342
cher1273	-0.3312285169802	2.37786763532425	-5.39795275	4.27118425
chhi1245	-0.57307864278	1.79402188788209	-4.32873625	2.88297325
chil1280	-0.34121588969	2.37747634149121	-5.293853	4.15045325
chim1302	-0.25856309691	2.47510920173075	-5.2213815	4.4578755
chip1241	-0.465086390445	2.24761859322653	-5.37395175	3.71142375
chip1261	-0.14120549216	2.34348062364773	-4.887955	4.3079695
chiq1248	-0.189302119905	2.41780424009698	-5.03250475	4.45039125
choc1276	-0.403849200265	2.40558262284144	-5.69940175	4.17601825
chon1284	2.1437355302	1.87857614286362	-1.3573015	6.18980075
chot1239	-0.90958512962	1.98072754841394	-5.325316	2.7408105
chra1242	2.925401406185	2.21288872768241	-1.008903	7.94768925
chuj1250	-0.9776047534875	2.26195463594383	-6.04432275	3.231239
chuk1273	-0.477140284575	2.20462926315314	-5.04813775	3.59303825
chuv1255	-0.69587936411	2.21941764558196	-5.55504225	3.4607655
chuw1238	0.2302106052515	2.35862891334153	-4.50730575	4.8417775
cici1237	0.80415583666	2.3590537088599	-4.03940625	5.47079625
coat1243	-1.1162697051085	2.21073930944447	-5.76679425	3.144794
coca1259	-0.3267986776465	2.42782124307748	-5.3492525	4.41936149999999
colo1256	-0.21496517619	2.46385668937669	-5.57577375	4.7713205
colu1241	1.4068575291635	2.0496373039373	-2.46063275	5.492733
coma1245	-0.397917607875	2.31229610790143	-5.21565225	3.8679875
como1259	-0.010934498831	2.16060242855747	-4.2945165	4.39944349999999
cong1236	-0.2397274015462	2.45339116369999	-5.27564375	4.34184924999999
copa1237	-0.3491383304735	2.1093520266272	-4.97429225	3.53711675
cori1240	-0.5795681587862	2.37832191923733	-5.6763545	3.95598899999999
cors1241	3.60148587752	2.2861857341006	-0.355955575	8.79342525
cosa1234	-0.66442103102	1.94360950716415	-4.7944315	2.86211525
cree1270	-0.3623307726675	2.36956685432224	-5.20487125	4.15066875
crim1257	-0.2837385294375	2.28667961583127	-5.077457	3.988514
cros1244	-0.685622413535	2.28750953534384	-5.66509675	3.64226325
crow1244	0.3042039979255	2.36355118164264	-4.44346225	4.755986
cube1242	-0.3839788993365	2.4234588679183	-5.28726775	4.60725025
culi1244	-0.2268979698305	2.46850190596901	-5.39974325	4.59024575
cypr1248	-0.319891957325	2.43711798500608	-5.5752805	4.27125424999999
czec1258	-0.3892804522325	2.34094219237555	-5.38347675	4.08436875
daai1236	-1.039487364335	2.29722604953013	-6.08321025	3.162957
daas1238	-0.5333076144107	2.38109174376392	-5.31040225	3.9438615
dagb1246	0.3726571483215	2.13605814007566	-3.96487875	4.5945385
dagi1241	-0.36826574139	2.41973643588994	-5.690438	4.09076
daka1243	-1.6845234648865	2.11165093127793	-6.342444	1.875662
damp1237	-0.54274562333	2.32535849990258	-5.480546	3.88663875
dana1252	0.707753329146	1.84837243457809	-3.25686525	4.2451165
dani1285	-0.3790179713225	2.29913980664514	-5.17154475	3.85557575
dara1250	-1.4998042907065	2.1966063970624	-6.67167675	2.43573775
darg1241	-1.01494694581365	2.07471644795859	-5.49452125	2.87415325
darm1243	-0.949886947605	2.21799800300517	-5.81953025	3.03294
daur1238	-0.29229280464885	2.453400601658	-5.54000375	4.34396425
dawr1236	0.586615590015	2.17043548396981	-3.70328975	5.05537099999999
daww1239	-0.37749295751	2.33919926887748	-5.078847	4.08076349999999
daza1242	-0.174298922405	2.30419422660785	-4.97682175	4.212041
dege1246	-0.471880476848	2.33036094274046	-5.42705475	3.8368265
dera1248	-1.077684809845	2.28735528941872	-5.970494	3.05938275
desa1247	-0.45840465314885	2.26880645971438	-5.08530125	3.9168995
dhao1237	-0.244641256214	2.24883218311494	-5.06903625	4.15741325
dhar1247	-0.093118983038	2.47500530557068	-5.23822725	4.89860699999999
dhim1246	2.02207566846	1.97165282178913	-1.3812955	6.28756424999999
dibo1245	0.61055908775	2.46714320013512	-4.14746375	5.47591475
dido1241	0.412650465645	1.74407937451773	-2.90319275	4.04343
dier1241	-0.123387338525	2.46804101887324	-5.212479	4.49976975
diga1241	-1.108552236903	2.2639998785974	-6.29482025	2.90147125
digo1243	0.977110199135	2.25789429051447	-3.2867725	5.50010425
dima1251	-0.345673328743	1.85278056049386	-4.2996235	3.27432275
djee1236	1.699404294332	2.17817813540729	-2.50485025	6.2237545
djin1251	-0.21380292	2.40792554643531	-5.14404775	4.253311
djin1253	0.585629528855	2.3851233129198	-4.06400125	5.2849425
domm1246	2.656882741915	2.28247259501694	-1.28801475	7.56851799999999
dong1285	-0.677031318095	2.38210856139695	-5.5316105	3.951288
doro1266	-0.748960495522	2.24724430165213	-5.33356525	3.377491
drun1238	-0.56035976565	2.20461182903637	-5.33721675	3.3442705
dumb1241	-0.83712158871	2.35109830914302	-5.633891	3.60175775
dupa1235	1.559817354559	1.89377697823193	-2.05855025	5.4693925
dusn1237	-0.1540732588615	2.21835845154257	-5.02202525	4.033449
dutc1256	-0.4579163947705	2.25925982791099	-5.20610475	3.73732475
dyir1250	-0.1577773564325	2.41143027809014	-4.854297	4.573633
dzao1238	2.723753140605	2.48577709677492	-1.56196425	8.04193199999998
dzon1239	-0.19216860737	2.11166346940743	-4.8645305	3.799291
east2328	-0.741336764472	2.25289994565816	-5.67259075	3.36430875
east2332	-0.92578624666	2.29622940610548	-5.78261825	3.20701425
east2342	3.30541342434	1.99318226539723	-0.238567125	7.49145775
east2379	-0.19952974552	2.4278701082687	-5.13734375	4.553978
east2443	-1.574136931685	2.2344082227905	-6.449671	2.4194895
east2447	-0.310246670264	2.43607754177653	-5.50120475	4.16813025
east2516	0.79213508299	2.11007660616087	-3.17840375	5.12500974999999
east2555	0.266568529454	2.43277871544222	-4.6826845	5.072903
east2690	-0.338360283205	2.48812415056208	-5.536774	4.441448
east2773	-1.671860343495	2.14752990106325	-6.23860725	2.06341425
east2782	-0.1946209258265	2.42071245815815	-5.101245	4.6679635
egyp1253	-0.2248042871868	2.44117622741563	-5.33271875	4.43994825
eipo1242	-0.50870689839	2.38048392628076	-5.73277975	3.9921195
elem1253	-0.56141840049	2.38639114814293	-5.52489875	3.71403975
emae1237	-1.394167261933	2.21910156202236	-6.0861055	2.62849374999999
emai1241	-0.24645819998	2.40344032386625	-5.42581075	4.110426
embe1260	-0.289309240855	2.28191206210902	-5.04615675	3.89725775
embe1262	-0.18186420544	2.32347447630468	-4.82127725	4.3709755
enap1235	-0.207024411081	2.39676499112275	-5.20488025	4.57687675
enuu1235	-0.89335733748	2.06674766818968	-5.62797275	2.839302
epen1239	-0.1474451163005	2.33000491552704	-5.007995	4.363371
ersu1241	2.719340947155	2.09889123490798	-0.931764175	7.23762825
erzy1239	-0.46365725785	2.32174773734975	-5.310281	3.92710325
esee1248	0.874092577075	2.21545029443228	-3.6609475	5.43270225
esim1238	-0.975600319205	2.33764242800619	-5.7761775	3.3915095
esto1258	-0.6343051027785	2.37356897648557	-5.739459	3.8353115
even1259	-0.08967724423	2.30981403151084	-4.636145	4.53864375
ewee1241	-0.521189108615	2.34257368613624	-5.42014275	3.7898585
fare1241	0.66109695359	2.10704164507101	-3.5763435	4.99005225
faro1244	-0.3298416174605	2.27969771541835	-5.3965575	3.86348175
fiji1243	-0.363912752475	2.32892092009246	-5.30516075	3.9785305
fina1242	3.03026143785	1.52074483469805	0.455047175	6.37386425
finn1318	-0.358167054025	2.32904113220633	-5.2765655	4.0157815
fonn1241	-0.4203905910625	2.40756027834448	-5.9271545	4.031112
fore1265	-0.313901664325	2.41425427072565	-5.50067225	4.0758615
fuln1247	-0.1843408833	2.59978477444342	-5.65219	4.81235124999999
furr1244	-0.4013162630175	2.39428327832423	-5.68444925	3.9823655
furu1242	-0.3855156794238	2.39595445678331	-5.146862	4.35963174999999
futu1245	-0.77559656194	2.22607792500215	-5.458793	3.31465225
fuyu1242	-0.82912498592	2.33706085426507	-5.7890745	3.57362325
gaan1243	-1.0492186862435	2.32212082505309	-5.8225655	3.18879324999999
gade1242	-0.400181248826	2.477927130618	-5.88209125	4.060991
gaga1249	-0.2914101173555	2.32947861471051	-4.9560145	4.03128025
gahr1239	-0.73170848814	2.28710109002987	-5.5901195	3.466626
gali1258	-0.426275157055	2.32253994883932	-5.3861885	4.11086275
gali1262	-0.175307108786	2.34134248265099	-5.03926025	4.31432599999999
galo1242	-1.422385944105	2.27747922938102	-6.307483	2.89573975
gami1243	-0.0929494259	2.37472602246006	-4.91048775	4.70905925
gamo1243	-0.5365307208675	2.12949593397537	-5.0761985	3.66241324999999
gant1244	0.8406404243285	2.023429283121	-3.1586185	5.14369
gapa1238	-0.74758723028	2.32806651227806	-5.7305725	3.59457725
gata1239	-0.885344967139	2.21297517116978	-5.795419	3.06737825
gayo1244	-0.459602591845	2.32467426390121	-5.374341	3.85410875
geba1237	1.7559009408	1.77781823527331	-1.6250215	5.373114
geda1237	-0.0625161323565	1.99031795731082	-4.20455725	3.8323995
gela1263	-1.319653071837	2.17555618190326	-5.931571	2.54278425
ghad1239	-0.241591716135	2.41256754307037	-5.58219425	4.315591
ghan1242	-0.75166558541	2.36101953066924	-5.61931475	3.6272935
ghar1239	-1.1259651125295	2.2550487691003	-6.1277755	2.9070565
gheg1238	-0.59714363585	2.26157972412175	-5.3554605	3.6828965
ghod1238	-0.570722602985	1.91501269607814	-4.63311075	3.07870625
ghom1257	-0.2957905735385	2.48691999156588	-5.70837075	4.4216975
gilb1244	-0.13636626628	2.32877390371789	-4.977339	4.4078955
gily1242	-0.593988499753	2.17473453708195	-5.2055475	3.47995825
glav1244	-1.036752343152	2.34052960657876	-6.1616725	3.13188575
gofa1235	0.032049610015	2.16443417748678	-4.37887	4.31237499999999
gogo1265	-0.347879198256	2.52114154346847	-5.726685	4.34704725
gola1255	-0.2405675475625	2.39097577779637	-5.24030125	4.317204
guah1255	-0.25485067246	2.35465386290801	-4.93326125	4.10652475
guan1266	-0.784600663176	2.12984136283973	-5.425572	3.20600549999999
guan1269	-0.3981383264755	2.31769041831538	-5.1930635	4.176093
guat1253	-0.1998274207035	2.32493328139353	-5.1139205	4.05482725
gube1234	-0.3167492521255	2.26680408488808	-5.15508925	4.036993
gude1246	-1.05906538112	2.3588972790786	-5.8232005	3.2618295
guer1243	-0.4878952601965	2.05955939204059	-5.02019625	3.17813549999999
guiq1238	0.3131099859035	2.04921701669589	-3.91665475	4.4604255
gulf1241	-0.327553303999	2.33143656881451	-5.1252915	4.02091175
guma1254	-0.607675534185	2.20242681614582	-5.3998215	3.6500525
gumu1244	3.020372346285	2.14594659853533	-0.72246975	7.59227025
gunw1252	1.959487636405	2.27892680952821	-2.165837	6.71967599999999
guny1241	-0.1577781800735	2.44416928596791	-5.55415125	4.53935575
gura1251	1.34027028404925	1.9089859272573	-2.4423305	5.0058535
guru1261	-1.575592125275	2.10757064794516	-6.0993175	2.141775
guru1271	-0.99825091031	2.26425447378402	-5.57080225	3.153588
gyel1242	-0.45062600424	2.35664649257964	-5.332369	4.23969575
haaa1252	-0.2480973505075	2.41907896054822	-5.5745275	4.39388
hadi1240	-0.189758647175	2.13076479942268	-4.65016375	3.7993135
hadz1240	-0.1796721913135	2.38963427425786	-5.18220575	4.488601
haka1240	-0.8820579450265	2.10479932939576	-5.53538675	2.79729699999999
hakk1236	3.4226556727105	2.28349449591892	-0.5160868	8.5993795
halh1238	-0.3601325583111	2.50544739564537	-5.8266505	4.46784375
hali1244	-0.910208927463	2.21234884967518	-5.747848	2.97998625
halk1245	1.72374415719	2.12677031160803	-2.16772825	6.22477425
hame1242	-0.64416873734	2.17574582046449	-5.2426425	3.3745625
hang1263	-0.845033600344	2.356871159731	-5.745469	3.56200475
hani1248	-0.67963089013	2.13902794922612	-5.2470205	3.12887825
hano1246	-1.499303512655	2.23919313016073	-6.23656625	2.61579225
haru1245	0.255886242082	2.1188731952138	-3.970621	4.478951
hass1238	-0.179289177725	2.43115793477166	-5.0192945	4.683993
hava1248	-0.372740979235	2.54302593103787	-5.59832575	4.52216399999999
hawa1245	-0.249546749025	2.3351410133284	-5.27705	4.117588
hebr1245	-0.38308082651	2.26657727161547	-5.2029465	3.8135875
hehe1240	-0.3583958790645	2.30688962790888	-5.087457	4.13405775
hela1238	-1.70789661417	2.17246697378875	-6.24660075	2.05956425
here1253	-0.192528930572	2.37695410595855	-5.023158	4.574825
hida1246	-0.235099124525	2.25888287271106	-5.13729025	4.18402325
high1243	2.03896210689	1.79552369621	-1.2469315	5.8949515
hind1269	-0.256711647881	2.24409565281919	-4.92479675	4.09212825
hoaa1235	-0.513478679486	2.26836618534682	-5.3654455	3.68854675
hoav1238	-0.964920688105	2.30877098408389	-5.57027075	2.987311
holo1240	-0.2152186911145	2.41626331390123	-5.24784875	4.4745615
hone1235	-1.0023226665395	2.2803151002096	-5.835453	3.27586475
hooo1248	-0.217591331954	2.18140076724594	-5.02416275	3.9151385
hopi1249	-0.52388919282	2.44226203198115	-5.707226	4.0705505
horp1239	-0.4757250889055	2.23827843883474	-5.23341975	3.747228
huaa1248	-0.423855549817	2.40769041256776	-5.34230025	4.353033
hual1241	-0.4212241574235	2.45285533633369	-5.557998	4.32390475
huam1247	-0.3937295480785	2.44890209078429	-5.78071275	4.23621975
huar1255	-0.716650614225	2.33053566758873	-5.4873735	3.5861475
huba1236	-1.063809568332	2.26438710347518	-5.75767425	3.209821
hula1244	-0.2637057175675	2.36174309363699	-5.18841225	3.99837099999999
humb1243	-0.933796590835	2.16245381824716	-5.590287	3.080677
hung1274	-0.4208832350525	2.37950107290775	-5.8590275	3.95913325
hung1275	-0.71296851652	2.35743451197828	-6.044883	3.64613625
hunz1247	0.524892445455	1.7960100077876	-2.93413325	4.204412
hupd1244	-0.4834819289479	2.28386637854978	-5.07094975	4.026115
hyam1245	-0.531047838995	2.38198737878498	-5.764177	4.1238095
iaai1238	-0.91904997441	2.3535213091513	-5.9459085	3.41388875
iatm1242	-0.635947598031	2.39270585101368	-5.573718	3.826664
ibal1244	2.841647213745	1.5694257115029	0.0385081275	6.16057325
iban1264	0.833228722394	2.12808589526784	-3.29068175	4.990216
ibat1238	3.53300726516	2.21197221577719	-0.24683135	8.31719749999999
ibib1240	-0.7035075017395	2.46620161443045	-5.7881995	4.135085
idum1241	-0.938243271392	2.252884456132	-6.0398145	3.2429355
idun1242	-0.7075079778957	2.26163849450331	-5.4340175	3.51694275
ikkk1242	-0.36624128467	2.43422572381178	-5.506654	4.2410685
ilaa1246	-0.2530714668675	2.37020232991378	-5.29234925	4.3637585
iliu1237	-0.561619345635	2.33763096255378	-5.34763475	3.88707375
ilon1239	2.747470473935	1.57180174501782	-0.126520925	6.03880524999999
imba1240	-0.22825960933	2.39933560746296	-5.09603875	4.72479399999999
indo1316	3.195005908365	2.04263105905438	-0.46569095	7.438787
ingr1248	-0.293717434215	2.15559014730153	-4.96641	3.63487
ingu1240	-0.319691533371	2.01305993933073	-4.499603	3.6042475
iris1253	-0.328189299125	2.30997053623894	-5.03769425	3.90171699999999
irul1243	-0.597882617854	2.28971208475035	-5.55462275	3.66766475
isco1239	-0.46304083411	2.36109129996819	-5.19110425	3.94573249999999
isin1239	2.52445575335	1.46253414445082	-0.194930925	5.5588485
isir1237	0.009833036305	2.12507782450091	-4.50915775	3.81802499999999
isna1241	2.14852126923	1.84414356073318	-1.44897025	5.93305125
isth1240	-0.69019980714	2.29282312189708	-5.5946005	3.27224249999999
ital1282	-0.108039711925	2.31317801429402	-5.10249125	4.194496
iton1250	0.936159609654	2.2882765336867	-3.53260425	5.68870324999999
itza1241	-0.499594276311	2.30696860517984	-5.35163275	3.7357945
iumi1238	0.3564903136955	1.88196262308428	-3.10352475	4.35833774999999
iwal1237	-0.8760050076761	2.2268969687468	-5.65670525	3.19241875
iwam1256	-0.837405218225	2.3548471981129	-5.99348325	3.424784
iyoo1238	-0.047043155785	1.96593448303409	-4.171083	3.709257
jahh1242	-0.89498325364	2.17645165382899	-5.50214075	3.08584625
jalk1242	0.617600697215	1.9110063323527	-3.0154105	4.543442
jama1261	-0.158849920035	2.37839013947419	-5.11245175	4.3312495
jamb1236	-0.420042114765	2.38227318692467	-5.375683	4.17964
jams1239	-0.8263445217315	2.2920305858692	-5.64291125	3.48554
japh1234	-0.962201992995	2.0714197496264	-5.4957775	2.848702
jaqa1244	-0.28515844333	2.50319670682856	-5.47934425	4.585442
java1254	2.04831423843335	1.81483461189598	-1.29808925	5.78400625
jede1239	-0.892513705396	2.28463141615426	-5.8840115	3.31874475
jeha1242	-0.867430152866	2.21861014307588	-5.6363805	2.96258075
jehh1245	-0.914857904825	2.25108868157467	-5.84412325	3.1365635
jina1244	-0.8625384899335	2.33940864075357	-5.8003305	3.59685275
juan1238	0.353569006647	2.20652008937351	-4.112499	4.70601475
juku1254	-0.997706288673	2.33350072168883	-5.9930615	3.34137675
jurm1239	-0.170876787435	2.50739669656664	-5.244595	4.94044
kaba1278	0.156561444361	2.07554297097059	-3.93750175	4.10415024999999
kaba1281	-0.3574236240955	2.47899263288362	-5.44200175	4.5235225
kach1280	-0.291903847265	2.04765034747527	-4.580115	3.577678
kach1284	-0.84275916181	2.12888490022001	-5.130239	3.1900245
kado1242	-0.639157850285	1.93043395283556	-4.78100425	3.004198
kafa1242	2.97266660071	2.33578778492487	-1.130527	7.86611449999999
kaga1256	-0.5620246843742	2.30749225889047	-5.81807875	3.622333
kagu1239	0.196134091695	2.38396159254296	-4.72463325	4.8524705
kaik1246	-1.2360604233865	2.20056316078398	-5.92976225	2.75423475
kaki1249	-0.38063276219	2.17787660144912	-4.5820995	3.92152
kala1384	-0.1942831475525	2.38905571667567	-5.33095925	4.336264
kala1399	-0.25132715034	2.31489262484363	-5.30919225	4.27405325
kalm1243	-0.300331716456	2.34735300021485	-5.1075175	4.3306085
kamb1297	0.077039431056	2.34559479886847	-4.72003175	4.64602825
kamb1299	3.3650075284775	2.26874182412335	-0.577512	8.33686825
kamm1249	-1.0853354117	2.43415172581729	-6.38186875	3.2726415
kamu1260	-0.317699684076	2.31749903670636	-5.23277175	4.121827
kana1286	4.31146613025	1.59367075036325	1.50667	7.7722685
kana1291	-0.2886418024735	2.40827151662692	-5.42339625	4.39560225
kani1286	1.078619623228	2.05788868292696	-2.78235775	5.43396325
kank1243	3.626402677895	1.70603424570586	0.69938795	7.36574725
kaqc1270	-0.864873362885	2.29028017524486	-5.7741605	3.40385925
kara1476	-0.266390031867	2.45402351422458	-5.43610475	4.60368599999999
kara1486	-1.090065838175	2.25243251157134	-5.941856	2.90421775
kara1487	2.69383684502	1.40174053743685	0.1576681	5.60617
kara1500	-0.200267065815	2.31170568279001	-5.10217225	4.16213325
kare1335	-0.428338556215	2.34555157810382	-5.253699	3.95661925
kare1338	-0.36098064148695	2.44651514858006	-5.41074525	4.2937655
kari1311	1.24624126887	2.26719630192702	-3.166008	5.956802
karn1252	-1.16645643754	2.24555730302231	-6.18807075	2.72871375
kash1277	-0.55449079444	2.32977730562705	-5.62165575	3.8096315
katb1237	-1.692570106369	1.93724263719136	-6.0012005	1.71046425
kats1235	-0.6857307585455	2.09860740808806	-5.32864075	3.233254
kava1241	5.13155068911	2.21930793148277	1.3978305	10.049575
kaya1315	3.08266669089	1.96672039845936	-0.4348623	7.17461274999998
keap1239	-0.632699480543	2.31351078928496	-5.38205375	3.42825475
keda1252	-0.606995093672	2.28777057825773	-5.42986125	3.69470175
keig1242	-0.255666893459	2.48116951562198	-5.42187425	4.5046485
kele1255	-0.418731855481	2.41578241729887	-5.28893175	4.32768475
kele1258	-0.82032658281	2.22129874436678	-5.65914575	3.2532525
kemb1249	-0.498723830375	2.29455980911731	-5.329877	3.820426
keng1240	-0.247518596739	2.43848876841146	-5.42796	4.41211325
kens1248	-0.845385286329	2.23036492738522	-5.5399845	3.20438149999999
kenu1236	-0.306100776212	2.37958325955342	-5.11302475	4.09169075
keoo1238	0.521508445935	2.1451852164325	-3.87324225	4.7350225
kera1255	-0.805281531665	2.31290079284795	-5.78028825	3.4569345
keri1250	-0.5355904231275	2.26666386916463	-5.64801275	3.845355
kesa1244	0.933336696815	2.0219768423858	-2.87846675	5.023727
kett1243	2.944224079725	2.36059563759891	-1.12417575	8.35077975
kgal1244	-0.3503955708	2.35282311756848	-5.229401	3.98848575
khak1248	-0.3882310799425	2.38068350438566	-5.56470175	4.12155924999999
khal1275	-0.5767420968265	1.83918285985107	-4.60165975	2.76921475
kham1282	-0.489565878639	2.42447977065317	-5.67297375	3.94035425
khan1274	-0.3819502652665	2.1487863064555	-4.69992275	3.60646999999999
khan1278	-0.5761242123725	2.38888558673179	-5.50188175	3.8737055
khar1287	3.233351085885	2.18787817050003	-0.50977635	8.05303425
khas1269	1.386689304315	1.74136634691651	-1.817217	4.97960949999999
khez1235	-1.4818015086285	2.05118084303041	-5.94822575	2.224764
khin1240	-1.31484223607	1.99956419448156	-5.60278875	2.34536975
khmu1256	-0.1301718587795	1.99710553251554	-4.22481175	3.8656035
khum1248	-0.95427515116855	2.05907772275431	-5.29575175	2.65663199999999
khva1239	0.3136631546955	1.74973984358818	-3.14599675	3.86328875
kich1262	-0.89558405677265	2.24066167318912	-5.53202175	3.0820375
kiku1240	-0.3225278983245	2.31618469867254	-4.98254425	4.375647
kile1243	-0.3606712786865	2.3068397801262	-5.3196605	4.047041
kimm1245	1.50399006511	2.06511755789643	-1.9697	6.295179
kina1250	-0.64099060589	2.30859888032215	-5.57468325	3.54919224999999
kinn1249	-0.82231317032	2.23693750090856	-5.59018725	3.50624174999999
kiow1266	-0.3598885681085	2.36258958219835	-5.432496	4.07820474999999
kips1239	-0.3620771157376	2.38223778170794	-5.18260025	4.17716125
koda1255	-1.0290816368555	2.38003066147341	-6.027093	3.42386975
koho1244	0.530802502729	2.04801132760132	-3.422926	4.5827475
koit1244	-0.693452799025	2.31850449537303	-5.62888425	3.646919
koko1269	-1.1374610458455	2.36902652128115	-6.35726075	3.11425324999999
kola1285	-0.13118155263	2.32138212152275	-4.9771325	4.45745675
kolb1240	-0.763337520945	2.42455655321697	-5.77684375	3.64490749999999
kolc1235	-0.519089095305	2.42790198081448	-5.66469775	4.1246945
kolu1245	-0.66678299099	2.21464257486203	-5.548358	3.60393099999999
komb1274	-0.4538542301795	2.46914517152638	-5.8248865	4.14892774999999
komc1235	-1.09297402343	2.3103753256533	-5.74487675	3.0238245
komi1268	-0.32624645316	2.3027640951024	-5.2349155	4.035908
komi1269	-0.33917349547	2.29257063530083	-5.0319555	3.89168775
komi1270	-1.113929024705	2.02845624515884	-5.542714	2.641513
kona1242	-0.52404932508395	2.3484068021191	-5.46414275	3.97776725
konk1267	-0.324683342555	2.27804991395541	-5.0540585	3.9151715
kony1248	-1.679747437255	2.07914882601461	-6.37946725	2.11495425
koon1244	-0.241609598355	2.49815363768261	-5.26965425	4.50276674999999
koon1245	-0.3748863033	2.34837763235108	-5.364588	4.10569574999999
koor1239	-0.902476427597	2.19638052277107	-5.62226875	3.3174635
kore1280	-0.171480924075	2.35925991438103	-5.2225575	4.37216374999999
kore1283	-0.2215755131505	2.46072075723078	-5.39055525	4.67303875
kork1243	-0.34153729747	2.2563531776798	-5.06712375	3.8255075
koro1298	-0.759900642095	2.2043658461503	-5.63329775	3.32878275
korr1238	-0.90312792117	2.29586046627917	-5.70943525	3.1892465
kosa1249	-0.427049349575	2.37138859661976	-5.3665425	4.0954415
kosr1238	-0.260040709023	2.34065998277196	-5.063403	4.09432624999999
kota1263	-1.10380515175835	2.27645397694337	-5.891022	3.03836525
koti1238	0.76321577844	2.24891205197855	-3.710583	5.23754425
kova1243	-1.167393012825	2.1962515730639	-5.89807925	2.804585
kove1237	-0.956767806802	2.22638905234235	-5.94072925	3.103485
koyr1240	-0.8087774875248	2.24996494094199	-5.726074	3.3697015
koyr1242	-0.658798011007	2.20075566537005	-5.2547865	3.39554925
koys1242	0.469812087882	2.06292865045828	-3.64784375	4.53111275
kryt1240	-1.3233343418755	1.99841214443547	-5.61391225	2.32974875
kuan1248	-1.105963594875	2.22946098305689	-5.97908475	2.89053
kuii1252	-0.861334115107	2.08410668278636	-5.5684715	3.04765025
kuik1246	-0.247200498635	2.40406685091933	-5.16633075	4.5923915
kuku1280	-0.1658153899625	2.52374978926232	-5.451138	4.71437075
kulu1253	-0.224906520755	1.7694896201946	-3.964547	3.03515275
kuma1276	-0.89558190347	2.32458468755729	-6.1513005	3.3273985
kumb1268	-0.1974856019005	2.51104500875781	-5.080022	4.75732324999998
kumz1235	3.527627087698	2.36546016285091	-0.496801025	8.56678125
kuna1268	-0.4322097433695	2.34678336425981	-5.34402475	4.052213
kuni1267	-0.786424593355	2.27464431750419	-5.5798475	3.5910405
kunj1245	-0.139269518565	2.43002737826359	-5.14379975	4.47223975
kuot1243	-1.152636043121	2.16718099046656	-5.782798	2.758231
kurr1243	-0.2860709470365	2.46024770257694	-5.35208925	4.4791005
kusa1251	-0.943871331155	2.35144282077058	-5.772172	3.1072425
kusu1250	-1.230211306365	2.25941221363696	-6.28972125	2.712424
kute1248	-1.008298241966	2.28614225547844	-5.81820825	3.083483
kute1249	3.537599019839	2.36455169874401	-0.53084515	8.86323974999999
kuyy1240	-0.7817828464885	2.29261692804791	-5.61068	3.25534125
kwai1243	-1.30183363128	2.14541297251249	-6.03874825	2.51620674999999
kwam1249	0.667588743122	2.22103863199683	-3.5911915	5.202672
kwam1252	-1.05916418233	2.2036507161267	-5.9321235	2.8548855
kwar1239	-1.309589576095	2.13441904457347	-6.18717925	2.56838574999999
kwaz1243	0.034090125765	2.39577593217614	-4.90166175	5.04538775
kweg1241	-0.355592322545	2.28619337227055	-5.01239975	4.084522
kwom1262	-0.812646843328815	2.34080765815173	-5.844635	3.5802805
kxoe1243	-0.41980365669	2.33023368558899	-5.452648	3.98397975
kyer1238	-1.608802414383	2.13713517035598	-6.09133925	2.159224
laal1242	-0.47143456331735	2.41865127621589	-5.38172025	3.91985824999999
labo1244	-1.6261592474015	2.0138577183681	-6.260022	1.892063
labu1248	-0.90090365993	2.13999792285644	-5.376844	2.91626275
lahu1253	-0.480507513338	1.84764751916936	-4.348489	2.9623715
laiy1246	0.2808098792435	2.35248660763601	-4.78891725	4.78778675
lakk1252	-0.797530534765	1.96384849982576	-5.0135285	2.95481025
lala1268	-0.719612681815	2.28226577111411	-5.421688	3.60742125
lama1277	-0.512490831305	2.21750012174131	-5.15989475	3.50854899999999
lamb1272	-0.4520997550885	2.42170550295079	-5.720966	4.00267775
lame1260	-1.57843597884	2.19023061320482	-6.3624605	2.21415499999999
lamk1238	-0.85610618291	2.01589215472399	-5.1150285	2.89393975
land1256	2.15366528318	2.06838930304867	-1.68435525	6.497004
lash1243	0.32247776984	1.88268059016198	-3.5890205	3.79527525
latv1249	-0.5476880350635	2.28903072394725	-5.371585	3.72664625
lauu1247	-1.22086238476	2.20223526972484	-6.09269025	2.6534545
lave1248	-0.94710502351715	2.23952471482525	-5.86180175	3.09894825
lavu1241	-1.018579858679	2.29307212967853	-5.599231	3.43037975
lazz1240	3.22397489274	2.26425110030406	-0.69416265	8.240749
lega1250	-0.198552276964	2.24105667668436	-4.61788925	4.22658525
lele1267	-1.2179188158175	2.20773499271279	-6.149062	2.76746625
lele1270	-0.8307109230755	2.24496699395044	-5.726903	3.2853965
lele1276	-0.56336742613	2.39553499809629	-5.563973	3.86429075
lemb1266	-0.089528334442	2.3269923799886	-4.84024125	4.38935
leme1238	-1.02733171391	2.28333323640969	-5.809023	2.89249475
lena1238	-1.0829995771749	2.2058534646193	-6.17580675	2.81833
leng1259	-1.2382159072474	2.14582960924318	-5.97331225	2.63236225
leti1246	-0.5908707483495	2.19334545935898	-5.16442025	3.624482
lewo1242	-1.496958151026	2.240166791499	-6.45530525	2.5250695
lewo1244	-0.484844978155	2.18537291081531	-5.0094515	3.511647
lezg1247	-1.295944583075	2.05370724641132	-5.5718645	2.583665
lian1251	-0.671965604031	1.8573725835278	-4.48426325	2.73664875
libi1244	-0.26644929641	2.37779680495256	-5.13798275	4.18963124999999
liby1240	-0.1952685771665	2.47480769860874	-5.20928875	4.64915225
liji1238	-0.660323650686	2.54188744394985	-6.2436885	4.35548675
lika1243	-0.295900785675	2.37062685565465	-5.18971925	4.48314225
lill1248	0.30387055929	2.20161744740709	-4.16642075	4.5663245
ling1265	-1.717959732915	1.93455688840634	-6.05813325	1.57511975
lipo1242	0.3382821374875	1.88155740393517	-3.42382525	3.99569975
lish1245	1.017112315455	2.05670403727724	-2.98841	5.12386799999999
lisu1250	0.4111172328	1.90606911757185	-3.5489095	4.01297674999999
lith1251	-0.4468782423105	2.36813501440953	-5.49559925	4.07536624999999
litz1237	-1.704855781105	1.92022058957158	-5.937321	1.6224895
livv1243	-0.304482261925	2.34344856653755	-5.043815	4.03684775
loba1239	-0.1997267661	2.35729405406402	-5.18977175	4.2110895
logo1259	-0.41203329021	2.44281341961768	-5.50213675	4.3073585
loka1252	-0.698261389335	2.36433151514411	-5.73382175	3.64043175
lolo1259	0.57163075611	1.93424220133356	-3.41813475	4.48063975
lomb1257	-0.37197247681	2.31088157531768	-5.0938385	4.087582
long1395	-1.1597279268755	2.17328463726379	-6.05317425	2.59403149999999
loni1238	-0.83596613257	2.26329149788347	-5.7071035	3.33760075
lote1237	-0.8734549793585	2.36484840203669	-6.1020295	3.43305825
louu1245	-0.86832309108895	2.2472608012052	-6.04082375	2.95270825
lowl1260	-0.948322084484	2.22921002889126	-5.68799375	3.35089424999999
lowl1265	-0.817455044079	2.24526362727372	-5.495638	3.33606025
lozi1239	-0.2813375531865	2.43562494352085	-5.2350175	4.401876
luan1263	-0.552713674479	2.26710287988533	-5.37361275	3.819545
luch1239	-0.256068205195	2.34269581602111	-5.0899965	4.2149615
ludi1246	0.45381752516	2.17774630171665	-3.92371625	4.5808635
lugb1240	-0.471075622934	2.46876034691486	-5.776862	4.40362475
lugu1238	0.000590179209999995	2.40645447710861	-4.87376975	4.7534525
lule1254	0.019376609385	2.21383733508113	-4.48473925	4.2100585
lumb1249	-0.3174230595215	2.31218994402909	-5.23897125	3.91895625
lumu1239	-0.393930885595	2.38831928678244	-5.3186885	4.0624125
lund1266	-0.20352845547	2.49620608064158	-5.26991225	4.693901
luok1236	-0.318806336405	2.416392163663	-5.332902	4.40028225
lush1249	-0.9451885080785	2.14907796511221	-5.60899575	2.95683624999999
lush1252	3.38982988675	2.25619920706962	-0.674905675	8.09006625
luya1241	-0.352604120655	2.30759306695792	-5.159955	3.90948599999999
maan1238	-0.321042051787	2.35719291885985	-5.15807225	3.969863
maba1277	-0.166074926964	2.50079829949244	-5.37484675	4.76943325
mace1250	-0.57107239975	2.36064841274743	-5.77412325	3.8898715
maco1239	-0.285200574315	2.43511710173179	-5.28798325	4.53161075
macu1259	-0.194828448303	2.44265137002156	-5.2364905	4.48212275
macu1260	-0.5225027536485	2.19145321750459	-5.1288785	3.6132725
mada1285	-1.144566853839	2.10952488658328	-5.837649	2.7079045
madi1260	-0.37772749062	2.35164438969592	-5.37275575	4.1495035
maee1241	-1.66161797396	1.95575574960444	-5.9948165	1.7124895
mafe1237	-1.562159588235	2.08767612903627	-6.2062445	2.143232
maib1239	-0.33462272235	2.43910041317323	-5.542322	4.39732274999999
mail1248	-0.552196359985	2.4973665875601	-5.82381425	4.1570805
mais1250	-0.750005726716	2.34315434630925	-5.66156175	3.67714224999999
mait1250	-0.7736828069845	2.10760035211924	-5.20490775	3.22327549999999
maja1242	0.9165395416765	2.18378044781879	-3.4199125	5.337183
maka1304	-0.502619141495	2.34897136633095	-5.36201775	3.924886
makc1235	1.899795316035	2.44963303871753	-2.4588415	7.337736
makh1264	4.14976853139	2.474908051427	-0.0826426425	9.490009
makh1266	1.29703520035	2.2438775118488	-2.94824175	6.021151
mako1251	-0.106338321805	2.47765215827134	-5.054804	4.78246625
mala1463	-0.7282558918485	2.34683298552071	-5.74218125	3.74732875
mala1464	-0.832508539256	2.40706602192628	-5.847986	3.64855875
mala1522	-0.3130232397645	2.37371702322508	-5.3772065	4.1229745
male1284	-0.54368796633	2.17036603989065	-4.98385925	3.53177
male1289	-1.071115314195	2.20996923485854	-5.908464	2.7359425
male1297	-0.414731253485	2.28127699269523	-5.2871615	3.77851349999999
malg1251	-0.8903544104485	2.37056837808115	-5.8572805	3.51085775
mali1285	0.2286129086175	2.16047186279096	-4.1665345	4.681599
malo1243	-1.57909472847	1.98526973125399	-5.867389	1.9214975
malt1254	-0.2824727173	2.26078301974361	-5.1824165	3.88314825
malu1245	-1.626685904922	1.9356109932625	-5.93576875	1.661808
mamb1294	-0.9114664915435	2.36720880019637	-5.9305015	3.48047225
mamb1296	-0.295965212731	2.43242041708404	-5.40419825	4.4024625
mamm1241	-0.925736156258	2.36265470048736	-6.00775325	3.5505545
mamv1243	-0.46896597647	2.40077130459928	-5.543359	3.97129424999998
mana1288	-1.4361574955085	2.226881830413	-6.7052975	2.51095075
mana1295	-0.6032791671245	2.14879689484293	-5.227789	3.32481875
mana1298	-0.73549034271	2.34398800350284	-5.7116385	3.6270575
mand1415	2.9695845174935	2.25795275184556	-0.92619395	7.873914
mand1440	-1.02281530917	2.26842252357902	-5.813234	3.19154499999999
mang1378	-0.65600031462	2.03048868673675	-4.82798475	3.21774925
mang1381	-0.1294631426105	2.30049432651387	-4.752695	4.3242
mang1394	-0.307437294505	2.45607179666204	-5.13795825	4.42713775
mang1401	-0.223763327405	2.39198739245521	-5.20943675	4.18229025
mang1403	-0.90315775617	2.30962393335794	-5.999363	3.21874175
mang1405	0.7389350667405	2.13980893076775	-3.520278	4.90122
manm1238	-0.8733746188215	1.96083470149814	-5.0218005	2.70983
maor1246	-0.2661544115725	2.39295698250103	-5.1209605	4.31557625
mapo1242	-0.821307352355	2.14872498714884	-5.34795675	3.147459
mapu1245	-0.1583989330545	2.50990978159915	-5.46253025	4.8849015
maqu1238	-0.3086846892555	2.29747040002789	-4.9656505	4.039607
mara1378	-0.400462449705	2.3581442227941	-5.594799	4.03117025
mara1379	-1.36730675908	2.04478495249845	-5.60669175	2.30080425
mara1382	-1.16804899636	2.12935078837616	-5.88617625	2.5654305
mara1399	-1.673147725725	1.94744282115958	-5.95791825	1.65031475
marg1265	-1.043604570516	2.36526915917925	-6.24939125	3.21021675
mari1426	-1.360220025145	2.4630557395892	-6.68217525	3.07623649999999
mari1440	-0.4850033508195	2.41369940808623	-5.55071375	4.14859175
mart1255	-0.226260354295	2.52090940625848	-5.41880025	4.70070225
maru1249	1.29854613405	1.86979150873927	-2.47497	4.98788075
maru1252	-0.31238587227245	2.41789999562888	-5.324032	4.594584
masa1322	-0.773084207336	2.30545192728841	-5.62623025	3.3768385
masb1238	-0.328143375916	2.31124944668078	-4.9862375	3.95721275
mask1242	-1.65920705701	2.09523222811355	-6.25105125	1.885903
mati1250	-0.598572666395	2.27754272044008	-5.24605275	3.68159574999998
mato1252	-0.913145396878	2.13664997601039	-5.58534425	3.0781775
mats1244	-0.33089757322182	2.47638578433895	-5.551527	4.44397174999999
matu1259	-0.27707241824	2.53263029114722	-5.48173475	4.56269474999999
matu1261	-0.28070804066	2.0203431498496	-4.50623025	3.708647
maun1240	3.390300653885	2.36742730591368	-0.650514625	8.52697775
maxa1247	-0.092937012595	2.46721822757047	-5.347884	4.59952425
maya1285	-0.586523359002	2.20429392576574	-5.187304	3.49195375
mayo1261	-0.3352555286975	2.40956194156686	-5.3183825	4.227044
mayo1264	-0.62261728458	2.35623168149147	-5.64968225	3.7484785
maza1304	-1.04595757023125	2.34638214607307	-6.028846	3.15158975
mbaa1245	-0.4544597572845	2.36488814325647	-5.48429775	4.1170245
mban1263	-0.47584055679	2.52430252735912	-5.76096025	4.35275475
mbar1260	-0.7934581597493	2.2782137208278	-5.552965	3.35133575
mbay1241	-0.47115301932	2.53190515685992	-5.680777	4.37521349999999
mboc1235	-1.0675229131965	2.26517471660213	-5.76261725	3.07982675
mbol1247	-0.30234436791985	2.35716398174491	-4.969559	4.44097
mbul1263	-1.14720920974	2.23198630402299	-6.006109	2.917523
mbya1239	-0.10167769504	2.51028129116205	-5.10409475	4.891901
meen1242	1.24974942125	2.20167089396196	-3.0426485	5.77096975
meke1243	-0.7188452101515	2.22645204190005	-5.331741	3.388437
mele1250	-1.199120754955	2.23435006538514	-6.1350755	2.70566025
melp1238	1.14227890703	2.03518630313456	-2.64796275	5.52254
mere1242	-1.37275544195	2.1673454240383	-6.12320725	2.74585875
mezq1235	4.0610653901045	2.16671828504899	0.342808975	8.63647675
miju1243	-1.085004880655	2.25545911055203	-6.218401	2.8798315
mila1245	-1.265147613653	2.19942075951057	-5.931427	2.689444
mina1268	-0.432015634395	2.34714103754769	-5.413535	3.87419075
mina1276	-1.090755746212	2.33310737769301	-5.96704725	3.2236005
mini1251	-1.094053413105	2.2053759244323	-6.03897425	2.816304
mini1256	-0.387287851609	2.32558557463165	-5.24784	4.156142
minn1241	3.526125879385	2.23200573899703	-0.366567575	8.34955849999999
misk1235	-0.497980046339	2.22455146569234	-5.4266365	3.48462925
mixt1426	-1.13819744204	2.14752130275955	-5.689856	2.9051285
miya1259	-0.14630388824	2.36173177436494	-5.057869	4.2958865
miya1266	-0.6623183506255	2.35188053416823	-5.66836325	3.67689575
mlab1235	-0.696663493465	2.21690980329704	-5.65523125	3.2684505
moba1244	0.049093721767	2.18924371513474	-4.277869	4.07541075
moch1257	-0.95609848813	2.32345764840667	-6.04893525	3.3222
moco1246	-0.20911010761	2.44341433698988	-5.4079975	4.5527095
mode1248	-0.4191698435005	2.48541810576887	-5.76400475	4.085167
moha1258	-0.2192909039271	2.2840153257155	-5.012436	4.13274725
moke1242	-0.5078699478615	2.35170017477777	-5.36887	3.649401
moki1238	-0.504368929752	2.3463723317648	-5.57184925	3.8021025
mokl1243	-0.70214683216	2.3598731555783	-5.85367525	3.680291
mokp1239	-0.82564852546	2.32742720767917	-5.7182705	3.44673025
moks1248	-0.427821508313	2.26858832559273	-5.2845515	3.8269325
molo1266	-1.051056945485	2.39073761963196	-5.888802	3.32993525
mono1270	-0.4230203589135	2.46723470083386	-5.78856975	4.2154375
mono1273	-0.624302069485	2.29042005645603	-5.43224	3.69925225
mono1275	-0.34152091464	2.40901289254224	-5.428374	4.10969
morm1235	1.4049576906225	1.95739109349024	-2.44083775	5.2647155
mort1237	-0.27328228733	2.33432514242815	-5.37786225	4.12748875
mose1249	0.6710140428	2.32983524887894	-4.19686825	5.32598025
motl1237	-0.9866839544875	2.23550883978894	-5.79064425	2.989715
motu1246	-0.698763714018	2.25884094065461	-5.68936075	3.74502325
moun1252	-0.7689581063835	2.30831439765599	-5.72226975	3.638562
movi1243	1.60797596014755	2.23107788389799	-2.814101	6.085017
mpad1242	-0.6248536904025	2.39164528163278	-5.73900025	3.92681799999999
mpii1239	-0.323995718025	2.09222126596767	-4.94449275	3.53076099999999
mpot1240	-0.283710618794	2.47410691132362	-5.4234515	4.472132
mpur1239	-0.2370223159725	2.47674986907606	-5.2404815	4.63521375
mual1241	-0.418823591226	2.2408295444902	-5.245049	3.74666025
mudu1239	-1.0367785035915	2.31094438422707	-5.99226475	3.0438905
mudu1242	-0.901623615585	2.30457749331533	-5.94004325	3.27176249999999
mull1237	-0.094345664825	2.49104577671416	-5.3473985	4.60217699999999
munc1235	-0.70666545669	2.24128865576189	-5.5523545	3.42709025
mund1325	-0.8866290707695	2.35357163261783	-5.817366	3.28699575
mund1326	-0.31866407476	2.39780928178855	-5.11182175	4.21298325
mund1328	-1.080964454745	2.27399455102909	-5.6891095	3.00223325
murl1244	0.05981511976	2.40036602950781	-4.895106	4.935743
muso1238	-0.945363508335	2.14414610918051	-5.5223505	2.9212595
muyu1244	-0.421032818305	2.35204404781186	-5.35331	3.83034425
mwag1236	-0.894651413205	2.27521471419999	-5.96677775	3.3407475
mwan1247	0.11093408269	2.43650510565799	-4.880873	5.1234825
nade1244	-0.22537326465	2.39621976311885	-5.3276085	4.45163699999999
naka1262	-0.93421509721	2.31303461500064	-6.05564625	3.2478075
nali1244	-1.13153866128	2.2260641218285	-5.96011125	2.87801525
nama1268	-1.363438470585	2.27551576309256	-6.08319825	2.910758
nana1257	-0.370954182755	2.39003806455274	-5.48750525	3.87026849999999
nand1266	-0.450641721331	2.43298185368714	-5.54606125	4.04525599999999
nang1262	-0.73123817994	2.21831305178394	-5.43670425	3.51723125
nant1250	-0.271234909105	2.46826110406801	-5.50429325	4.600716
nara1262	-0.539498280585	2.27449599501286	-5.39553325	3.847723
naue1237	-0.620408579218	2.24498194046346	-5.509973	3.53285325
naur1243	-0.2449382673405	2.27132753384801	-4.96358125	4.01950849999999
nava1243	-0.524469348625	2.39769456030972	-5.67330625	4.08020174999999
nawu1242	-0.3118217670905	2.26855607439847	-5.019287	4.04824225
ncan1245	-1.0673347634368	2.24127605695623	-5.72401675	3.00270199999999
ndam1239	-0.4242074886785	2.2651711504027	-4.96817275	3.831181
ndog1248	-0.1733501601325	2.38019491784906	-5.19617575	4.35619024999999
ndun1249	-0.54936686067	2.39263868796559	-5.54206725	3.85703575
neha1247	-0.88169400657035	2.3690476237178	-5.64669475	3.47797775
nend1239	0.35565674915	2.03755795662418	-3.7785755	4.360852
nene1249	-0.368386215615	2.30079949593274	-5.24031225	3.77788725
neng1238	-0.722277712675	2.35307769806691	-5.6345075	3.615485
nenn1238	-0.42380571864	2.47185551715747	-5.476295	4.3775405
nese1235	-1.633409882205	1.93996865313715	-5.9662395	1.605339
newa1246	-1.671334950209	2.16176106987916	-6.2780985	2.15514649999999
nezp1238	0.1160604442465	2.24472905464125	-4.47496525	4.38419499999999
ngaa1240	-0.120688644525	2.44871690951505	-5.3704615	4.41110374999999
ngab1239	-0.490728969695	2.32673959902113	-5.61933775	3.816959
ngal1292	0.0520463464986	2.27214181048134	-4.37587775	4.7502895
ngam1268	-0.516665107045	2.48929525161765	-5.5981535	4.20408275
ngan1291	-0.358377837349	2.40031121864958	-5.840123	3.98706575
ngar1235	-0.159456313125	2.52038981220602	-5.47820925	4.99316
ngar1283	-0.2191961214335	2.42983987413259	-5.186687	4.33670475
ngar1284	-0.128951817615	2.4471155940402	-5.58252325	4.6129
ngas1240	-0.96041456645	2.30700584400239	-5.86636725	3.26554125
ngba1284	-0.3754837621666	2.35473188836921	-5.2032695	3.9983305
ngba1285	-0.42882300148	2.48011179207795	-5.56331575	4.36489
ngit1239	-0.364550431085	2.33784174894102	-4.966856	4.139916
ngom1268	-0.2414372007375	2.32424911045071	-4.99549325	4.3795695
nhan1238	-0.183430148305	2.48533237719045	-5.3517485	4.5885605
nhen1239	-0.29508113604	2.44585040562535	-5.4275555	4.356104
nila1242	-0.336993916295	2.41210587779161	-5.25433425	4.18192925
nina1238	-0.387628419088	2.41562662703366	-5.44599325	3.9873955
niua1240	-0.2608959687515	2.43861768397149	-5.3478445	4.37024524999999
niue1239	-0.27473749012	2.44335326738676	-5.50120625	4.12412199999999
niva1238	3.76174014953	2.41471950658188	-0.204633525	9.01784824999999
njan1240	-0.87460427864	2.32348385227599	-5.46243775	3.3727825
noct1238	-1.6152702005605	2.20474221780218	-6.357957	2.32886025
noon1242	-0.172599119231	2.33418572813702	-5.06590375	4.39031925
noon1243	-1.0626603822365	2.23470417829392	-5.74455675	3.0579595
nopa1235	-1.048960313731	2.23423110892656	-5.76120125	3.13353075
nort2671	3.33613977427	2.26002126000798	-0.503706325	8.4106705
nort2684	-0.44281784745	2.25318787178321	-4.9981945	3.77677825
nort2690	-0.3202269573695	2.31638750732901	-5.201085	4.054001
nort2697	-0.180613451765	2.19769195683965	-4.794829	4.170147
nort2702	-0.6265638538655	2.27380943777578	-5.7464755	3.657817
nort2722	-0.9369260410825	2.15195288954489	-5.45876975	2.91205325
nort2723	0.6606366113195	2.02724993373442	-3.26167125	4.50439024999999
nort2732	0.36535978186805	2.15557564412592	-3.89538625	4.347726
nort2745	3.314050896195	2.37649391558273	-0.739884975	8.4391335
nort2747	1.9879370484545	2.50074493281032	-2.4396315	7.51953949999999
nort2774	-0.557012536965	2.37639542341069	-5.571947	3.856969
nort2839	-1.6319582773	2.12514234341247	-6.469739	1.87321799999999
nort2845	-0.301891423475	2.3829271637612	-5.22426375	4.25575675
nort2847	-1.0790656199585	2.21394767392315	-5.97795025	2.785448
nort2885	-0.6136234579125	2.28693314019422	-5.4267685	3.636035
nort2930	0.440599730246	2.19439718757121	-3.77327225	4.77546999999999
nort2938	-0.402075935927	2.23823714721792	-5.02567425	3.7158785
nort2942	-0.30996669151	2.3462683981991	-5.4850595	4.23971425
nort2954	-0.278195388075	2.3941643779444	-5.36405575	4.21617175
nort2957	3.219483404325	1.86503926838171	0.0877828725	7.28520175
nort2959	-0.608095238741	2.3833072762921	-5.65462425	3.7473365
nort2961	-0.088483482282	2.18751480027581	-4.7470175	4.0559135
nort2972	-0.3006281080885	2.36225363625119	-4.92343075	4.200768
nort3047	-1.0587464915825	2.38063257196841	-5.8842675	3.22886175
nort3139	-0.471034105577	2.3382277367163	-5.439857	3.818289
nots1237	-1.140658568585	2.14230047314098	-5.79793925	2.76681625
nucl1235	0.437391057588	2.30603627524303	-4.30251175	4.96469075
nucl1240	-1.0615554957605	2.35133019797407	-5.93965175	3.2520165
nucl1301	-0.2592574491	2.34119631775495	-5.203175	4.36966075
nucl1302	3.05548637994	2.22824938462478	-1.0316025	7.803564
nucl1305	-0.8037256114575	2.35532771577229	-5.85502775	3.67186675
nucl1310	-1.009402501755	2.31653705798237	-6.0299865	3.14586999999999
nucl1417	-0.55060063683	2.34220844629451	-5.485841	3.61064825
nucl1458	-0.51798635539	2.09860800044711	-4.85062925	3.4204925
nucl1593	-0.8573478547135	2.39460352928432	-6.00653925	3.58301125
nucl1595	0.14411408784	2.12944591686602	-4.31221525	4.22522624999999
nucl1622	-0.314116707465	2.51971311100997	-5.43520975	4.63558199999999
nucl1633	-0.40794801519	2.39419152060516	-5.26366525	4.11704825
nucl1643	-0.203537845075	2.35281217796228	-5.12048725	4.383697
nucl1706	-0.328315678036	2.2386647020731	-5.1063875	3.74440024999999
nuer1246	-0.2693696029775	2.54579339784008	-5.669538	4.4907055
nukn1238	-0.9818206636215	2.15873958140503	-5.676124	3.06301675
nupe1254	0.924653787945	2.20633965789521	-3.417837	5.34488625
nuuc1236	-0.226399933465	2.28330134163878	-4.902048	4.201601
nyah1250	-0.3967088028525	2.29822807258244	-5.06571425	3.9638375
nyak1260	-0.5213378175	2.37651754750561	-5.561504	3.90870475
nyal1254	-0.674714221195	2.38308897260553	-5.96985875	3.67340499999999
nyam1285	-1.0393488004	2.38433710863328	-6.2607845	3.31892825
nyan1301	-0.148340012905	2.55041334363328	-5.2671295	4.69313825
nyan1307	-0.281009212335	2.54621444837299	-5.66274775	4.69910574999999
nyat1246	-0.24785812808	2.2842386401813	-5.029067	4.109082
nyor1246	-0.382597365085	2.38845182317268	-5.37318375	4.13362475
obok1239	0.67207511102255	2.1641104155581	-3.6624295	4.926505
occi1239	-0.141706153826	2.36945846883959	-5.20242075	4.2619285
ocot1244	-1.142685776325	2.11768451468451	-5.540418	2.97989225
okan1243	3.553952401575	2.20519703179189	-0.362638175	8.1670505
okin1246	-0.3845535626355	2.40644535753863	-5.442068	4.03251525
oksa1245	-0.61069320325	2.37957938504523	-5.52003275	3.84720075
oloo1241	-0.972504162277	2.28760297983708	-5.9482495	2.93027425
olut1240	-0.7247100882615	2.26904003772484	-5.66089275	3.3173455
omie1241	-0.772709557317	2.35344572230991	-5.5339455	3.59508875
onto1237	-0.448694096025	2.38131969585265	-5.27380525	3.87885325
oriy1255	0.473309672515	2.13617502576475	-3.69801275	4.77328875
orma1241	-0.068759582115	2.31841377719184	-4.92752475	4.57422725
oroc1248	-0.34835103094	2.35821511765609	-5.11926675	4.183964
oroh1237	-1.053331845095	2.21179199099995	-5.81756075	2.847949
orok1265	-0.288775328135	2.41456627509564	-5.0860555	4.17586625
orok1266	-0.940444934915	2.27762477280683	-6.0615245	3.45589599999999
orok1267	-0.12431280703	2.26525292912854	-4.89077125	4.1916045
orow1242	-0.9398800353365	2.29176857545673	-5.97401725	3.1671935
otta1242	-0.4273096491	2.24600611459154	-5.21794625	3.66028975
paaa1242	-0.564701302185	2.48345257524221	-5.66259975	4.12808099999999
paam1238	-1.56988069368	2.17406095524653	-6.27390475	2.27386899999999
paas1238	3.1530183318255	2.24889722480669	-0.66259205	8.16771575
paco1243	-0.701613913059	2.29677063548192	-5.6922615	3.58312125
pagi1243	-0.57934594728	2.33087740316078	-5.51965125	3.681741
pagu1249	-0.2769688500425	2.31270808661908	-5.17866425	4.0022325
pahn1237	1.5875983770705	2.15732937242933	-1.980371	6.433916
pait1244	-0.6160622481	1.92627557875178	-4.53850225	2.92709024999999
pala1344	-0.308417517195	2.24795236746572	-5.08985525	3.870656
pali1279	-0.14769906015	2.36553190453781	-4.83048175	4.4173795
pana1307	-0.238116321707	2.42839113918647	-5.201234	4.43378375
pang1287	-0.4265002207035	2.44646314052691	-5.70896375	4.37356075
panj1256	-0.42137930124	2.27839616361208	-5.18119425	3.887175
pany1241	-0.170450219415	2.40642941343352	-5.10459	4.5832265
papa1265	-0.841267230545	2.19106092951534	-5.67685625	2.96403824999999
para1301	-0.21477849502	2.09209047880469	-4.507178	3.61845
para1302	-1.53430890025	2.11048052383115	-6.04234525	2.275225
para1311	-0.086525588796	2.5513602790342	-5.509074	4.936054
pare1266	-0.7840179470985	2.18123668090417	-5.4426325	3.14391774999999
pare1272	-0.226040194244	2.3946081710563	-5.4569815	4.31398899999999
pate1247	-0.72909512286	2.1435932949162	-5.49014625	3.22503825
patp1243	-1.117654411765	2.20797715379139	-6.13618675	2.85509775
paul1238	-0.383074154348	2.4778831504962	-5.8720765	4.03014775
payn1244	0.179665903605	2.03343501819222	-4.010349	4.1960605
pech1241	-0.47345113503	2.37761602809339	-5.4232915	4.04665275
peer1241	-0.96712110077	2.3469728132112	-5.9224995	3.359764
pela1242	1.00285869345825	1.8255420273985	-2.694831	4.524601
pemo1248	-0.29505652422	2.61755447642697	-5.85667075	4.405319
pend1242	-0.65644881913	2.24205579823778	-5.33272075	3.30177449999999
peng1244	-0.803778086864	2.05085220867287	-5.17475175	2.822279
phai1238	-0.60083034038	2.23446944324757	-5.39990025	3.50052774999999
phom1236	-1.70128361292695	2.03615256776438	-6.1194685	1.8253495
piap1246	-0.29194260855	2.49438659631227	-5.20565225	4.4193125
pila1245	0.2026468822075	2.27400501743355	-4.36616575	4.56921674999999
pile1238	-0.665531127938	2.20492828476261	-5.31074625	3.3698845
pina1252	0.1664195544115	2.17125337219304	-4.2752425	4.5417035
ping1243	-0.462985904955	2.29395808544081	-5.531266	3.9378855
pipi1250	-0.5425325148387	2.26748384632816	-5.11679775	3.64204675
pite1240	-0.3355558000454	2.28913324856561	-5.27066575	3.93023875
plai1258	-0.42338947456	2.42596514208493	-5.5632025	4.23070199999999
pnar1238	1.911216862085	1.88365431124159	-1.44301625	6.032369
pohn1238	-0.408634831985	2.38507187492653	-5.539671	4.17197524999999
poko1263	-0.3948184739005	2.42905540698334	-5.4511465	4.22189625
poli1260	-0.29678690405	2.30560476509142	-5.082976	4.09183625
popt1235	-1.003517064055	2.26670726764606	-6.08808225	3.183102
port1283	-0.3939431095735	2.34398654232208	-5.3059565	3.900444
port1285	-1.6634237879675	2.07656484716907	-6.34803625	1.877052
psik1239	-1.0673036244845	2.29014769237632	-5.8017265	3.00406299999999
puin1248	-0.3198032784005	2.45237508034143	-5.46947225	4.3670985
puka1242	-0.109053979205	2.32863069581808	-4.9570255	4.24257799999999
pulu1242	-0.322435861475	2.39104271956197	-5.53537	4.155424
puma1239	-1.0863665986	1.87447258991362	-5.24992075	2.41383825
pume1238	-0.231432934935	2.33274172788578	-5.20370875	4.22455975
puoc1238	-0.576406859955	2.20679767698811	-5.16264475	3.63247875
pura1257	0.160582327625	2.28232839243098	-4.53811025	4.6220475
pure1242	0.3635510802785	2.35024742462591	-4.500074	4.83499125
puri1258	-0.620660307562	2.28713585668391	-5.69628275	3.48585825
qima1242	0.3274809013125	2.34856225336487	-4.493317	5.02229225
quer1236	2.57620582271	1.95505545836307	-1.039702	6.53955649999999
quio1240	-0.77470228306	2.17003250501604	-5.29428325	3.11150424999999
rabh1238	-0.4796853224945	2.02060207369049	-4.808958	3.26804725
raji1240	-1.04163156017	2.29957782238489	-5.94844225	3.2976075
rama1270	-0.5359000353275	2.27699355415051	-5.0642095	3.84627
rapa1244	3.81038736495	2.25949125375874	-0.146970525	8.799761
rapa1245	-0.213670027181	2.47902537664241	-5.38233075	4.60375925
raro1241	-0.3424170017345	2.3344845710722	-5.171309	4.063723
rata1244	-0.45433430155	2.28174678331158	-5.5353705	3.83545625
reja1241	3.43631978279	2.19629722855462	-0.349856625	8.30514825
remo1247	4.1702376695	2.22150667494012	0.299946825	9.03727825
reng1252	-0.9263241334	2.2589567942374	-6.0519375	3.220963
renn1242	-0.449694415097	2.34005541148339	-5.28091675	3.793246
reye1240	0.79384676072	2.21659729802633	-3.62372225	5.327265
romb1245	-0.110056744675	2.30511836265599	-5.02025575	4.15681875
rong1264	-0.805795637592	2.1923984180916	-5.481147	3.22795274999999
ronn1241	-0.9024157458	2.27182938429537	-5.9370785	3.2832295
roto1249	-0.8781680136895	2.20439356793792	-5.54621175	2.90273525
rotu1241	-0.2530112459275	2.28681509895805	-5.12344525	3.926103
rovi1238	-0.9396104619585	2.31780152584395	-5.75935875	3.14983849999999
ruch1235	0.344816923233	2.06627443750638	-3.96174475	4.10726525
ruka1240	2.82230611302	1.63372826685789	-0.16513115	6.32233225
ruma1248	2.72647738166	2.08788466064356	-0.991537125	7.306878
rung1258	-0.154181491845	2.50630436543747	-5.1719375	4.81875074999999
russ1263	-0.4737962862645	2.38292216922199	-5.375318	3.96223075
russ1264	-0.417012126161	2.44444068116093	-5.433845	4.095915
saaa1240	-1.10440858605	2.21127780898327	-6.0356115	2.80718125
saaa1241	-1.57208103892	2.14631316764325	-6.2575325	2.077003
saar1237	4.17605904385	1.6702761098595	1.270362	7.85439725
sabu1255	0.3421534359715	2.13317488272998	-4.0135415	4.69165975
saga1262	1.7566577611884	2.16675511966506	-2.22850775	6.41587824999999
sais1237	5.7329058702	2.29684020629391	1.9215935	11.13344
saka1289	-1.384707789525	2.20265636151082	-6.20826	2.747492
saka1291	-0.1918005716	2.28324966078222	-4.9709585	4.01565125
samb1305	-1.148622134669	2.3556627987094	-6.35467925	3.111888
samb1311	-1.148650140191	2.36733308001264	-6.33882175	3.06379674999999
samo1305	-0.3049362905235	2.34868306305881	-5.306258	4.17899375
sana1295	-0.27717855148	2.44462982026694	-5.41216425	4.38734
sanb1242	-0.26411455393	2.45861038746564	-5.46834425	4.44294575
sand1278	-0.7778724200295	2.35749863005161	-5.64871525	3.62068174999999
sang1330	-0.55492518672	2.38555940039719	-5.90563425	3.641501
sang1331	-0.4208431837755	2.28286310516364	-5.143409	3.89723275
sanj1284	-1.081194922496	2.12197578385911	-5.50515375	2.89113074999999
sanm1289	-0.3577850465795	2.42985284982759	-5.442568	4.2573675
sanm1295	-0.6838487961745	2.0997445993839	-5.05211025	3.26718775
sant1436	-0.678722543296	2.05692764930295	-5.3361065	3.02039575
sant1451	-1.06476559485147	2.16468412790031	-5.685315	2.9319515
sanu1240	-0.323419964514	2.24081603324528	-4.98675525	3.98543475
sapo1253	-0.91219401925	2.22512631253522	-5.86199525	3.0690625
sara1321	-0.311799539765	2.46515871307177	-5.31614425	4.38443149999999
sars1236	0.303234848287	2.32927147817244	-4.3093155	4.744272
sasa1249	-0.2809839854195	2.21504612722861	-4.79299375	3.71726875
sata1237	-0.21510664206	2.56516872121458	-5.61622525	4.4634605
sauk1252	-0.83655654881165	2.07094386231568	-5.36992175	3.0386665
saur1249	-0.1910686703	2.15561220245095	-4.678288	3.8097385
savo1255	-1.203944328969	2.20697518585056	-5.7069375	2.75658925
saya1246	-1.019197869669	2.2803557074396	-6.04298425	3.25281275
seda1262	-0.91951774099	2.20296387026991	-6.016677	3.01625575
seim1238	-0.509383695089	2.39378946019245	-5.22604525	3.71065424999999
seke1241	-1.56941557308	2.13068421166663	-6.2161575	2.096091
sela1259	-0.19603528851	2.36487492211877	-5.0850025	4.35813625
selk1253	-0.25061868559	2.25783783620138	-4.79515625	4.11170225
sema1265	-0.854673677808	2.25049528377045	-5.50657825	3.3368505
seme1247	-0.69769754608	2.15513817620642	-5.090802	3.22455875
seri1257	-0.43818293924045	2.40301180000724	-5.404028	3.953305
seve1240	3.27772457384	2.38543471584428	-0.787035025	8.7329745
shab1252	1.262837923615	2.14669592259587	-2.872336	5.69171075
sham1280	2.073473044056	2.22465806615016	-1.93015625	6.72597075
shan1283	-0.34976222464	2.37673371193439	-5.1709345	4.40094825
shaw1249	-0.470389257075	2.23716961830595	-5.35902075	3.61650449999999
shil1265	-0.23184763368815	2.46520491549585	-5.58337575	4.47321
ship1254	-0.434562307775	2.42647594222415	-5.42120475	4.110348
shix1238	-0.080527440185	1.99433554523037	-4.161808	3.75492399999999
shol1240	-1.0341802666215	2.331976483473	-5.95793125	3.30157
shon1251	-0.198534998975	2.60117254660507	-5.56622875	4.81438625
shos1248	-0.406600093767	2.40052571435164	-5.307714	4.25436075
shua1257	-0.3864157071975	2.46153532684537	-5.6781245	4.457926
siam1242	1.461511841625	1.8877040963455	-1.93511775	5.3467445
sich1238	0.6396468787905	2.07492102578851	-3.448778	4.7705545
sici1248	-0.324314909076	2.21109859743441	-4.74016525	3.99463725
siee1239	-1.0517710796	2.2342818140498	-5.8689835	2.99732775
sier1250	-0.870198454195	2.16671696386154	-5.4883535	3.0409885
sika1261	-0.646079680265	2.34013481522349	-5.643047	3.78609225
sile1255	0.178189933076	1.97495221790507	-3.89101025	4.11476175
sina1266	-0.71827483157	2.25109724191318	-5.416183	3.345362
sing1264	-1.54691288427	2.27213454578381	-6.70774375	2.4062065
sion1247	-0.223282491095	2.33376604485133	-5.03035375	4.24111525
sioo1240	-1.134862166525	2.30401342894361	-6.130477	3.07379624999999
siri1274	-0.489130767375	2.33978922485073	-5.32107975	4.2226485
situ1238	-0.8215489817435	2.05933736579503	-5.457849	2.845381
siwi1239	-0.1512550257039	2.4130305841614	-5.08986975	4.6407485
skol1241	-0.074402373695	2.21624862021446	-4.841948	4.10233525
slov1268	-0.449528459016	2.37509905625338	-5.67242575	3.86247675
sobe1238	-0.084186448669	2.10793581237966	-4.52796125	3.8760475
soch1239	-0.583430572436	2.20039902032164	-5.05324175	3.44011675
soga1242	-0.33535126800625	2.43378085707177	-5.164105	4.2266755
soli1239	-0.22459739834415	2.42408764479861	-5.04000325	4.44083749999999
sons1242	-0.283844079575	2.26967716699629	-5.0734325	3.96864074999999
sooo1254	-1.0538191179735	2.188107994505	-5.73940475	2.923286
sout1528	-0.4997562132275	2.3754992846557	-5.6141115	3.7074365
sout2649	0.078582361735	2.13841131985038	-4.361738	4.22964975
sout2674	-0.455436393354	2.24939432028586	-5.1685185	3.93160075
sout2679	-0.647292430555	2.22335661017509	-5.3443245	3.60889375
sout2728	-0.68841327838	2.1457150460205	-5.32757525	3.32606025
sout2729	0.09805809784	1.98244537524043	-4.06273925	3.85839775
sout2730	2.7215654043255	1.9000045172059	-0.81195185	6.98898875
sout2797	1.83732990756	1.8157234009944	-1.5379085	5.54204725
sout2807	-0.188845855825	2.3642812584582	-5.17181475	4.52835875
sout2856	-1.20248650994	2.242599547015	-6.12952275	2.71534375
sout2857	-1.6048240906314	2.0476993249987	-6.18489425	2.0728145
sout2859	-1.59183833105	2.15562709490288	-6.3769395	2.175118
sout2869	-1.0717971861255	2.20843741484016	-5.8987285	2.81708475
sout2954	-0.3424043675295	2.39319774262842	-5.20030325	4.23355375
sout2956	-0.422340979617	2.38553502004263	-5.52401225	4.12211225
sout2959	-0.2705347555555	2.33976324423978	-5.03669775	4.159103
sout2976	-0.25866928784	2.45604618227955	-5.48288225	4.21692125
sout2994	-0.1482014421635	2.37408053839147	-5.08624025	4.30679675
sout2996	-0.104264856125	2.49020536041933	-5.0407015	4.673608
sout3236	3.02133121878	2.13306122304154	-0.632583	7.88612475
sout3261	-1.1207549607295	2.07489516220842	-5.644508	2.8623415
stan1289	-0.36602760049615	2.3291478252641	-5.346491	4.08064925
stan1290	-0.38368714331	2.38706140056201	-5.5829395	4.05075649999999
stan1293	-0.3969912640695	2.30076573787316	-5.33590025	3.85749575
stan1306	-0.79166162433	2.14043476708461	-5.22775325	3.34633475
stan1318	-0.3296546084025	2.30433982405953	-5.34205425	4.153445
sude1239	-0.3702865303615	2.35895312302888	-5.27111625	4.01852425
sumi1235	-1.5640660075095	2.09715928421512	-6.22970925	2.10833175
sund1252	-0.03470407174	2.22091153674524	-4.92129625	4.17762124999999
sunw1242	-1.6060952792725	2.13774743796228	-6.22842025	2.05008199999999
supy1237	0.188656690278	2.13653776032107	-4.201431	4.15874825
surg1248	-0.384572746086	2.36362933240591	-5.6161045	4.027493
surs1246	-1.087295850645	2.18762463331982	-5.80875525	2.96293775
swah1253	-0.2322894135	2.3490174331354	-5.115604	4.33073075
swed1254	-0.311255802296	2.28775366435582	-5.169471	4.00183025
taba1263	-0.213732073785	2.2873866526241	-5.14648225	4.1903835
tabo1241	-0.237595621135	2.47653118202628	-5.6703975	4.645066
taga1272	-0.682576948817	2.27456415407135	-5.5134875	3.56221525
tagw1240	-0.187723293794	2.3234445553701	-4.9366615	4.2295695
taha1241	-0.1980226251275	2.43232736699691	-5.61394875	4.328116
tahi1242	-0.169194989065	2.48586276092239	-5.50164925	4.51846299999999
taia1239	-0.6117019132315	2.14077048046164	-5.17049075	3.28594225
taji1246	-0.64403465898	2.24806920513315	-5.336156	3.381113
taku1257	-0.349195311429	2.37553826965542	-5.1145475	4.06247349999999
tali1259	-1.119168133755	2.17857801888125	-5.7236885	2.97860075
tama1365	-0.848573325565	2.25454909989456	-5.70737225	3.44161725
tami1289	-0.65019586527755	2.22550178800035	-5.3569425	3.65970225
tane1237	-0.831243647315	2.24289520136141	-5.704022	3.28444175
tang1336	-1.211244797455	2.03950766742677	-5.54900025	2.4387805
tang1347	-1.447287471335	2.09427927151077	-5.955795	2.57647725
tang1348	-0.913720102962	2.3046487997438	-5.59725175	3.2994645
tang1377	-1.1213200848425	2.22531399495791	-5.857463	2.8685565
tani1257	-0.515293039675	2.2912925930051	-5.44576425	3.88156475
tari1256	-0.407577581092	2.3827290753742	-5.2495375	4.1748945
tari1263	-0.289498640218	2.58270624798359	-5.96782025	4.6984135
tata1255	-0.656199762652	2.28096310101511	-5.6446965	3.7012705
tata1257	-0.334695069149	2.28667891937316	-5.117191	4.01998175
tata1258	-0.9683516366025	2.21685361161332	-5.78838525	3.0458855
taul1251	-1.069311629165	2.21277349986986	-5.882935	2.8761485
taus1251	-0.463649286172	2.29423095925207	-5.4392175	3.80014725
taus1253	-0.351442323335	2.44855302563935	-5.363428	4.521522
tawa1286	3.97739674407	2.51452247899908	-0.21843085	9.52111699999999
taya1257	-0.177031300461	2.26916765075289	-5.018611	4.14810375
tbol1240	-0.626285281649	2.31258627082484	-5.4210915	3.80248025
tean1237	-0.8339224978675	2.22556811433009	-5.70268125	3.11702275
teda1241	-0.172445181181	2.48670572093912	-5.39222375	4.48707924999999
tedi1235	-0.699578746917	1.98431670553418	-4.89858625	3.12297125
tehu1242	-0.12795489586	2.47862437640885	-5.132187	4.57500449999999
teke1275	0.362770774916	2.5206158101701	-4.746321	5.34321074999999
tekt1235	-0.97473555553	2.28888206141933	-5.84277625	3.1563165
telu1262	-0.604760968935	2.25264977784777	-5.1868625	3.63755075
tene1248	-0.591279985325	2.34754612463928	-5.46786975	3.9932175
tenn1246	-0.254871531985	2.41670342901459	-5.3892065	4.55984825
teop1238	-0.919661688359	2.19896483415355	-5.8978735	2.956116
tera1251	-0.81174025529	2.43042181292271	-6.04613175	3.72246724999999
teri1250	-0.532960898059	2.22665163252579	-5.50534275	3.60708075
tern1247	-0.2753823122035	2.35751509534686	-5.260794	4.111531
tete1251	4.1456991389535	2.38366392208909	0.173185475	9.490698
thad1238	-0.694855143565	1.93954447536713	-4.75377425	2.8106025
thak1245	-1.38419582733	2.18945945753392	-6.328355	2.59133425
than1259	-1.34329722326	2.26838424180362	-6.2462485	2.74760849999999
thao1240	5.348264237	2.02221575809384	1.9390865	9.88466825
thul1246	-0.559978444585	1.90162522896132	-4.799166	2.9478195
tibe1272	-0.712949612691	2.31345305142397	-5.64000375	3.7986065
ticu1245	-0.20022908677	2.42706080560345	-5.23220025	4.37576075
tief1242	1.62714492164	1.76998030678125	-1.7692185	5.32933125
tief1244	1.71252416112	1.82795556152924	-1.8384495	5.55358
tien1242	0.552229110067	2.36092484265922	-4.1078205	5.122267
tiga1245	-1.039613917365	2.3355053658546	-6.04233775	3.13384725
tigo1236	-1.04604832768	2.30035480858373	-5.9006875	3.23958875
tika1246	-0.80104540697995	2.40552924268228	-5.58441975	4.06729299999999
tiko1237	-0.610812686904	2.27696989494569	-5.13580775	3.49616125
timn1235	-0.154288460025	2.22693836696431	-4.907386	4.0775365
tiri1258	-0.93080356077	2.30360315082817	-6.13902475	3.31382525
toab1237	-1.2238775285913	2.18717071092508	-6.11821125	2.7541445
toar1246	-0.576126829515	2.18358457389575	-4.9903735	3.778418
toba1268	-0.04108430788	2.43542351856227	-5.0899485	4.59005899999998
tobe1252	-0.27641555216	2.43169529937353	-5.222009	4.485772
toho1245	-0.436666604196	2.29360538465652	-5.4139525	3.81907824999999
tojo1241	-0.82133415601	2.26735231133398	-5.53634275	3.45989
toke1240	-0.27161046043	2.34446291536147	-5.2806185	4.08399025
toll1241	-0.54763365803	2.35415415946729	-5.506496	3.79667175
tond1249	-1.04552895056	2.26441893822696	-5.871234	3.16039175
tong1308	-0.80806273863	2.40069710783403	-5.88249775	3.74031
tong1318	-0.260381286788	2.38142788481454	-5.07148425	4.23998075
tong1325	-0.18259902836	2.31334463300416	-4.97533125	4.20986549999999
tosk1239	-0.502082348537	2.36749279539199	-5.39254425	4.05156475
toto1302	1.086173345026	1.94491815655266	-2.7274135	4.9124905
trio1238	-0.15428149494	2.43205478947479	-5.54068425	4.29884625
trum1247	-0.28563901116	2.43204105028847	-5.29441525	4.62662449999999
tsam1247	-0.729004382365	2.14531787885129	-5.260349	3.1179765
tsat1238	3.43824329535	2.20467686613718	-0.6698847	8.1639655
tsha1245	-0.97024360359	2.27175538614309	-6.15558825	3.2913645
tsis1238	1.5477656341	2.19950368672583	-2.61959775	6.23853425
tsix1234	-0.333908858213	2.37987897127164	-5.41847675	4.3504605
tsog1243	-0.171935409115	2.37468765892642	-5.171096	4.533374
tson1249	-0.2110491576225	2.45070695165609	-5.45905375	4.55537925
tswa1253	-0.49479154774	2.26761808380535	-5.20290675	3.99577925
tswa1255	-0.187387502515	2.33803749653488	-5.218143	4.29859525
tuca1252	-0.4696637872455	2.25172889287058	-5.07714175	3.8800475
tuge1241	-0.44734889927	2.38300038631315	-5.56652775	3.968213
tugu1245	-0.5698620391192	2.29441550483418	-5.290202	3.63980274999999
tuka1248	-0.2474945310922	2.3182992015428	-4.98628325	4.11935825
tuki1240	-0.68793811658	2.44175764962884	-5.48086775	3.791632
tula1252	-1.043252611923	2.23688699777863	-5.91040275	3.14337025
tulu1258	-0.94304534075	2.31097935398963	-5.706799	3.2076335
tune1261	-0.8958088145115	2.28710642307058	-5.57312575	3.36784025
tung1290	-0.843144416965	2.47216967062678	-6.23441775	3.6777755
tunn1238	-0.15508399417	2.35074134721975	-4.77885425	4.4696565
turk1303	-0.416264841031	2.42399333582982	-5.80674675	4.10043025
turk1304	-0.243683556255	2.36447183583573	-5.247749	4.2037515
tusc1257	-0.36919084785	2.33313772435977	-5.54082025	4.125978
tutu1241	-1.6034219085055	1.9788389222339	-5.9428145	1.840478
tuva1244	-0.313898741248	2.33554099592152	-5.0936	4.09618975
tuwa1243	2.63219016315	1.38216112654522	0.127225225	5.6041325
tuwu1238	-0.5460552846715	2.28568822594718	-5.2023055	3.69619975
udih1248	-0.26875998514	2.42130503325704	-5.20181925	4.59734425
udii1243	-1.1094282621445	2.0294359242176	-5.55519525	2.53807325
ughe1237	-0.891913615557	2.23387670223627	-5.68040125	3.03166025
ukra1253	3.5365156537	2.23447579519925	-0.348311075	8.4203585
ulch1241	-0.543124589021	2.34249382240017	-5.6918925	3.71988575
ulit1238	-0.279186215581	2.40928650214644	-5.356873	4.18043424999999
ulwa1239	-0.60536950319	2.32277753926511	-5.477374	3.696638
umaa1242	-0.3409776437635	2.3045671706338	-5.13053275	3.95091624999999
umbu1257	-0.10318145809	2.42216462960235	-5.35097925	4.81754675
umbu1258	0.79489974635	2.12596054860713	-3.20044975	5.123604
umes1235	-0.361330988688	2.22502049264428	-4.92185325	3.83370775
unua1237	-1.710801768825	1.95927821317342	-6.06671825	1.657303
uppe1275	2.632579039585	1.75163761010182	-0.516399925	6.346975
uppe1427	-0.5742070572265	2.31019642427026	-5.48658925	3.6503025
urak1238	-0.82400759817	2.36234764172429	-5.9158295	3.50370275
urar1246	-0.288463236145	2.5965524679651	-5.6931595	4.62162324999999
urav1235	-1.04035465411	2.22503825315016	-5.87937525	2.98179149999999
urim1252	-0.90090864125	2.35533719971061	-6.06709075	3.31988475
urip1239	-1.683535099394	1.94864372617017	-5.9716435	1.60474125
utes1238	-0.165861295122	2.32970523416148	-4.92773025	4.0837715
uuuu1243	-0.9768659708	2.05114732624022	-5.51434675	2.65692
vano1237	-0.8426189500083	2.23934235866769	-5.8321285	3.20061099999999
veps1250	3.27818048865	2.25404420621969	-0.75472655	7.78687775
vera1241	-1.061838904095	2.28681537277069	-5.870246	2.862166
viem1243	1.368886373655	2.13951606658747	-2.68099825	5.743567
viet1252	-0.16755775604015	2.27456320548335	-4.855552	4.1241505
vinm1237	-1.691196187565	1.94458129922046	-5.9952295	1.7249135
voti1245	-0.53676361247769	2.22484863464911	-5.300966	3.5014345
vunj1238	2.00683857063	2.16186429640867	-1.96685525	6.41132375
vure1239	-1.067415553756	2.2930899761121	-5.932378	2.8632155
vwan1235	-0.670665434925	2.32904933558086	-5.85623175	3.39537725
wage1238	0.0214258389105	2.52494807692896	-5.113312	4.74852675
waig1244	-0.3017153529895	2.48542488437213	-5.575277	4.52857525
waim1251	-0.707082921299	2.24566404364114	-5.45685025	3.44938574999999
waja1257	-0.13712775237	2.59360690703082	-5.39686725	4.804038
waka1274	-0.1937775449185	2.46822629873484	-5.19444775	4.67043524999999
wala1266	-1.336362000255	2.11858432715118	-6.14426825	2.51499375
wall1257	-0.197949491277	2.32343099062544	-5.022829	4.34793425
wamb1257	-1.380459850445	1.98265369350035	-5.5421055	1.99938375
wand1267	-0.283911589577	2.31002218912596	-5.18061275	3.990742
wand1278	-1.0006535886375	2.3610656733573	-6.04283725	3.31401825
wang1291	-0.174545327475	2.52036080258152	-5.350919	4.7046465
wara1294	-0.379939622735	2.47330329268668	-5.3832445	4.339939
wara1303	-0.13908940197	2.45196636412152	-5.18463775	4.60204749999999
ware1253	1.207413282779	2.2862796313889	-3.18484125	5.70314125
wari1268	3.73786354027	2.34169968685629	-0.284583525	8.95965625
warj1242	0.6623537299605	1.76739898464645	-2.79215875	4.032892
waro1242	3.477325215265	2.30754681612448	-0.671936975	8.34780175
warr1255	-0.2016141274	2.40700888419784	-5.080931	4.33868875
waru1265	-0.185437411871	2.52665735304181	-5.3762045	4.495892
wawa1246	-0.83454570642	2.40360891537129	-5.72074175	3.6658785
waya1269	-0.109503618	2.57024640082261	-5.46688825	4.86815949999999
wayu1241	-1.57469021933	2.12365907044806	-5.9758355	2.028286
wayu1243	-0.264968286985	2.35100471438158	-5.13071425	4.033863
wels1247	-0.4375777595815	2.2909693774005	-5.3814315	3.68508425
west2354	-0.483572189216	2.33459788006451	-5.55835775	3.8834935
west2369	-0.349348697005	2.31322965852267	-5.23927075	4.04726925
west2392	-0.666039757775	2.30324897884887	-5.56540775	3.50692925
west2396	1.2351182578745	1.87369856333285	-2.436276	5.057854
west2397	-0.98437896277	2.21816742370743	-5.698095	3.08623249999999
west2415	-1.677201321482	2.18898198549438	-6.2911945	2.11632075
west2418	-1.42214315222	2.14932263568765	-6.20781175	2.411841
west2430	1.52020099994	2.25410529416166	-2.426761	6.398739
west2441	-0.17285003588	2.46247670445568	-5.4233185	4.45033224999999
west2466	1.367682229601	1.72353864772885	-1.815378	4.9060905
west2516	-0.88886169999	2.35401455258386	-6.085458	3.34945125
west2519	-0.38400759557	2.25545506032296	-5.04695275	3.8305745
west2548	-0.367625509555	2.47805699221737	-5.63605725	4.2642055
west2557	-0.63172463613	2.3598087561698	-6.06651275	3.85689975
west2560	-0.55574860191	2.37231573483614	-5.45336975	3.81988875
west2594	0.0810800959715	2.31876087557275	-4.79704	4.3875075
west2600	-0.2854618860555	2.4096705153809	-5.3714455	4.39294075
west2618	-0.25744937882	2.30592891020212	-5.13737725	4.16550825
west2632	-0.420237935985	2.34373049806737	-5.46631875	4.00376825
west2635	-1.005368792985	2.27441015892905	-6.106805	3.1329625
west2644	-1.0495809767	2.19926921899766	-5.86292125	2.909162
west2650	-0.047232675645	2.19669661888735	-4.803916	4.00628774999999
west2763	-0.490565241475	2.3805569266292	-5.44330975	3.9123615
whit1269	-1.071617323415	2.20298406980972	-5.93815475	2.85253675
wiru1244	1.276608829775	2.09747676697086	-2.58287125	5.661173
woii1237	0.878048893785	2.24513308404895	-3.5650595	5.30885425
wola1242	-0.84066102508	2.09784680109694	-5.2547775	3.08655074999999
wola1253	0.049937735335	2.24428191094061	-4.6389905	4.57244325
wole1240	-0.30893845527	2.31748688969156	-5.272422	4.10078675
wood1236	3.24472506174	2.21326595451003	-0.553232925	8.049989
wotu1240	-0.00836810723	2.1897807882564	-4.56556525	4.0956345
wuch1236	2.9906391039	2.24665623960757	-0.897021025	7.96165974999999
wudi1238	-0.57573511615415	2.11219828517395	-4.98482975	3.30602625
wusa1235	-0.43639989325	2.14735428817884	-5.06317025	3.3957735
wutu1241	-0.9292531354	2.2260544633146	-5.63528625	3.1145385
wuvu1239	-0.607912842405	2.3440047246866	-5.706914	3.8777815
xamt1239	0.304403532781	2.13676376819217	-4.2345895	4.376559
xara1244	-0.967731793945	2.29446345267631	-6.207991	3.30903475
xhos1239	-0.1707758804065	2.46458344716517	-5.55902675	4.70763675
xish1235	0.756605674972	1.85534602071577	-3.06837125	4.41561
yaak1241	-0.3541204558005	2.39224100004832	-5.542692	4.12796475
yaey1239	0.58188148804	2.2132500360707	-3.94907425	4.8978565
yagu1244	-0.28413123557	2.55809388148515	-5.20002225	4.813296
yaka1272	-0.26708817864	2.409074419783	-5.48251275	4.18023599999999
yaka1277	-0.6176357655	2.16506254865634	-5.0803795	3.46836649999999
yaki1237	0.1852740680585	2.29446307423718	-4.4390235	4.6035865
yakk1236	0.023574294414	1.89287959546024	-3.99786275	3.581105
yako1252	-0.4212038696665	2.39830064790657	-5.28121025	4.28113149999999
yaku1245	-0.320922470305	2.36398363410864	-5.43730575	4.1508015
yale1246	-0.87528783147	2.37391663787474	-6.082258	3.43132475
yami1254	1.274956529085	1.95826615977171	-2.50337175	5.22113625
yami1256	-0.2943328188715	2.47360853861237	-5.50121425	4.62141525
yamp1242	-1.150121709813	2.04218515176992	-5.594062	2.76920425
yane1238	-0.51747708171175	2.35643913648105	-5.4083985	3.8117385
yank1247	-0.169010616875	2.56050361844694	-5.4456245	4.6183975
yano1261	-0.358255771905	2.51927040654462	-5.55659875	4.33602675
yano1262	-0.29792749794	2.50354737468	-5.6998275	4.489639
yaoo1241	-0.0403331290515	2.39824589805186	-4.89746225	4.49572175
yapu1240	-0.94587524093	2.32611468554084	-6.258382	3.13856299999999
yaqu1251	-0.4522664204415	2.3084350694517	-5.4657585	4.01456624999999
yasa1242	-0.394782350564	2.34303750213872	-5.1694285	4.0702425
yatz1235	-1.062779311935	2.13398575993255	-5.61107825	2.91958825
yaum1237	-0.89934321316	2.10898642557919	-5.5135655	3.0745735
yawu1244	-0.2384677553605	2.49573824679636	-5.66184525	4.6095335
yele1255	-0.33401919293	2.35975739846704	-5.206675	4.1092135
yems1235	0.33671777023	2.1819443116266	-4.01840375	4.57554449999999
yind1247	-0.3020458983835	2.42390397411582	-5.300945	4.50223699999999
yoga1237	2.358232882855	1.59489424889146	-0.491749425	5.78632074999999
yona1241	1.64725753935	2.14409111339299	-2.4601095	6.06126924999998
yong1280	-0.485517468087	2.35881636251386	-5.34564375	3.93820025
youl1235	-0.899156797935	1.92334492126486	-4.8788655	2.676891
youn1235	2.582141160815	2.54385720373984	-1.741815	8.292515
yuca1254	-0.32190959015	2.40514100836251	-5.4790955	4.3779475
yucu1253	-0.4479205579425	2.30565419507969	-5.15414475	3.82598825
yuec1235	3.44420554354	2.2364958010323	-0.35588125	8.8292365
yura1255	-0.18428545562	2.47876803484108	-5.3566815	4.5673045
zaba1237	-1.00385051561	2.40271755455091	-6.157547	3.71606349999999
zaca1241	3.0198773407	1.85731411105293	-0.104983925	7.322448
zaca1242	-0.998846202985	2.25832367829852	-6.0634885	3.1048585
zagh1240	-0.166558881325	2.55559755927394	-5.41043175	5.06463649999999
zamb1245	0.22167046727	2.32371162353695	-4.6376805	4.72426
zani1235	-1.026787082899	2.09249427894552	-5.4904205	3.00344425
zarm1239	0.0931007587125	2.16433956390296	-4.5144645	4.385491
zaye1235	0.960013567835	1.74697830241647	-2.58844025	4.2876875
zays1235	-0.8229423163945	2.17524113816263	-5.4751345	3.25017725
zeme1240	-0.929062163444	1.89059007531912	-4.9833435	2.4145585
zinz1238	-0.25474769034	2.452180651497	-5.43993	4.5535605
zoog1238	-1.0565265156585	2.13187709055952	-5.6521745	2.93735225
