Estimate	Est.Error	Q2.5	Q97.5
abad1241	0.95878450854	1.47651129225746	-1.9457995	3.81422425
abar1238	0.0602618981745	2.15338784377078	-4.25728475	4.17838724999999
abee1242	-0.0532862411085	2.2072106773079	-4.50022675	4.30774925
aben1249	1.56392365248	1.39557299582497	-1.20549975	4.347456
abkh1244	0.298659685655	2.13314315794244	-3.8510395	4.37817474999999
abua1245	-1.7613204730475	1.89961799889443	-5.66707625	1.77143225
abun1252	-1.16065349126	1.91750212360493	-5.1014975	2.4942355
acha1249	-1.173197734465	2.03873585058623	-5.5637405	2.64408975
ache1245	-0.3920854490741	2.17550457250737	-4.676987	3.83750249999999
achi1256	-0.6357269285578	2.06067870954305	-4.98735125	3.18374925
achi1257	-0.5239744839385	1.95214391102479	-4.4901505	3.14828125
achu1247	-0.5259941430485	2.07025663985259	-4.68880825	3.42537275
achu1248	-0.7218654533465	2.09951154776752	-5.00680525	3.37527175
acol1236	-0.195445291885	2.15141213391384	-4.4799025	4.09120974999999
adan1251	-0.999146156585	1.93478228620416	-4.95607525	2.57449325
adon1237	-0.732098285015	1.90765740406898	-4.78260775	2.80309125
adze1240	-1.5838889208607	1.5960238412765	-4.92570675	1.351488
aeky1238	1.92427711206	1.77079203242392	-1.42246525	5.6302735
afar1241	-0.014842297	2.17049820933011	-4.233466	4.27783675
aghe1239	0.0137864698615	2.16028141797675	-4.33057575	4.1553615
aghu1255	-0.0284078423065	1.81794038025368	-3.654086	3.432835
agob1244	0.636870318765	1.94475979428221	-3.32753425	4.47968849999999
agua1253	-0.5078353138385	2.12501439672522	-4.72043025	3.42598125
agus1235	-1.1959455475695	1.81939921471845	-4.96565	2.21944475
agut1237	0.95712786786	1.6156952237776	-2.13925575	4.26313375
aheu1239	-0.51226981730435	2.12597249793063	-4.67627075	3.53200325
ahin1234	2.30504206806	1.4187421534981	-0.2049841	5.3003615
aime1238	3.277299418055	1.79631721632064	0.01124074275	7.07555675
ainu1240	-0.127008181936	2.16966837564465	-4.523209	4.14499875
ajab1235	-0.1659380061065	2.15866677272637	-4.549884	4.20095975
ajie1238	-0.181092558915	1.72299290307196	-3.71920475	3.02290975
akei1237	-1.580830297965	1.78579817669157	-5.32567675	1.77295975
akha1245	-1.311978128341	1.85608500479555	-5.34115025	2.04270425
akoo1248	-0.18415342893	2.2208678941071	-4.6376825	4.0176135
akun1241	1.491772795545	1.84120414647739	-1.88208425	5.42972675
alab1237	-0.257349405454	2.07871226217225	-4.56756725	3.81927425
alab1254	-0.203765021048	2.15916178460684	-4.587897	3.9029435
alac1244	-0.986211289995	2.05649130883288	-5.2741745	2.711303
alag1248	-0.15464275543125	2.11133012055968	-4.3581095	3.89538349999999
alba1269	1.1944126813	1.69181360030435	-2.11915775	4.79132675
aleu1260	1.6575456492635	1.96445760266094	-1.99184675	5.707127
alor1247	-0.988924354758	1.90680174014419	-4.86210325	2.49375125
aluk1238	-0.641480370731	1.93966340500263	-4.51036025	3.28838575
amam1246	0.1262679466	1.48826290653558	-2.7158195	3.13329675
amap1240	-1.80382064825	1.81683161377146	-5.7243845	1.58763725
amar1272	-1.5638835299495	1.90285769521444	-5.70008025	1.99988375
amas1236	-0.2828404077175	2.10980296584468	-4.546094	3.932136
amdo1237	1.3721160633115	1.76726436694821	-1.87298775	5.21201625
amii1238	-0.1609541134505	1.7893795820476	-3.57453875	3.30368425
amis1246	0.541848650735	1.66422769878196	-2.82676875	3.677718
anei1239	0.71756097622	1.67010348471837	-2.54996925	4.009431
anfi1235	0.0200456992	2.14116460161859	-4.11429675	4.28870275
anga1288	-0.939039409216	1.56814258967321	-4.01797625	2.10790874999999
anga1290	-1.050236875496	1.6577702319379	-4.4763255	2.03109625
ango1257	1.9769239027445	2.03385749244136	-1.56556125	6.15786025
anuf1239	-0.0213406258935	2.2957324150392	-4.4591555	4.41184475
anut1237	1.96590674311	1.801303184087	-1.30358125	5.73321999999999
anuu1241	0.569176768426	1.63814622088935	-2.80831	3.6845465
aona1235	0.8372040256145	1.50362069708577	-2.104505	3.71542375
aoua1234	-0.412067047805	2.10489557299122	-4.4656955	3.737548
apat1240	1.35695592424	1.57609366150165	-1.596225	4.515012
apin1244	-0.76381232742455	1.99773544217797	-4.8288425	2.79188699999999
apma1240	-1.215624956265	1.62078834249856	-4.55130625	1.73490025
apma1241	-0.1770528994385	1.50606610135011	-3.26726775	2.813589
arak1252	-1.6918897408905	1.6908149702518	-5.25362475	1.506517
arao1248	1.61180131310175	1.7681415855702	-1.67550525	5.323934
arap1274	-0.307239508119	2.13449681900741	-4.71750325	3.68857075
araw1273	-0.408761165163	2.02488750972316	-4.568487	3.4779
arbo1245	-0.42592938926	2.18510972848008	-5.0329965	3.68884525
area1240	-1.5025860371825	1.87130777346719	-5.41871425	2.08779875
aree1239	-0.11335436181	1.6690734143218	-3.6199765	2.99912325
argo1244	-0.0672288858515	2.17124285663065	-4.6582435	4.26725125
arig1246	0.187455179104	2.17216693725372	-4.19958	4.39987575
arom1237	-0.101225294965	2.21796687542761	-4.57088425	4.251277
arop1242	-1.9454548349512	1.86703144662319	-6.15297775	1.4256305
arop1243	-1.309696860195	1.89664551279912	-5.06036125	2.26738875
aros1241	-1.1384371714725	1.98693772155939	-5.40381025	2.472707
arta1239	1.1106698063651	1.45148625194189	-1.608146	4.17603175
ashe1272	-0.29042224926	2.10438342468446	-4.624933	3.680806
assi1247	-0.3199634275305	1.99181855747825	-4.327513	3.58884525
asur1254	-0.200327826651	2.04014741419889	-4.14106925	3.8498055
atam1240	-0.999625933465	1.65585431696822	-4.2960885	2.18660875
atay1247	-0.2019235377	1.70662443470945	-3.70327825	3.0635
athp1241	1.9649707028865	1.64124210091238	-1.0957745	5.23988475
aton1241	-0.72762441262	1.8536169364884	-4.6932205	2.65254325
aulu1238	-1.069586891675	1.50840914332644	-4.118136	1.6755855
auuu1241	-2.2460835816415	1.79203533053167	-6.115169	1.02514975
auye1238	-0.5694858486	1.84919439217288	-4.2508835	3.021479
avac1239	-0.38231071375	2.08394406604541	-4.64921	3.6472915
awad1243	1.593144599675	2.02708217742623	-2.3413785	5.47592175
awad1244	-1.0310100852195	1.72758979016363	-4.523184	2.2492055
awar1248	-1.609974679015	1.60728432987051	-4.9350765	1.39836175
awar1249	-0.2631752103615	1.55557697269621	-3.381231	2.74636724999999
awet1244	0.32208578674	1.64907455814495	-2.90321825	3.64395899999999
awji1241	-0.0092663915045	2.23809351775616	-4.432681	4.43239575
awtu1239	-2.238183456305	1.79955453091592	-6.12705925	0.9431854
axam1237	-0.893188952466	1.4988941340579	-3.9083745	1.914149
axiy1235	-1.144095891041	1.96081192819553	-5.0668855	2.64464025
ayac1239	-0.340604977195	2.10982373156375	-4.67400775	3.6646195
ayiw1239	2.923726755745	1.60464650747625	0.053904235	6.425192
azha1235	-1.057975773424	2.00990363604826	-5.52467225	2.5951795
baba1264	-0.1605680337733	2.13001592667137	-4.483642	3.81265749999999
baba1266	-0.171888438554	2.11303572489	-4.51115	3.77363475
baba1268	0.7490285633005	1.73550385025003	-2.733778	4.18500175
babi1235	-0.443851933158	2.0989429853558	-4.775566	3.65873999999999
bada1257	-0.639718219936	1.95805268083602	-4.4561485	3.171381
bafa1247	-0.1162403614705	2.23687109702442	-4.59371175	4.38382225
bafi1243	-0.2421173318755	2.24914173376087	-4.710421	4.125204
bafu1246	-0.099630259639	2.11479568028482	-4.5946245	3.86938575
baga1272	-0.05950892913	2.10962507069831	-4.1663015	4.06758099999998
baga1273	-0.082681630955	2.20418272405383	-4.57540225	4.2168565
bahi1252	1.59434149762	1.43600283188774	-1.134289	4.47239974999999
bahn1262	-0.79720572201	2.15673711757984	-5.37983225	3.37914099999999
baim1244	-0.4269422779215	1.72521617123417	-3.8924925	2.736666
baki1244	-0.1683545138135	1.44971482755257	-2.905494	2.5761275
bala1311	2.96357551671	1.85269972906769	-0.314638675	7.0061095
bala1316	-0.86344486249	1.89648161828218	-4.9329105	2.68241225
balo1261	-0.0308517728735	2.25133935253781	-4.55104675	4.56695199999999
balu1257	-1.017239448875	1.90624106198962	-5.2805305	2.372456
bamb1270	3.11439081063	1.8985661409309	-0.4097577	7.12051825
bamu1253	-0.24491564575	2.16401908868485	-4.50176375	3.81775475
band1344	-0.084877940941	2.24139967666186	-4.40406675	4.47927625
bang1369	0.660537767715	1.71346366374372	-2.6980375	3.97321574999999
bant1281	1.688869286737	1.51651327166141	-1.259783	4.76861475
bant1288	-0.979615800291	1.83800527661062	-4.91262375	2.250696
bara1357	1.9729091275865	1.53778515077396	-0.857084175	5.2353385
bara1369	-0.164678404972	2.15485962976274	-4.50366525	3.93636525
barg1252	-0.2985783284655	1.55489713312396	-3.37284775	2.82127075
bari1286	-1.5557444433585	1.90594268552	-5.8790455	1.998585
baro1253	-1.377794765062	1.90868263800397	-5.3095995	2.0734605
basa1282	1.159041159389	2.18956888059141	-2.91300975	5.8009145
basq1248	1.24731113998	2.17464164195714	-2.84838775	5.84690725
bata1289	-0.479246629596458	1.92773700453551	-4.51049525	3.14768725
bawm1236	1.93485817083	1.54307291025065	-0.932493275	5.1359995
bayb1234	2.0744300283	1.80681114249268	-1.39118425	5.87842325
bebe1248	-0.0927587079205	2.31032723929511	-4.58577675	4.58212175
beel1236	0.3473816878	2.14879438411286	-3.9118405	4.66913475
beem1239	-0.09368385674	2.2445530257781	-4.58934525	4.37381474999999
beka1241	-0.5251371583065	2.0804306788802	-5.034442	3.48879949999999
bekw1241	0.690719955695	2.34341726889972	-3.92728025	5.1442255
bekw1242	-0.069804813453	2.19835879816103	-4.27499	4.22545075
bela1254	-0.0574958720385	2.21793430731288	-4.669079	4.23745675
belh1239	1.9918591907	1.61073231676537	-1.01867075	5.22229925
bell1243	-0.6792647908375	1.97163592604513	-4.770326	3.0647435
belu1239	-0.08875530298	2.24575313017029	-4.605464	4.30661549999999
bemb1257	-0.031205095081	2.18791439675773	-4.576553	4.28730275
bert1248	1.477219868105	2.12562035240637	-2.4255265	5.89069399999999
bhoj1244	1.09843583678	2.1348351317767	-2.99724125	5.34908925
biaf1240	-0.012145843539	2.20275482070452	-4.282211	4.390254
bian1252	-0.9380497835351	1.52388934534445	-4.104202	1.78341275
biao1253	-0.5009841617	2.00157830401948	-4.708985	3.29585199999999
biao1254	-0.359854894777	2.16719088132318	-4.63092875	3.715207
biao1256	-0.39269493773	2.01883145633475	-4.462587	3.355871
bier1244	-0.1820853607385	1.44867005701575	-2.97021475	2.558303
bign1238	-1.58284529761	1.61467980871234	-4.85858375	1.43843975
biha1246	-0.78098882931	2.11190454487683	-5.274733	3.00540125
bila1255	-0.084389734614	2.25293501116611	-4.76631725	4.40216675
bilb1241	-0.008360712707	1.46277924667489	-2.83386825	2.84095475
bili1260	-0.09233383624	2.14214442086573	-4.470659	4.1958685
bimi1240	0.19502546280225	1.62748262542794	-3.05160725	3.30446025
bina1277	1.84302276014	1.61529508014332	-1.19637025	5.192244
bini1246	0.03414775873	2.19075343472939	-4.41280525	4.28309899999999
binu1244	-0.71374808507	1.64621289023786	-3.897448	2.65702525
bira1253	-0.43752596233	2.19051614460265	-4.95615075	3.715839
bitt1240	-1.171191723305	2.0478700501116	-5.67179175	2.5125065
biwa1243	-0.2363503355635	1.53401801471161	-3.271097	2.75515075
blab1237	-1.498232121505	1.84768614206264	-5.55552475	1.7021335
blan1242	-1.1585061099595	2.03806072876613	-5.52392825	2.606126
bodo1269	-0.2150067869295	1.9158778264354	-4.17336375	3.41580775
boht1238	0.676972533353	2.0787061255811	-3.47124125	4.94687575
boka1249	-0.69271336185909	1.89882890513879	-4.64498475	2.862873
bola1250	-1.3981492331	1.88268524502485	-5.5692865	1.938306
boly1239	-0.77759940124	2.05332829778144	-5.0001215	2.982947
bomb1262	-0.061002516286	2.16007894954532	-4.336052	4.30318275
bomk1234	0.00849074546	2.11325994114668	-4.22293075	3.98283924999999
bona1250	-0.153248823675	1.90838658766922	-4.12105425	3.397727
bond1247	-0.109646500402	2.25498595714222	-4.65430975	4.34618075
bong1289	-0.5495907859745	1.99146228258242	-4.5861075	3.22520075
bora1263	-0.81978395309	2.16526139710595	-5.24798925	3.3234115
bori1243	-0.013234207613	1.68815944204837	-3.350258	3.3063315
boro1277	1.08452347291	2.14034801038833	-2.88065675	5.6060725
boro1282	-0.444026926389	2.06515714943009	-4.7320625	3.48757549999999
boto1242	1.4277710376055	1.42101420441767	-1.2550535	4.2297645
boun1243	-0.04887385962	2.23765920734538	-4.31624325	4.326419
boun1245	3.0438921611615	1.68473514173928	-0.018604795	6.61086825
bret1244	-0.0360474165265	2.26842446536555	-4.47333375	4.34104475
bube1242	-0.0884381047895	2.24856634166383	-4.77454625	4.47898125
budu1265	0.5296402070573	2.20029718844869	-3.448924	5.08330325
budz1238	-0.084807391606	2.28463218100507	-4.85526275	4.3748725
buga1247	-0.8166800558355	2.02016928731012	-4.9600195	2.9819595
buga1250	-1.56900930019	1.81828554450687	-5.4685835	1.811825
bugh1239	-1.723070034519	1.83952828327172	-5.56340275	1.5497845
bugi1244	2.9454251595925	1.87737291948443	-0.3134691	6.96522925
bugu1246	1.499106733855	1.53049622452692	-1.40291225	4.54898975
buhu1237	0.060147125544	1.79186882661191	-3.53092875	3.40966
bujh1238	2.532428365205	1.65747460796291	-0.564253375	6.01286875
bull1247	-0.0564936321995	2.1308579010074	-4.15412	4.02550025
bulo1242	-0.60858991681	2.00797195852252	-4.7337805	3.21733025
bulu1251	-0.08230973517	2.23430713505356	-4.6244995	4.2130125
bumt1240	2.26578986619	1.86175986521609	-0.884896625	6.40796575
buna1276	-0.903237918235	1.88984277133343	-4.80458675	2.553083
bund1253	-0.067486633745	2.16269667929882	-4.21619225	4.07514325
buol1237	-0.23992826268745	1.99485773004666	-4.55447575	3.43895649999999
bura1292	0.7092514068	2.05646479171214	-3.3760295	4.9007165
bure1242	0.3226240073285	2.18902485819264	-4.08058025	4.78189224999999
burj1242	-0.178446537046	2.23998105877536	-4.620995	4.32090475
buru1320	-0.0823902901375	2.19088026160132	-4.53227325	4.31953125
busa1253	-0.128399544255	2.24652310602495	-4.65495175	4.4148225
bush1247	0.0355807982675	2.10472461888057	-4.10988725	4.3228515
buwa1243	0.8225775199509	2.09265634549019	-3.20311075	5.19904825
bwai1242	-0.65583816768	1.70452374999841	-4.0242175	2.434501
bwat1240	-0.59068886742	1.79683588367325	-4.399464	2.84359899999999
byan1241	2.208153195964	1.7607614173453	-0.878868825	6.02106849999999
caac1237	-0.686350076307	1.91138547721391	-4.81764375	3.03675125
cacu1241	-1.15762630411	2.00687333291474	-5.42123525	2.53242425
cahu1264	-0.15721288264625	2.13617203707082	-4.401504	3.927466
cakf1236	1.8815468427	2.09736653805891	-2.016761	6.21475975
cald1236	-0.64103751907257	2.02255186236898	-4.78271575	3.1131515
caml1239	1.402536570355	1.44727348005713	-1.39929	4.26791675
camp1261	-0.036165256085	2.21149406197178	-4.3721705	4.2457615
cams1241	-0.7894102416	2.04916961925389	-5.007226	3.07058675
cane1242	-0.72861532708	1.96009514376842	-4.779894	2.850947
caom1238	-0.418744992073395	2.10581251732345	-4.5793585	3.7644825
capa1241	-0.088456102908	1.71701989636093	-3.4620455	3.3570125
carn1240	-0.351543537565	2.12036683469936	-4.87405975	3.752161
caro1242	-0.30458225983	2.14562726880591	-4.71962775	3.84380175
cash1251	1.25534897832	1.86635209846733	-2.28263825	4.9696915
casi1235	0.831103021835	1.54442488507553	-2.221175	3.97808275
cayu1262	0.2285747852295	1.79249877820483	-3.403021	3.67887225
cemu1238	-0.27168632855	1.83908754291302	-4.12651075	3.29496425
cent1989	-0.38871774412	2.20361320154235	-5.04860175	3.85483375
cent1990	-0.33581967941	2.11743079438675	-4.553683	3.7083175
cent1992	-0.76941499269	2.04376485184756	-5.0586315	2.925582
cent2004	-1.79469713915	1.91910707126445	-6.05122125	1.6182275
cent2050	2.45774964128	2.01783457752476	-0.97113475	6.75830775
cent2084	-0.3993155765025	1.65259583745025	-3.74422375	2.71716525
cent2100	-1.09732401034	1.86876410855045	-4.912433	2.38448775
cent2126	-0.197564871441	2.25042172344829	-4.72526325	4.31338525
cent2127	1.493657059865	1.96870917910018	-2.253553	5.47537725
cent2131	-0.230247129185	2.19870717131912	-4.8093685	4.13436825
cent2140	-0.97821798215	1.97117924979903	-5.0273825	2.76240075
cent2292	0.494205569944	1.45290431819257	-2.292194	3.43141175
cent2322	-0.029783212455	2.31291166527898	-4.50732	4.73788474999998
chac1251	0.167572087295	1.75193061350476	-3.234058	3.78598675
chak1270	0.393791096727	1.72045739965296	-3.20893925	3.61328225
chak1271	-0.092567893406	2.24142873469774	-4.53090075	4.394065
cham1312	-0.5215898988001	1.95192907009882	-4.74695175	3.26536075
cham1315	-0.776053222325	2.04316970235145	-5.130384	3.15463825
chan1313	0.996952118755	1.5064905441822	-1.90926025	4.0497115
char1269	-0.4017952108	2.19754574924278	-4.7706335	3.766113
chas1234	-1.59450874459	1.96276546892658	-5.743291	2.0788865
chek1238	-1.62261011845	1.8366883339992	-5.74549375	1.70219724999999
chen1255	-0.182264182152	2.13836128207318	-4.47539175	3.94536149999999
chep1245	2.39109613635	1.58325930753416	-0.64248155	5.631081
cher1273	-0.3220261977405	2.02435504569328	-4.36129775	3.51462975
chey1247	-0.47152285356095	2.09386212373126	-4.7954865	3.50112475
chic1270	-0.33325514786	2.10342167790379	-4.75210025	3.580196
chil1280	-0.4915538027335	2.11453949723114	-4.95355325	3.47715475
chim1302	-0.474087059362245	2.12782224524307	-4.8104865	3.53511725
chim1312	-0.098083794705	2.20928220893214	-4.40980825	4.3296645
chin1286	-0.208714267665	2.09520243166167	-4.5885435	3.74353625
chip1241	-0.146738564835	2.11779207630252	-4.384337	3.947731
chip1261	-0.109208995747	2.12410493984022	-4.32768425	4.141526
chiq1248	-0.525566091101	2.04216368255591	-4.66586575	3.35424575
chir1283	-0.710718488462	1.53564997475855	-3.742192	2.32162
choc1276	-0.284124145121	2.11691331622793	-4.6225365	3.86205
chon1284	-0.300111369375	2.19624057082982	-4.75504875	3.87375025
chot1239	-0.61625495363	1.45022473572191	-3.6460405	2.29097774999999
chra1242	-0.43780699774	2.06038870562081	-4.6265975	3.44993775
chug1252	2.1373679445645	1.58429947089537	-0.7935916	5.35165225
chuj1250	-0.5335385378475	2.03468220847305	-4.773106	3.5556235
chuk1273	-0.1478818490885	2.12255804103369	-4.257497	3.97759925
chuu1238	-0.26852624057155	2.06665225995365	-4.518745	3.62391399999999
chuv1255	-0.13577762659	2.14022669002119	-4.3650265	4.13213425
chuw1238	-0.02413503162	2.3200277420242	-4.642999	4.69907225
cici1237	-0.008231290401	2.03618022867923	-4.00044575	3.872877
coat1243	-1.06843902691	2.04442445127716	-5.31382725	2.75778075
coca1259	-0.409961029105	2.03415896582133	-4.71329025	3.42139125
coeu1236	2.777009635093	1.98421096117447	-0.713277875	6.9824635
cofa1242	-0.875233388879	2.00453035463797	-4.8440035	2.92957775
colu1241	2.5772597663	1.99071011952807	-1.023976	6.76993375
coma1245	0.38090298014	2.11795434644211	-3.76071575	4.67985875
como1259	-0.774768089365	1.99112175432596	-4.839984	2.91913125
cori1240	1.426191454273	2.13703522115264	-2.7028055	5.6536705
cors1241	-0.02703326354	2.21195226896921	-4.468361	4.28940975
cosa1234	-1.24630843388	1.87717967682571	-5.19444425	2.2468975
cree1270	-0.2984743530655	2.1165915117706	-4.82397	3.67186625
crim1257	-0.1227900283155	2.19684636803561	-4.67739775	4.21733825
crow1244	-0.686365424112	1.97412532016528	-4.70478425	3.04860525
cube1242	-0.93298890918	2.06569098609026	-5.1875005	2.8243015
culi1244	0.225150586945	1.91131068054547	-3.52175675	3.968676
cusc1236	-0.381752118493	2.13557485887948	-4.71505725	3.7804765
czec1258	-0.073516436694	2.1804992812077	-4.43745525	4.19087774999999
daai1236	1.67347486378	1.61091438874672	-1.37350575	4.880455
daas1238	-0.28287845248	2.2565709767817	-4.76674275	4.2450505
dadi1250	2.697307463825	1.74161593749217	-0.657818675	6.15859124999998
dagb1246	-0.128569129824	2.15766425407587	-4.4657575	4.12211225
dagi1241	-0.355437677615	2.20028872997641	-4.738526	3.95030375
daka1243	-0.8856956463505	1.49153061569431	-3.898008	1.95857125
damp1237	0.639703072175	1.80440209293102	-2.96145875	4.150519
dana1252	-0.875995720465	1.93076640561297	-4.84283475	2.8030835
dand1238	-0.357069978725	2.02133142549839	-4.7829795	3.52805375
dani1285	-0.12394841276	2.15563282715221	-4.64299125	3.863406
dara1250	2.414999298155	1.75958645901037	-0.962421625	6.10951425
dard1243	-0.41896062853	2.14942962816744	-4.64134825	3.72941099999999
darm1243	2.20209688101	1.76602251534869	-0.81012845	6.13199125
dawr1236	-0.3287609166175	2.10223999162366	-4.53824675	3.7406095
daza1242	-0.535580091045	1.99436072010699	-4.76724475	3.188824
defa1248	-0.199220391445	2.21879732268741	-4.7005155	4.1643785
dege1246	-0.188021359746	2.15420439978103	-4.5515335	4.10974275
dehu1237	2.823606237915	1.68138904933124	-0.27677975	6.284378
dera1248	0.368012695745	2.09108537736622	-3.849892	4.586269
desa1247	-1.111489159805	2.04046404957371	-5.46803775	2.5630575
dhao1237	0.511053894214	1.77580671784323	-3.04363575	3.87122225
dhim1246	1.025192535275	1.58685110781005	-2.1659645	4.16054325
dibo1245	-0.07197020105	2.1777012013888	-4.601304	4.31468025
dier1241	-0.8768836117369	1.92324443365325	-4.8337025	2.7590765
diga1241	-1.577699075175	1.93642944584445	-5.71792075	1.90963775
digo1243	-0.036157974406	2.21376021119718	-4.655676	4.35486825
dima1251	-1.0567157762	1.76851460197794	-4.70543125	2.3159585
djam1255	1.467944482119	1.93893022172723	-2.2889895	5.382084
djee1236	-1.224921865749	1.95803960363092	-5.440993	2.42536025
djeo1235	-0.54497222413135	1.96933712795288	-4.60343325	3.24024825
dobe1238	-0.459094065705	2.13368167759272	-4.99901625	3.404014
dobu1241	-1.0293803084095	1.83367295374482	-4.83658175	2.2558685
doma1260	0.139636492902	2.24017049871442	-4.29682175	4.72617875
domm1246	0.54056639066775	1.58072001697546	-2.46555225	3.658505
doro1266	4.1077879175	1.58094965673708	1.15098525	7.40410949999999
drun1238	-1.588335648763	2.02331731874705	-5.80195475	2.010929
dumb1241	0.223053960745	1.82091771911028	-3.701327	3.7476325
dumi1241	1.494194885185	1.47628604576401	-1.3873575	4.520745
dusn1237	-0.9679583189955	2.03822630441468	-5.305352	2.759911
dutc1256	-0.036595638875	2.24277136051368	-4.65215475	4.13234625
dyul1238	-0.2357555112735	2.16221635170933	-4.6143965	3.99733
dzao1238	-0.40465870939	2.17572081324936	-4.93832025	3.677125
east1236	-0.797276798947	2.07094004789289	-5.215969	3.08280749999999
east2328	-0.127219127775	2.08576755597822	-4.4554995	3.79466975
east2342	-1.21472097662	2.02983693347784	-5.53806725	2.42995575
east2379	-0.6875955946238	1.77820602008035	-4.11761725	2.67642725
east2443	-1.5587928193225	1.80770811984801	-5.33931775	1.73500825
east2447	2.309219240555	1.76644063760012	-0.7903985	5.98329425
east2485	-0.793890339105	2.09623233716562	-5.3367205	3.15477425
east2516	3.7264838990435	1.85523473086979	0.247418975	7.5976275
east2555	-0.52554679182	2.0254908611324	-4.5704875	3.2856725
east2556	0.18231441216	1.84169298506602	-3.420372	3.79864324999999
east2690	-0.058939101105	2.19453825055008	-4.35499825	4.17773799999999
east2694	2.149950942885	1.76307429749964	-1.058787	5.9966335
east2773	1.800878171995	1.54416816243866	-1.029919	4.96046325
egaa1242	0.0081302983757	2.32980757110733	-4.66244875	4.7022585
eipo1242	-0.3712108717315	1.64169556835419	-3.5979635	2.88059675
elip1238	-0.199847071332	2.21714185649257	-4.619807	4.0677085
elna1235	-0.216439883295	2.14658848474273	-4.60551575	3.8883605
emae1237	-0.4075970712765	1.59116430397969	-3.5847625	2.45633175
emai1241	0.10103478867705	2.14502200727159	-4.03655625	4.52826975
enuu1235	-1.1232156785105	2.0013364061383	-5.372719	2.7161
ersu1241	-1.001428959275	1.93769013824519	-4.99935675	2.55189975
erzy1239	-0.041674311387	2.22043409244444	-4.49641625	4.30404949999999
esee1248	1.574433399125	1.73683726761633	-1.56040375	5.21683
esim1238	0.1216263174115	2.19890804647873	-4.2659135	4.489997
esto1258	-0.0522278177625	2.08759057486102	-4.36873175	3.8709775
even1259	-0.03468652783	2.25474014370735	-4.38455775	4.3481455
even1260	-0.054799324525	2.09246044090303	-4.2868865	3.98654324999999
fait1240	-0.34831506271	1.51588340942654	-3.276679	2.6227875
fala1243	0.289415907855	1.66969610208508	-3.11005575	3.53942675
fare1241	-0.07548229522	2.25038656695443	-4.40022525	4.38336
faro1244	-0.0534077815075	2.2088715471578	-4.5441385	4.2898225
fass1245	-1.761068319345	1.83815585846467	-5.5417895	1.56859
fasu1242	3.9322021009	1.92135574958775	0.532594375	8.150875
fiji1243	-0.7953375732135	1.95147728078097	-5.01563625	2.83988349999999
fili1244	0.84527226831	1.50480205176428	-2.22939	3.804771
filo1235	-0.578956950485	1.92311478416862	-4.5636645	3.0110915
fina1242	0.38204972725	1.42884176389904	-2.46299675	3.3448515
finn1318	-0.0341735103	2.15429929373726	-4.3903015	4.26275125
fipa1238	-0.084415753275	2.2718755756185	-4.64568125	4.19698874999999
fonn1241	-0.16654540792	2.1639293941157	-4.50080775	4.28244075
fore1265	0.0107217031465	2.21256399774841	-4.439325	4.23063799999999
fran1266	1.7701224892905	1.97529575602124	-1.83450075	5.895168
fuln1247	1.6249251725595	1.97538077548025	-1.98317475	5.80088325
furr1244	-0.196942994362	2.24292811901691	-4.53683325	4.2056645
futu1245	1.546798049619	1.68188666492433	-1.56246625	5.07323825
fuyu1242	0.9860284785735	1.44556851301508	-1.7749165	3.98829525
gaaa1244	-0.102322012255	2.1536320139545	-4.5241485	4.21758725
gaaa1245	0.025709765778	2.22301514350808	-4.321458	4.30592075
gaan1243	0.69679816081	2.04362791581471	-3.24248275	4.841271
gada1258	0.139685246075	1.53451861442191	-2.76153475	3.25343275
gade1242	1.87146805466	2.12616376025286	-1.9850055	6.2842775
gaga1249	-0.069998020045	2.19860463890719	-4.50104775	4.17716875
gahr1239	-0.7810946724831	1.80421715683769	-4.611437	2.47848925
gala1264	0.395569953975	2.16526560074829	-3.8688795	4.75200725
gale1259	-0.015604911583	1.83645527296292	-3.74817825	3.5933375
gali1258	-0.05123196755	2.11313231335716	-4.164174	4.1720555
gali1262	-0.87973861149	1.8358460095131	-4.6797495	2.57854675
galo1242	-0.7758321511985	1.76798583969738	-4.426217	2.621914
gami1243	1.498621484816	1.94845833873222	-2.001722	5.667617
gamo1243	-0.4149551119795	2.1456665192512	-4.75885375	3.55060975
gang1266	-0.828166626366	1.44993366537186	-3.84862975	1.93943225
gant1244	0.220675694215	1.55845101536737	-2.87313025	3.25626525
gapa1238	0.23152445796535	1.65630008692608	-3.2429095	3.38425075
garo1247	-0.68721027745	1.90990967376744	-4.92987	2.69020225
gayo1244	-0.532588740325	1.95040227015929	-4.6710795	3.1228975
geba1237	-1.13038976668	1.90946042568117	-5.001303	2.521617
gebe1237	-0.673849274197	2.04829148812995	-4.883954	3.116982
geda1237	-0.028104182758	1.47119243606486	-2.91838075	2.871967
gela1263	-1.88453133683	1.88862285636992	-5.95276025	1.451506
geru1240	0.397165923895	2.20865984621979	-3.74302275	4.85151124999999
ghar1239	-1.749206716015	1.92921762962899	-6.160235	1.87441249999999
gheg1238	-0.11153373899535	2.17806193560019	-4.43410025	4.11645125
giiw1236	0.336682567464	2.18824436965163	-4.13392575	4.702657
gilb1244	-0.22097518837666	2.05758742667798	-4.43692275	3.59144299999999
gira1247	-0.25872868209615	1.47094213471248	-3.12575075	2.5876425
glav1244	1.228008328808	2.12289792985235	-2.70332775	5.83950225
gofa1235	-0.3892686053485	2.10075768145218	-4.6623055	3.58245249999999
gogo1265	1.38708104148	1.92899234485551	-2.22266325	5.155923
gola1255	-0.050774599507	2.21904537743039	-4.5433145	4.319836
guah1255	-0.4567799735655	1.97577339221791	-4.41853875	3.19817825
guam1248	-0.4944268625015	2.10413745049457	-5.05824375	3.458199
guan1266	2.64296122773	1.77369627438344	-0.5634818	6.49286125
guan1269	-1.1270701024655	2.03365580209269	-5.37920275	2.5501625
guat1253	-0.54851024219	2.08406154678582	-4.856872	3.24230975
gube1234	-0.058094679453	2.27140984030174	-4.5048175	4.40088325
gude1246	0.6736659913235	2.17177099030862	-3.4792795	5.01471549999999
guer1243	-0.9809216529515	2.04744484903305	-5.24756825	2.78487274999999
guhu1244	0.2488263570275	1.49473144095604	-2.688149	3.11137775
guiq1238	0.36269996604	1.85209289381666	-3.431759	4.171669
guma1254	-1.037052420495	1.8166607103063	-4.84849125	2.36620025
gunw1252	-1.281095621915	1.99488883660697	-5.527707	2.36873375
guny1241	1.4623864631	1.90396567157283	-1.9851735	5.48288175
guri1248	-2.07162245081	1.76929944145854	-5.8115015	1.09771674999999
guru1261	1.6565380181845	1.45160719571801	-1.15015725	4.671639
guru1271	0.48786234831	2.12440185131302	-3.645493	5.00714525
gusi1247	-0.187474777605	2.17923586414918	-4.56889375	4.012619
gwen1239	-0.122180892865	2.21624193348273	-4.72666925	4.1186
gyel1242	-0.0902387233959	2.18905886730656	-4.5283525	4.195529
haaa1252	-0.01945459116	2.28952369340697	-4.5440985	4.49024875
hadi1240	-0.250890011542	2.12254296619134	-4.71782625	3.83280275
hadz1240	-0.220639319455	2.17636001688008	-4.64456575	3.96247149999999
haka1240	1.976462314235	1.53803218514734	-0.85354885	5.15446049999999
hakk1236	-0.49873586445715	1.99032700364751	-4.61365925	3.236344
hala1252	-0.9004702626	2.10099627026416	-5.441419	3.01517775
hali1244	0.0751998222075	1.69874247677435	-3.40907475	3.4021115
halk1245	-0.74044973206	1.96865193640807	-4.742198	2.96283225
hame1242	-0.3898034869905	2.19594592717119	-5.04808875	3.604826
hang1263	-1.71495917566	1.7965912875586	-5.406307	1.503442
hani1248	-1.004096187104	2.05283951313411	-5.17181525	2.77590499999999
hano1246	-1.3764582453225	1.74889231099459	-4.9744555	1.87263
haro1237	-0.685036670815	2.04626547105835	-4.9344995	3.08163625
haru1245	0.73624176443685	1.53984340366331	-2.3309015	3.8601915
hava1248	-0.2951895399605	2.07615288896832	-4.449024	3.680103
hawa1245	-0.662824692605	1.90504579461181	-4.84419075	2.82104775
hehe1240	-0.044723863	2.24221343566594	-4.58517625	4.3010295
heil1246	-0.645670032607	2.04271291251137	-5.0147815	3.100748
hela1238	1.8959712451	1.49606259067339	-0.989520175	4.99607725
here1253	-0.00402019529	2.28764178908938	-4.474558	4.62675775
hida1246	2.4629819086015	2.03042979365608	-1.1632975	6.80961225
high1276	-0.8472120925385	1.83604421083337	-4.6670495	2.54686625
high1278	-0.5821386409835	1.93612128958021	-4.50515425	3.0193925
hind1269	-0.09848546567	2.16832406483422	-4.35332275	4.25485425
hixk1239	-0.393527191115	1.91923462214316	-4.35434475	3.24486375
hoaa1235	-0.03139871614395	2.11765009943893	-4.277242	4.236067
hone1235	0.225367200365	2.12143653540255	-4.1625485	4.34965949999999
hopi1249	-0.09625640954655	2.07343035088131	-4.2220095	3.935154
horp1239	2.1444692236	1.82115691400757	-1.25279675	5.98429975
hote1245	-1.356951123825	1.5924474388535	-4.66296225	1.423139
hozo1236	0.408477997555	2.13950196526983	-3.76086025	4.68043049999999
huaa1248	-0.22528966528	2.09626990032239	-4.44879725	3.7237705
hual1241	0.479296247285	1.89842946890485	-3.28789375	4.2457685
huam1247	-0.6541745880145	2.04609679353504	-4.82868775	3.2534125
huar1255	-0.3453372918575	2.18527449688197	-4.777528	4.098225
huas1242	2.09377148869	1.87953580140866	-1.37597675	5.95906775
huba1236	0.8028840861815	2.1154622917242	-3.41679975	5.100932
huic1243	-0.1807957696065	2.20866259459388	-4.58870525	4.20661875
hula1239	4.41473718085	1.65994315080823	1.39973225	7.8788745
hula1244	-0.0736407274605	2.13795534891358	-4.3265125	4.02566375
huli1244	2.91331493695	1.8507547015689	-0.5135057	6.97161725
hung1274	-0.128566696141	2.15896139464023	-4.545165	3.998507
hung1275	-0.375173062565	2.1916529616448	-4.607951	3.89851825
hunz1247	1.844928346705	2.07427773983591	-1.83706075	6.09175375
huuu1240	-1.24707747295373	1.88376518141602	-5.14707975	2.35080075
hyam1245	1.400803640771	2.15099896891316	-2.7741115	5.69292799999999
iaai1238	3.0327234411	1.66312600914902	-0.0711321475	6.56387575
iama1237	-0.9512347146865	1.76089310561133	-4.71974875	2.3391855
iatm1242	-0.772925117784	1.72269963727269	-4.251204	2.5023735
ibal1244	2.25070595216	1.46628859922202	-0.450208825	5.43489375
iban1264	-0.424750386705	2.14738930306829	-5.05680475	3.41081025
iban1267	0.571495112108	1.60581231376235	-2.519689	3.863109
ibat1238	-0.952651803435	1.85792840909586	-4.88008325	2.6134345
ibib1240	-0.09260098077	2.19981923954236	-4.37218875	4.187803
icel1247	-0.046161172364	2.22613109446468	-4.4440495	4.59759224999999
idii1243	1.010570928909	1.84237196913428	-2.4905825	4.6750465
idum1241	-1.207210087885	1.98241679143903	-5.4573665	2.453343
idun1242	-0.597272402883	1.73309383337381	-4.1646315	2.47827975
iliu1237	-0.978101253193	2.11805987226216	-5.50192375	3.01897125
ilon1239	1.250308963478	1.43061020124651	-1.4484715	4.190649
imba1240	-0.617609132652	2.02517468054025	-5.02210325	3.1894095
ingr1248	-0.0824938630945	2.23810120870385	-4.55933825	4.472942
irar1238	-1.0942634176075	2.04685129103232	-5.42974125	2.8390245
iris1253	-0.0952283814985	2.18301483128774	-4.41916025	4.11497725
irul1243	-0.24741389601755	2.05230067482539	-4.58021625	3.7005805
isco1239	-0.0547677235875	1.75284514921815	-3.575086	3.400189
isin1239	2.0168344079815	1.38927481125634	-0.56353755	4.9750415
isir1237	0.1089473489885	1.74634493405195	-3.42985675	3.41254125
isna1241	-0.9746477070585	1.69831774001774	-4.5704765	2.167996
isth1240	-0.6603025005425	1.87881331349501	-4.656537	2.86992375
isth1241	-0.628449669255	1.89238061173568	-4.5270295	3.08123075
ital1282	-0.005496026375	2.22999135637823	-4.2978555	4.42356875
iton1250	-0.38386992259	1.93740105152146	-4.44073625	3.3241155
itza1241	-0.3561893072056	2.12447689903367	-4.75440425	3.5301945
iumi1238	-1.187185120515	2.01721828236671	-5.83660525	2.466374
ivat1242	-0.2008764290085	1.90102693421028	-4.13545025	3.44293375
iwal1237	-1.126075423645	1.5803462963922	-4.56982775	1.715781
iwam1256	-1.7599920135705	1.80592448417758	-5.60184025	1.48404825
iyoo1238	-1.089350438135	1.59266410693642	-4.33942625	1.9940425
jahh1242	3.8951115718	1.81113657383186	0.6487841	7.67820425
jamb1236	-0.2871399050465	2.13233121677742	-4.54656625	3.76823325
japh1234	2.65494492891	1.80836280822164	-0.5321636	6.40577674999999
jara1266	-0.8821554246615	2.08980773813477	-5.32624575	3.04781725
jeha1242	0.024621176992	2.02861959268428	-3.990817	3.84402625
jehh1245	-0.851975834124	2.03561921151642	-5.098786	2.870236
jenn1240	-0.625148519055	1.94351811636811	-4.46214375	3.1054175
jeru1240	1.667311731105	1.48852830307794	-1.07949825	4.5498945
jiba1237	0.1342925800856	2.05324905816646	-4.04848975	4.2559945
jina1244	0.51691691072	2.18578739060468	-3.586514	4.93168749999999
juku1254	0.3311004873543	2.21078189749016	-4.1340245	4.80447624999999
kaba1278	2.5558315775725	2.1966984426978	-1.43498575	7.01450575
kach1280	-1.04900542281	1.99758765177869	-5.256492	2.700817
kach1284	-0.3051390843405	2.10433461085923	-4.41924425	3.80989725
kada1242	-0.6057678645195	1.96639361744498	-4.51691825	3.24075349999999
kado1242	-1.2850610600596	1.93461473913228	-5.539507	2.05820025
kafa1242	-0.2632117437565	2.17475523215383	-4.60871	3.96990125
kaga1256	1.196195504915	1.63916010474317	-2.00081675	4.641818
kagu1239	-0.06802603105	2.23685400646142	-4.5884605	4.4753355
kaik1246	2.749858880185	1.87550037268271	-0.4329089	6.70388575
kaki1249	0.736241974455	1.62989316050867	-2.23083425	4.04626625
kala1384	0.04590767296	2.1517197489432	-4.20556	4.30205675
kala1399	1.4114697861445	1.94489513733298	-2.107114	5.44443025
kalm1243	0.140734526336	2.16172721327856	-4.13198	4.7083465
kama1370	-1.0208122654615	1.57761423601908	-4.18879425	1.9880925
kamb1297	-0.00516673589	2.25983773501403	-4.38267	4.69299949999999
kamb1299	0.5853258551	1.83474065196639	-2.98887825	4.2319315
kamm1249	0.2368590032935	2.16405829077794	-3.820992	4.72068799999998
kana1286	0.44761180431645	1.56398701472517	-2.631667	3.5878165
kana1291	1.990176788929	2.00138329276816	-1.76529	6.1659145
kani1286	-0.68137104083	1.59622506156665	-3.9442065	2.4713655
kank1243	1.4661343641855	1.46282127029901	-1.34159675	4.36292424999999
kaon1241	-0.09372601064	2.1288219195463	-4.372839	4.078926
kaqc1270	-0.6337395354105	2.09499276646811	-5.11064775	3.34231775
kara1486	-1.45349227657	1.89964800108495	-5.64836425	1.909969
kara1487	1.71860402535	1.35414546386085	-0.7079634	4.48391425
kara1499	-0.919216593552	1.99716873074934	-4.877987	2.88765175
kara1500	-0.329801608055	1.97159843573959	-4.35353875	3.443922
karb1241	-0.818591601945	1.82323123857795	-4.54789525	2.5878965
kare1335	-0.087981139885	2.26122743931687	-4.4528915	4.195685
kare1338	-0.039999950955	2.17516334468569	-4.366912	4.2379405
kari1311	1.90050184719	1.91424258425289	-1.5858605	5.89230925
kark1258	-1.500159493886	1.84542469848862	-5.34754775	1.987613
karn1252	-1.58953243716	1.89712375401781	-5.545275	2.01466425
karo1304	-0.494371335995	2.06196048265	-4.82335775	3.4541375
kash1277	0.583695914393	2.1042389930786	-3.58210375	4.8536885
kask1239	-0.137987745355	2.23297378151236	-4.62118075	4.21272975
katb1237	-1.344920650765	1.57402662884321	-4.552636	1.50651275
kats1235	-1.2086433694895	2.01943612528279	-5.554946	2.49790125
kaur1271	0.163242601905	1.78725664584444	-3.33707025	3.873399
kava1241	-0.40020226617	1.77694168440835	-4.18522325	2.94364275
kaya1315	-1.309356679175	1.98750858330424	-5.46495325	2.28365375
keap1239	4.38191312345	1.73805872873478	1.318321	8.275728
keig1242	-0.35292009406	2.19020981617659	-5.05749025	3.98430425
kele1258	-1.021212893045	1.97588817288303	-5.062715	2.39579625
kemb1249	-0.643269337603	1.95696374857555	-4.9174815	2.87667525
keme1240	0.029164076595	2.16714002748998	-4.43502125	4.42470025
kens1248	-0.330609286985	2.06292297444705	-4.73270725	3.75300675
kenu1236	-0.073793268135	2.14976855980958	-4.4296315	4.31401425
keoo1238	0.6211348857055	1.80115933551044	-2.99732475	4.132131
kera1255	0.163454006758	2.29475658816858	-4.375612	4.660716
kesa1244	-0.61853091507	1.51554846765092	-3.587479	2.38403149999999
kett1243	-0.14429014335	2.191836429779	-4.6321535	4.126602
kgal1244	-0.05677534944762	2.25468587428002	-4.66260525	4.2607295
khak1248	0.05509896397	2.18882376816402	-4.15524225	4.34796824999999
khal1275	1.91513322137	1.53364012206975	-1.02688775	4.8826895
kham1282	1.50779544886	1.89338405481788	-1.768865	5.571799
khan1274	-0.7216624232023	2.035294236021	-4.70289725	3.13077825
khan1277	-0.38707682939	1.46412090478164	-3.35441925	2.56597
khan1278	-0.20553826398	2.22116940994865	-4.76150475	4.03610749999999
khar1288	-1.3600005863645	1.52828797681804	-4.5098565	1.444578
khas1269	-0.7048156812855	1.88308990779629	-4.60553675	2.91462975
khez1235	-0.3280984473	1.47158526477551	-3.19590775	2.6187815
khmu1256	-0.93524346221	2.04724893264941	-5.1240695	3.11727525
khum1248	1.878541722075	1.52164355740205	-1.03313175	4.925269
kich1262	-0.656517848583	2.08345902830981	-5.08053825	3.3849325
kiku1240	-0.107809314725	2.26275237139598	-4.58345975	4.2884715
kile1243	-0.078214531794	2.13272661559782	-4.09792025	4.1446455
kili1267	-0.95378683657	1.91375965861161	-4.88351875	2.564131
kimm1245	-0.756886343375	2.07117745285481	-4.99168775	3.08699675
kina1250	-0.536627988511	1.87825477366266	-4.436779	2.99933399999999
kinn1249	-1.205487392677	1.86966178778599	-5.22636575	2.07980575
kiow1266	2.092232920615	1.99038904468983	-1.66612	6.2871905
koda1255	-0.5127464737815	2.01293041586189	-4.75360125	3.4993705
koho1244	-0.5862640959675	2.0340340410535	-4.8080325	3.417577
koir1240	-1.22645642626	1.52810949313957	-4.37349175	1.52850125
koit1244	1.91258658689	1.61909480058251	-1.14426925	5.1865395
koka1244	1.10270385317	1.88687128232589	-2.37478875	5.0185765
koko1269	-1.407290491697	1.84122304827469	-5.38676575	1.8684
kolb1240	0.0379410395415	2.26261710464092	-4.45154425	4.40942875
kolc1235	-0.05401660693	2.19740339363842	-4.36690325	4.29149449999999
kolu1245	-0.8567843470695	1.74872788348993	-4.5318655	2.35972875
komb1274	-0.38459426257	1.86113205101291	-4.066055	3.22577825
komc1235	-0.109323330075	2.13159278415024	-4.61543075	3.8476995
komi1268	-0.027543497796	2.21048375448952	-4.364578	4.26349674999999
komi1269	-0.038328492185	2.1166670593749	-4.18456375	4.13359075
komi1270	-1.188621285915	1.63136393757721	-4.557047	1.9153685
komo1260	0.003572893021	2.2064255735954	-4.49413225	4.35038224999999
kona1242	0.95064378315	1.62539459447924	-2.21895425	4.19777349999999
konk1267	-0.045170746115	2.23306384039446	-4.4870935	4.391139
kony1248	0.624884981375	1.51583888331994	-2.31949775	3.618904
konz1239	-0.1233049719095	2.17236188661376	-4.326282	4.09349525
koon1245	-0.0493645646335	2.21493936420225	-4.24832425	4.49805175
koor1239	-0.3183992442	2.13503577687858	-4.7417515	3.760619
koro1298	-0.086350536913	2.14707786904797	-4.306227	4.0797325
koro1313	0.356548006625	1.72085752383756	-3.16444675	3.73440575
korr1238	-0.419696204245	2.00205182797512	-4.3344	3.2957285
kosa1249	0.579801564415	1.64142045093992	-2.63905725	3.7914855
kosr1238	-0.264914630396	2.08413677085192	-4.67701975	3.64777349999999
kota1263	-0.637128250163	1.93778897749274	-4.446987	3.03361974999999
koti1238	0.011882436965	2.20188538883411	-4.5364435	4.13743574999999
kove1237	-1.476479446655	1.92079900067334	-5.63641	2.01922124999999
koya1251	-0.342697309241	1.9804925163246	-4.39347625	3.4976115
kren1239	-0.4502411702495	1.86666957277377	-4.25457475	2.96824474999999
kuan1247	-0.0543797902235	2.26489960677778	-4.52307525	4.401812
kuan1248	-1.299583339735	1.87982366405584	-5.1865955	2.191705
kuii1252	-0.393657748663	2.0650105535948	-4.474406	3.51643725
kuik1246	0.377474913385	1.6698500717898	-2.9708685	3.736115
kuku1273	-0.61181676599	1.90036866541937	-4.5462625	2.9524345
kulo1237	0.818339370495	1.59810533144826	-2.32705675	3.98128674999999
kulu1253	2.14327717368	1.58929365369999	-0.9390373	5.4199665
kuma1276	-0.883834960885	1.91382591157163	-4.88474375	2.73646425
kuma1280	0.193540038353	1.54070800560285	-2.750023	3.34754625
kumb1268	-0.79855710317	1.95891824284923	-4.8106555	2.88220675
kunb1251	-1.53666636964	1.93985530837885	-5.62260525	1.913342
kuni1267	0.2151043505325	1.496296270323	-2.60856625	3.28780075
kunj1245	1.27429927143	1.86927659845644	-2.28443075	5.20838025
kuot1243	-1.59972780164	1.86643917359066	-5.66648375	1.66093549999999
kurr1243	-1.528071159207	1.9600847145258	-5.64623675	2.047551
kusa1251	0.90187417716	1.5292557747146	-2.01052875	3.968864
kusu1250	2.417239052865	1.91655428913872	-1.1653985	6.44318675
kute1249	0.3940629621865	2.08287440336962	-3.87522	4.61826825
kuyy1240	-0.55116340257	2.0427443975439	-4.56824275	3.17774099999999
kwai1243	-1.5822849274	1.88832725626617	-5.6108545	2.0163545
kwam1249	0.46744123389775	2.20421680409314	-3.9020305	4.82239325
kwam1252	0.3850204044225	1.64618996838475	-3.02213	3.548765
kwar1239	-1.6131558483155	1.89643219500604	-5.60719925	2.00506075
kweg1241	-0.3949827720825	2.1963112494977	-5.0940425	3.76584975
kwin1241	-0.5883641568681	2.16529080947082	-5.0719675	3.45614
kwom1262	-1.72966690787055	1.79178755526358	-5.311408	1.56819575
kxoe1243	0.0133098690685	2.23655862561846	-4.425118	4.43764575
kyer1238	1.5129661768145	1.48280717358638	-1.21417875	4.6147185
laal1242	-0.151227355707	2.27778765859305	-4.76408275	4.21908975
labo1244	-1.19047634314	1.59815148343153	-4.56198125	1.779056
labu1248	-1.692933057722	1.68476874430585	-5.1961255	1.3092765
lach1248	-0.789920589605	2.07703848371248	-5.22431625	3.0910325
lafo1243	-0.3195445460645	2.18245684674717	-4.64182125	3.87053875
lagw1237	0.508691570005	2.19690124481735	-3.57187475	4.95617849999998
lahu1252	-1.3095304363	1.86074958387147	-5.44245375	2.01929325
lahu1253	-1.274317922425	1.92809348887951	-5.4631995	2.09591725
laiy1246	1.7732150053295	1.67724453150461	-1.3640685	5.16248825
lala1264	-0.028681109495	2.14179153740498	-4.24652375	4.279738
lala1268	0.5185274514715	1.54257738062407	-2.52228725	3.393354
lama1277	-0.546203986655	1.94508634498074	-4.48156725	3.02246625
lama1288	1.253106170065	2.13860327157067	-2.84841975	5.80455225
lamb1269	-0.223613395845	2.16143899377021	-4.4887295	4.028392
lamb1272	0.0125039586385	2.19920695888219	-4.4369335	4.59048225
lamb1273	0.2860029543	1.91562808439816	-3.40777075	3.88564575
lame1260	-0.235810056445	1.44428241918579	-3.059108	2.4857035
lamk1238	-0.128380246648	1.53349937381275	-3.15933825	2.948368
land1256	-0.025171452274	2.04709308287992	-3.93538375	4.04684925
lang1320	-0.14688291641	2.13642780322571	-4.3939095	4.03333075
lara1258	0.238937844165	1.85247126124497	-3.4781305	3.89365825
lash1243	-1.532268307548	1.98443248302953	-5.753002	2.153297
latv1249	-0.096178511035	2.16581022051637	-4.4205705	4.08785375
lave1249	-0.86967132271	2.11590655521196	-5.37970225	3.164561
lavu1241	-1.553606203085	1.85885556331057	-5.3545005	1.8784235
lega1249	-0.0250617195006	2.21560856379446	-4.25439875	4.706624
lele1267	-0.639798383782	1.69734305067882	-4.24634125	2.5115275
lele1270	-1.03016635948	1.94877640449124	-5.1032375	2.34519125
lele1276	0.00258863011	2.24505889025724	-4.35091825	4.53147
lemb1266	1.1195206462023	1.49242087457236	-1.64961325	4.12873375
leme1238	-1.179140469845	1.94480869333556	-5.29706275	2.40378075
lena1238	0.17277739491	1.70883663466942	-3.334471	3.4388805
lend1245	-0.12485815078	2.15892468941454	-4.49483625	4.01758975
leng1259	-1.7029550771	1.92986130775872	-5.968055	1.89119425
lepc1244	1.56836570102265	1.66947832688917	-1.59827575	4.966482
leti1246	-0.85015859851	1.9097856310006	-4.760706	2.74223575
lewo1242	-0.232168687575	1.49249665366482	-3.19569575	2.5692095
lewo1244	-0.48548971818	1.92996917101091	-4.56993025	3.09450875
lezg1247	1.83482606053	2.02374105174922	-1.70348925	6.13894575
lian1251	-1.18509007486	1.68411638237515	-4.660597	1.937149
lihi1237	-1.004375425152	1.93378742606769	-5.0793105	2.48812
liji1238	3.495087969505	2.38248601337537	-0.719493075	8.41329949999999
lill1248	-0.74633059692175	2.00753569904463	-4.85675725	3.022699
limb1266	1.993131569815	1.59818537442588	-0.995509975	5.28343375
limo1248	-0.39795257281	1.53115018737395	-3.4419325	2.45229475
ling1265	-1.411521848531	1.55205275670909	-4.557666	1.33018925
lipo1242	-1.45889356572615	1.95486805206275	-5.566695	2.0536685
lish1245	-0.121876090735	2.10125231465842	-4.3478245	3.92649425
lisu1250	-1.813889447495	1.86165448908027	-5.70076325	1.567294
lith1251	-0.111580320565	2.16893290697861	-4.34653875	3.98824325
litz1237	-1.51305100979575	1.56998523661204	-4.62833125	1.40122225
livv1243	-0.0436847571375	2.26780006376371	-4.71153775	4.3238295
logo1259	-0.08600857833	2.17431106920432	-4.5580585	4.16667125
loka1252	0.158275113145	2.07343490379938	-4.046291	4.2875955
lolo1259	-1.45965144265	1.90556695768313	-5.69177875	1.95835925
lomb1257	-0.0804859687	2.17725937323042	-4.5234035	3.960938
long1395	-1.566888585109	1.97815153482481	-5.84823825	2.07105875
loni1238	-1.02643396428	1.91254952382691	-5.09891175	2.3114655
lote1237	-1.143657689145	1.91204184428265	-5.12435575	2.4237275
loth1237	-0.130316527637	1.51889966762486	-3.0953665	2.91378775
louu1245	-1.05620139305	1.89963598687261	-5.180889	2.34296825
lowl1260	-0.8586012595655	2.0304241695865	-4.96952275	3.12915825
lowl1265	-0.31462378353	2.11333012679254	-4.55818675	3.66167725
lozi1239	-0.020927302258	2.14226575938024	-4.29798975	4.398269
luan1263	-0.810006536247	1.91829767964837	-4.748049	2.80984325
ludi1246	-0.0104064268245	2.17810788714062	-4.48844825	4.39230175
lugb1240	-0.104821504115	2.18114334805664	-4.5196555	3.996413
lugu1238	-0.09879034232	2.23947273248363	-4.52177675	4.18595275
lule1254	0.019219793174	2.22204562067087	-4.3205845	4.38224375
lumb1249	-0.0721596882615	2.24751059525631	-4.55764575	4.49200225
lumu1239	-0.387832313545	2.18818815045655	-4.6726345	3.95024975
luok1236	-0.173377396225	2.20365229902085	-4.56436925	4.03073825
lush1249	2.0754515375855	1.61720404104009	-0.94185385	5.32533075
lush1252	-0.5871307863675	1.89846254588996	-4.472647	3.01693725
lusi1240	-1.550212296395	1.95875902510383	-5.85491075	2.072801
luva1239	0.0084417869895	2.22849147397169	-4.553605	4.38191725
luya1241	0.007589948125	2.27200659664033	-4.453967	4.73153049999999
maan1238	-0.329750913415	1.99762057552684	-4.540294	3.3936675
mace1250	-0.17678451911	2.29320539245021	-4.908048	4.17585775
macu1260	-0.88932602890985	2.05209201663012	-5.163534	2.98041375
mada1285	-1.493562895364	1.8883597671398	-5.35644575	1.8697145
madi1260	-0.171917293365	2.21404466248719	-4.57261175	4.1612335
madn1237	0.1538841213145	1.84107218905235	-3.492594	3.81220525
maee1241	-1.647284812253	1.59438394598984	-4.83000475	1.40656975
mafe1237	-1.77932482622	1.69552653844213	-5.5204775	1.4249115
maga1260	0.23156122588025	2.17901195179819	-4.10252025	4.528216
maga1263	1.77030051746	1.53837169261716	-1.06218625	4.9248295
magu1243	-0.3066671687495	1.59489845778591	-3.716865	2.742486
maib1239	-1.3513013613215	1.99543157931481	-5.579981	2.527092
mail1248	1.5160343803065	1.78883118539663	-1.801247	5.1893185
mais1250	3.05630255605	1.62923636720393	0.0148007600000001	6.52908399999999
mait1250	0.980702943306	1.94389436430426	-2.68231425	4.87913824999999
maja1242	-0.200345224755	2.08879540651506	-4.2833075	3.70218
maka1304	-0.05038724681	2.27090838887838	-4.614766	4.39648224999999
makc1235	-0.3599081054305	2.09752133585505	-4.54582	3.762394
makh1264	-0.01601568317	2.17536706456846	-4.4908175	4.177164
makh1266	-0.039181995148	2.2890966863138	-4.528627	4.35382975
mako1251	-0.02780575515	2.14640592033132	-4.39952525	4.2378085
mala1463	-0.2657507063275	2.05009743768521	-4.513807	3.756735
mala1464	-0.3449944636025	2.02442458889366	-4.370412	3.56698025
mala1479	1.4311574327985	1.89806630354524	-2.200701	5.41320175
mala1534	-0.648832247535	1.59021433588712	-3.85820975	2.41019375
male1284	-0.450900857315	2.13241079186621	-4.8673925	3.7318625
male1289	-1.57100625128585	1.91483866855956	-5.78266625	1.9127665
male1297	-0.4086213469625	2.10010858253257	-4.6023205	3.590539
malg1251	1.9283896355	2.03989100884855	-1.861991	6.256887
mali1285	-0.963527435836	2.05883134892964	-5.22039425	2.80398099999999
malo1243	-1.74915926428	1.61456148744554	-5.20790925	1.22378475
malu1245	-1.6554839005685	1.60911360632126	-4.858549	1.44361625
mama1275	-0.44733607736	1.82432085109795	-4.309003	2.973992
mamb1294	0.2698520553	2.16164595939086	-4.05208475	4.52349475
mamb1296	-0.03063846559405	2.17261578491898	-4.35822775	4.225795
mamb1306	-0.828222693305	1.98059640943462	-4.998713	2.7482205
mamm1241	-0.637970718265	2.00243386490987	-4.79868525	3.28843775
mana1288	2.679155100385	1.79431332703983	-0.45750245	6.52966625
mana1295	-0.380186326325	1.61389285982088	-3.7333045	2.67876925
mana1298	-1.409795502652	1.78233572882303	-4.89631375	1.8536895
mand1415	-0.44277438413	2.08125391205175	-4.82822625	3.649058
mand1440	-1.34481281505	1.93448153531096	-5.56591925	2.1643905
mang1378	-1.129507977575	2.07521569812672	-5.53081425	2.75912975
mang1381	0.60443112253	1.81297950912664	-3.076396	4.296055
mang1394	-0.09940290758205	2.18427322694049	-4.159654	4.19497899999999
mang1401	-0.743664047325	2.01395062215839	-4.9790885	2.86349425
mang1403	-1.23661907365	1.88191752187006	-5.425605	2.27844025
mang1404	-1.440039006442	1.60968149513018	-4.83612425	1.39071225
mang1405	2.144410406135	1.83319224268137	-1.19744075	6.07039925
mani1235	-1.219491492095	1.9414073820573	-5.34569425	2.35722499999999
manm1238	-1.237405861745	1.9067788333221	-5.146662	2.37050674999999
mans1260	-1.059534784885	1.95199329366792	-5.03251725	2.6847855
manu1258	-0.7537480808165	1.98968786854257	-4.8957815	3.0400265
maor1246	-0.647394909299	1.97351843567405	-4.91804025	3.00723275
mapo1242	-1.585332158515	1.63720785058705	-4.9585805	1.32384275
mapu1245	-0.38081007019	2.11824182222637	-4.66123525	3.51159025
mara1378	-0.10767431954	2.23379789853853	-4.5040555	4.11592874999999
mara1379	-1.02365531388	1.52408832122707	-4.17783975	1.93679549999999
mara1382	1.23629150581	1.57878416854612	-1.711363	4.64693225
mara1386	-0.169914760296	1.79200196268046	-3.5791335	3.28777375
mara1396	-0.473541325165	2.16395894599168	-4.9544905	3.84936525
mara1399	-1.5916879733355	1.57753355591205	-4.718091	1.45770875
mara1404	0.33427834444	1.67596414643708	-2.9547675	3.59043225
marg1265	1.408912640475	2.12370928720822	-2.61025	5.8160095
mari1414	-0.3767548935855	2.19928272425917	-4.86126825	3.76601675
mari1416	-0.1041337312515	1.43133541054748	-2.99738725	2.777195
mari1424	-0.04148939756	1.80210833968421	-3.669071	3.50575474999999
mari1426	-1.3820038865005	1.90862410918475	-5.593481	2.166125
mari1428	-0.15766407997	1.47463818136725	-2.96877375	2.714575
mari1440	-0.3740268571325	2.05966510886192	-4.57718325	3.80583175
mars1254	-0.2857814806685	2.04915687204947	-4.61615075	3.5894535
mart1255	-1.3606947638595	1.96878864054901	-5.367008	2.20318975
maru1249	-1.4354378878765	1.9793982346321	-5.72499325	2.2008545
maru1252	2.128966528415	1.93288336467098	-1.33513	6.506698
masa1322	0.10881490828995	2.21433641244485	-4.183666	4.69106449999999
masb1238	1.192690008475	1.55993465228907	-1.773177	4.3552835
mask1242	-0.7328337461445	1.4806064317573	-3.65866975	2.01273625
matb1237	-0.8141488445205	2.15243987463395	-5.397878	3.03410774999999
mati1250	-0.70681353789	1.58043248315456	-3.95600475	2.38058175
mato1252	-1.676843671065	1.74459662220839	-5.5917055	1.5038045
mats1244	1.964093833105	1.9204363132181	-1.540243	6.19026475
matu1259	0.022917898057	2.21462480010566	-4.332236	4.6025065
matu1261	-0.262638209162	1.54142747089866	-3.322819	2.8128995
maun1240	-1.52860497712	2.01295110611622	-5.79712725	2.070167
maxa1247	2.0649098659185	1.85414327672802	-1.355456	5.90878975
mayo1261	-0.066546630225	2.18546767785185	-4.3578895	4.28638349999999
mayo1264	-0.20351237042035	2.26331798850153	-4.66326975	4.19626525
maza1304	0.585635716155	2.16084348291006	-3.57757475	5.00216825
mbaa1245	-0.04276964493	2.22473326611348	-4.4687845	4.264872
mban1263	-0.09045553641	2.11307863520007	-4.24258175	4.0161985
mbar1260	0.207349371495	2.17797317294371	-4.04845225	4.52688925
mboc1235	-0.210926468387	2.20080533486176	-4.75086625	3.95086075
mbul1263	-1.569932475945	1.90948089766604	-5.668509	1.86775699999999
meen1242	-0.3717567764315	2.04957161965854	-4.494154	3.65477449999999
mehe1243	-2.11042036716	1.80666546205191	-5.83684325	1.17408675
mele1250	-0.663958021992	1.71768464941978	-4.18790475	2.487939
melo1242	-0.4099006967685	2.14145800686073	-4.767156	3.642355
melp1238	2.037899232635	1.59707456586432	-0.990556225	5.389576
mere1242	-1.642736932322	1.79897701799854	-5.55838625	1.6803405
meru1245	-0.13416714796	2.15947285941457	-4.4614705	4.119604
meta1238	-0.10364992031	2.14029869963663	-4.37083875	4.00103925
mezo1235	-1.042977787995	2.09818736754298	-5.58254575	2.75573175
mezq1235	-0.09017005823	1.91532040387944	-3.990479	3.754453
mich1245	-0.232142299055	2.13492474604162	-4.6664915	3.89743
midd1327	-1.418321302285	1.69201535576902	-4.90759925	1.6776965
miga1249	-0.412087649562	2.15773258005765	-4.73695725	3.72284725
miju1243	-1.57721716073	1.93176403882764	-5.6167405	1.8633675
mika1239	-0.194567818825	2.19805757244495	-4.650921	4.02033625
mikm1235	-0.169018334135	2.06478869450391	-4.35394875	3.77066
mila1245	-1.360496060799	1.88973460282524	-5.298088	2.15211875
mina1276	0.6756582936035	2.12977825241966	-3.6841655	5.15495675
mini1251	-1.34573332612666	1.90067148864859	-5.31154525	2.25285975
mini1256	-0.85814907912	2.08272896991127	-5.023214	3.03197025
minn1241	-0.5505944381405	2.03289461427865	-4.8120875	3.3158885
miri1266	-0.307405234735	1.92880084619457	-4.219015	3.5265175
misi1243	-0.80104434429	1.98339846330994	-5.08937525	2.89851525
mixt1426	-1.037432262911	2.06260777879854	-5.2076745	2.846905
miya1259	-0.121482705032	2.19422654282921	-4.41895675	4.23596325
miya1266	0.277002998826	2.25421702400066	-4.1494455	4.9068635
mlab1235	-0.6854899232365	2.11144784804072	-5.21262525	3.3460935
moba1244	-0.062559558929615	2.24427909673188	-4.507844	4.41329
moch1257	-0.53167446231	1.99091596837131	-4.46978175	3.36194475
moco1246	-0.434036887625	2.14261282477205	-4.672705	3.692883
mode1248	-0.101572019524	2.21532543894376	-4.49287075	4.43818775
moha1258	-0.3650546635	2.18707498956007	-4.84103375	3.9330005
moii1235	-1.143228576695	1.94336884155602	-5.17846525	2.60794225
moke1242	-0.31383207915	2.09931211999228	-4.505371	3.90079425
moki1238	-0.3789136517	2.0263270437557	-4.597432	3.47685275
mokl1243	-0.36485755587	2.04187121735753	-4.38919675	3.51350399999999
moks1248	-0.031503536025	2.17489213213059	-4.5094295	4.31130075
mono1270	-0.07118018652	2.16342745455756	-4.33863425	4.11058225
mono1273	2.10702555439	1.73972039536899	-1.26362675	5.7924175
mono1275	-0.61521346855	2.08002715528098	-4.7274855	3.42396599999999
mopa1243	-0.40729333422	2.11241456320628	-4.82226725	3.67558575
more1259	-0.634363713343	2.05458563813631	-4.81444825	3.33146225
morm1235	-0.359048395046	1.8651544509545	-4.125053	3.1356715
moro1287	0.2409138950525	1.82232214315648	-3.4551995	3.71081275
moro1289	0.169882477345	1.85558350455695	-3.65358325	3.7806625
mose1249	-0.618441535517	1.98426439818941	-4.8732175	3.049613
motl1237	-1.0868380799255	1.99332055349201	-5.30155525	2.50265475
motu1246	3.654232071165	1.62014601473436	0.75429525	7.140732
mouk1239	-1.520604249475	1.95899542496278	-5.64049375	2.1229195
moun1252	1.9062186892515	1.53863517654388	-1.04247725	5.1995885
movi1243	1.03340677847	1.83380986527866	-2.447157	4.57878725
moyo1238	-0.90817246595	1.52276311042105	-4.16681875	1.9648085
mpad1242	0.7277691437485	2.2212798266273	-3.60560025	5.095571
mpii1239	-0.756255494575	2.06340137496325	-4.96508125	3.07480325
mpot1240	0.011835104625	2.17777594449539	-4.419941	4.2446495
mpur1239	-1.2421611323345	1.95342583048722	-5.31921775	2.48938075
mual1241	-0.53703378069	2.02186068307941	-4.75279425	3.29940075
mudu1239	-0.595151689323	1.95467922658957	-4.45427475	3.35450925
mudu1242	-1.306581158695	2.03027714431877	-5.65815675	2.38421375
mull1237	0.1297725754656	1.71573969161972	-3.344869	3.535877
munc1235	1.985546611364	1.79111450722124	-1.24442175	5.92129275
mund1328	0.0565890229935	2.15166785160189	-4.30704725	4.10599349999999
mund1330	-0.752797247085	2.02119318317493	-4.9834975	3.0015025
murl1244	-0.2173788325175	2.17501851130317	-4.433308	4.059518
muru1266	-0.4397234765845	1.87189809565985	-4.31285275	3.257735
muru1274	-0.782232246945	2.03474717481481	-5.125034	3.04409375
musa1266	-0.26757021253	1.51396561497921	-3.1707365	2.65165
musg1254	0.352249543704135	2.14840963010336	-3.814412	4.72868125
muso1238	-1.802827599755	1.70887545192609	-5.44228875	1.3621945
mwag1236	1.5002881241985	2.10640012470006	-2.588563	5.743005
mwan1247	-0.00489370643699999	2.24767360331481	-4.355403	4.56094099999999
mwer1248	0.037765214841	2.19105988258536	-4.46062175	4.23742825
naka1262	-1.217266193625	1.86170578312358	-5.2090205	2.1612715
nalc1240	-0.078487733828	1.63386889812824	-3.27507575	3.06678725
nali1244	-1.541908500675	1.89593388641534	-5.7223885	1.7885125
nama1268	-0.392716743213	1.62782405601712	-3.600445	2.72195025
namb1293	1.182779858858	1.75692574509497	-2.188767	4.60529699999999
namu1246	-1.406968719374	1.91957767859543	-5.457698	2.1693295
nana1257	-0.13787783171	2.12017047381277	-4.22253	3.88951625
nang1262	1.55790811901	1.66908771457821	-1.57041975	5.0058645
nati1244	-1.110049903497	1.56664558575977	-4.36775775	1.79346875
naue1237	-0.9315226139045	2.0778902354461	-5.22429225	2.9815325
naur1243	-0.337926460144	2.09108532404011	-4.5080575	3.62464275
nava1243	0.152003169515	2.14313716687688	-4.10577025	4.2081605
nawu1242	-0.139746975665	2.14190521921494	-4.20544625	3.98333925
naxi1245	-1.82076360972	1.85433304642535	-5.69129525	1.6027445
ncan1245	-0.061579401889	2.13277767581726	-4.58817725	4.08552225
ndam1239	-0.03240030186	2.20294894644308	-4.62355725	4.09806225
ndog1248	-0.15956033764	2.31187189491311	-4.8722985	4.54930249999999
nege1240	2.488236664415	1.82379265445795	-1.01884275	6.181243
negi1245	-0.103380358085	2.17372980803502	-4.49060975	4.10787975
neha1247	1.7596860625385	1.78836321451701	-1.5705615	5.56000575
nend1239	-0.15380732143	1.5582605339259	-3.370196	2.931318
nene1249	-0.015349298643	2.20464892390065	-4.6804895	4.1779565
neng1238	0.74989594552	1.81201522236917	-2.8560485	4.51445975
nenn1238	1.34821020884865	1.77214132556354	-2.07148175	4.90039675
nepa1254	2.321601110905	1.5004214148833	-0.435594525	5.40180225
nese1235	-1.669523658115	1.60742453498905	-4.88191325	1.44548125
newa1246	2.25056274279	1.55565375102483	-0.549213075	5.445507
nezp1238	1.1490563108	1.96119541698944	-2.7266905	5.10054625
ngaa1240	1.1291468208685	1.87495198818032	-2.5024315	4.92249924999999
ngal1292	1.434171872865	1.94432656802127	-2.1187695	5.7061715
ngan1291	-0.027529901416	2.10093320953075	-4.056291	3.99054824999999
ngar1284	-0.593807322885	2.01419801640127	-4.6041655	3.314412
ngas1240	1.216788835395	2.07449306688667	-2.88156	5.302885
ngba1284	-0.0477067997395	2.17690504705427	-4.5552465	4.297627
ngba1285	-0.0971238009975	2.14866724011922	-4.2201145	4.282137
ngeq1245	-0.85754057575	2.04850253377941	-5.144542	2.91456525
ngit1239	-0.12648933945	2.19584437957388	-4.499096	4.24891875
nhan1238	-1.04497626226	1.93520483692678	-5.12457525	2.4855325
nhen1239	-0.31684400759	2.05557023267521	-4.31712125	3.61984574999999
nila1242	-0.11827464567	2.20259109214757	-4.62530925	4.2107055
nisg1240	-0.81629894213	2.04406766402879	-5.26237325	3.06673975
niua1240	-0.498342204625	1.77903795688314	-4.16370225	2.87382975
niue1239	1.897171637515	1.86932229605596	-1.53183425	5.78831899999999
niva1238	-0.504657107485	2.11681299114454	-4.88151125	3.41433375
njan1240	-0.15366948607	2.20832877933105	-4.52853025	4.02170774999999
nkon1248	-0.18033274078	2.14523835277482	-4.49254525	4.02552675
noct1238	-0.391407063835	1.73632794856399	-4.0144685	2.885819
noku1237	-1.34885956456	1.89709924452987	-5.2480335	2.28331225
noma1260	-0.2315046104385	2.24662083779202	-4.67361	4.138587
noon1242	0.0168727134205	2.18807136492445	-4.38676525	4.35531475
noon1243	-0.101805453362	2.11607195515372	-4.590394	4.08544075
nopa1235	-1.035364511975	2.02414600966728	-5.087765	2.8414035
nort2684	-0.4104041248783	2.0835870241862	-4.577877	3.525778
nort2690	-0.0966615259	2.29417235352495	-4.6161795	4.35437475
nort2697	1.04959379083	2.17740733333727	-3.14492975	5.54351574999999
nort2699	-0.29641342243	2.15154390758886	-4.82417525	3.960546
nort2702	-0.363553453025	1.98440264951421	-4.38494275	3.54657825
nort2722	1.82569682306	1.68538891461462	-1.3734625	5.44514275
nort2723	-1.46035593542	1.92557677251922	-5.5618735	2.08114075
nort2724	-1.855316475232	1.87378011742836	-5.910571	1.49344025
nort2732	-0.506711279095	1.98438988140256	-4.75506225	3.27344625
nort2745	-0.028150457618	2.23042013328713	-4.26118875	4.38678275
nort2747	-0.390766503475	2.0620498491274	-4.54091825	3.53093925
nort2839	-0.925876133997	1.52507479582515	-3.88173225	2.0784865
nort2845	-0.6763344206735	1.92063360394829	-4.61438575	2.8250205
nort2847	0.1727778445785	1.68872057682257	-3.3109365	3.4204585
nort2877	0.612514503835	1.50093504230745	-2.24851875	3.61686725
nort2885	2.1575647664115	1.78005037565345	-1.0229695	5.84076075
nort2930	2.34656204329	1.74403315119751	-0.725378475	6.006716
nort2938	-0.504041650495	2.1738858233814	-5.02718525	3.588689
nort2942	-0.137036335765	2.19071664999275	-4.61175425	4.1861865
nort2951	-0.6440890735885	2.12516604973913	-5.11654075	3.44282925
nort2954	-0.4688445511885	2.18088008031678	-4.8513415	3.81903325
nort2957	-0.4019666244345	1.87494295795688	-4.30742475	3.2601615
nort2961	-0.2551937777995	2.12187714453049	-4.603459	3.81132975
nort3047	0.69752849243	2.08303693287022	-3.25884725	4.96962924999999
nots1237	-1.5788406095	1.88535924715601	-5.70066375	1.628199
nsen1242	-0.054607852276	2.14191495961155	-4.40941575	4.10727375
nucl1235	0.1275080750545	2.16087130186827	-4.2413945	4.44490125
nucl1240	0.080662662831	2.15708737369639	-4.01427875	4.416408
nucl1301	-0.1030457480608	2.15697282496084	-4.37252075	4.11516125
nucl1302	0.10063368172	1.99681284243694	-3.87344	4.04929975
nucl1305	-0.3795408947705	2.06374031529427	-4.52922325	3.50284275
nucl1310	1.660936444495	1.62152277745301	-1.333998	4.8895095
nucl1327	-0.304624589831	1.96002080530576	-4.30336825	3.429837
nucl1454	0.86858799626	1.81472684625325	-2.5578905	4.551356
nucl1458	-0.3899926433525	1.5323194618853	-3.50796	2.61423575
nucl1593	-1.93459368078	1.7764446458066	-5.743011	1.3191345
nucl1595	0.3900755718965	1.76028166077633	-3.2329065	3.777093
nucl1622	-0.24551149157	1.96221298428334	-4.3357795	3.49203425
nucl1630	3.8277832713	1.54450711145569	1.00666935	7.069893
nucl1632	0.329022726315	1.85344573615289	-3.19248425	4.17317475
nucl1633	0.84159410797	1.82400645263806	-2.730735	4.464553
nucl1643	-0.03899361354305	2.14249984748197	-4.5241455	4.07496925
nuer1246	-0.184276677075	2.17169456405097	-4.66869825	4.0041595
nugu1242	-0.227187041429	2.25625040500671	-4.66722925	4.32909374999999
nukn1238	-1.775592370115	1.74787458630769	-5.5375695	1.41538575
nuku1260	-0.535082810929	1.93023813780539	-4.52695	3.03423675
nung1282	-1.751738253443	1.86306563438348	-5.6214615	1.7112265
nusu1239	-1.7841833982605	1.86250598348828	-5.70607425	1.49181475
nuuc1236	-0.579314460513	2.08903976562493	-4.79941375	3.46841775
nyah1250	-0.37391535488	2.09013456835135	-4.68524025	3.6318825
nyak1260	0.0094416391025	2.2840476990806	-4.520677	4.64333275
nyal1254	-0.728176811865	2.00605100070675	-4.896613	3.05319
nyan1307	-0.077874804191	2.1260897362886	-4.43565575	4.2767005
nyat1246	-0.11558927232	2.22838202154018	-4.6825035	4.18783
nyaw1247	-0.953543428695	2.00012726381964	-5.04362975	2.837449
nyis1236	1.2734279648565	1.58165497098168	-1.78553825	4.35539975
nyor1246	-0.116751049465	2.25542802921305	-4.6131445	4.4230505
obok1239	1.22859234002	1.7843303965227	-2.1313155	4.86335975
obom1235	-0.140136941542	1.54113564085922	-3.0699255	2.96482175
occi1239	-0.072188819265	2.19734249941976	-4.2943585	4.29934275
ocot1244	-1.253881723528	1.99067222412371	-5.36249075	2.31086525
ofay1240	-0.5760008424445	1.9681231986147	-4.634948	3.13244749999999
okan1243	0.102290851535	1.96409534521493	-3.84339075	3.96569549999999
okin1246	-0.103475550237	2.13747370410439	-4.226575	4.02955149999999
oksa1245	-0.177892061577	1.64627397839946	-3.37854325	3.03578625
oloo1241	-2.147697260545	1.79926623108886	-5.9694445	1.0625415
olut1240	-0.796401361337	1.86409015526776	-4.7290345	2.6865395
omah1247	-0.449818942028	2.08626796036385	-4.76206075	3.59392425
omie1241	3.0817268809255	1.60029032702068	0.1142475	6.43980375
onon1246	-0.43998594134	2.11551548338668	-4.74310525	3.62664075
onto1237	2.2059180885005	1.83141914870554	-1.2564445	5.7904705
oriy1255	-0.2105075794655	2.19308153804982	-4.7216065	4.09954375
oroc1248	-0.17796366790745	2.16031396636745	-4.57762775	4.058448
orok1265	-0.13572189594	2.11268715067711	-4.65665425	4.0948975
orok1266	-0.073276764824	2.2729294942672	-4.60789675	4.29698575
orok1267	0.875834449874	1.67832081154956	-2.41059475	4.0887565
orok1269	2.755822299725	1.63343786359456	-0.283225575	6.09193875
orow1242	-0.401194126295	1.71071732027071	-4.07102625	2.78415325
osam1235	-0.027101287685	2.16885814302269	-4.5325055	4.38616425
otta1242	-0.227548986618	2.10189547181939	-4.5127795	3.90884425
owaa1237	-0.6227964918875	2.03828136746616	-4.68743075	3.19908525
paaa1242	0.315074150851	2.23805019835258	-4.084091	4.915883
paam1238	-0.4079295695405	1.48054794724193	-3.29656975	2.52563575
paas1238	-0.09503340797	2.18703304543213	-4.416727	4.18840475
paco1243	-0.7543456314885	2.2098973294543	-5.43624475	3.39139775
pagi1243	-0.118731804715	2.1172706949178	-4.47798225	4.1207355
pagu1249	0.619810565005	1.82193607150462	-2.95406025	4.2393685
pahn1237	-0.688250451815	2.06795733693157	-4.85177275	3.230108
pait1244	1.5302497941945	1.55404965392639	-1.5526115	4.86930125
pala1344	-0.493451860545	2.06221171535734	-4.7582835	3.44070125
pamo1252	0.44762261908	1.8196710806181	-3.1332295	3.974082
pana1307	2.07388117331	1.80109952518725	-1.27282225	5.69225175
pang1287	0.0067056731995	2.12072764076193	-4.05829225	4.17183925
pang1290	1.6419977077985	1.42637359448781	-1.130182	4.68647975
pang1291	0.892585421225	1.80356918758105	-2.64366525	4.599687
panj1256	2.81075206239	2.10408882765092	-1.097394	7.12076075
pano1254	1.38501896249	1.74504694986307	-1.7242465	5.16388475
pany1241	-1.14868925025665	1.99898069273163	-5.44641225	2.45485175
papa1238	-0.294922177652	2.06708568748496	-4.487796	3.74509199999997
papa1265	-0.5958244594195	1.65632767898475	-4.0339515	2.51978525
para1301	-0.98599511713	2.09824979953661	-5.19164275	3.06595824999999
pate1247	-1.5107354178233	1.62137249475452	-4.8751415	1.34644225
patp1243	-1.1130025138365	1.92375779134414	-5.039938	2.34694075
patt1248	1.41687241164	1.90314113332386	-1.97286675	5.3085975
paul1238	-0.62785349527	1.97051088102578	-4.71011875	3.0025135
pawa1255	0.94817487393	1.65450643204511	-2.344853	4.18087824999999
pawn1254	0.196221838604	2.13041015638425	-4.12800125	4.10718449999999
payn1244	-0.2110017516825	1.53646342094701	-3.26529125	2.86686075
pela1242	-1.1922775013535	2.02206475523843	-5.4566225	2.5819375
pemo1248	2.0108018004635	1.88768021859738	-1.45217	5.96010775
pend1242	2.19140661202	1.72300233170788	-0.98050385	5.6309415
peng1244	-0.40008804834	2.05972925794689	-4.44486825	3.57742225
phai1238	-0.74027390792	2.0995667960041	-5.0804895	3.076702
phom1236	1.2228799529295	1.51129953699816	-1.59440725	4.2604985
pila1245	-0.5041511427205	2.10783784679906	-4.8742805	3.47488775
pile1238	2.947951418295	1.60954488545198	-0.00320092999999996	6.27063875
pima1248	-0.28188754825	2.08469983986251	-4.82951425	3.8283085
pina1252	1.125480416675	1.49438066183118	-1.67660325	4.11804975
ping1243	-0.332477796994	2.02520951690292	-4.680837	3.62296824999999
pint1250	1.255901674235	1.88745862871968	-2.054681	5.2288655
pite1240	0.0407249527871	2.24829733327194	-4.47724975	4.630835
pnar1238	-0.597314061945	1.88519291126169	-4.39839725	2.99504024999999
pohn1238	-0.3639478278435	2.08586521103382	-4.80566375	3.66432125
poli1260	-0.071590290024585	2.21842167403892	-4.53338825	4.15316875
popt1235	-0.618821975905	2.00918631185772	-4.652711	3.35633474999999
port1283	0.004302737975	2.09664312584294	-4.30599	4.1019255
psik1239	1.02450285102	2.13530462671043	-3.11219325	5.584035
puin1248	-0.519632517495	2.02935661525833	-4.65331375	3.47379499999999
puka1242	-0.715815540945	1.83225187691491	-4.62251025	2.63471875
pulu1242	-0.25204655496545	2.09295714935226	-4.56154175	3.73793475
puma1239	1.34046330617	1.49025041661424	-1.611463	4.19632975
pura1257	1.338382241952	1.72453613039853	-1.87610975	4.877354
pure1242	-0.394163508922	2.13199704553841	-4.704931	3.60283575
puri1258	1.57281387776	1.84218846296235	-1.64516425	5.5365205
qanj1241	-0.63140181729	2.0174244717583	-4.9758065	3.34647825
qawa1238	-0.325370410939	2.0672083369306	-4.519838	3.74045325
qima1242	0.03358182124	2.17093674906006	-4.3079085	4.31503224999999
quer1236	-0.231475820231	2.01975079148168	-4.2942855	3.87601574999999
quio1240	-1.220649322085	2.08728274741016	-5.69102825	2.70580024999999
rabh1238	-0.424622328711	1.86862910303147	-4.17851025	3.166379
rade1240	-0.790744336985	2.09906156673912	-5.2742035	3.11106575
raji1240	3.33219200134	1.86055054604952	0.02232893	7.26969724999999
rapa1245	-0.715063550346	1.95937193767844	-4.9614335	2.98409175
rapo1238	-0.5696279812905	1.65942921405802	-3.97204675	2.5660295
raro1241	-0.7060277399285	1.95455539965599	-4.64584175	3.06648999999999
rata1244	-0.3034433056675	2.02270024046721	-4.400565	3.51343325
raut1239	3.38767957704	1.85352674870448	0.0836955925	7.23186474999999
remb1250	1.0499220810655	1.75338886895926	-2.5473485	4.3679795
remo1247	0.246811120535	1.87251255118852	-3.51037325	3.827457
reng1252	-0.891849430675	2.09474308961016	-5.165328	2.96759
rere1240	-1.191888323105	1.52023904068698	-4.19331525	1.5749855
reye1240	-0.79565675692	1.88918972213781	-4.77567125	2.76658625
rikb1245	-0.530994283095	1.96156893675656	-4.42814725	3.304643
roma1326	-0.045547181187	2.15848597266453	-4.40983725	4.09097475
romb1245	-0.661597758739	1.71893851269077	-4.17265825	2.530814
rong1264	-0.354640724255	1.77038192778914	-3.923401	3.00053549999999
rong1266	-1.2990427566885	1.58110828674267	-4.5384715	1.6886415
ronn1241	1.68238300955	2.1300857963905	-2.4010485	5.9375015
roto1249	-0.6039773866275	1.66554099987773	-4.091187	2.548877
rotu1241	-0.420313438005	1.90965423193566	-4.3975565	3.1819805
rovi1238	1.0685760816905	1.50445962478366	-1.7971125	4.1597905
ruch1235	-0.7418267295055	2.1152866661223	-5.19965175	3.52172224999999
ruka1240	0.442356516315	1.64485668856381	-2.76563475	3.6477175
ruma1248	-0.87584377103	2.12045416034653	-5.2059135	3.23321975
rung1258	-0.336216544122	2.1318261907042	-4.6888335	3.82188075
russ1263	-0.108515727856	2.17985198553536	-4.67248025	4.029301
saaa1240	-1.31700714221885	1.89387820377346	-5.311417	2.20724275
saaa1241	-1.09543182998	1.61094045629217	-4.33685425	1.9648895
saam1283	-0.122374133475	2.14109708446063	-4.538997	4.10365349999999
saar1237	0.376936373793	1.63318826972841	-2.88421075	3.73814075
saba1268	0.851579154475	1.91126618134009	-2.93289025	4.56305024999999
sabu1255	1.906744742262	1.77560229248496	-1.3654595	5.53336525
sais1237	-0.0776925461828	1.72082980562734	-3.6349605	3.197902
saka1289	-1.60248762264	1.8167744060798	-5.38874175	1.79053925
saka1291	-0.238343135183	2.17034289735858	-4.85739525	3.94743875
saki1247	0.2065622209185	1.69922899393633	-3.236991	3.4824615
saki1248	-0.131623016984	1.91181663964379	-4.10863375	3.44520425
samb1305	0.005463937636	2.1625675027874	-4.2644105	4.24915199999999
samb1311	0.00273433197	2.15758659100791	-4.307812	4.10859849999999
samo1303	2.103807314005	1.72003819256946	-1.09243825	5.605128
samo1305	-0.79172159847	1.83546354445991	-4.751711	2.6628885
sand1278	-0.44409936404	2.03472792813023	-4.497918	3.5337515
sang1321	0.648864028882	1.55315278147396	-2.18368375	3.8081505
sang1330	-0.00506004372	2.23244466117604	-4.57313975	4.35712925
sang1331	-0.0663555703945	2.28907072667533	-4.810611	4.21803525
sani1269	-1.160174157825	1.94242717442374	-4.998413	2.34283875
sanj1284	-1.2834054791405	2.0010183290589	-5.5639665	2.39323825
sanm1289	0.03135501448	2.13823518139558	-4.22239825	4.13676725
sanm1295	-1.17715902650055	2.02966958748418	-5.39257925	2.647577
sanm1301	-0.893945790413	2.08042143168746	-5.49192275	3.17477499999999
sant1436	-1.037509591895	2.01759019478074	-5.1238115	2.80825975
sant1451	-0.962401864365	2.07661825184733	-5.302789	3.01544925
sanu1240	1.782567443375	2.01238442987287	-1.8814105	6.29886499999999
sapo1253	-0.44994603123	1.66508999734563	-3.8452445	2.63485425
sapu1248	-0.85934742871925	2.06843485298191	-5.13839825	3.06557
sars1236	-0.109126138585	2.12169797416904	-4.360972	4.02749725
sata1237	-0.21645815124	1.98226660375425	-4.25256725	3.6765375
sauk1252	-1.829515747295	1.69486922356349	-5.33528825	1.2557405
saur1249	-0.04135378914	2.08448487560388	-4.237494	3.785892
savo1255	-1.87675633529	1.91601247433408	-5.83211225	1.6183135
saya1246	0.76470988365	2.06924313394479	-3.16335425	4.882722
seda1262	-0.855806050945	2.08340188554067	-5.2565075	2.93008675
seim1238	-0.4653574714245	2.02746167479391	-4.734353	3.36016175
seke1241	-1.187218027763	1.61920955318492	-4.4595785	1.83336075
sela1259	-0.403544862995	1.94822189127957	-4.54725525	3.27649775
sela1260	2.22012090828	1.70558328043869	-1.1249175	5.65413174999999
selk1253	-0.064722856185	2.20879574062379	-4.68190625	4.31044775
sema1265	3.96378742025	1.9495475088753	0.510336775	8.1279865
sema1266	1.3143356435885	1.7895037304172	-2.2785895	4.841153
seme1247	3.509795121465	1.89433361831027	-0.0605816275	7.3143425
sene1264	-0.410219463925	2.14674900337082	-4.8116575	3.68812199999999
seng1281	-1.2644791879505	1.93326027631839	-5.30162275	2.26083375
seri1257	-0.303376259932	2.04962375511168	-4.60467775	3.66537725
sgaw1245	-0.939589328325	1.88609272450686	-4.87545475	2.70092925
shab1252	-0.203495635734	2.06664265763573	-4.235024	3.80299924999999
sham1280	-0.10071937808	2.28120843232256	-4.54074225	4.36099275
shan1283	-0.467896031736	1.84621953802252	-4.15633075	2.99364374999999
shaw1249	-0.169246468585	2.05373927440665	-4.2341935	3.984369
shee1238	-0.3400586465145	2.15651306420301	-4.54521525	3.92182975
shil1265	-0.142480271598	2.14919739517977	-4.47737575	4.03423675
ship1254	0.7623522979295	1.69119179450451	-2.55107775	4.10382775
shix1238	-1.62959353212	1.87601874174881	-5.51423675	1.82373924999999
shol1240	-0.534044758987	2.02512557418109	-4.7106365	3.2579125
shon1251	-0.029598936085	2.26662205215672	-4.48478825	4.58715275
shor1247	-0.042425855475	2.17189033151503	-4.3666265	4.26669075
shos1248	-0.144565083315	2.16901361446502	-4.6851495	4.10066825
shua1257	-0.644054146575	2.11532504906598	-5.13908575	3.46614475
shwe1236	-1.0214652691565	2.0689296988563	-5.12509125	2.92285275
siaw1243	-1.7937595695705	1.82121024686463	-5.83110675	1.763049
sich1238	-1.2984888051736	1.93256765923704	-5.284853	2.3501055
sici1248	-0.134994378144	2.15703772735201	-4.53412825	4.04627649999999
sici1249	-0.20096936368	2.1939416343955	-4.454383	4.03371725
siee1239	-0.10628408342	1.7468304420473	-3.76142375	3.231866
sier1248	-0.966369180165	2.06362228454545	-5.2793785	2.8995585
sier1250	-1.25313484997	2.09107760914501	-5.5292045	2.696174
sika1261	-0.7337053425785	1.92929050700642	-4.7710245	2.86076125
siks1238	-0.142350186472075	2.04787124566755	-4.420144	3.8084755
sile1255	-0.3594217566775	1.57959165481174	-3.505458	2.68357475
simb1256	2.280530458105	1.67740832587903	-0.81532335	5.7292625
sina1266	4.4750669531	1.62589960224457	1.525615	8.0309685
sing1264	-0.6964433604779	1.80464742533589	-4.56285975	2.59706225
sioo1240	-1.72027580742	1.81489169240597	-5.543086	1.55371375
siri1274	-1.0366315474795	2.06246785361659	-5.22071675	3.01438025
situ1238	1.5535800884995	1.69562878008933	-1.601671	5.0311235
skol1241	-0.0016639787065	2.15963557515638	-4.45235625	4.16712224999999
slov1268	-0.02472406392395	2.23201845668329	-4.5392295	4.32003425
sobe1238	0.10448501093	1.77643817959714	-3.464899	3.500496
soch1239	-1.1717216285555	2.01913345230448	-5.3756715	2.4605185
soga1242	-0.0405753376255	2.17582535038546	-4.44252725	4.312037
sons1242	-0.28195816317	2.09398828260867	-4.6555725	3.82093725
sooo1254	-0.650643578741	1.95391212748797	-4.577955	2.940745
sout1528	-0.062474896002	2.21879000097146	-4.59253275	4.23279075
sout2649	-0.0690343185875	2.14167886211812	-4.18796825	4.04062275
sout2674	-0.0579204736545	2.2402362840336	-4.448422	4.43884575
sout2679	-0.102458915711	2.18662204692076	-4.433721	4.147738
sout2715	2.378588855095	1.53292351689255	-0.54217375	5.5359225
sout2728	0.524274617995	1.72402949580983	-2.90239375	3.94092074999999
sout2729	-1.7605426354165	1.90551099579212	-5.83144325	1.72746275
sout2730	-1.602802139505	1.93709283890814	-5.81830875	1.941688
sout2782	0.2723954139255	2.17452636232478	-4.09587325	4.51385475
sout2807	-0.045319425162	2.19846797472399	-4.456755	4.34344325
sout2826	-0.0291486203525	2.2111652098757	-4.32244925	4.40540275
sout2857	-1.0761557938965	1.56932507703277	-4.2278315	1.75174975
sout2859	-0.7033577073535	1.52231156372107	-3.72804225	2.27535375
sout2869	0.28072465551	1.66324500234828	-3.14474125	3.4732755
sout2895	-0.7269161404901	1.96758341253421	-4.99360875	2.92630224999999
sout2896	-0.84633671249335	1.94465696501652	-4.8376705	2.78854949999999
sout2912	0.092977840105	1.7477340277154	-3.4138875	3.5725815
sout2918	0.55643912416	1.80044334867961	-3.01981825	3.93896275
sout2954	-0.1300398232695	2.11888043078554	-4.38831175	4.01277925
sout2956	-0.46296662374	2.13904054999486	-4.793504	3.661814
sout2959	-0.133715654987	2.14942045146771	-4.410903	4.046381
sout2976	-0.190954192495	2.21474827176584	-4.62786525	4.12729075
sout2985	-0.94670229495	1.97429260482529	-4.917143	2.8423295
sout2994	-0.194393456818	2.03356297995554	-4.2877475	3.85890524999999
sout2996	-0.49716797054	2.07451352093117	-4.7539695	3.52345375
stan1289	0.071158066815	2.21305954170779	-4.64120025	4.39682075
stan1290	-0.0521673854807	2.21829817883772	-4.5683825	4.3996175
stan1293	-0.0375335059365	2.16075976876164	-4.53906075	4.06649075
stan1306	1.915040525845	1.8050587380953	-1.46003525	5.51105725
suba1238	-0.138752395505	2.17585198640397	-4.31991675	4.08278524999999
sude1239	-0.799174581769	1.94964122982889	-4.64530525	2.74886425
sumi1235	0.480488815584	1.4625147459015	-2.247408	3.4653045
sunw1242	1.610617928864	1.45948546324434	-1.193016	4.65136475
supy1237	-0.093710580865	2.19355321975472	-4.70203025	4.0996355
surg1248	0.000943180965	2.23512213136843	-4.5437185	4.50690675
surs1246	-0.6948081066335	1.9318456007495	-4.52674225	2.867065
swah1253	-0.071437952617	2.22957876869762	-4.457829	4.313157
swed1254	-0.077211128345	2.22554366691434	-4.71420825	4.31970375
taba1263	1.188965878965	1.92622943544719	-2.3613045	5.14099675
taga1272	-0.386706374948	1.55554142069248	-3.4501105	2.6682655
tagi1241	-0.402462827645	1.73986669417337	-3.91947275	2.842813
tago1246	-0.38427242215	2.19967109511227	-4.7580125	4.12585974999999
tagw1240	-0.05325486552	2.18196890692658	-4.54861675	4.33649625
taha1241	0.020576337615	2.19425562058211	-4.315337	4.370798
tahi1242	-0.6237894199275	1.95021876344259	-4.63770825	2.96025725
taia1239	0.0065351131595	1.58647031530301	-3.150879	3.1220845
taji1246	2.04418958597	1.71418299594559	-1.1048825	5.54303675
taku1257	-0.409594217043	1.8365914258109	-4.176898	3.070266
tali1259	-1.5912140580735	1.93928216915856	-5.77302375	2.06697949999999
tama1331	-0.4473213372565	2.08052299131996	-4.75541075	3.71683025
tama1365	-0.098430887132	2.14011772912517	-4.25627425	4.164074
tami1289	-0.296136790785	2.08614352170163	-4.6614035	3.68958525
tami1290	-1.273536673535	1.90073518482754	-5.2705095	2.32064275
tane1237	-0.002827055365	1.76158565014961	-3.5947315	3.41921825
tang1336	-1.269790916725	1.5821282628864	-4.5643545	1.637087
tang1347	-1.698595792335	1.70170348627934	-5.357207	1.47515775
tang1373	-0.4895386554015	1.97273600722694	-4.590804	3.27714975
tang1377	-1.25605618909	1.97719285669166	-5.30281575	2.51976425
tara1313	-0.591308618388	1.43258085284384	-3.50781175	2.2970775
tari1263	-0.00614602533	2.16167109399305	-4.438591	4.2604455
tata1255	-0.093998435215	2.0728477167991	-4.196707	3.86471875
tata1257	-1.192698411737	1.88276518022106	-5.1163825	2.32378075
tata1258	-1.0444087126441	1.99385191695026	-5.04389125	2.87743475
taul1251	-1.2425982925535	1.87618630208703	-5.31142725	2.13727275
taus1251	1.307895184825	1.74689880879505	-2.01376425	4.91796825
taus1253	-0.88112774283785	2.04704958857577	-5.0575665	2.864349
tawa1286	-0.090367459159	2.24985631429873	-4.73622825	4.330833
tbol1240	-0.50775636191	1.81211015011188	-4.36832	2.8585495
tean1237	0.021189211019	1.7558980545748	-3.5736825	3.316482
teda1241	-0.5225835330685	2.07602489832101	-4.67952875	3.318325
tedi1235	2.0101199500685	1.64278841324044	-1.04639525	5.47961625
tega1236	-0.35118844083725	2.2042457353723	-4.6913505	3.901963
tehu1242	2.1479078066	1.95294134420643	-1.35228	6.30208174999999
teke1275	-0.1112438632545	2.26851559558012	-4.6977525	4.47184975
tekt1235	-0.55293353189	1.9975615836715	-4.52082775	3.296641
temi1246	0.44468409775395	1.93044935389701	-3.42675125	4.08507975
temo1245	-0.419078424745	1.97519998645126	-4.59674025	3.4896625
temp1235	-1.10052195272	1.91429579884226	-5.174006	2.50228875
teng1272	-0.34382946084	2.03620041507702	-4.7043565	3.45405024999999
tenn1246	-0.148101917425	2.09197372583342	-4.1766455	3.8943925
teop1238	-0.603573230475	1.65956852304491	-4.109707	2.49632225
tera1251	0.789725271955	2.07710705348054	-3.389032	5.02918425
tere1279	-0.424068497735	2.05032243711024	-4.69663175	3.5370125
term1237	0.016123069778	1.88934784643376	-3.8367555	3.59561225
tern1247	0.10135309716	1.87922727340388	-3.6354575	3.73643974999999
tete1251	-0.68052744748	2.07666405634398	-4.960718	3.27432525
thad1238	1.264203647993	1.51748272981916	-1.642447	4.4271465
thak1245	2.78489853505	1.80016548467252	-0.4142136	6.60661725
than1259	1.41998157183	1.72277541618518	-1.8166345	4.8923525
thao1240	0.863731000819	1.62177774253638	-2.287191	4.16646774999999
thul1246	1.66228466367	1.54041230577588	-1.19797675	4.74455375
tibe1272	2.09400511489	1.91298577600737	-1.2732115	6.4350695
ticu1245	-0.178420508711	1.99324677080093	-4.40203625	3.65843775
tief1242	-0.237616493125	2.18964965383896	-4.5212905	4.1631825
tief1244	-0.2264987296665	2.18366183821743	-4.44339775	4.15755275
tien1242	-0.109962126623	2.25204515099604	-4.58479925	4.27418425
tiga1245	-1.364879463023	1.92781790216122	-5.65651025	2.07032275
tika1246	-0.1605122616675	2.29795660890637	-4.87266875	4.0341495
tiko1237	0.006959611492	1.82628108500643	-3.88097725	3.43360325
tilu1238	1.4628506985175	1.42689633008887	-1.1398555	4.38516075
timn1235	0.004912286235	2.15486732524223	-4.42322725	4.15487575
timu1262	-1.14186940214265	1.89286553845816	-5.1614075	2.33377349999999
tina1248	1.3269219847135	1.39349666451653	-1.4151185	3.9532705
tiri1258	-0.191888810272	1.70867975372211	-3.7057335	3.02873125
tiru1241	-0.1315570949719	1.68974871297758	-3.7181245	3.16889075
tita1241	-0.9882840119275	1.97984076344774	-5.07293025	2.55362975
toab1237	-1.488775073325	1.96828793577386	-5.71674775	2.111507
toar1246	0.33067267577	1.57440257906045	-2.8014195	3.429093
toba1268	-0.63066079157	2.05682883855387	-4.9087735	3.31451325
tobe1252	0.0872268529815	1.82946518529389	-3.7271595	3.86083075
toda1252	-0.6283129300185	1.9142160519269	-4.4637015	2.99937375
toho1245	-0.26102527932	2.17369890807912	-4.714121	3.8270395
tojo1241	-0.278036148935	2.07997093348279	-4.60215325	3.76416025
toke1240	2.030679815001	1.87475400260068	-1.371307	5.8646875
tong1308	-0.485235053727	1.92823486535678	-4.3988935	3.35481175
tong1318	-0.000727885625499999	2.26411256741855	-4.447323	4.59696149999999
tong1325	1.904997566498	1.92331797234743	-1.445546	6.1819585
toor1238	-0.168512818302	2.15154194115884	-4.57506825	4.06366
tora1259	-0.179748194015	1.66775911141575	-3.63702825	2.954682
tosk1239	-0.100805743325	2.18718264012299	-4.390026	4.152277
tote1238	-0.029098515235	2.15739166478545	-4.34943725	4.339729
toto1302	0.71816640474	1.61728987685559	-2.4800155	3.72435075
touo1238	0.816597139205	1.55358403522854	-2.3001925	3.909987
trin1274	-0.2818921436945	2.05736636969134	-4.46671275	3.528389
trio1238	-0.23028347702145	1.87830785616812	-3.994071	3.3314475
trum1247	1.398316641875	1.73025396158588	-1.754286	4.96944175
tsam1247	-0.447482044948	2.1775944280057	-4.88805325	3.62746525
tsat1238	-0.3293662641835	2.15253647796913	-4.66320325	3.910809
tsha1245	2.25765541371	1.70490346709915	-0.861717475	5.91015125
tsis1238	-0.0579249014	2.14462714923115	-4.50326975	4.216082
tsix1234	-0.0307197971905	2.2238632764135	-4.62437675	4.44218175
tsog1243	-0.070153145875	2.19870919963166	-4.5082565	4.40326525
tson1249	0.0247505144555	2.2163158167709	-4.50878525	4.39546175
tswa1253	-0.041751039605	2.19732700574236	-4.35321	4.343706
tswa1255	0.0097776332455	2.22113308516032	-4.3487695	4.31042874999999
tuba1278	-0.215023974525	2.1206706484298	-4.603318	3.800258
tugu1245	-0.9329873139485	2.02387580527651	-5.22306175	2.90424625
tuka1248	-0.569804241195	1.96904157964313	-4.715929	3.07909
tuki1240	-0.1648883268907	2.28741580636258	-4.5699465	4.39151324999999
tula1252	0.210047225264	2.1207946260979	-4.0768235	4.38004975
tulu1258	-0.456102078014	2.0222206644542	-4.57207	3.439771
tuml1238	-1.982401197285	1.85752613633589	-6.0556095	1.368846
tune1261	-0.22712866789	2.22086741191787	-4.70940225	4.3317715
tung1290	-1.0155790693135	2.04861336191647	-5.4396965	2.80984225
tunn1238	-0.10470754742	2.13876690540768	-4.491311	4.07525424999999
turk1303	-0.109985175895	2.16142337446636	-4.40975525	3.93944475
turk1304	-0.06157586065	2.206658623921	-4.5131815	4.38136275
tusc1257	-0.3117260997285	2.22458272598243	-4.8616935	4.16590425
tutu1241	-1.776572635066	1.65223983387006	-5.30720075	1.2848825
tuvi1240	-0.104031819288	2.26482441437825	-4.6996375	4.18620824999999
tuwa1243	1.22621317573	1.35296651042311	-1.306834	4.14714975
tuwu1238	-0.192371625505	2.17212248514849	-4.4517975	3.99942975
ubir1237	1.329074383795	1.62513448938099	-1.87112325	4.62461275
ughe1237	0.88928866418	1.52399156659321	-2.04189425	3.99422475
ugon1239	-0.477678213693	2.01512905153989	-4.884522	3.2405135
ulch1241	-0.206871912725	2.1495898301822	-4.78105325	3.86426575
ulit1238	-0.317093409784	2.0025369287041	-4.335792	3.542561
umaa1242	2.8662090101	1.83961518059729	-0.561076725	6.73151475
umbu1257	-0.000440836000000001	2.14622451652797	-4.4292135	4.30862924999999
umbu1258	3.345865526795	1.72903235408617	0.15496565	6.8827995
umes1235	0.000499638084999997	2.2218521532345	-4.32837175	4.55531674999999
unua1237	-1.274662008701	1.53111403381713	-4.45060475	1.48261425
uppe1275	-0.408722013428	1.87713872248005	-4.34759875	3.33847125
uppe1427	-0.765269763155	1.99832016685387	-4.949715	3.07775974999999
urak1238	-0.4382264733045	2.16516991234766	-4.9159845	3.75479225
urar1246	-0.8353010122665	1.9675014262786	-5.0934605	2.83209775
urav1235	-0.199028680341	1.7796483990355	-4.1434905	3.19009225
urim1252	-2.034755260505	1.82144164581331	-5.8024985	1.17437025
urip1239	-1.629695525833	1.58011624175294	-4.69736875	1.35055625
urni1239	0.31167565774	2.03881593585106	-3.6492535	4.40269525
utes1238	-0.1685491594685	2.16056048151497	-4.6043775	3.91976849999999
uuuu1243	-1.140577334245	1.94040864198153	-5.1400995	2.62080425
vano1237	0.1196340551345	1.74174003918375	-3.3843105	3.4509005
veps1250	-0.06883123335175	2.20210518768715	-4.70579775	4.1402935
vera1241	-1.234448393078	1.92514748364763	-5.357343	2.23576175
viem1243	-0.17339885572	2.25208383556675	-4.839754	4.1727895
viet1252	-0.377765664435	2.20437641645531	-4.76778025	3.955703
vinm1237	-1.42127385699	1.57590797662768	-4.59428675	1.4679715
vunj1238	-0.12271001128	2.21285965830168	-4.72198325	4.0265155
vure1239	-1.238632912095	1.92358666467528	-5.366502	2.19478925
vwan1235	-0.016741246317	2.28647029350542	-4.59515925	4.53375674999999
wadj1254	0.6534870130895	1.73658002387933	-2.5810235	4.079154
waga1260	-0.7949299741275	1.99327676705136	-4.78146075	3.052576
wage1238	1.285469208275	1.90326593885724	-2.41140725	5.26293225
waig1244	-0.8600413777955	2.0965767617851	-5.3496525	3.05342325
waim1251	0.257955645075	1.54143222234706	-2.914438	3.26900675
waim1252	-1.04552959324	2.03391590966717	-5.233898	2.69811775
waim1253	1.75511435559	1.87102622523035	-1.6927535	5.69319225
waiw1244	-0.60827374807	1.90484395321362	-4.54120975	3.01309625
waja1259	0.2297340981585	2.13902141253832	-4.05803525	4.58395175
wala1266	-1.66063987346	1.88801496692482	-5.59275225	1.944319
wall1257	2.104792595945	1.79795512397184	-1.1884605	6.02176075
wamb1257	1.393849641615	1.43766934034332	-1.273634	4.39668625
wand1267	-1.148011895595	2.00644571144919	-5.3958035	2.61128875
wand1278	1.326195782639	2.13802540882749	-2.677208	5.76072525
wanm1242	1.2181605239145	1.94388711220097	-2.22280225	5.36483625
waor1240	-0.675770019575	2.13619934789759	-5.13430425	3.351057
wara1294	1.340333819435	1.81301450395916	-2.112843	4.83456425
wara1300	2.248076456565	1.9064414193409	-1.14022175	6.36486575
wara1303	-0.55670118926565	2.08051406067618	-5.0035965	3.26283449999999
ware1253	0.2504791708805	1.87766601627208	-3.570015	3.89812049999999
ware1255	-0.309649846545	2.0424553722392	-4.4271745	3.6077755
wari1268	0.259981780325	1.96091316001772	-3.6766505	4.31271625
warj1242	-0.74445062764	1.86883047189798	-4.55215225	2.7078445
waro1242	0.43461401748985	1.78557469277453	-3.1333045	3.89588925
waru1265	1.2128979873	1.94545950292261	-2.43728425	5.27306824999999
wash1253	-0.8297536812685	1.99696623667181	-5.23245	3.01788549999999
wawa1246	-0.118944534731	2.1957096332341	-4.6982005	4.071533
waya1269	1.77455197835	1.87493968191162	-1.6515605	5.68517125
wayu1241	1.829581831095	1.5204578029059	-0.99709515	4.9189665
weda1241	-0.13989332721	1.69921578109123	-3.56556275	3.0843165
wels1247	-0.111049936945	2.15432251692068	-4.49212275	4.132666
weri1253	-0.20488514311	1.49903259093242	-3.1159315	2.6238205
west2354	-0.1472669999795	2.1530650788948	-4.53257425	3.89398025
west2369	-0.11375899306	2.19212496077664	-4.536314	4.28729875
west2386	3.23050127697	2.16149693512546	-0.563950225	7.9196415
west2392	-0.107595211245	2.12038673701922	-4.332326	4.04087525
west2396	-1.02905764939	2.10282281161457	-5.20068275	2.78733225
west2397	-0.6727456909045	2.00579194936166	-4.7471405	3.011001
west2415	2.255162790015	1.48000524364629	-0.4675092	5.303703
west2418	2.676188884395	1.7460006741218	-0.391826875	6.45391475
west2430	-0.399139009335	2.25963825947283	-5.14243975	3.86365775
west2441	1.55566469582	1.908931848751	-1.99589125	5.76559574999999
west2466	-0.24607250707045	2.14011412299044	-4.62974325	4.03355225
west2516	2.97594501495	1.68247361184431	-0.0784218874999999	6.570326
west2519	-0.7992205501645	1.98029948621658	-4.9449165	2.889578
west2548	-0.6578385754345	2.12127813651477	-5.11414525	3.3722035
west2557	2.680327995665	1.94739315060172	-0.81195565	6.83156699999999
west2560	-1.270456214555	1.86145752246499	-5.2084535	2.16064875
west2594	0.467392812375	1.86221148031207	-3.093209	4.23815975
west2600	-0.317928697039	1.87304799838879	-4.06505075	3.41387725
west2615	-0.023322513975	2.07072119703492	-4.15806875	3.83841075
west2618	1.3651050276745	1.93413359413329	-2.1525645	5.435257
west2624	1.684480611615	1.85519053089652	-1.846307	5.5884645
west2632	2.2223528104405	1.99497736918733	-1.3264715	6.657036
west2635	-0.603970307025	1.97938814257227	-4.517473	3.21667125
west2644	-1.07562841465	2.01997729866271	-5.17502175	2.83723925
west2650	-0.438075563845	2.09862806685552	-4.74962075	3.60822524999999
west2763	-0.083501856505	2.20204204226483	-4.57559525	4.4065365
whit1269	0.284373455979	1.65714935944183	-3.04130025	3.5189665
woii1237	-0.0052622886102	1.89841934951121	-3.87008025	3.4724735
wola1242	-0.3348169947605	2.12076276442833	-4.59212025	3.66096725
wole1240	-0.323607496939	2.08947538236706	-4.60049325	3.65576125
woli1241	-0.375766723115	1.90743682615579	-4.40696725	3.16968175
wotu1240	0.9480860032955	1.82269881082555	-2.6712405	4.57090925
wuch1236	-0.401695779475	1.99985458080603	-4.4669705	3.34104175
wudi1238	-1.2564424960885	2.07101161371176	-5.6649625	2.74553475
wusa1235	-1.233824977423	2.05120584504336	-5.5653315	2.52980225
wutu1241	-0.06453785935	1.8788971056734	-3.964814	3.47045025
wyan1247	-0.378860936012	2.18260343743327	-4.69584625	3.7018405
xamt1239	0.0132362624445	2.16561524709301	-4.1721975	4.35702425
xara1244	0.149552563375	1.74002469591011	-3.4945075	3.35183475
xava1240	1.8667048735915	1.93129336255614	-1.7543165	5.93795375
xhos1239	-0.03860842921	2.1866120042217	-4.1813175	4.40743
xish1235	-1.4401115025945	2.00587567652095	-5.770673	2.17324349999999
xokl1240	-0.76786932923	1.8993793401961	-4.8074595	2.86760724999999
yaak1241	-0.0937028899065	2.2250856224045	-4.61547375	4.18114675
yaey1239	-0.206636720405	2.11641382746589	-4.34335975	3.963942
yagu1244	-0.444671179211	2.12211658171689	-4.65577125	3.54913699999999
yaka1269	0.0176945192815	2.21289407694762	-4.22901625	4.26268825
yaka1277	3.2043417855315	1.79670740160858	-0.072966395	7.03942425
yaki1237	-0.032592373235	2.10985486847917	-4.1701345	4.1992645
yako1252	-0.048716832165	2.12329070196556	-4.35349475	4.30980475
yaku1245	-0.05119432627	2.20419073381463	-4.44201925	4.2675425
yale1246	-2.050158985372	1.76412732120245	-5.897912	1.21050275
yama1264	-0.483691494995	2.04845826264084	-4.589245	3.50261824999999
yami1254	1.7589821066535	1.7587910155813	-1.52537825	5.366804
yami1256	-1.139934023286	1.92228237995547	-5.11735475	2.34562975
yamp1242	1.63910854742	1.55534922649135	-1.452955	4.8478985
yano1261	1.59574811977	2.0753627799675	-2.1817695	6.10379849999999
yaoo1241	-0.020981834055	2.26446229437998	-4.34457025	4.6002505
yape1248	-0.580231396805	1.99121303023017	-4.70318725	2.9979815
yapu1240	-2.16341231133	1.80754271875127	-6.026827	1.0288255
yaqu1251	-0.212208505125	2.14897394689286	-4.6153455	3.980601
yare1248	3.3265546438	1.62722399029312	0.348084475	6.63507675
yasa1242	-0.098300625975	2.19513513844216	-4.553368	4.20567624999999
yatz1235	-1.208939070594	1.99855858461469	-5.42105	2.5413585
yaul1241	-0.1807039329985	1.50117919366901	-3.12303925	2.7818115
yaum1237	-1.77869891849	1.73253212500652	-5.465249	1.32434924999999
yawa1260	-0.49370732553	1.8673201406413	-4.2982555	3.00240625
yawa1261	0.25333263385	1.70544839696809	-3.11200075	3.68596525
yawu1244	2.066805389805	1.9528814334688	-1.3641545	6.23005375
yecu1235	-0.602676308143	2.06287235791183	-4.8358085	3.23568049999999
yele1255	-0.7372510573035	1.9891175309422	-5.02135	2.83773825
yems1235	-0.221664960265	2.17447899537355	-4.6652455	4.00191524999999
yinc1238	-1.2402111748275	2.07885201743555	-5.660496	2.4823925
yind1247	-1.54285667477	1.97903055141559	-5.6185765	2.16418925
yoga1237	0.7431197186	1.49790154074499	-2.143161	3.6700165
yoku1256	-0.61326789167	2.04077362181919	-4.8007335	3.5234865
yona1241	-0.2362100480605	2.04147865874936	-4.447435	3.744957
yong1280	2.36076663137	1.83172079843228	-1.14684475	5.98867225
yora1241	-1.13433934811	1.95929741640946	-5.308026	2.4945705
youl1235	-1.2537331710745	1.89969747313495	-5.13475875	2.16593274999999
youn1235	-0.340338038086	2.10100376396247	-4.768222	3.74042749999999
yuca1254	-0.24193842824	2.10170487924993	-4.59745525	3.73289725
yuch1247	-0.330639527945	2.06842673691929	-4.36975275	3.608479
yuec1235	-0.537342205714	1.87907267213076	-4.59345575	3.08444775
yukp1241	-0.6734752994185	1.94133189989721	-4.633477	2.9532025
yulp1239	1.77549572147	1.97498769698526	-1.6380585	5.93546725
yuqu1240	-0.76860782791	1.88710699630564	-4.63998675	2.73524
yura1255	-0.73729586262	1.88859638434385	-4.69137125	2.7501025
zaba1237	-0.78672040667	1.83577553180863	-4.5590765	2.7610645
zaca1241	-0.508003404605	1.87461600774279	-4.39040025	3.2460025
zaca1242	-1.006444435435	2.02497531043734	-4.97271425	2.902569
zagh1240	-0.4890627900395	2.01318429517344	-4.593825	3.62691925
zaiw1241	-1.237902461479	2.05428436265427	-5.62246625	2.52429525
zakh1243	-1.58424596192	1.9958780496572	-5.8339265	2.0590655
zamb1245	-0.04261280771333	2.27306880636273	-4.6558905	4.48684949999999
zani1235	-1.19677487784	2.01314014302556	-5.30895775	2.613899
zarm1239	-0.12098203956	2.21396848301727	-4.86630875	4.05461424999998
zaye1235	-1.012890596456	1.89934848460825	-4.96724325	2.6072165
zays1235	-0.407031719385	2.11821542809944	-4.796174	3.60281675
zeme1240	-1.299140915995	1.62460425239077	-4.7125455	1.85965925
zenz1235	-1.128859888594	2.00567679789132	-5.30986225	2.70639625
zoog1238	-1.225511360805	1.99360256333896	-5.4280455	2.6076765
zulg1242	0.878081910889	2.07810766543456	-3.24105525	5.23141675
zuni1245	0.710848442174	2.05155650434698	-3.42024375	4.78341775
