Estimate	Est.Error	Q2.5	Q97.5
abad1241	-0.018837831866	0.463071705631523	-1.068967	0.954388974999999
abar1238	0.031824046321985	0.443692871190146	-0.903707	1.0174435
abau1245	0.04887218570495	0.404445209951018	-0.739914425	1.02064375
abkh1244	-0.02409257602275	0.473106928701721	-1.0134495	1.03418275
abua1245	0.047427732094	0.458192183140089	-0.834731825	1.0594415
abui1241	-0.038870427984	0.479349604120052	-1.186455	0.928181675
abun1252	0.01479547275755	0.447064093059208	-0.971377675	0.971137249999999
acha1249	-0.0016338012216	0.475010490385465	-1.07445175	1.0104945
acha1250	-0.0027092804835	0.477170305056293	-1.031521	1.0615545
achi1256	-0.012626483059215	0.509592356370087	-1.1752895	1.05235225
achi1257	0.000563774098	0.4455320033984	-0.90676555	1.049234
acol1236	0.0937042480948	0.476174167114707	-0.79232495	1.253258
adan1251	-0.03761624887895	0.461965242772612	-1.1259095	0.920056024999997
adny1235	-0.01234323358415	0.435419213733044	-0.92210025	0.890484824999998
adon1237	-0.0054182814515	0.459044320187977	-1.02595275	0.986738549999998
adze1240	0.04593576757965	0.436226343900806	-0.8058693	1.0650915
aeky1238	-0.07979371915039	0.416830197260818	-1.093513	0.729216375
afar1241	-0.09009358892825	0.470068733991317	-1.2490315	0.756020575
aghe1239	0.0151347533268	0.437366405038083	-0.937027625	1.023291
aghu1255	-0.076509992637845	0.465207320144274	-1.17194375	0.81458745
agob1244	-0.1535071244965	0.492173409752715	-1.42557025	0.666057399999999
agut1237	0.0127185366851	0.517774192040803	-1.033536	1.1275495
aheu1239	-0.0085257472566	0.499795215952522	-1.11093275	1.1037385
aime1238	-0.034735386118935	0.409631418377881	-0.92528965	0.80456575
ainu1240	-0.006369477084041	0.465863735129727	-1.038044	1.0043115
aito1238	-0.00487393961785	0.472191507717642	-1.000453	1.00409675
ajab1235	-0.01350453082305	0.455919344783229	-0.9791568	0.9942472
ajas1235	-0.0029276763063	0.464231830239873	-1.02937925	0.991586775
akha1245	-0.0052619221477	0.457424901584484	-0.9755484	0.982115649999999
akoo1248	-0.0151408888459	0.48243752294596	-1.12254	0.972914949999997
akun1241	-0.0108544365894	0.480155835665192	-1.096528	1.06004225
alab1237	-0.01234539580941	0.472065878623066	-1.02941625	1.00773275
alab1254	0.0431168078225	0.413737847996832	-0.711346975	0.907787725
alag1248	0.16023978054145	0.477492074583487	-0.56105505	1.42951725
alam1246	0.062278103060505	0.430670618970958	-0.7381912	1.16502575
alba1269	-0.0144231678923	0.458035178416026	-1.04463325	0.981623049999999
aleu1260	0.00971241591443	0.474816444764155	-0.9103645	1.06913425
alor1247	-0.0328579717135	0.455107779905672	-1.1142175	0.967080624999999
aluk1238	-0.02942311370355	0.45454000260885	-1.072361	0.875102674999998
amam1246	0.0941597434986	0.468675865525565	-0.766645525	1.2833535
amap1240	0.0819994961483	0.427733386499717	-0.6767397	1.18668
amar1272	0.129678186659	0.479289617924105	-0.679874075	1.35855875
amar1274	-0.0142619601281	0.500577302077242	-1.0970195	0.980004574999998
amas1236	0.2172394279685	0.540543560710305	-0.57110405	1.7396145
ambu1247	0.03466795407077	0.438436969592524	-0.83987655	1.00250675
amdo1237	0.0113712739914	0.461428523033318	-0.88327725	1.118293
amii1238	-0.045829148616965	0.457009537984055	-1.11239975	0.874017374999999
amis1246	-0.01777190359255	0.44932261893915	-1.052492	0.936565875
amri1238	-0.01760707352075	0.498999508520588	-1.1450855	1.04319525
anei1239	0.0402661810267	0.476126571526181	-0.93530725	1.13795775
anem1249	0.14497072491165	0.492714032081443	-0.6609298	1.36044625
anga1288	-0.00693748598065	0.459307866788121	-1.07310775	0.946859325
anin1240	0.0480885443995	0.476600401587794	-0.83092295	1.076375
anuf1239	0.06254762150725	0.507712542058206	-0.934656975	1.3681485
anut1237	-0.00222407866315	0.45675811167561	-0.986774575	0.968143575
anuu1241	-0.002647139946525	0.482119751615264	-1.03878075	1.000669
aoua1234	-0.00304252146165	0.463407729051318	-0.953921475	0.958223699999999
apat1240	-0.0070053224591	0.510726647663713	-1.11239625	0.944462074999998
apin1244	-0.02098409838235	0.506315963407152	-1.15904225	1.02501275
apma1240	-0.0320320087675	0.48167967804182	-1.135998	0.913592424999999
arak1252	-0.0233817482256	0.446034753285625	-1.0549735	0.8650195
aram1253	-0.047023629597	0.453355059365497	-0.958752475	0.946725074999999
arao1248	-0.011519237266	0.440044978423934	-1.010488	0.860635325
arap1274	-0.00446074163191	0.472089599539044	-0.977769525	1.00739975
arbo1245	-0.0208245171037	0.415058557060438	-0.98264045	0.852065025
area1240	0.014681034591455	0.453064731383668	-0.955252425	0.9723369
arig1246	0.0677340862485	0.480642738454028	-0.8842769	1.21395325
arop1242	0.05367731772405	0.435530808400745	-0.762540725	1.105248
arop1243	0.01065487409271	0.443140967899754	-0.942358675	0.98534295
arta1239	-0.02096454775835	0.48200126484495	-1.17973625	0.967897199999999
ashe1272	-0.008207154984752	0.457625687146958	-1.05742725	0.982570899999999
athp1241	-0.0197815131651	0.466160935610119	-1.05638925	0.921703399999996
aton1241	-0.007620427000716	0.463100020336831	-0.992665375	1.014043
auuu1241	0.086358518984	0.452015233928848	-0.689282475	1.17232425
auye1238	-0.03672275536235	0.483611387848448	-1.10169	1.0404565
avac1239	0.0031044325026	0.47676420184067	-1.12106725	1.00894575
avat1244	-0.01776245441795	0.471928197274526	-1.112629	0.938489525
awac1239	-0.00555077021525	0.460862718350064	-1.00430125	1.021004
awad1243	-0.0121331598325	0.475150984403595	-1.1046255	0.983098724999999
awad1244	-0.0210550674284	0.43721082011933	-0.97567985	0.952428424999999
awap1236	0.04256057817585	0.436604291838074	-0.7942865	1.044625
awar1248	0.022081262657	0.423072682520239	-0.8672824	0.997115324999998
awji1241	-0.12759559612365	0.492005456098067	-1.42991375	0.735750775
axam1237	-0.0067891493142	0.4663904857338	-1.03309025	0.964049999999998
ayiw1239	-0.037077780674	0.478852624829623	-1.18197375	0.859081174999998
azha1235	0.00440066394035	0.492618926048901	-1.03092775	1.0148905
baba1264	0.05244557038785	0.456510540614145	-0.8940819	1.099671
baba1266	0.025833067006	0.448542126624717	-0.9037781	1.04431775
babi1235	-0.02244116366595	0.492212758327754	-1.1045345	1.005617
bada1257	-0.03364763031294	0.468047500809528	-1.13206725	0.869679725
bafa1247	-0.0161003929875	0.487084173065787	-1.0888725	1.097815
bafu1246	0.012666755354355	0.440623996429746	-0.944023775	0.986343724999998
bagi1246	0.005041016302035	0.426272755093508	-0.876669525	0.949586325
bagv1239	0.1482874488235	0.483910058807955	-0.63338845	1.4839495
baha1259	-0.03861674411468	0.436347421234016	-1.01127575	0.89497165
bahi1252	-0.01875341646305	0.464657232837506	-1.065536	1.062975
baik1238	-0.02715780704375	0.469068426042115	-1.0304635	0.944809724999999
baim1244	0.0032051826421	0.460076573146414	-0.990297225	1.075609
baka1272	-0.0231219671315	0.470743433333188	-1.051757	0.926063424999999
baka1274	-0.05108265820645	0.48092489860996	-1.18301225	0.965541074999998
baki1244	0.005412483696	0.455882007158851	-0.967623275	1.0513125
bali1278	0.00210064940775	0.462897184901258	-0.969656825	1.0514155
balu1257	-0.017548091656	0.479145849539564	-1.12974925	1.0071795
bamu1253	0.04216935659845	0.460053657669082	-0.8570582	1.12062475
band1344	-0.0453137658997	0.471517625938578	-1.1313475	0.942481949999999
bang1369	-0.002827111769	0.467830781298564	-1.0175035	0.969748849999999
bani1255	0.12590565206705	0.508244770519988	-0.71251325	1.4119405
bank1256	-0.01617554604305	0.483048981267725	-1.104918	1.0057825
bant1281	-0.02158264852165	0.465445341873367	-1.04699075	0.906838124999998
bara1357	-0.0132690976976945	0.481552420729564	-1.0850265	1.0082045
bard1255	-0.04327373074675	0.475449399384777	-1.1359985	0.913115049999994
bare1279	-0.081261563916765	0.477703724128503	-1.335738	0.819893325
bari1286	0.12743299491345	0.475762468921297	-0.6961873	1.379369
basa1282	0.1783335911975	0.534438269068305	-0.584154125	1.66059375
basq1248	0.0032197450315	0.498059809431337	-1.07508475	1.05732525
bata1289	0.0071463136312	0.512509453656544	-1.034348	1.18084375
bata1293	-0.00220770301525	0.488618225523982	-1.08156875	1.08067925
baur1253	-0.00689686557255	0.483552192730026	-1.150756	1.03338075
bauz1241	-0.0757341115708	0.462920723517609	-1.157242	0.828527624999998
bebe1248	0.0198601742465	0.501526996341497	-1.00431575	1.1144
beel1236	0.1293322202492	0.453575908915921	-0.6277154	1.305009
beem1239	-0.01594397851005	0.468327203314403	-1.10831825	0.976259174999998
beja1238	0.0795275072282	0.45936251557311	-0.761410225	1.17646525
bekw1241	0.000410525877699999	0.456479872977898	-0.968824225	0.978940175
bekw1242	-0.0122851122992695	0.486761313518875	-1.048312	1.0615985
bela1260	0.000128924981891	0.446948614823182	-0.958825825	0.991313074999999
belh1239	-0.0213959389008	0.464081008191462	-1.0464955	0.9469843
beli1257	-0.05220159221395	0.437072944199827	-1.08622025	0.795233424999999
bell1243	0.00254432513635	0.470003960762835	-0.99827325	0.981133
bemb1257	-0.0106242218915	0.494452807933888	-1.1026525	1.049106
bent1238	-0.0413261427745	0.427907591393539	-0.9971723	0.821087025
bert1248	0.017949344918725	0.457364452650369	-0.936795725	1.028771
bezh1248	0.1347357317555	0.492002938262365	-0.62265845	1.44753275
bhoj1244	-0.0215257175214	0.475664760255834	-1.082142	0.9544665
biak1248	-0.018317805409413	0.479627106369524	-1.1000105	0.994721624999999
bian1252	0.0987790555974	0.482061645603954	-0.7424524	1.35375025
biao1253	0.0112243455415	0.447748072704711	-0.919490125	1.02834175
biao1254	-0.0021484284942	0.464406219450816	-0.92658445	0.947087175
biao1256	0.0210020195032	0.480047727211065	-1.03278125	1.12409025
bidy1244	-0.0315172609249	0.473116192121045	-1.1325165	0.92489685
bign1238	-0.02218724261228	0.432624160041981	-0.996758	0.9160473
biha1246	-0.01999505952825	0.434853399801971	-1.003927	0.862691025
bila1255	0.0561478240221	0.481147642855199	-0.827804	1.17773075
bilu1245	0.080224417450215	0.461686122955805	-0.785757675	1.22520574999999
bimi1240	-0.0430915811705	0.407835606435859	-0.9983374	0.789037975
bine1240	-0.15678516684255	0.499049762825313	-1.494831	0.646144049999999
bira1253	-0.07321135334355	0.442920463866908	-1.12058875	0.815932199999999
bisu1244	-0.00627916332265	0.483224270383909	-1.14178325	1.00880525
bitt1240	-0.005700600322125	0.456297727121086	-1.058539	1.0005625
blab1237	0.083308647722385	0.500905021193524	-0.751175325	1.23780725
boht1238	0.026592779478345	0.45511319412484	-0.8954345	1.056773
boka1249	-0.00815424651325	0.513299318214546	-0.9741169	1.0433105
bola1250	0.1243042924421	0.473822165048302	-0.70911505	1.3244375
boly1239	-0.0120769316522	0.470571099389091	-1.04894	0.978080025
bona1250	-0.00083480990315	0.470455666878464	-0.95081615	1.07998825
bond1245	0.000760913858300001	0.485757324069626	-1.06135275	1.0348845
bond1247	0.0064425377314	0.446665178583584	-0.958488775	0.931189249999997
bong1285	0.1370535672891	0.490296710459814	-0.698241675	1.37751725
bong1289	-0.01341541962755	0.491083237701233	-1.06356425	1.062256
bora1263	-0.0064498192419	0.472298596524929	-0.99917655	0.985951599999999
boro1277	0.0231471686479	0.438025110507471	-0.88845495	1.056548
boro1282	0.00486783467435	0.448129503763951	-0.9202135	1.05468375
boun1243	0.015140866476	0.475305778103234	-0.96383195	1.14359725
boun1245	-0.02834235835645	0.44132364642207	-0.9616665	0.898753674999999
bouy1240	-0.0188240269795	0.471078874339313	-1.07308475	0.998977725
brah1256	-0.02494404553585	0.503616301907762	-1.22393675	0.941619274999998
bret1244	0.1703728574245	0.502746710418603	-0.564492175	1.43525575
brib1243	0.1483265407856	0.514364176120422	-0.673812025	1.50870974999999
bube1242	0.021921456739	0.489969075863335	-1.045608	1.0551305
bubi1250	-0.013119699167865	0.509527490468739	-1.13812625	1.0155905
budu1248	-0.0438915312856	0.475136003953697	-1.16949625	0.8977418
budu1265	0.1137745195361	0.512693152043136	-0.736206	1.44773425
budz1238	-0.01634936303645	0.463686352857523	-1.0680285	0.9812772
buga1247	-0.012507891703925	0.494211016839643	-1.0924535	1.05522825
buga1250	0.11614423423115	0.482076886650826	-0.710196475	1.38858274999999
bugi1244	-0.0134100736728	0.463617377709247	-1.08330725	0.974756024999995
bugu1246	-0.00010213577145	0.455841122465418	-0.954912025	1.04575825
bujh1238	-0.0179488984473	0.483335155410166	-1.12407125	1.00064575
bulo1242	-0.0201738196244	0.477272618772118	-1.045859	0.919207799999999
bulu1251	-0.02129500877575	0.455059945290566	-1.12855425	0.922011
bumt1240	0.002225585081	0.496620708392977	-1.0769495	1.0099815
buna1278	-0.03672109582095	0.492206984494286	-1.12514325	0.964275999999999
bunu1267	-0.01590799596305	0.458550652100764	-1.04927	0.935813499999999
bura1267	0.03238775855495	0.46092413952264	-0.965370075	1.05704325
bura1292	0.07542930829405	0.462082080764665	-0.762151875	1.24630025
burj1242	0.03345349462655	0.468686442122995	-0.893398325	1.12190425
buru1296	0.143071040016265	0.496862653272281	-0.691882325	1.488035
buru1303	-0.008382572106965	0.482455022087893	-1.04555075	1.008809
buru1320	0.146786244943104	0.475344774543224	-0.64604405	1.39856125
bush1247	-0.00246102688945	0.485085423617557	-1.11913575	0.994274274999999
buwa1243	-0.0916008298835	0.418477647808852	-1.12321875	0.695506725
bwat1240	-0.02628702262414	0.489916166637361	-1.13016075	0.9797005
byan1241	-0.01361982270435	0.485502688677479	-1.09282125	1.04423225
cacu1241	-0.0035671822638845	0.455356946840337	-0.9998654	0.982857949999998
cahu1264	-0.0105437479214	0.453503957413316	-1.016168	1.0080055
cakf1236	0.03877974352555	0.425982065050442	-0.85468075	0.987460074999998
cald1236	-0.01573658565153	0.44942521673524	-0.96120255	0.964731799999998
caml1239	-0.020956484475	0.453332131500521	-1.03382775	0.9360281
camp1261	-0.0659033492716	0.458004543374536	-1.2220875	0.81059035
caom1238	0.00265515433815	0.476737176532361	-0.986174375	1.002662
capa1241	-0.011382409385765	0.480876143727046	-1.05666875	1.0467255
carn1240	-0.00357402911705	0.456850938765714	-1.03005425	1.00725625
caro1242	0.00426098670145	0.462483401373259	-1.01347025	1.07319475
cash1251	-0.01961483612275	0.463810841244521	-1.100168	0.880562374999995
cayu1262	-0.0167605881012	0.468266292010905	-1.03904425	0.946727275
cebu1242	-0.00913460628105	0.502008110502289	-1.0521815	1.03219375
cemu1238	-0.022551417068	0.483904670923635	-1.1467155	0.9885367
cent1989	-0.00671597236885	0.521727741400771	-1.09304875	1.079064
cent1992	-0.007134782922	0.452333432950545	-1.01527425	0.937725749999999
cent2004	0.00951384335097	0.469113007074928	-0.99804985	1.001145
cent2050	-0.01812597210475	0.454027193622313	-1.00270075	0.932779599999998
cent2084	-0.010240001478615	0.500131598098808	-1.136419	1.12450075
cent2087	-0.00984525634205	0.480102618267904	-1.06642475	0.903656
cent2127	-0.01389720147	0.473268138859884	-1.14097975	0.996459075
cent2131	-0.031987379409	0.460411913731808	-1.092846	0.889827699999999
cent2140	-6.75785619999999e-05	0.490001950752586	-1.00282875	1.05003275
cent2150	-0.0195277414045	0.474176465620802	-1.06248525	0.919208174999998
cent2314	-0.03002561045555	0.475088564459408	-1.15158625	1.02127325
cent2322	-0.0091871801324	0.473902304287507	-1.049298	1.01637175
chac1251	-0.0155283223061	0.440483341949236	-1.033086	0.879774599999999
chad1249	0.1379200785882	0.500283379470544	-0.705056075	1.38221675
chak1270	-0.00351828734334	0.482620216064734	-1.05070925	1.040261
chak1271	0.03755403411439	0.444774691537707	-0.904075475	1.09142725
chal1275	-0.0615807892332	0.462719993587892	-1.14401875	0.778181174999998
cham1309	0.16022408284485	0.487781187594232	-0.606691075	1.51700275
cham1312	0.0052180416571	0.482975783216139	-1.046664	0.992031449999998
cham1318	-0.0137868005952	0.478512898461835	-1.0402915	0.978788624999999
chan1313	-0.0167155816297	0.462961130987538	-1.03080175	0.987826424999999
char1269	-0.09284273477635	0.454863071478722	-1.1938285	0.796672674999999
chas1234	-0.0002433332292	0.530291946856254	-1.20833875	1.077477
chec1245	0.210395146541955	0.523475599233724	-0.525713875	1.61257425
chek1238	0.0765443192858	0.493742799794596	-0.8194302	1.16263925
chen1255	-0.00848600410245	0.457671715502822	-0.9953251	0.879085124999999
cher1273	0.00876939672285	0.49835015167761	-1.0078645	1.16223025
chey1247	-0.02623866863195	0.474407088576754	-1.1371005	0.924493974999999
chic1270	-0.04065990414105	0.474972694398152	-1.20931175	0.9660674
chig1238	-8.78926329999999e-05	0.456330745997285	-0.9519706	0.982684374999999
chil1280	-0.00556175908945	0.472380837302081	-1.03555175	0.980394574999999
chim1302	-0.00030360685175	0.444412276877618	-1.0130835	0.980473949999999
chin1286	0.1771899183042	0.53870763432868	-0.562751375	1.573912
chip1261	-0.0076753175244	0.462898384417063	-1.06992375	0.976040874999999
chiq1248	-0.0059610978273	0.456243384547878	-1.003631	1.01173725
chir1283	-0.007846929740885	0.450575681589384	-0.9885909	0.986779225
choc1276	-0.0142812547506	0.431145510741963	-0.943495575	0.884369349999998
chon1284	-0.0262366847163	0.472895269621735	-1.1310195	0.97560065
chot1239	-0.0079935837057	0.450418497075356	-1.0286985	0.937619999999999
chra1242	-0.01092674496325	0.487305257845649	-1.05234225	1.024198
chug1252	0.008281045985075	0.454035614716866	-0.968570975	1.0064195
chuj1250	-0.0163145532548	0.439538567952045	-0.9962124	0.956012625
chuk1273	0.00433892347285	0.472389897792723	-1.01433225	0.996873924999998
chuv1255	-0.04483264205585	0.464990127654969	-1.13752275	0.931545874999997
cici1237	0.02199477687472	0.490776447182559	-1.04916825	1.15794475
coat1243	0.0003396191315	0.45194610810325	-0.980033075	0.9546656
coca1259	0.004343365716425	0.501121892923907	-1.0291655	1.09171525
coeu1236	0.0075587721805	0.490809064258063	-0.973129925	1.04211225
colu1241	0.0112316012037	0.479396245587876	-0.9190465	0.9731354
coma1245	-0.00721460943785	0.46689138451067	-0.993827575	0.9538742
copa1237	0.0472404034555	0.483779837322789	-0.9560328	1.2533825
cosa1234	-0.00231786554185	0.450693463130884	-0.9423321	0.994469774999999
cree1270	-0.021680896071615	0.481701822605498	-1.08113125	0.966773749999999
crim1257	-0.008592514318	0.471165481071227	-1.00776675	0.9552646
cros1244	0.0115612904447	0.456274229190368	-0.93377185	1.0226545
crow1244	-0.02828355628745	0.451148545429065	-1.07533475	0.940185999999998
cube1242	-0.00784191518895	0.471567665554071	-1.016237	0.978445574999998
culi1244	-0.016976353002	0.493804752884809	-1.092217	0.961385224999999
curr1243	0.0871316280672	0.481508155867671	-0.7792696	1.28863675
cypr1248	-0.05215273182764	0.484829877255944	-1.12055225	0.8996507
czec1258	-0.03252389089945	0.463296527829502	-1.13849075	0.898887875
daai1236	0.00249403859625	0.506922447818618	-1.11643	1.1032055
daak1235	0.000792735261425	0.43230911367773	-0.964751425	0.963234875
daas1238	0.0727320924155	0.453728780358467	-0.751165375	1.18333425
dadi1250	-0.03248430223655	0.46270126176287	-1.04580275	0.865921999999999
dagb1246	0.1591092379974	0.528128809122746	-0.710800425	1.49714925
dagi1241	0.30854014258165	0.586727137797658	-0.38345195	1.84253
dana1252	-0.0231829888487	0.491442849949334	-1.143675	0.928555524999999
darg1241	0.056928881812	0.467221206184027	-0.82946395	1.21960225
darm1243	-0.01155079910275	0.483100709555552	-1.02478375	0.99385142499999
dawr1236	-0.0718907449076	0.4269386540704	-1.1228195	0.76632815
daza1242	-0.01652229527135	0.470025556623756	-1.03949975	1.01055575
dege1246	0.0926117152456	0.481450190455021	-0.8468527	1.299455
dehu1237	0.0068821967376	0.459586183232782	-0.949831125	1.04292525
dera1245	-0.02870005060325	0.428091450738071	-0.9815732	0.80432125
dera1248	0.0634634425469	0.4122385588118	-0.689402675	1.06913025
desa1247	-0.00084479116775	0.442857635959589	-0.970506825	1.02408875
dhar1247	-0.00706560636095	0.4521274412209	-0.97539425	1.01339875
dhim1246	-0.000662163202650001	0.485977147640374	-1.0732095	1.080191
dibo1245	-0.01728262114266	0.485552835514963	-1.173076	0.985209449999999
dido1241	0.13582172690595	0.483325553018207	-0.6155216	1.443208
diga1241	-0.009679988241	0.452992272270287	-0.98401645	0.981760774999999
dima1251	-0.00717221022635	0.450309089930571	-1.10642625	0.975485225
diri1252	-0.0190618083811	0.487254450216745	-1.033709	0.973235374999999
djam1255	-0.050003657587001	0.447164591333314	-1.15000925	0.8791035
djam1256	0.0051511804936	0.463841108529871	-1.02688875	1.05547175
djee1236	0.02382321282005	0.468522057780238	-1.044057	1.08806675
djin1251	0.00934871363875	0.452222477343924	-0.94327175	1.01207475
dobu1241	-0.0324351428676155	0.467711225723893	-1.08278325	0.942907825
doma1260	0.1395902803885	0.500350050606898	-0.66382285	1.4547515
domm1246	-0.01668213208935	0.441730657291807	-0.936014275	0.931319324999999
dong1285	-0.0153455805484	0.509505425946904	-0.9996401	1.02641025
doro1266	-0.085433149265825	0.470105546321369	-1.25437525	0.743808099999999
drun1238	-0.01259726439685	0.483336545283702	-1.15547525	1.045954
dual1243	-0.00830151714434	0.49855688697638	-1.13105925	1.16888475
dumb1241	-0.0223512419081	0.457850677737652	-1.02891675	0.924378849999999
duna1248	-0.02037911468815	0.433175498181253	-0.97807345	0.842777699999999
dupa1235	-0.012413905052175	0.505476171037202	-1.100072	1.07751875
duru1236	0.0014750600161	0.509582716773399	-1.01862925	0.985844649999999
dusn1237	-0.00171979183525	0.491485774314563	-1.1046725	1.0573415
dutc1256	-0.0264921543519	0.459721685985246	-0.99918925	0.921804274999997
dyul1238	0.055649130025255	0.446790431046449	-0.81917035	1.13242975
dzao1238	0.00701061880195	0.500693231225791	-1.0206505	0.944686825
dzon1239	0.00136220045625	0.46318913159605	-0.97622145	0.981868174999999
east2328	-0.04875932556815	0.466948923684435	-1.146316	0.919158649999999
east2332	-0.00526558895915	0.489386329790208	-1.04717175	1.06031275
east2342	-0.0075821379752	0.482974941754239	-1.017538	0.979649799999998
east2379	-0.0080198471815	0.467486295957687	-1.04660975	0.980353924999999
east2440	-0.040859726761	0.47524870351694	-1.16959325	0.914930549999999
east2443	-0.027007886406	0.476131146887474	-1.06586375	0.9112724
east2447	0.0132027531107	0.493181480976859	-1.05935775	1.15755125
east2485	5.18056354999997e-05	0.456150330391271	-1.063169	0.989415049999999
east2555	0.0322110311975	0.487304671408582	-0.930827575	1.12086475
east2556	0.0007233755962	0.477579251425499	-1.0392805	1.003374
east2563	-0.02216724446155	0.482293445927928	-1.11945475	0.925203125
east2690	0.1389884195115	0.469065189531591	-0.62842955	1.353172
east2773	-0.0110907432794	0.46803288910729	-1.065798	0.956321175
east2782	-0.014860761443	0.479688277637329	-1.05743775	0.992783224999999
egaa1242	-0.013597610082405	0.48693383059222	-1.11362375	0.988158025
egyp1253	-0.055094028987515	0.466692953976503	-1.18849575	0.836887999999999
eipo1242	-0.0860772955	0.447453845248515	-1.17163675	0.691778075
elem1253	0.11829562983975	0.496905617113602	-0.783770225	1.4269415
emae1237	0.02128868651699	0.433812408813155	-0.89013085	1.07604625
emai1241	0.03902871840915	0.476467845018218	-0.8844032	1.118449
embe1260	-0.0222753620299	0.471603582640086	-1.10038625	0.860539474999999
embe1262	-0.010394785053715	0.473444563352837	-0.997573625	1.02195925
enuu1235	-0.000740214177400001	0.475703462800026	-1.07009775	0.994690524999999
ersu1241	-0.00461163640455	0.468102017324602	-0.992130925	0.9817275
erzy1239	-0.01505809862015	0.470154779709854	-1.08403425	1.0171755
esee1248	0.0034268880015	0.450284079597426	-0.982199425	1.0239835
esto1258	-0.01110710165555	0.446088769061349	-1.04805075	0.921922725
even1259	0.0080428338192	0.462888328284816	-0.983806475	1.06442025
even1260	0.01096239256215	0.453932147861731	-0.9347294	0.965502974999999
ewee1241	-0.0276705141397	0.470856304702798	-1.0139905	0.971082174999996
fare1241	0.0107742884276	0.493495524087742	-1.0444605	1.099174
faro1244	-0.0313987593464	0.45332469515192	-1.0696765	0.8884928
fasu1242	-0.0418231845871	0.436840314606884	-1.040708	0.817018599999998
fefe1239	-0.00423130303025	0.46737372431577	-1.03873375	0.938381274999999
fiji1243	-0.0067031619403	0.469873140597268	-1.005094	1.025676
fili1244	-0.029476135352255	0.466154658587435	-1.15284975	0.93429845
finn1318	-0.01617603738627	0.468413719263044	-1.1318785	0.930801374999999
fonn1241	-0.0149580853829	0.463715579137053	-1.02516225	0.946326125
fore1265	-0.0071224332383	0.503496328896413	-1.04330125	1.107364
fore1270	0.03800125739435	0.446288164520406	-0.8481577	1.05307175
fuln1247	0.0035632517845	0.466860769904723	-1.000635	1.10836075
furr1244	0.13931771833397	0.537419236663063	-0.754335075	1.491731
futu1245	0.045340797251075	0.474437710917635	-0.924112775	1.1467655
fuyu1242	0.02705680410185	0.460842295070611	-0.9412893	1.12240075
gade1242	0.1194259457532	0.510629017437467	-0.74200985	1.375106
gaga1249	-0.02523410326685	0.487417302523151	-1.06307775	0.901495274999999
gahr1239	-0.00145410942295	0.504669660585483	-1.01994925	1.09281575
gale1259	-0.02198737181885	0.453132758549174	-1.04880425	0.963234425
gali1258	-0.06858525948715	0.465272909632558	-1.120168	0.808687324999999
gali1262	0.00992162231535	0.455518729945931	-0.9866939	1.0430475
galo1242	-0.0080164754815	0.45483027008836	-1.0281115	0.992893149999998
gamo1243	-0.1266243124895	0.473091776575996	-1.27876175	0.718897624999999
gand1255	0.01322883882595	0.444567694786112	-0.9273429	1.07108825
gang1266	-0.0127120019235135	0.449454138307531	-0.991721525	0.940588524999998
gang1267	-0.0016003839305	0.460253815428006	-0.95783085	1.017614
gant1244	-0.04800628589415	0.437823817424833	-1.082982	0.8235651
gapa1238	-0.06536957622205	0.471768936548501	-1.198256	0.782445099999999
gari1256	-0.0191230111085	0.469198173336164	-1.00830625	1.02706124999999
garo1247	-0.006102822226	0.463151215087401	-1.0096875	0.957266024999999
gata1239	-0.002530828014645	0.502750216984347	-1.17624575	1.083394
gayo1244	0.001614477336905	0.464305571710137	-1.018108	1.04054125
gbay1288	0.0329530640855	0.474747139707299	-0.915384425	1.12205225
geba1237	-0.00862328668755	0.510348580992249	-1.13279875	1.0385825
gebe1237	-0.01874837360435	0.448963090354288	-0.9764378	0.893983724999998
gela1263	0.0534960843372	0.463355465546504	-0.960099525	1.08883125
geru1240	0.2296158520481	0.534299895638289	-0.536712175	1.6387125
ghad1239	0.10970986052	0.487977135174819	-0.70874625	1.224432
ghar1239	0.0745514598039	0.476467603356071	-0.781754	1.23023475
gheg1238	0.0770352790936	0.489162116252331	-0.855666525	1.28714275
ghod1238	0.1834387832653	0.511268429554295	-0.609818625	1.46829125
ghom1257	-0.0844472029107	0.445748004567554	-1.1651595	0.734762949999998
gilb1244	-0.0002281888672	0.486928103720464	-1.04484525	1.02108375
gily1242	0.00446388993	0.492063804401874	-1.09870975	1.110766
gira1247	-0.0586566120892	0.434810249202304	-1.0782135	0.818689975
gizr1240	-0.15520766705131	0.497687764536379	-1.41368325	0.655710549999998
glav1244	-0.09514634770305	0.438869377700321	-1.20112225	0.678722049999999
gobu1238	-0.052134610621645	0.474761831067853	-1.169902	0.8326917
gofa1235	-0.1142319086133	0.46006832891332	-1.18336625	0.705476149999999
goli1247	-0.00984274976295	0.436947778966016	-0.9736806	0.9564958
goon1238	-0.0531206916788	0.466918337204309	-1.1674745	0.866427124999999
gras1249	-0.065220025231	0.446200153472359	-1.22616225	0.7783205
guah1255	-0.00261858292555	0.464834986225744	-1.0522215	1.042523
guam1248	-0.0172949579914	0.475813867211429	-1.07312825	0.947913075
guan1266	0.000950980476300001	0.489462774694114	-1.049696	1.06726075
guan1269	-0.00403346040655	0.451156634415338	-0.961879875	0.93371615
guar1293	0.21514752203555	0.575930531572245	-0.532416675	1.743634
gube1234	-0.0124717363784	0.51475851898052	-1.05913475	1.090647
gude1246	0.02213885802795	0.443666294429975	-0.888368175	1.079636
guer1241	0.0253781026536	0.490034026549335	-1.01359475	1.05664725
guhu1244	0.1124316581325	0.472880347027994	-0.713573825	1.3252375
guiq1238	-0.000209281792520001	0.471083082802333	-0.9884041	1.07770325
gulf1241	-0.05461851951325	0.460442838984089	-1.16989875	0.827507225
guma1254	-0.02768718481205	0.47712338301758	-1.0929155	0.927114875
gumu1244	0.080695949976	0.467081856202586	-0.765075775	1.2102735
gunw1252	0.0552653877145	0.454849711440979	-0.895761525	1.1174055
guny1241	-0.0110042130935	0.466499806245621	-0.970708025	1.04752425
gura1251	-0.067331317597	0.489498720831198	-1.24471	0.861431099999997
guro1248	0.03212173538215	0.445061288088355	-0.900202225	0.96409215
guru1261	-0.017750130846095	0.463257386389889	-1.03641375	0.981151875
guru1271	0.148553557789816	0.448237523829338	-0.588544525	1.330259
gusi1247	0.03799423984498	0.462995320427402	-0.85849995	1.16296075
gwen1239	0.0100165689323	0.460291396575394	-0.950823675	0.954403799999998
gyel1242	-0.0107231810475	0.475831066706984	-1.0927045	1.015148
haaa1252	-0.0201947466899	0.456718540050697	-0.989866575	0.86233255
hadi1240	0.06228968764361	0.399163447658986	-0.675846025	1.047982
hadz1240	0.081798996127865	0.415184686290234	-0.716960875	1.0759815
haka1240	-0.00259237279955	0.49670141093579	-1.15947675	1.035802
halh1238	-0.0112377528983	0.473292738441942	-1.17178925	1.0403175
hali1244	0.0658849855925	0.487947290491324	-0.85805165	1.21802375
halk1245	0.0065662642026	0.475480462883462	-0.9926182	1.0471475
hang1263	0.0503233194784	0.445518559841647	-0.82006855	1.0220625
hani1248	-0.0009207158095	0.470124999337105	-1.0309085	1.05260225
hano1246	-0.029338753562	0.481089080969561	-1.15699975	0.918909599999998
haru1245	-0.020000867246	0.449104912381541	-1.0055325	0.932659399999997
hass1238	-0.0763278834455	0.464464001107047	-1.21858575	0.794907099999999
hata1243	-0.00728516669575	0.469546383992991	-1.09310675	1.03491725
hava1248	0.02627130349605	0.428641178995977	-0.78991375	1.00650775
hawa1245	0.0177447026681	0.48054173100202	-0.92536545	1.092235
hebr1245	0.000922416838800001	0.440856069135641	-0.968106625	0.952035574999996
hehe1240	-0.01203224006115	0.474682934549737	-0.988547325	0.961808925
heil1246	0.00311827550665	0.450772181979064	-0.92724195	0.922547499999999
hela1238	-0.004075163642	0.504473756277326	-1.1001515	1.09551525
here1253	0.00262958861435	0.473409721515901	-1.07392425	1.0442895
hida1246	-0.01872070676075	0.476853146675589	-1.11578575	0.937638474999999
high1276	0.00888565084965	0.445979043721675	-0.9933704	0.930881075
high1278	0.0235708432129	0.468905514747073	-1.00494125	1.08377275
hili1240	-0.0055253561675	0.439736447980056	-1.00950025	0.928108299999999
hinu1240	0.15297804607295	0.483602377171035	-0.6134758	1.49606325
hlai1239	0.006271120786	0.499096989972535	-1.06043	1.03193425
hler1235	-0.00500639371185	0.438674200103542	-0.94572535	0.947238699999999
hoaa1235	-0.0259415404738	0.475915446091634	-1.09251575	0.940139625
hoav1238	0.06624016795915	0.479459316542082	-0.839391375	1.05481025
honi1244	0.0008590007325	0.483490742297419	-1.063058	1.00540625
hooo1248	-0.0023784797303	0.460033897294072	-0.9751469	1.004742
hopi1249	0.1838239358715	0.534466195733155	-0.58013115	1.59871025
horp1239	0.0011814174663	0.514451618975865	-1.0672785	1.165946
huaa1248	0.0882318384296	0.537259530255891	-0.832513025	1.30796775
hual1241	-0.0180048504485	0.473888540439422	-1.04825375	0.921584324999999
huar1255	-0.0378838680751	0.463717572173933	-1.0883365	0.898260974999999
huas1242	-0.00699066488495	0.465701419941954	-1.0043285	1.00956125
huba1236	0.0633845407101	0.449537654186424	-0.737401825	1.210078
huic1243	-0.0106865273196	0.479576337599041	-1.07363825	0.940226425
hula1244	-0.0275526061226	0.432563238318113	-0.99839655	0.919173225
huli1244	-0.03606098692	0.445105539447568	-1.02625225	0.876953274999999
humb1243	-0.0422767369888	0.450513464310848	-1.08538825	0.937002874999999
hung1274	0.011981753618002	0.473532242557348	-0.946490025	1.03034225
hung1275	-0.00783070188	0.472624336591523	-1.092592	1.00871325
hupd1244	-0.0047678739082	0.461192902858847	-1.00113175	0.979265825
huuu1240	-0.0178346430814	0.43857310127319	-1.01981375	0.95480685
iaai1238	0.004132287429	0.446697577859954	-0.915674325	1.05303175
iatm1242	0.0464169012895	0.42736461238228	-0.770877875	1.1270175
ibal1244	-0.01635945599495	0.469382628846667	-1.09236325	0.997430974999999
iban1264	0.0010703296359	0.490219197348622	-1.0058925	1.04380475
iban1267	-0.0215445513493	0.497220546614346	-1.103648	1.018025
icel1247	-0.0202595320807	0.470780368042491	-1.0417495	0.9025435
idaa1241	-0.00786148446835	0.511010131734885	-1.09558375	1.018154
idii1243	-0.13670963496415	0.482842217496356	-1.32520325	0.703611674999999
idun1242	-0.04572697432245	0.460177616141254	-1.125302	0.82064345
igna1246	-0.005496430577	0.47031125263985	-1.0792725	1.013135
ikkk1242	0.121868104020535	0.471248940381559	-0.674077975	1.29309325
ilaa1246	0.01317513116335	0.446554765876984	-0.916652275	1.0050165
ilok1237	-0.01788176237585	0.468463099302876	-1.08314525	0.940930475
ilon1239	-0.0232525160292	0.480315266368735	-1.14053125	0.995066024999999
imba1240	-0.009699355415	0.467780390508199	-1.0396465	1.07026275
imon1245	-0.0186564072585	0.41363973917937	-0.91198385	0.807730275
indo1316	0.0010211023798	0.470594617048956	-1.02393075	1.10835925
ingr1248	-0.0174522935963	0.46238185918986	-1.05516325	0.944920675
ingu1240	0.19229537012306	0.521622706101542	-0.570230725	1.665552
iran1262	-0.01046129804615	0.443489023547342	-1.00816375	0.945627675
iraq1241	0.1334320354805	0.455528991393794	-0.6026371	1.27166175
irar1238	0.0126707721866	0.463584078282187	-0.95042765	0.991963975
iray1237	-0.006615101203065	0.445400277589236	-0.9432221	1.0151145
iris1253	-0.01196878242735	0.435340660698947	-0.97200705	0.928684524999999
irul1243	-0.019370958994075	0.49164320028907	-1.11583075	1.007308
isco1239	-0.01426300229665	0.469627796929939	-1.03292475	0.95148055
isin1239	-0.0269325912651	0.468655770369444	-1.15496025	0.941089749999999
isna1241	-0.01063349210575	0.504019169442866	-1.167799	1.08814925
isth1241	-0.00332329404725	0.471620279025226	-1.061845	0.960703774999999
isth1242	0.0011215385065	0.4547167068933	-0.99246485	0.910205975
ital1282	-0.0403487830978	0.457115879920115	-1.13600925	0.8923479
iton1250	-0.0042394244879	0.490513885457966	-1.050425	0.961951049999997
itza1241	-0.0137682029115	0.481154531327809	-1.07671925	1.04553025
ivat1242	0.004781509373855	0.495360416215187	-0.990418625	1.12024675
iyoo1238	-0.01586693388235	0.4084391388117	-0.913025575	0.88607325
jalk1242	0.01793794563355	0.445837866615722	-0.929861975	0.972798824999999
jama1261	-0.0092400661465	0.466080428169866	-1.04818375	0.945737924999999
jamb1236	-0.0067715404621	0.448605394102538	-1.070432	0.917465424999999
jams1239	0.000753019418299999	0.429005842605037	-0.836170925	0.946845849999999
jaqa1244	-0.0203563314905	0.475371401196724	-1.057318	0.929878299999999
jara1266	-0.01553570911081	0.476971516564537	-0.9547219	0.955727024999999
java1254	0.000205102538400001	0.49899929254178	-1.05081325	1.06637325
jeha1242	-0.0144751142958	0.446751455376434	-1.026914	0.904503925
jenn1240	-0.02769625565545	0.465964316307615	-1.07077675	0.89382495
jeru1240	-0.017371485684395	0.4647915749859	-1.049127	0.991473775
jina1244	0.0108640045257895	0.438874515221374	-0.887224125	1.0156955
juan1238	-0.007010325459	0.474677584002742	-1.135889	1.02315825
jurm1239	-0.0687980253351	0.433161947386561	-1.126426	0.736064475
kaba1281	-0.08842886497864	0.460859643553581	-1.22196275	0.81647255
kach1280	-0.0046396343905	0.471709524186445	-1.07557225	1.00770825
kach1284	-0.07185953421095	0.445308413368712	-1.10160075	0.8012846
kada1242	-0.028910246079	0.466694809041068	-1.086549	0.945469849999998
kado1242	-0.015173610677	0.469210897467277	-1.12037675	0.948023075
kaga1256	0.0117888153546	0.514886230353179	-1.0678375	1.1031045
kagu1239	0.01807075022365	0.464881923889088	-0.9887782	1.11691975
kaik1246	-0.01616738726	0.477761590951866	-1.040351	1.0159485
kaki1249	-0.00868787162795	0.438871312459461	-0.9960179	0.945802999999999
kala1377	-0.06913976366365	0.467527190301754	-1.24379275	0.759725224999997
kala1384	0.00148053788855	0.479796085163686	-0.98306405	1.0601035
kala1388	-0.0122388949832	0.469871884933703	-1.10073375	1.02731525
kala1399	0.0089993507829	0.440472785036435	-0.984201025	1.00756275
kali1308	-0.021167505365615	0.468650919261521	-1.08322325	0.923244375
kalu1248	-0.040537445747	0.41079703853543	-0.99634425	0.833369525
kama1367	0.0070865038408	0.445155955103813	-0.928433	0.979827349999997
kamb1297	-0.0538859696611	0.461257707851238	-1.1727005	0.8538004
kamb1299	0.0085636998294	0.441151560447785	-0.94501285	0.939899799999999
kamb1316	0.04646457293215	0.401628370317729	-0.72218815	0.950379574999999
kamm1249	0.118080621373	0.470571176935603	-0.7008186	1.27268675
kamo1255	-0.0307477319215	0.461836151525942	-1.09419275	0.896781674999999
kamu1260	-0.0013265111493	0.448109421861595	-0.91038425	1.0136595
kana1288	-0.0692239979726	0.493955399464611	-1.32766475	0.856884524999998
kani1286	0.0413330643013	0.446523425680475	-0.8459227	1.1513445
kank1243	-0.0286292448928	0.484656655233568	-1.22261525	0.977258725
kaqc1270	-0.03000715361495	0.499504210720029	-1.179557	0.984208224999999
kara1482	-0.01532716465115	0.452228346892557	-1.11167825	0.963933499999999
kara1487	-0.02431897833563	0.473566391815329	-1.15829925	0.97665465
kara1499	0.0158013764553	0.461819957106404	-1.00763775	1.124134
kara1500	-0.00925160578115	0.465782433740848	-1.054123	0.909977975
kare1335	-0.00142088687105	0.438189088831401	-0.891604875	0.922564199999998
kare1338	-0.06324756116245	0.440160945519799	-1.1654485	0.792914975
karo1304	-0.0097881143808	0.479035374427497	-1.06718775	1.04437525
kash1277	0.02268223395425	0.473114922897962	-1.0098905	1.10736725
katb1237	-0.020229695789	0.457538762356444	-1.060706	0.9217898
kats1235	-0.0066862244161	0.440388443057341	-0.917408525	0.9361861
kava1241	-0.0204947954717	0.472436327029543	-1.09717725	0.961084774999998
kaya1315	-0.017336550744	0.499640614251796	-1.11903125	0.975625799999998
kaya1319	-0.0064673882545	0.46508072984728	-0.99419605	1.0278565
keap1239	-0.0738411803608	0.496859352215463	-1.36939275	0.828941749999997
kemb1249	0.0048877906897	0.466356008844316	-0.9417261	1.06337
kens1248	-0.0054390198505	0.448951046276171	-0.9392317	0.917953124999997
kenu1236	-0.02786671305975	0.437327936151227	-1.00390875	0.873176974999999
keoo1238	-4.82604253000003e-05	0.442260032047482	-0.942590525	0.914790174999999
kera1248	-0.02982185751055	0.491391976606797	-1.1396175	0.908015049999999
kera1255	-0.02464502545195	0.431294506249017	-0.949955975	0.893105875
keri1250	-0.006931716045655	0.49298872959731	-1.05286325	1.06297475
kesa1244	-0.027861114737205	0.423629387469699	-0.993297575	0.846236849999998
kett1243	0.1371102146745	0.49138549564216	-0.67123735	1.395188
kgal1244	0.01583592621191	0.455282678653203	-0.9427245	1.0291225
khal1275	-0.0166796757605	0.460227584819144	-0.9881461	0.953953724999999
kham1282	0.0009602410209	0.496682383764705	-1.017831	1.03596575
khan1274	0.00119284443595	0.477889324783305	-1.0541905	1.07880875
khan1277	-0.01186852770955	0.441726762880304	-1.03234125	0.922068649999998
khan1278	0.10691085252339	0.487527443671045	-0.766794875	1.36207625
khar1287	0.000681770895499999	0.468861432903045	-1.08906075	1.014131
khar1288	-0.00857398678335	0.454212393960135	-0.97455255	0.978365374999999
khas1269	-0.01669700772805	0.450791195527108	-1.03350225	0.963971624999999
khmu1256	0.00798479718985	0.477595410762046	-1.030103	1.06583275
khva1239	0.14013398466915	0.480084552473592	-0.6326922	1.4758245
kich1262	-0.030408853702765	0.485075870871039	-1.15385825	0.943191875
kile1243	0.0014660284568	0.507022662368048	-1.133432	1.1375705
kili1267	0.0127816220547	0.456048448553193	-0.970941175	1.04082325
kima1244	-0.015229397935645	0.472316309163514	-1.08350175	0.922956049999998
kimm1245	-0.01404465522365	0.474717622353007	-1.06866275	0.941330299999998
kina1250	-0.00698677867083	0.457144011970985	-0.981262425	0.918427625
kiow1266	-0.01100463050755	0.487926304443829	-1.16739575	1.0055545
kobo1249	-0.03104907213405	0.448880251205495	-1.05079625	0.9192754
koda1255	-0.0059012657059	0.480934164831186	-1.05693775	0.970142775
koit1244	-0.04672610249985	0.462883499091845	-1.24687525	0.888457025
koka1244	0.0088356779853	0.496316645467734	-0.951264	1.09506675
koko1269	0.0929934208986	0.491155146209833	-0.73785035	1.33875675
kolb1240	0.08261565589315	0.475850098265417	-0.809729475	1.1889545
kolc1235	-0.0109790379435	0.477801204187794	-1.005564	0.99166755
kolp1236	0.24827913015025	0.523185060542378	-0.466744875	1.65407899999999
kolu1245	-0.03980784983975	0.459722431075664	-1.05773025	0.87517745
komb1274	-0.07963475345523	0.467887915599331	-1.1847625	0.802808899999997
komi1268	-0.006781873739	0.466592172225071	-1.07379625	1.026268
komi1269	0.0105032297135	0.479319933130469	-1.0059975	1.02324975
komi1270	-0.0132327973316	0.472102174918496	-1.0546385	0.991474574999999
komo1260	-0.00916687955485	0.477028168655715	-1.046071	0.932953499999998
kona1242	-0.0533766398263	0.418926806710114	-0.9829615	0.812109699999999
konk1267	-0.02067800075835	0.45302832919864	-1.0400425	0.937345999999998
kons1243	-0.0506658607845	0.457092741289878	-1.10954225	0.920525425
konz1239	0.04118751102979	0.498194779326152	-0.902810275	1.163216
koon1244	-0.02000449394595	0.480720759286002	-1.07538275	0.998000174999999
koon1245	-0.01459672915395	0.477040601449602	-1.00875225	0.98233345
koor1239	-0.07685398546705	0.479426042128451	-1.22231425	0.873318624999997
kora1294	-0.050687795636	0.471087720070565	-1.16331925	0.861243899999999
kork1243	0.00088698708425	0.506763534621223	-1.07572375	1.04277425
koro1298	0.00013292810665	0.450261802598058	-1.02399	1.0379565
koro1312	-0.08093484910095	0.453553783304026	-1.1890475	0.772840475
koro1313	0.174437001555	0.489062117959086	-0.596114175	1.446105
korr1238	-0.0075805612099	0.467539732262703	-1.060227	0.979476674999997
kosa1249	-0.0926713441762	0.434573363644827	-1.12795525	0.7348562
kosr1238	0.01581669376595	0.469905372717357	-1.00095825	1.08720975
kota1263	-0.0243129879422	0.449022968838972	-1.020064	0.911934025
koti1238	-0.0209758682205	0.504122364261346	-1.0585475	1.0572055
kove1237	0.12894025363029	0.486784448218696	-0.720222025	1.31578525
koya1251	-0.00205762329023	0.474008243222387	-0.95771185	1.05052225
koyr1240	-0.0531760775685	0.473667349315199	-1.192839	0.854861274999998
koyr1242	-0.01879832096675	0.465941125902271	-0.999799425	0.998215124999998
koys1242	-0.0613731394375	0.465536625888183	-1.1846995	0.825376925
kris1246	-0.03129282300245	0.449471702720682	-1.05775375	0.863995974999999
kryt1240	-0.043443853768705	0.480286639942339	-1.1736155	0.957972674999998
kuan1247	-0.0066001384534	0.471349895357339	-0.9893903	0.9651705
kuan1248	0.1247478604322	0.447510607642817	-0.6791991	1.328049
kuku1273	0.0017070294619	0.440198516023914	-0.938670375	0.956704774999999
kuku1280	-0.006109161210455	0.469645340449215	-1.02458675	1.0008105
kulu1253	-0.012151716522075	0.459799833129366	-0.99229545	0.963200974999999
kuma1276	-0.0148939601939	0.500028515794555	-1.1008965	1.01431925
kuma1280	-0.0207425433288	0.438246548810786	-0.961377275	0.89401285
kumz1235	-0.0125385987991215	0.443976665651436	-1.046906	0.963425324999999
kuna1268	-0.06833551468695	0.463703894499012	-1.16707625	0.83980145
kunb1251	0.0207858989152	0.464456289095991	-1.025594	1.04096025
kuni1267	0.07982159010892	0.454544216944242	-0.752637325	1.14777475
kunj1245	-0.00081208134425	0.479027274007819	-1.02341675	0.986278849999999
kuot1243	0.024952327616	0.456160887777718	-0.931743575	1.08211375
kurt1248	0.004709198420165	0.480441226338012	-1.0836135	0.9997189
kusa1251	0.063613228679	0.491839724427693	-0.912092625	1.10419225
kusu1250	-0.0095434915336	0.493670642841835	-1.0304645	1.0581595
kute1248	0.03150288515735	0.460788946790648	-0.893813125	1.11895675
kuyy1240	-0.0132512631809	0.460868178827029	-1.0782705	0.9269477
kwai1243	0.0224885752517	0.441600157082644	-0.948160375	1.045272
kwam1252	0.08639579880925	0.491509227698956	-0.846881475	1.25665975
kwaz1243	-0.0069705876568	0.465063687190225	-1.00747925	1.0354925
kweg1241	-0.078867695875725	0.438770979854769	-1.08684	0.796637725
kwin1241	-0.0250489888139	0.467100668136529	-1.064077	0.914724325
kwom1262	0.057909224321	0.449343186044645	-0.808922825	1.0299975
kxoe1243	-0.0679362782425	0.443271494151843	-1.18003	0.755328774999999
kyer1238	-0.00838600617463	0.48214452521717	-1.08775675	0.977089799999999
laal1242	-0.03935818425475	0.462992975480023	-1.1451415	0.938920475
lach1248	-0.0063155546839	0.484073091251948	-1.0119525	0.980828899999999
lagw1237	0.027640535176	0.42638087124447	-0.8526456	1.0359395
lahu1252	-0.004709338698	0.458122225401883	-0.96695135	0.987820599999999
lahu1253	-0.00984284309705	0.472805308833041	-1.05440225	1.04542175
lala1264	-0.01249333930755	0.461616536565094	-1.067543	1.01662475
lala1268	-0.01062262642215	0.459488261566279	-1.0299705	0.970820424999999
lama1277	-0.00447243492025	0.452360188579889	-1.03052925	1.01035275
lama1288	-0.0781370522776	0.437618323626126	-1.16429025	0.766770124999999
lamk1238	-0.00935884992955	0.457662947171335	-1.024945	0.96217835
lamo1244	0.1310732134757	0.485397180512439	-0.679371475	1.31988125
lang1320	0.15184105703645	0.486119384277452	-0.7187366	1.4290775
laoo1244	-0.0042022154449	0.4825410042067	-1.0545595	0.959227424999999
lara1258	0.0476707560449	0.469305975650242	-0.839139725	1.217609
lard1243	-0.00919917482025	0.462822985576003	-1.03320375	1.06425125
lash1243	-0.00466573466075	0.521833304357149	-1.0948235	1.04054675
lauu1247	0.02245435993425	0.448579752876013	-0.9531997	1.03341225
lave1248	-0.013887047521	0.483963734860127	-1.0936505	1.0310965
lavu1241	0.1424127261437	0.521255638014707	-0.7415735	1.477281
lazz1240	-0.027421309684645	0.480723742502615	-1.06933125	0.99876745
lele1276	-0.13944006887805	0.46101148073024	-1.3359185	0.650180249999999
lemb1266	0.03134707022005	0.439116169623985	-0.8585606	1.1071855
leme1238	-0.01806085610955	0.478358668588661	-1.1065895	1.004331
lena1238	0.1039364537768	0.507240890039127	-0.793588975	1.364374
lend1245	0.018348363371	0.44920697879174	-0.947084575	0.966634
leng1259	0.02852975201458	0.448614004780465	-0.902429275	1.029014
lepc1244	-0.00662622705963	0.496667636201926	-1.02328125	1.05407525
lewo1244	-0.00770626328335	0.452330198742725	-0.9767657	0.960652275
lezg1247	-0.022706644261	0.489307477637213	-1.09413025	1.007766
liby1240	-0.072923634467375	0.435807639155739	-1.20812375	0.7039083
lihi1237	0.0368288095848	0.486213506321304	-0.9015806	1.1526335
liji1238	0.066747378675845	0.460100503369064	-0.85837995	1.1244175
lika1243	0.02688440673705	0.462873905615498	-0.96443405	1.06067575
lill1248	-0.01320249620605	0.478289437779965	-1.06455275	0.944611825
limb1266	-0.0132036265805	0.464580556888576	-0.9892931	0.935496375
lipo1242	-0.00535068163775	0.459291142993844	-0.981437225	1.03014675
lish1245	-0.065446259638	0.482241428082243	-1.27620525	0.8405853
lisu1250	-0.00926454991745	0.466427164901037	-1.01115775	1.0150885
litz1237	-0.0259247005385	0.443548453107485	-1.04717275	0.861827375
livv1243	-0.003876975021855	0.481359215491353	-1.11186775	1.04722775
logo1259	-0.0049075568859	0.447129577889481	-0.963201725	1.0913395
loka1252	0.02251993865	0.46589514987363	-0.915093025	1.01739675
lolo1259	-0.00337738508345	0.478844578869544	-1.09077275	1.096172
loma1260	0.02652353010955	0.470769499971393	-0.95717115	1.14010625
lomb1257	0.113116417602	0.469871877974525	-0.6981276	1.20886125
lote1237	0.140244829194	0.45547756506473	-0.613264425	1.268231
loth1237	-0.0097824373638	0.457281048634347	-1.03722475	0.960528724999999
lotu1250	-0.00369517120195	0.466832527633882	-0.998718275	0.965092974999998
louu1245	-0.012760832243875	0.467740477075692	-1.0280555	0.991041024999998
lowe1412	-0.02875038328075	0.487018362885906	-1.12325725	0.975853399999999
lowl1265	-0.04716978551655	0.470092346988895	-1.11775275	0.860780924999997
lozi1239	-0.027895148494105	0.467344362040721	-1.10225375	0.940868374999999
luan1263	0.00429914127755	0.487189887981653	-1.0596995	1.07730125
lubu1243	-0.02741713454385	0.502899911159315	-1.1887635	1.06108025
luch1239	-0.00519158743495	0.496817308371564	-1.06164525	0.996643999999998
ludi1246	-0.01972579864805	0.457592643907743	-0.998603575	0.909965899999999
lugu1238	-0.00217184057695	0.467097419452281	-0.994921275	1.04152
lule1254	-0.0176436863062	0.45369850487359	-0.986300425	0.961049075
lumb1249	-0.01725933539575	0.465738409207721	-1.07284675	0.963191424999999
lumu1239	0.310534026410975	0.601408935267088	-0.394691675	1.97479225
lund1266	0.0021470939355	0.45339917001644	-0.967655425	1.02687225
luok1236	0.0535248688156	0.447536970341977	-0.8318879	1.08124925
lush1249	-0.01018692474595	0.48989113115841	-1.12753875	1.00847825
lush1252	0.0040679389626	0.457491854768408	-0.9238105	1.00916075
lusi1240	0.14210351216735	0.492410539747967	-0.643720625	1.402398
luya1241	-0.0232890332609	0.476054146900216	-0.986759825	0.950932375
maan1238	0.0154353020248	0.457462281590893	-0.95869585	1.04688325
maas1239	0.04212512757009	0.486017834505486	-0.990535675	1.234965
maba1270	-0.0230455918577	0.461538380284347	-1.06567525	0.910722724999997
maba1277	0.12354610456035	0.476274196540486	-0.73522905	1.27901225
mace1250	0.13224711613255	0.479643042532048	-0.668431925	1.27862075
mach1267	-0.0162696066458	0.48146208797943	-1.139149	0.883190575
maco1239	0.01135664538905	0.457061010617538	-0.985981225	1.007673
macu1260	-0.014815433692895	0.482819974394795	-1.069099	1.0433105
mada1285	0.0398947114235	0.465775897932947	-0.916663075	1.201368
madn1237	-0.0285548797164	0.473656847523038	-1.12973875	0.89077265
maee1241	-0.02713303569461	0.436119544122256	-1.050583	0.88473945
magd1235	0.0723794172454	0.495234820831767	-0.887050125	1.29308025
maib1239	0.04397332305475	0.449885360687677	-0.882160975	1.1217705
mail1248	-0.072177162886	0.502208707635261	-1.28104475	0.842807199999999
mais1250	-0.0624673524471	0.459127485344014	-1.11148525	0.809408374999998
mait1250	-0.034008541808995	0.415310107466711	-0.975559875	0.759401125
maja1242	0.0589679799811	0.421518245356844	-0.75747105	1.111696
maka1304	-0.003720628312165	0.476360815627358	-1.00209275	1.014387
maka1311	-0.005392941234035	0.450476875170518	-1.03942975	0.954097299999999
makc1235	-0.01246110841993	0.430916296231946	-0.930760175	0.945722824999998
makh1264	-0.0206490486338	0.45903318494571	-0.9928772	0.95815165
mako1251	-0.0103008315775	0.430397176332834	-0.973799975	0.933999375
mala1463	-0.0034159288511	0.453028181099158	-1.03286475	1.00466
mala1464	-0.0022262805811	0.445707838465204	-0.97524145	0.960910675
mala1479	-0.006713708535175	0.476389049677069	-1.05920925	1.02759975
mala1522	-0.0143648567414	0.447880171235003	-1.015289	0.956057924999999
male1284	-0.13301440649825	0.456760422191643	-1.29366075	0.679466724999998
male1289	0.1153555511791	0.467120291627699	-0.670001025	1.32723075
male1297	-0.00039642972275	0.477568075709014	-1.083981	1.0671335
mali1284	0.16720104679	0.483065680020869	-0.622099175	1.43931525
mali1285	0.0171768718166	0.501559105817759	-1.10097625	1.06607675
malo1243	-0.027601423705075	0.450924350174385	-1.090222	0.892887424999999
malt1254	-0.06017466421677	0.44003931282948	-1.157464	0.756887974999999
malu1245	-0.0256911639016	0.434141727829006	-1.04540375	0.87283955
mama1275	0.003091926069	0.47856766420225	-1.054247	1.04281149999999
mamb1294	-0.046772921528763	0.452282557135035	-1.0653125	0.828010849999998
mamb1296	-0.00945035325535	0.477245612488642	-1.0287265	0.974236974999999
mamv1243	0.1042873257439	0.476785065786392	-0.7972247	1.272978
mana1288	-0.02169608652765	0.468224054186856	-1.11783825	0.973869099999998
mana1295	-0.0407110536602	0.469876590195112	-1.13211875	0.890701025
mana1298	0.0467210081914615	0.425458922948016	-0.738691025	1.016245
mand1415	0.01517371442835	0.483578663826349	-1.06722075	1.08370025
mand1436	-0.0469044560968	0.469532247997545	-1.152597	0.940991249999999
mand1440	0.014269950104	0.487088870844258	-0.9992702	1.171103
mang1378	-0.00450999464844	0.45299646432808	-1.0503255	1.02678875
mang1381	0.22567592569455	0.545381867157354	-0.49457335	1.660071
mang1401	-0.0030254590933	0.436640637218362	-0.991492275	0.9238431
mang1403	0.136985166066	0.473567176432659	-0.61594005	1.31744325
mang1405	0.000671350314500001	0.449677396599094	-0.934507675	0.954839275
manm1238	-0.018658922694325	0.437808486092113	-1.0159705	0.9767003
mann1248	0.130612487444594	0.495607270970448	-0.66069785	1.432391
mans1262	0.0034631480467	0.456829463627399	-0.99113485	0.975959975
manu1258	-0.00432282526157	0.455077466096724	-1.01208875	0.964822724999999
maon1241	-0.012098724955	0.462740710200225	-1.03172675	0.97081165
maor1246	-0.00501442877605	0.462432972617837	-0.9858865	1.04261625
mapo1242	0.1079216580821	0.482785465253846	-0.6807955	1.40250625
mapu1245	-0.00068551410205	0.445883765141633	-1.0208315	0.989716175
mara1378	-0.01155731339985	0.448460769296558	-1.0278925	0.920366725
mara1379	-0.01051552100985	0.443316616168298	-1.04866525	0.954461949999999
mara1385	0.221350229983005	0.560171906433233	-0.5343183	1.68494549999999
mara1386	-0.04883572131785	0.460798090039618	-1.12960475	0.859317975
mara1399	-0.0251471282386	0.436562347624972	-1.03128125	0.913731824999999
mara1404	-0.0065258580713	0.489068703386826	-1.0013915	0.985717699999999
marg1265	0.02369472044321	0.450562204651844	-0.910956	1.0952415
mari1414	-0.01748142171545	0.472932459493005	-1.0053965	1.01493025
mari1416	-0.0165745190765	0.457063674673893	-1.05934525	0.967484025
mari1424	-0.049924643515295	0.467268926914657	-1.1686185	0.876827524999998
mari1426	-0.02314302669714	0.473217129459892	-1.07798325	0.943268174999999
mari1428	-0.05665313419791	0.435113136479908	-1.050703	0.811182999999999
mari1440	0.069309830585	0.468424947243379	-0.85037275	1.147634
mars1254	0.0061886298638	0.497493793456323	-1.053555	1.12473675
mart1255	-0.01248649015725	0.428169049848503	-0.9789459	0.879173025
maru1249	0.00299360151655	0.455236642638687	-0.970162	0.92953195
masa1322	-0.0147160242025	0.428365711055135	-0.985434675	0.89924285
masb1238	-0.025160064278035	0.46607865958352	-1.06729425	0.943758975
mati1250	-0.00112208656635	0.494987948688198	-1.0432455	0.997959499999999
mats1244	0.0143788667070195	0.496990656359893	-1.05138025	1.11191249999999
maun1240	0.0218411214094	0.453908211391348	-0.94404385	1.00101875
mauw1238	-0.05885604322115	0.439129642258673	-1.091554	0.845192074999998
maxa1247	-3.09517310000037e-06	0.480859864901525	-0.9530704	1.02615575
maya1285	-0.02527697891405	0.47997733071972	-1.1505635	0.9311307
mayo1261	0.02895984153775	0.465983774598516	-0.917177125	1.07003425
maza1304	-0.0436279010525	0.434565395035412	-1.056673	0.8625169
mban1263	-0.0469131435599	0.449781265572635	-1.08639375	0.887214699999996
mbar1260	-0.0278601563731	0.41780621937478	-0.92544445	0.851114549999998
mbay1241	-0.1402735169281	0.469710506452055	-1.29817275	0.652699074999999
mboc1235	-0.00967581755505	0.469125804106256	-1.0038285	0.941992275
mbug1242	0.10511934067222	0.490843013608167	-0.7850539	1.29460775
mbya1239	0.00373160034613	0.500561714646279	-1.05309275	1.13752725
mehe1243	0.08037887213415	0.453644592154651	-0.756457725	1.14384175
meke1243	0.0406662748989	0.443834297942367	-0.866875675	1.020857
melo1242	-0.11521538482	0.455906573141631	-1.199809	0.71829
melp1238	-0.031146835768605	0.447366215255059	-1.03416125	0.905244425
mend1268	0.06614981637635	0.447355396679854	-0.808240775	1.12017625
meng1267	0.21820491214386	0.509598184176539	-0.492976875	1.5333325
meny1245	0.0494397355766	0.452146585105984	-0.844201775	1.157864
mera1242	0.23423143398515	0.512750380642968	-0.440955975	1.596402
mere1242	-0.0249571064431	0.460070500221139	-1.1001675	0.909489424999999
meri1244	-0.1268838878725	0.492344456969689	-1.4190645	0.713095124999997
meru1245	-0.08708862718365	0.470615689209639	-1.2281115	0.735571274999998
meta1238	-0.0025616585937	0.452755585016355	-0.967733775	0.984195374999999
meya1236	0.01399878004115	0.468534090215567	-1.0030915	1.08768875
mezo1235	0.1520833656199	0.526752991222455	-0.664346	1.568199
mezq1235	0.0047429070647	0.504623437326902	-1.05340475	1.063971
mian1256	0.00335867500105	0.409546641403222	-0.8301339	0.916914324999999
mich1245	-0.0277967609288	0.467066910697298	-1.08395375	0.898547349999998
midd1327	0.0749531758938	0.456543209699784	-0.726784225	1.2897925
midd1357	-0.003625326435105	0.473734985758735	-1.05564775	0.976085124999999
mido1240	-0.05368930239155	0.448578171228709	-1.11906675	0.825611025
mids1243	-0.02035504642305	0.50369330127013	-1.1771625	1.05990525
miga1249	-0.0688551444405	0.470688316503207	-1.20013	0.830365375
miju1243	-0.00930086634085	0.448640616292287	-1.0504115	0.941552924999996
mika1239	-0.017758167624345	0.445808292999692	-1.00649025	0.891837924999999
mikm1235	0.00190133159147	0.479513823240571	-0.963658775	1.0601635
mila1245	-0.01469205984985	0.488618031988809	-1.03099275	0.939048675
mina1268	0.0048554707185	0.471744860641534	-1.01201625	1.0821135
mina1276	-0.0792540646772	0.427445105826632	-1.1548665	0.771220099999998
mini1251	0.1300883192724	0.450889609847909	-0.629762625	1.309578
minn1241	-0.00419340888330635	0.490534098173239	-1.04619975	1.03486175
miri1266	-0.033872356756065	0.455926495376537	-1.1318475	0.904267199999999
misi1243	0.037202452734	0.457556229198196	-0.919925525	1.205327
misk1235	-0.01099687304875	0.426539526952175	-0.903630975	0.874186049999998
mixt1426	-0.0075595920012	0.448810665139471	-0.967946375	0.919673625
miya1259	-0.00285004580415	0.460751615281683	-0.97960745	0.99468495
miya1266	0.23535935390355	0.523721851424661	-0.478046275	1.6458335
mlab1235	-0.0124050095711	0.502906400963951	-1.031726	1.05964175
moba1244	0.02557647045465	0.497652143344188	-0.975636875	1.16707775
moch1257	-0.0100949543892	0.44267727792549	-0.963699775	0.926945574999999
moco1246	-0.0068433888413	0.450439111808648	-0.96248195	0.947977624999999
mode1248	-0.0041384214315	0.42985004640458	-0.888911575	0.895555774999999
mokp1239	0.0006834985705	0.498553133060366	-1.09968175	1.10502025
moks1248	-0.00995407987965	0.454282071342743	-1.024676	0.988636824999998
mono1270	-0.0697536637696	0.455859371601689	-1.1312335	0.780498174999999
mont1268	0.02398329469742	0.480031533948465	-0.9717699	1.10119525
mopa1243	-0.010359682169	0.470651839625716	-1.07820925	1.00472275
more1259	0.0204660985112	0.504994947008602	-1.07579375	1.15889725
mori1268	-0.001683112994	0.506657822523506	-1.2009675	1.0982375
morm1235	-0.0340309522025	0.457988625157027	-1.05386875	0.8989543
moro1289	0.0321856214043	0.437523388990758	-0.8931601	1.02414975
mort1237	0.2113315403885	0.601005382248906	-0.565421725	1.76500925
mose1249	-0.01085330089025	0.458285382100003	-1.01608975	0.944220674999996
mota1237	-0.02328468638185	0.480233432501416	-1.08025275	0.895987525
motl1237	-0.023036405464	0.477747351910385	-1.0622475	0.928571349999999
mouk1239	0.144153484330573	0.487415561492198	-0.650372525	1.34734649999999
movi1243	-0.0191880162105	0.466418629518863	-1.018315	0.911507099999999
moyo1238	-0.0090545392117	0.450317064977651	-0.999856225	0.946488849999999
mpot1240	-0.0111269984165	0.450695819122358	-1.0356435	0.979700199999999
mpur1239	0.01697630469615	0.459604815460878	-0.9027522	1.059443
mudu1239	-0.0336387874731	0.468781228303113	-1.12152625	0.8893834
mudu1242	0.09794701993955	0.468768727426498	-0.705794525	1.2169955
mull1237	-0.0073004169595	0.463387498651547	-1.00901625	0.988759549999999
muna1247	-0.004229614261615	0.47463455000356	-1.004406	1.0143375
munc1235	0.00505590840875	0.485271037809585	-1.02851375	1.09408375
mund1320	0.000985879750149999	0.47634853851998	-1.08287325	1.04704275
mund1325	-0.0707456007845	0.457138479108706	-1.18533	0.870149599999998
mund1328	0.0387989914249	0.44596346852277	-0.8965351	1.06714725
murl1244	-0.0163942484628	0.473092758610975	-1.09157875	1.03736725
murr1258	-0.04916901871905	0.457945585163888	-1.11965	0.811903699999999
musa1266	-0.0556639996333	0.440202502763592	-1.065776	0.828535
muso1238	0.109367960086	0.472721493020471	-0.683180275	1.35984225
muth1236	-0.01648564637595	0.46702874434561	-1.04306725	0.955176699999999
mwag1236	0.11761770645565	0.464338472198393	-0.691219275	1.30822675
mwan1247	-0.01564135067665	0.455290053058356	-1.067815	0.913628174999997
mwan1250	0.0765805629164	0.463992188560731	-0.786526025	1.23082075
naas1242	0.1752201824892	0.493512354604929	-0.6090305	1.49250625
naba1256	0.09875722166428	0.466209295586879	-0.718292225	1.29843575
naka1262	0.16244687748319	0.474573826290571	-0.561706825	1.43034325
nali1244	0.016543341996	0.444777778168318	-0.9216682	0.9908576
namb1293	-0.11941716933465	0.470971661659085	-1.25160675	0.6983017
namu1246	-0.0013649842325	0.483923521283522	-1.03517425	1.00466125
nana1257	0.0042379014675	0.509327127803891	-0.965932925	1.03656225
nand1266	-0.125272516381	0.468534363143382	-1.33984375	0.676621299999999
nara1262	-0.070973022307	0.484577782326614	-1.22530075	0.874323299999999
naru1238	-0.01460278660495	0.468187932393194	-0.9625053	0.944815074999998
nati1244	-0.01022732009555	0.46206533917502	-1.06407525	0.953790025
naur1243	0.0023932527257	0.511017402682244	-1.1276515	1.12515275
nava1243	0.08561538765885	0.490616257761437	-0.77689545	1.3286055
nawu1242	0.05454524425855	0.456490261322858	-0.801263725	1.0698115
ncan1245	0.070275621557575	0.452156777638914	-0.859676175	1.220731
ndam1239	-0.00646191532184	0.460177973640157	-1.03788975	0.991178925
ndob1238	-0.02478810075053	0.459676505740891	-1.06430325	0.919111249999999
ndog1248	0.10790629977635	0.4774437905609	-0.71031215	1.2825035
nege1240	0.001024391201925	0.480132444223663	-0.989661325	1.1070685
negi1245	0.000348348411350001	0.512162744129357	-1.086472	1.0917655
nene1249	-0.01780434753515	0.46081486815903	-1.0519615	0.911984599999999
nenn1238	-0.1185756388508	0.464005281466797	-1.21413525	0.679758224999998
nese1235	-0.02665366877925	0.437148581977355	-1.03351125	0.862510599999999
newa1246	-0.00332981960325	0.505846658926265	-1.1303485	1.093115
nezp1238	0.007464075329305	0.450912531908658	-0.978339225	1.0390275
ngal1292	0.14724045418515	0.543431336298874	-0.7365976	1.59667875
ngam1268	-0.1359864493591	0.467821995601244	-1.331596	0.665659999999998
ngan1291	-0.03074781423455	0.478264453106691	-1.102531	0.903194475
ngan1295	0.050902847604	0.453659988455723	-0.886375575	1.08906175
ngar1235	-0.03000760339845	0.474026576697533	-1.132488	0.969042149999998
ngar1283	-0.00072883434485	0.486864029885565	-0.96430505	0.989887399999999
ngar1284	-0.016688308696	0.476319615357518	-1.06250925	0.9859838
ngas1240	0.08318141522465	0.441489028645714	-0.7147075	1.1329305
ngba1285	-0.035209993359795	0.44573248436061	-1.0603765	0.891446199999998
ngge1241	-0.0985673080449	0.448593703029682	-1.25132225	0.767969624999999
ngit1239	0.07552958148895	0.474865823856552	-0.774052175	1.202506
nhen1239	0.1382368094764	0.515852209138683	-0.67433105	1.497003
nias1242	-0.014877022027	0.464793573733195	-1.0922125	1.033047
nige1253	0.06071625046405	0.464136322832961	-0.842031875	1.17925725
niha1238	-0.002442777281675	0.474651796749811	-1.04638725	0.976642399999999
nila1242	0.06078920893587	0.44782531408837	-0.8102772	1.1219905
niua1240	-0.0136606365823	0.47664947151889	-1.01988575	0.968367974999999
niva1238	-0.0025161250013	0.484465453074175	-1.11603425	1.032866
njan1240	0.19270987172715	0.563243579759931	-0.673796075	1.694103
noct1238	-0.00709093700085	0.484909979649356	-1.03387375	0.968772199999997
noku1237	-0.0192118739155	0.458022184403896	-1.09799275	0.945891824999999
noma1263	-0.0182396965615	0.455406456501531	-0.9826246	0.968782725
noon1242	-0.0231507903598	0.462380913367525	-1.09667825	0.964896675
noon1243	0.0713347285814	0.458161184030911	-0.81740355	1.19728625
nopa1235	0.00409140535985	0.45760938444128	-1.065189	0.98783935
nort2671	0.0041544326879	0.504633779629864	-1.1134175	1.06264625
nort2684	-0.00685082357035	0.472571521137056	-1.07580875	0.985519225
nort2690	-0.0031463851164	0.474871482300728	-0.97748275	1.012744
nort2697	0.00469077498255	0.46290851899905	-0.977099775	1.0775325
nort2702	0.0001561661415	0.497078591270092	-1.0252355	1.042981
nort2722	0.0061066307395	0.481973736538567	-1.01016125	1.0600955
nort2723	0.0119582838154	0.45473713054262	-0.93788435	0.988978724999999
nort2732	-0.00768919892805	0.490944833765854	-1.10066925	1.052942
nort2747	-0.008699050853605	0.459412936620484	-1.044382	1.00563475
nort2774	-0.02538512467435	0.455001408298018	-1.0021	0.9325828
nort2775	-0.04341301257625	0.48883539530219	-1.11166625	0.976185724999998
nort2795	0.00233274991905	0.445619061142894	-0.939549275	0.97668695
nort2839	-0.01856435903605	0.468879956865934	-1.110891	0.945690624999998
nort2845	-0.01875665448475	0.481921696068176	-1.033342	0.973724025
nort2885	0.00424998217155	0.468504778902618	-1.04555625	1.00426
nort2930	-0.0330183138555	0.450019549047914	-1.03765725	0.859938299999999
nort2942	0.00543998037105	0.45450883235098	-1.01050825	1.03147325
nort2951	-0.014996668108	0.474401020091004	-1.11244875	0.999173549999999
nort2954	-0.02270466161505	0.498483932760856	-1.06798625	0.976846824999998
nort2959	-0.0302892061248	0.460180635961855	-1.04962975	0.908426874999997
nort2972	-0.021210082889	0.463751172018202	-1.074734	0.870663374999999
nort2980	-0.0254175813485	0.464198247133616	-1.04016225	1.00982175
nort3047	-0.1036559023746	0.412789305918089	-1.1491305	0.667181824999999
nort3139	-0.031648155860595	0.464256664908195	-1.04270575	0.995176299999999
nots1237	0.02517261475935	0.462499353178328	-0.960435675	1.1585965
nsen1242	-0.0039210232998	0.476621825290469	-1.03779475	1.01967625
nucl1235	-0.01648394883685	0.458341046419839	-1.0453585	0.9622877
nucl1240	0.12469788965295	0.452690263145727	-0.698502775	1.220214
nucl1301	-0.0236474120281	0.442047487827407	-0.987874225	0.791547124999999
nucl1302	-0.00148021049415	0.453000278500972	-0.99574905	0.921752824999999
nucl1305	-0.0188876191924	0.476483498556521	-1.0163085	0.98039735
nucl1310	0.003556967056	0.504354954409821	-1.140834	1.0746615
nucl1327	0.155379646337355	0.524777735622079	-0.6982037	1.51658925
nucl1347	-0.02570596948475	0.478439004959445	-1.05196625	1.01870925
nucl1417	0.113409000213845	0.497132016878383	-0.8070655	1.45702
nucl1460	0.01460185811455	0.49592429325594	-0.936060925	1.14864325
nucl1593	0.0422542281624	0.405108855569564	-0.74928895	0.997434574999998
nucl1594	-0.0055595515343	0.453867887352919	-1.01986175	0.9672344
nucl1622	0.003470769345	0.464337376017191	-1.03437975	1.02679475
nucl1630	-0.0806047652275	0.456532110144427	-1.2297675	0.756609624999999
nucl1633	-0.1067124506728	0.457784412246417	-1.3127315	0.6530358
nucl1643	-0.00573110223475	0.475462742342948	-0.977199125	1.0149825
nucl1706	-0.05086129317345	0.470080805717468	-1.1915845	0.969289399999998
nukn1238	0.0442532950693	0.450607210097717	-0.833051575	1.08634975
nung1282	-0.01641388148404	0.485246497187682	-1.132861	1.04531675
nusu1239	-0.0066999467679	0.475960072687933	-0.973387625	1.013285
nuuc1236	-0.009081892507	0.477383033165249	-1.0432035	0.971798649999999
nyah1250	-0.0031319935585	0.498613264417523	-1.12236175	1.08605225
nyak1260	-0.014165981588515	0.490069470464925	-1.0670045	1.00158275
nyal1254	-0.00075132750245	0.481262384381792	-1.07486475	1.0244575
nyam1285	0.13234962843	0.470179961085686	-0.666518325	1.35070125
nyan1301	-0.01342772322935	0.464557129242365	-1.00337775	0.942470375
nyan1307	0.0138002448647	0.468387183140614	-0.899702425	1.01894025
nyat1246	0.07479538339095	0.456638195820495	-0.799645525	1.23118575
nyig1240	-0.05186473671755	0.465332432157692	-1.14065375	0.885409799999999
nyor1246	0.026713472691895	0.450138782307742	-0.829840875	1.078476
nzak1247	-0.0099688003075	0.478807989218419	-1.037464	0.971841675
ofay1240	0.0016383437535	0.494301226218291	-1.0422685	1.105397
okin1246	0.01211734676815	0.476034387964876	-0.98633395	1.02943925
oksa1245	-0.0193489437545	0.41386179341032	-1.015286	0.835696849999999
olut1240	0.0055079053148	0.435668818145194	-0.933383375	0.93846575
omie1241	-0.0480937985725	0.438137473251569	-1.0953805	0.833056549999999
onon1246	8.48399673000005e-05	0.435008635368988	-0.956273475	0.973226624999999
onto1237	0.005925831038	0.512993587231201	-1.072407	1.0559035
oriy1255	-0.01949125323075	0.456960816292297	-1.0359905	0.939556024999997
orma1241	-0.089094675572	0.477808261465109	-1.2842435	0.744744449999998
oroc1248	0.0086210841375	0.469491741163845	-0.996343375	1.00081525
orok1266	-0.0109895725588	0.493389175577684	-1.13510475	1.0281955
orok1267	-0.02481146174325	0.435249661041187	-1.00696625	0.847955999999999
orok1269	-0.0245336036049	0.438247048854438	-1.0687195	0.892250799999999
orya1242	-0.1096612090177	0.458296227416254	-1.32075725	0.670097675
osam1235	-0.01388121800097	0.479059661870495	-1.077969	0.993033024999998
otta1242	0.0057467091685	0.492488281382743	-1.11882575	1.13727725
owaa1237	-0.0079443987747	0.492758897828923	-0.9770706	0.98032535
paaa1242	0.22720595069535	0.510698719155957	-0.477459925	1.63214175
paas1238	0.0278279161585	0.450944984718521	-0.969982175	1.00270625
paco1243	-0.01433298969205	0.451812447432317	-1.03694375	0.924730674999998
pagi1243	-0.0216866083515	0.450386697223733	-1.02634825	0.930298774999999
pagu1249	-0.03083840813675	0.453465464886242	-1.026593	0.921469975
pahn1237	-0.01433590735725	0.465364730637409	-1.080777	0.963044374999997
pait1244	-0.0186334824251	0.475188086552185	-1.12638125	0.91801055
pala1344	-0.0251777464409	0.487350531251472	-1.02755525	0.943144825
pali1279	-0.01213093635085	0.46874688098962	-1.02934125	0.948046625
pamo1252	0.003207422321	0.486402211669124	-1.042695	1.07801875
pang1287	-0.0065623265005	0.486380702989809	-1.03092025	1.0437655
pang1290	-0.0120296772126	0.487083495448533	-1.11835375	1.0079165
panj1256	-0.02534186783345	0.480995059703759	-1.1105095	0.906996375
pany1241	-0.0108600885892	0.460087698754563	-1.078164	0.970973824999997
papa1265	0.11855001175235	0.472046735097611	-0.659992325	1.2811455
para1301	-0.01382440059095	0.444649882550913	-1.036078	0.895208225
para1316	-0.03279913033385	0.481376121374376	-1.08359175	0.963174349999998
pare1266	-0.001987971267715	0.483948872592461	-1.084187	1.03156125
patp1243	0.06314843650645	0.458491406655672	-0.847981325	1.18166725
patt1248	-0.00506895328945	0.498342885409727	-1.035978	1.00857975
paun1241	-0.0054460463965	0.443269077721515	-0.939410175	0.999057224999999
pawn1254	-0.0185891321673	0.460320454439842	-1.08747075	0.936530299999999
payn1244	-0.055856832829205	0.448288769884215	-1.1263255	0.83379655
peer1241	0.224584696662065	0.544350773557678	-0.545145625	1.7167525
pela1242	0.0006769421384	0.471248091009838	-1.059113	1.03037425
pemo1248	0.00981625795865	0.497313524855516	-0.991274675	1.143862
peng1244	-0.00118939596425	0.502688017022605	-1.17495475	1.0594465
peri1253	-0.00289527021605	0.472140534038192	-0.9778035	0.997110324999998
phai1238	-0.009258134668	0.47426889006988	-1.00822825	1.00415525
phak1238	-0.008482325611665	0.484747870296035	-1.0523955	1.02598325
pich1237	-0.00624007249705	0.475316387343515	-1.031809	0.991338449999999
pile1238	-0.035331473871	0.467537252134571	-1.141614	0.8699852
pima1248	-0.029866905004	0.472949232859327	-1.038167	0.904559249999999
ping1243	-0.00119335229921	0.452009170438095	-0.99367035	0.974405174999999
pipi1250	-0.0111464492965	0.483424997517769	-1.133648	1.06528575
pite1240	-0.01479596165785	0.475014801189517	-1.12963125	0.996500324999999
plai1258	-0.00633940036915	0.476718548730336	-1.045378	0.958660699999999
plat1254	-0.01634615642915	0.494383499345782	-1.09879	1.035151
pnar1238	-0.01718751207545	0.466065866192782	-1.03905925	0.951917399999996
pohn1238	-0.00615491714477	0.472918273853891	-1.10349875	1.00709475
poko1263	-0.026421129668175	0.455179804847373	-1.072727	0.936437074999998
poli1260	-0.0435529719629	0.458328407565936	-1.08928475	0.855457775
popt1235	-0.01810128584999	0.431764150354498	-1.008135	0.95074765
port1283	-0.0675130977412	0.490738174127511	-1.22211675	0.841718899999999
port1285	-0.0059462576822	0.467407303531838	-1.01728575	0.992139449999999
puka1242	-0.00681102546775	0.450319450589068	-0.995714075	0.899247099999999
pula1262	-0.01893150862385	0.458843086151388	-1.0724555	0.9165398
pula1263	-0.03079249903585	0.453774645539241	-1.06549175	0.902740199999998
pulu1242	0.000242171894249999	0.489967739162856	-1.02855675	1.06306774999999
pura1257	-0.029625915245195	0.429917237993259	-0.999494375	0.799711749999995
pure1242	-0.00397403105085	0.47449871075299	-1.00751375	1.01311825
puri1258	0.029319953554	0.469439694689121	-0.995826675	1.05198825
puyu1239	-0.0091924739863	0.455097962708382	-1.064811	1.01152075
qanj1241	-0.0208651496911	0.43888019021304	-1.068588	0.904601424999999
qaqe1238	0.1614558930797	0.465189616952538	-0.60346995	1.45956675
qaua1234	-0.02054493862185	0.494057789897355	-1.17078625	1.01105175
qawa1238	0.0169150479995	0.480539746470023	-1.01304025	1.187951
quer1236	0.00968919416135	0.501804693511489	-1.06509425	1.17296925
quio1240	0.04648461135275	0.504002552744662	-0.946397475	1.146558
rade1240	-0.0199312977454	0.446089875926268	-1.0234305	0.916672825
rama1270	0.009314909595095	0.476959426460221	-1.03191	1.046803
rapa1245	-0.0096602285335	0.469092700203375	-1.09506225	0.951346649999999
raro1241	0.0023859575939	0.437757217135594	-0.929529525	1.00259575
rawa1267	-0.0198986794925	0.40099278627528	-0.927295075	0.819664899999999
reja1241	0.0106230700552	0.460644391169607	-0.928185675	1.03722925
remb1250	0.00328747091785	0.456125194011835	-0.9117387	0.984868175
remo1247	-0.0097424811485	0.468722752483299	-1.106512	1.01088
reng1252	-0.0181161198811	0.476291341434359	-1.09593525	0.953974949999998
renn1242	0.0139774029839	0.45526551552146	-0.90732685	1.03495175
rere1240	-0.01705608988405	0.469588757558304	-1.08119475	0.981991724999998
resi1247	-0.01816617559645	0.488566398598623	-1.1664325	0.99637935
rita1239	0.07225341475061	0.463769352644333	-0.85829595	1.18211875
rong1264	-0.005248519585	0.474617765581194	-0.9720507	0.978581799999999
ronn1241	0.09214058685745	0.454909763625679	-0.7428208	1.2323315
roto1249	0.11210731375615	0.479942128901962	-0.6875047	1.25929875
ruch1235	-0.01536162980387	0.475214139925555	-1.06487925	0.952804174999999
ruka1240	-0.0120066767627	0.458167579407823	-1.08176325	0.998370949999997
ruma1248	-0.0003387412984	0.487230149036322	-1.081946	1.03542675
rung1258	-0.06891198953465	0.467805745671576	-1.2265955	0.78082875
russ1263	0.0870636819522	0.447958176890956	-0.7743442	1.16369925
russ1264	0.0087630668068	0.445903844863372	-0.988440425	1.01686875
rutu1240	0.00500145044755	0.484099571233315	-1.02614625	1.08192175
saaa1241	-0.0296101249592	0.474062263771784	-1.08017175	0.923276399999997
saar1237	-0.01468761896495	0.45882526839914	-1.02915275	0.925414925
saba1268	-0.0129502300005	0.463772444595547	-1.098786	0.981716874999998
saga1262	-0.00834386389032	0.457243927356705	-1.018482	0.92040395
sais1237	-0.0160114998487	0.475918950083295	-1.09127525	0.956093325
saka1289	-0.01960239404	0.463033715664418	-1.109397	0.9424905
saka1291	0.00184537987372	0.466909203814283	-1.00918025	1.044744
salt1242	0.0055929580365	0.437476794272534	-0.866465925	0.978795199999995
samb1305	0.16867578217505	0.515023752738633	-0.606407625	1.547774
samo1305	-0.0107317250885	0.45183468456002	-0.9870623	0.935878549999999
sana1295	0.156804100684	0.50673293143366	-0.6465125	1.53082775
sanb1241	-0.00138343798205	0.445955521559465	-0.988028775	0.974225199999996
sang1331	0.0044680474113	0.449192679363606	-0.988273525	1.033613
sani1269	0.00398992698582	0.463189141255503	-1.011514	0.961101599999997
sanm1289	-0.0185973659581	0.469252782011211	-1.06857025	0.912360675
sanm1295	0.0469361065963025	0.463736822787095	-0.90365845	1.10379675
sanm1301	0.098730210208	0.497389477427221	-0.783944875	1.32273825
sant1410	-0.01344656144095	0.46283118539031	-1.101467	1.0227435
sapu1248	-0.0115009597126	0.463364177467551	-1.030351	0.978369175
sara1321	-0.0634466163883	0.443907087298947	-1.109375	0.804825975
sars1236	-0.0348021484975	0.476848514577864	-1.0943335	0.900067725
sasa1249	-0.00143032256491	0.489379452234095	-1.06160375	1.0464335
sauk1252	0.072594968741805	0.448027938021761	-0.7298109	1.20710725
saur1249	-0.01274450051215	0.457448944211407	-1.03164875	0.973039074999999
savo1255	0.08502426894795	0.480003589140692	-0.846803425	1.271971
seim1238	0.0029935765818	0.475664924093637	-0.9752662	1.04996725
seke1241	-0.03145075959575	0.478612844295609	-1.14248475	0.912311525
sela1259	-0.0045367731965	0.45801009043942	-0.992537325	1.01436475
sela1260	-0.00215046757875	0.440289922415193	-0.919966875	0.914574599999999
sele1249	-0.0114769881236	0.485481771034906	-1.054065	1.0291595
sele1250	0.061054965892765	0.466091615401007	-0.89636535	1.16770075
selk1253	-0.0033484159545	0.467904997058605	-1.038816	1.017011
sema1265	0.0165638629482	0.451644606200105	-0.9238201	0.983273324999997
seme1247	0.00792951775715	0.467166929015799	-0.966370975	1.1189195
sene1264	-0.0121234570565	0.455588447154392	-1.02150825	0.965132075
seng1281	0.104433362521	0.478263235918674	-0.755561625	1.311226
shab1252	0.044947836129765	0.418805624391477	-0.800328025	1.07119375
shan1283	-0.0100228220162	0.493911886872054	-1.058427	1.04513625
shaw1249	0.0003193469235	0.47122798481676	-1.00039	1.08697575
shee1238	0.0025234725236	0.43203440922002	-0.9310568	0.969000325
shil1265	0.1601619089996	0.497822625636659	-0.643523	1.521665
shix1238	0.01137642354403	0.450859611053229	-0.972234225	1.02324325
shon1251	0.0195305000299	0.448739022275429	-0.891097625	0.959194699999998
shor1247	-0.0119868760766	0.458866388392409	-1.10012175	0.982265225
shos1248	-0.0158963455735	0.447069069705874	-1.03313725	0.909569125
shwe1236	-0.00389572093058	0.488799744899435	-1.09773775	0.980798075
siam1242	0.0401469140383	0.45836134172641	-0.896493225	1.06139425
siaw1243	0.06453987031035	0.408731054514983	-0.717676575	1.09350175
sich1238	-0.0036914531643	0.455701064792001	-1.03742375	0.928135174999999
sici1248	-0.0681668374545	0.463430344359741	-1.26251575	0.823012799999998
siee1239	0.159349005003915	0.528733658936253	-0.6520588	1.5076555
sika1261	0.00201278491545	0.486973404491146	-1.0732885	1.058775
siks1238	-0.007451554551055	0.469459724745172	-1.03307575	1.02031325
sina1266	-0.084481582726	0.480120422028381	-1.3584615	0.783390874999999
sing1264	-0.0054016639027	0.482384535717238	-1.02481	1.03168425
sini1242	-0.02986055809305	0.488905871941817	-1.093365	1.0341075
sioo1240	0.06014550870905	0.471299721152805	-0.8860661	1.18784875
siro1249	-0.0385555176079	0.41056850946594	-0.977258725	0.783424849999999
situ1238	0.000815179708	0.483907574260621	-1.018442	1.07721325
siwa1245	0.15678455174455	0.48491951071802	-0.61439235	1.43674999999999
siwi1239	-0.0999070245378	0.477963952695437	-1.28178675	0.787921425
skol1241	0.0091490960431	0.494518810251309	-1.0173585	1.1079625
slov1268	0.16305461853775	0.485031441358691	-0.58328795	1.40760425
soch1239	0.0575928245295	0.500399215059148	-0.937591925	1.1515715
soga1242	0.0118830715893	0.45355731354288	-0.931571875	0.987979849999998
soni1259	-0.0356107066065	0.460049109746416	-1.0157595	0.903780824999999
sons1242	-0.01646606391065	0.491596282527827	-1.1127245	0.946074374999999
sooo1254	0.00501648023725	0.483749846576305	-1.030892	1.1058035
sout1528	0.1573179019088	0.501563055204238	-0.65484825	1.47760125
sout2649	-0.02964701704035	0.503221274601171	-1.120477	0.972175924999999
sout2674	-0.01094569589796	0.485281339854639	-1.066062	1.041094
sout2679	-0.0095368367574	0.440980984822685	-0.982528925	0.925560925
sout2728	-0.0025735279465	0.473319886972729	-0.9949903	1.04573375
sout2729	0.005954374183	0.462563709017607	-0.9999523	1.05476825
sout2730	0.00448672637775	0.471969069305274	-0.951022625	1.03885775
sout2741	-0.0003233386331	0.488021163254526	-0.979601775	1.02314525
sout2782	-0.0032156440273	0.451130453338866	-0.988854675	0.957095925
sout2807	0.00053796858915	0.518044723507246	-1.101262	1.0094365
sout2856	0.060792153253	0.480450441558455	-0.8225023	1.1889005
sout2857	-0.008118377683	0.459489511861223	-1.09834975	0.965797399999998
sout2895	-0.0027455439483	0.454812682177876	-0.97498005	0.934866974999997
sout2896	-0.01394928951799	0.485452227223334	-1.04273125	1.03813
sout2918	-0.0169272878817	0.46411624292723	-1.0505825	0.940721699999998
sout2949	-0.1399678253475	0.475078014553924	-1.3304655	0.699519824999999
sout2954	0.01383220683475	0.471996905925664	-0.99865635	1.07604675
sout2956	-0.01984643768029	0.456571991496103	-0.999401825	0.919279474999999
sout2959	-0.00217408595465	0.480283281470136	-1.062817	1.01756375
sout2976	-0.0250859308754	0.492940472158047	-1.1563115	0.979778824999999
sout2985	0.002248916704	0.485556526175655	-1.002733	1.0885455
sout2994	-0.0129816423036	0.440918020591223	-1.0087415	0.87186655
sout3236	0.0151039978393	0.458788478209561	-0.903838625	1.05551425
sout3261	0.01853007435875	0.46050272642854	-0.8811423	1.10929975
stan1289	0.1809393516721	0.541481477260667	-0.61720605	1.5875605
stan1290	-0.073765216663075	0.45121751951073	-1.20704375	0.813047475
stan1293	0.01260554817665	0.449250161743093	-0.981809825	0.969302649999998
stan1306	0.0027369370795	0.479913955675582	-1.04868225	1.01728925
stan1318	-0.0395373667366	0.461902357669314	-1.115866	0.863166674999998
suab1238	0.094442779825	0.481529623974884	-0.742324925	1.275814
suba1238	0.0473068301896	0.453614149722085	-0.805758875	1.1086435
sude1239	0.09635687240435	0.483231009525349	-0.734924375	1.31772375
suen1241	0.10873619411165	0.481400563134499	-0.71809445	1.3171645
suku1261	0.01341885855765	0.499323074632028	-1.07759775	1.2166445
suku1272	-0.0604141314639	0.435830477983815	-1.122195	0.794201424999999
sulk1246	0.23269922556315	0.518686991367353	-0.47783635	1.6937675
sumi1235	-0.0121163138137	0.450533797275429	-1.0382145	0.920651774999999
sund1252	0.0043214541205	0.496922268656854	-1.03147025	1.067093
sunw1242	-0.0139490344599	0.460525219298706	-1.02180275	0.968423874999999
supy1237	0.0016597327621	0.451111716667646	-0.98187125	0.975229425
surg1248	-0.00543295021955	0.494118337624482	-1.1088485	1.12710475
surs1246	0.0713413964985	0.473847386500572	-0.865762075	1.16202775
swah1253	-0.00568448463455	0.454520030501436	-1.03687825	0.989702975
taba1263	-0.025228293635735	0.459386575308109	-1.03150025	0.958953749999999
tabo1241	-0.094377950095	0.450687542948563	-1.2046645	0.74131435
taga1270	-0.00610736546	0.452432346551883	-0.95006285	0.9293629
tagw1240	0.047929449021375	0.486053665735369	-0.89317505	1.15941375
taha1241	0.0969231006825	0.461528720677904	-0.667560025	1.25607425
tahi1242	-0.00932374852165	0.459110844292838	-1.003574	0.97298555
taia1239	-0.0112913169048	0.468452298487661	-1.03364625	0.940135899999999
tain1253	0.011936834728905	0.434930713300942	-0.93394715	0.94174745
taki1248	-0.04997313011225	0.467577710148625	-1.16669875	0.902490575
taku1257	0.05317545279905	0.489444303706558	-0.915075175	1.176645
tama1365	0.0101256342189	0.433082555158457	-0.845317775	0.964267374999999
tamb1254	-0.0049333239304	0.443614019454338	-1.04161975	0.970524124999999
tami1289	-0.0075745759078	0.47737753751628	-0.958493675	1.0141725
tang1336	-0.00911754144925	0.465621876040185	-1.03397675	1.00556275
tang1347	-0.024326535656255	0.446502713088409	-1.05022675	0.861702799999998
tang1348	0.047911384174	0.479894680858272	-0.88162595	1.16429125
tara1313	-0.01103494677045	0.452580324275091	-1.06923625	0.9625535
tata1255	-0.046037887447	0.47933643260557	-1.25320525	0.930152874999999
taul1251	0.14170188155285	0.45561898909241	-0.6289909	1.3457015
tauy1241	-0.028060025395745	0.435196180473593	-1.047494	0.840183324999999
tawa1275	-0.04076963275075	0.484084622937087	-1.16429425	0.990256674999998
tbol1240	-0.00282687218045	0.448111159074039	-1.02197725	0.976920625
tedi1235	0.0014985467108	0.47746744452633	-1.03743425	1.0318465
tehu1242	0.012420726422615	0.469863087224987	-0.984884875	1.0530845
teke1275	-0.0045250668497	0.472757731989525	-1.07436975	1.019814
tele1256	-0.028371813211	0.407519681953375	-0.952786475	0.802373924999999
tene1248	-0.02449240131105	0.434831235128431	-0.97139765	0.972842075
teng1272	0.0096038872466	0.474439511206055	-0.9100451	1.00976225
tera1251	0.0114185899008	0.425249651276525	-0.927938875	0.980739374999999
tere1278	0.173130551063	0.489781512133023	-0.6121225	1.37064525
term1237	-0.03570444668735	0.477731450735477	-1.1561225	0.89689175
tern1247	-0.03599533886425	0.476021410309291	-1.15679	0.876184149999998
tete1251	0.0339788769443	0.509451719608348	-1.10566625	1.23042375
tetu1245	-0.0330072493105	0.492475180866502	-1.12936025	1.0227855
thad1238	-0.01806323729815	0.475859261698838	-1.092911	0.931029375
thai1261	-0.001717574598	0.449018700404097	-0.975233125	0.924977949999999
thak1245	-0.0228360260954	0.463208071471344	-1.13421775	0.941824799999999
than1259	-0.01097103655505	0.468944830575748	-1.04140325	0.993225924999999
thay1249	-0.0316952004675	0.465893925648892	-1.09224575	0.9316688
tibe1272	0.0098978100614	0.468764818847875	-1.0236605	1.00919725
tido1248	-0.0421588910628	0.454485830732537	-1.05232575	0.859384974999998
tief1242	0.0794101923637	0.468334521775301	-0.7530776	1.218166
tief1244	0.0866512942697	0.477644378502792	-0.82118195	1.30197175
tien1242	-0.0025881339528	0.468727687876157	-1.036482	1.010468
tigo1236	0.09442886705569	0.469995344853834	-0.7286669	1.23233575
tika1246	0.122524066017665	0.530905804658535	-0.774616675	1.54748975
tiko1237	-0.000969549004150001	0.509634130851274	-1.10060125	1.11922375
tima1241	0.241043524546	0.544448122575808	-0.489932725	1.7310665
timn1235	-0.020593450153815	0.466231946867746	-1.11295275	0.9399676
timu1262	-0.00333842615025	0.460735684080718	-1.04926325	0.98526585
tiri1258	-0.0184249112207	0.462488545389606	-1.077779	0.975034674999998
tita1241	-0.0100697848819	0.471593053738423	-0.97335595	1.01161575
tiwi1244	0.04747651759605	0.489827297584061	-0.90285315	1.173125
toab1237	0.0295080758085	0.451185436684495	-0.962136	1.08767825
toar1246	0.0161717589087	0.439127288092975	-0.90403465	0.962636475
toba1268	-0.0191345907583	0.454785402255984	-1.04122425	0.960671024999999
tobe1252	-0.02888974321845	0.42715985880725	-0.9396734	0.831929299999998
toda1252	-0.0242009491898	0.448001937155	-1.0151105	0.889490024999999
toho1245	0.1936508278506	0.560618361799559	-0.58557985	1.59137025
tojo1241	-0.01599053350155	0.475099376988673	-1.10891325	0.992424649999998
toke1240	-0.0003707016783	0.437417024850363	-0.97082595	0.927169424999999
toll1241	-0.013361877710405	0.481964907418892	-1.034994	1.08851775
toma1245	0.02759394638205	0.475945425676758	-0.91869565	1.1548515
tomm1242	-0.05072779072035	0.431222715545849	-0.98937995	0.8179024
tond1249	-0.0533829466297	0.443114884247398	-1.10140925	0.856260324999999
tong1325	-0.00741847627095	0.502820830889378	-1.0906185	1.02200125
toor1238	0.0329744426942635	0.454651594165063	-0.893097575	1.0315385
tosk1239	-0.01861586328295	0.487410039755592	-1.14383775	0.977201374999999
tote1238	-0.0322105577427	0.476494874337006	-1.19850075	0.865425874999999
toto1302	-0.0030495860027	0.493853038167606	-1.031754	1.0955085
trio1238	-0.003499983987	0.460212569122751	-0.996977925	1.0129695
trum1247	-0.00250108807435	0.499671303664679	-1.057842	1.10969275
tsam1247	-0.083869575411	0.438169060705837	-1.15129075	0.80134655
tsat1238	-0.006104060124065	0.470431770100311	-1.01611	0.988082925
tsha1245	0.0034787661446	0.482376646987877	-1.03232175	1.0881615
tsix1234	-0.0551818362519	0.451352845679502	-1.12781575	0.840138799999999
tsog1243	-0.014469092151	0.466881228975573	-1.122762	0.939503875
tson1249	-0.00544810547479	0.472985865854735	-1.023488	1.0825845
tsou1248	-0.0153784307797	0.461320632617032	-1.0656825	0.902968399999999
tswa1253	-0.0143304200881	0.473313684486304	-0.990517525	1.0299735
tswa1255	0.00489375082645	0.469185321992355	-1.07403575	1.0012635
tuba1278	-0.0215066611424	0.45868970595888	-1.078476	0.9699277
tugu1245	-0.01264623823835	0.49662202129962	-1.09225025	1.02114825
tuka1248	-0.0187223558192	0.495112654264286	-1.10074575	0.9103648
tuki1240	0.01807310215395	0.491000679767508	-1.0699215	1.0376885
tulu1258	-0.004848550147595	0.47234546243368	-1.04542775	1.0145415
tumu1242	0.010145079822245	0.4637213680634	-1.0223165	1.01473525
tung1290	0.0088799507505	0.456907648238211	-0.94849835	1.0026845
tunn1238	-0.0777511339395	0.480398727942416	-1.22020525	0.828064875
turk1303	-0.01125039897845	0.462461984709085	-0.9812946	0.9658166
turk1304	0.003776276439485	0.481380310832346	-1.06821525	1.0473985
turk1308	0.09685250019	0.462112130627895	-0.7568297	1.31037675
tutu1241	-0.03145286522645	0.453636580717661	-1.162557	0.901278399999998
tuva1244	-0.00599696247025	0.468565887301387	-0.9948481	0.962908849999998
tuvi1240	0.00038670101391	0.432696089296839	-0.93483605	0.87420445
tuwa1243	-0.02673114876525	0.479234923143146	-1.139889	0.963377399999999
tuwu1238	-0.00687029212945	0.476340658308754	-0.993645975	0.992431125
udih1248	0.00441225452548	0.461917412066861	-0.968023625	0.986798049999997
uduk1239	0.07029142608068	0.49112181140514	-0.922977275	1.36480475
ughe1237	0.05654704346614	0.465982840054286	-0.843127775	1.0887355
ukra1253	-0.03103661172408	0.438137113108883	-0.970611225	0.862156499999996
ulch1241	0.0082935086398	0.500567760068619	-1.05435175	1.1152285
ulit1238	0.0105953376052	0.454769442075442	-0.95878195	1.05689725
ulwa1239	-0.01551055654045	0.463979414565077	-0.971028425	0.990748075
uman1240	-0.0747355296906	0.480363603502862	-1.316136	0.784629775
umbu1257	-0.01932555411185	0.466174151772194	-1.025125	0.9791258
umbu1258	-0.030191133875	0.438553703400223	-0.92494795	0.865881724999999
umes1235	-0.01799885563506	0.461142745468738	-1.00877225	0.891585274999999
unua1237	-0.0199251242558	0.465108748761084	-1.063178	0.909447524999999
urak1238	-0.013152141029465	0.466977194739505	-1.052764	0.93921625
urav1235	0.16672618492565	0.539944900897867	-0.63739375	1.585744
urim1252	0.069330696898185	0.45232560991951	-0.79740345	1.082234
urip1239	-0.02859610701527	0.438798786219505	-1.05915325	0.88601955
urni1239	0.11518879382175	0.502236888657376	-0.7356953	1.4362815
usan1239	-0.068765183686	0.428679388935752	-1.07131875	0.849724825
utes1238	-0.011018651322715	0.455777741534548	-0.991490675	0.881541699999997
veps1250	-0.01847999945335	0.458342252403834	-1.07763025	0.932339749999998
vera1241	-0.0207633313765	0.484089217618863	-1.0367635	0.968695674999998
viem1243	0.0532783969445	0.469190667909382	-0.899478525	1.25287675
voti1245	-0.03101633309315	0.46592664016289	-1.0954595	0.902017374999999
vure1239	-0.0217162442535	0.483071563496308	-1.061173	0.969978274999999
wadj1254	0.02094196320085	0.452171684503522	-0.88834325	1.0672605
wage1238	0.06616910857	0.505126145541567	-0.9490187	1.2507225
waig1244	-0.00496567773445	0.49309476859282	-1.1386395	1.00752425
waim1251	0.0106727579672	0.449635908846309	-0.961235	0.9895976
waiw1244	-0.0061135766268	0.442722781746835	-0.94323685	0.939164424999997
wall1257	0.003184207119	0.520980432934603	-1.08105775	1.15419825
walm1241	-0.01390396324355	0.499868680497554	-1.0596835	1.081008
wamb1257	-0.0205091582122	0.469289014040369	-1.0362105	0.94474435
wamb1258	0.001788907090315	0.439906204508479	-0.961982225	0.968146275
wamb1259	-0.0796155583755	0.442142620849244	-1.11485975	0.763634749999999
wand1267	0.0076335393905	0.482883976300802	-1.0042105	1.05260675
wand1278	-0.09426969519315	0.435132048474481	-1.12834975	0.680973349999999
wang1291	-0.00772050451295	0.474158777889513	-1.11765	1.02479475
wann1242	0.08026323512555	0.466266013474137	-0.802419525	1.31600125
waor1240	-0.00997474090065	0.462824278858173	-1.15867375	1.00533875
wara1294	-0.0670669709893	0.459141754834225	-1.0742535	0.839851499999999
wara1303	-0.0081031033798	0.497541088251601	-1.058767	1.004268
ward1246	0.08551515538528	0.479615858982948	-0.871220575	1.26178225
wari1268	-0.00709555256708	0.481625306123049	-1.09988375	1.01694975
warj1242	-0.01516599055995	0.469591550280005	-1.07556025	1.0331935
warl1254	-0.01529284856305	0.478658115611738	-1.133716	1.02561925
warl1256	-0.00405456719045	0.469989521919951	-1.02369125	1.0488975
wash1253	-0.0127647915115	0.467889006733738	-1.03241025	0.921427874999998
waur1244	0.0113529173772	0.473770125484694	-0.96795985	1.0284895
waya1269	0.003242884245	0.488205350625359	-1.02274675	1.170841
wels1247	0.16779737930415	0.551345049548428	-0.757561925	1.56376025
weri1253	0.0994731128962	0.473472107795126	-0.730384475	1.33173375
west2354	-0.03491725011855	0.464179915440738	-1.08570025	0.93235075
west2369	-0.0036632788899	0.458451265566405	-0.9444015	1.03883425
west2386	-0.02677025963255	0.479475639893372	-1.16485325	0.925131649999994
west2392	-0.0432341591845	0.484596212256049	-1.187882	0.916586275
west2396	-0.0019325214775	0.470230159446254	-1.07255625	0.985862774999999
west2418	-0.0199359128853	0.47502220191321	-1.17962325	0.971992949999999
west2430	-0.0131001541905	0.484321778640999	-1.14132275	1.02870975
west2441	-0.01370525636975	0.485442574970788	-1.08672075	0.975332599999998
west2466	0.05893362034005	0.456112215116889	-0.852559725	1.16195275
west2516	0.0093240102555	0.442275188672452	-0.9177526	1.02366725
west2519	-0.009910836997655	0.450128747436628	-0.920337575	0.962045
west2557	0.013040607339	0.500769660865514	-0.9887901	1.0753175
west2560	7.71516237949999e-05	0.463191636262562	-1.03689675	0.989653899999999
west2594	-0.07492088852795	0.483153893628993	-1.1730585	0.8645518
west2599	-0.0460201475423	0.443619536346111	-1.05496025	0.878863049999999
west2632	0.011919018203	0.461672592292618	-0.941430525	1.0357165
west2635	-0.0156426789329	0.43153700541427	-0.97187485	0.909463974999998
west2644	0.01274314199755	0.483065599718941	-1.04524475	1.07429425
west2650	-0.010566328992335	0.492051728736531	-1.13256425	1.0172645
wiru1244	-0.0414446411531	0.459093239999339	-1.05017975	0.856455325
woii1237	-0.0239378341534	0.470475909790849	-1.12722225	0.9026839
wola1242	-0.0868530955235	0.457850972375685	-1.12453075	0.804383174999998
wola1253	0.09644205054155	0.463548594448815	-0.714633475	1.264132
woli1241	-0.00370118292355	0.482496983733207	-1.0548105	1.07966075
wotu1240	-0.0077164695627	0.489060484094844	-1.10789775	1.05561425
wuch1236	0.00277552898535	0.483229255444742	-1.03050825	0.994242549999999
wudi1238	-0.005757510484285	0.469656916192014	-1.0143525	1.002248
wuna1249	-0.0288708184507	0.465654889929251	-1.08318	0.912994075
wusa1235	-0.009494772387	0.47394058896906	-1.091396	0.998188624999999
wutu1241	-0.0053389111709	0.466125784149225	-1.03130525	1.095098
wuvu1239	-0.00655636107455	0.441189904003116	-0.95532285	0.907514525
xamt1239	-0.09616176292355	0.4468716268962	-1.17631775	0.690294875
xara1244	-0.01708717094155	0.478215383561034	-1.06217775	0.973589174999999
xhos1239	0.007648703886695	0.46868998561263	-1.0024725	1.07659825
xish1235	-0.0020019919283	0.429567030361147	-0.89058165	0.91281905
yaak1241	-0.11696718926075	0.468562270033526	-1.28425025	0.648235099999999
yabe1254	0.1132237648284	0.498222907507284	-0.707669475	1.38379249999999
yaey1239	-0.01158808892835	0.482215924745009	-1.08291975	1.042296
yaga1260	0.038762685770245	0.450907688451724	-0.8609612	1.13258775
yagu1244	-0.00791435975955	0.452965329214095	-0.98442965	0.9145206
yaka1272	-0.0381807748812	0.475561779761265	-1.181231	0.970586274999999
yaka1277	-0.000811081872000001	0.44428416979206	-1.03163625	0.94011905
yaki1237	0.0573209234616205	0.478880496623516	-0.832148975	1.1512795
yakk1236	-0.01485966117825	0.458043410770722	-0.990669075	0.940066224999999
yaku1245	-0.02610045803575	0.50032642833223	-1.13294075	1.0134865
yale1246	0.0806689693889	0.426567850828703	-0.6910423	1.16587549999999
yami1254	-0.000938826928695	0.46520289520479	-1.01631675	0.973877624999999
yami1256	-0.034919506262255	0.519962777905985	-1.20781275	0.905599725
yamp1242	-0.00642579715069	0.440149637229698	-0.953080075	0.980375274999999
yand1253	-0.0168820776364	0.504169030937262	-1.192693	1.017739
yano1261	0.03310850313715	0.484922069030939	-0.940435425	1.1029375
yaou1238	0.0119510861317	0.449930437532386	-0.972656425	0.995732749999998
yape1248	0.0045442768719	0.43340865934799	-0.89159025	0.937058874999997
yapu1240	0.08463959752895	0.458703364198468	-0.734084525	1.0964915
yaqu1251	0.01744052440276	0.490192162769892	-0.963160825	1.1032475
yare1248	-0.073096382270135	0.461674324214562	-1.20806975	0.778176474999999
yatz1235	0.01830434398465	0.479074912546906	-0.992852925	1.0075535
yaul1241	0.0237615510936	0.44306774806062	-0.92049105	1.00378125
yaum1237	0.04239377657615	0.440492953968584	-0.824854675	1.08472875
yawu1244	-0.037823226232825	0.464219202670596	-1.0317005	0.888846975
yecu1235	0.03540185591075	0.463714469094115	-0.942176925	1.08898
yele1255	0.13831844684205	0.524335224528468	-0.682106375	1.47502225
yems1235	0.05711655220785	0.416023416925469	-0.7110388	1.038482
yess1239	0.05827692886265	0.444219977919276	-0.80326725	1.038578
yidi1250	0.002433379433	0.488823165323988	-1.07666075	1.03339475
yima1243	0.0685978876931	0.443516269639703	-0.812482725	1.2214635
yinc1238	-0.007654560897015	0.499327408627975	-1.0701855	0.994785124999999
yoga1237	-0.0201463731139	0.483483705982795	-1.09000075	0.96593945
yoku1256	-0.0149674645931	0.46167683212524	-1.07476625	0.907236125
yong1270	0.0113768021525725	0.465015908466283	-1.04648825	1.08763325
yong1276	-0.0094903538923	0.511955951649927	-1.050352	1.07254725
yong1280	-0.07733369031324	0.426421929139187	-1.10915975	0.737344425
youl1235	-0.017471270702735	0.43450257449324	-1.00515225	0.935138649999999
youn1235	-0.00447244881355	0.481466189746251	-1.05502625	1.0605955
yuch1247	-0.028623395805	0.473505170817233	-1.13970825	0.997775249999997
yuec1235	0.0040225236544	0.444519347733104	-0.97634875	0.952657124999999
yura1255	-0.0072137557841	0.466694567829669	-1.0137525	1.0058665
zaca1241	0.02450905590695	0.484653341219483	-1.012714	1.143421
zaca1242	0.00558891682385	0.467500077751096	-1.038425	1.02852425
zagh1240	-0.05655623524475	0.451932886792051	-1.0793025	0.853879599999998
zaiw1241	0.0027990330465	0.471149825086681	-1.01393925	1.03829775
zamb1245	-0.02517853163163	0.461008591776512	-1.09330225	0.967206549999999
zapa1253	0.001220371744845	0.453803860284183	-0.9783089	0.965527899999998
zarm1239	-0.01911444734487	0.460625924389495	-1.10163925	0.929405475
zaye1235	-0.02332028729335	0.482304978006605	-1.10567175	0.905480549999999
zeme1240	-0.0106436151502	0.463136628542154	-1.05118525	0.97244455
zoog1238	0.0204196619405	0.48530065784751	-1.0255285	0.984378149999998
