Estimate	Est.Error	Q2.5	Q97.5
abar1238	1.1437116583761	0.97965132293269	-0.60550075	3.327544
abee1242	0.23776538052185	1.1507807970397	-1.93310225	2.62383875
abkh1244	0.524801789676	1.08858183876386	-1.4687755	2.85471674999999
abun1252	0.5850289483915	1.02860783822875	-1.41183075	2.79060425
acha1249	-0.5373473431535	0.953493569968276	-2.5306965	1.233011
acha1250	0.5341778720005	1.07171539346736	-1.47987175	2.74855975
achi1256	0.9408383844125	1.11063294360941	-1.04274025	3.341835
achi1257	0.094100934765	1.00466573443645	-1.8426565	2.20163275
achu1248	-0.4855244881695	1.00138630982229	-2.492054	1.425633
acol1236	0.274026131786	1.07725427730828	-1.8133455	2.5064565
adan1251	-0.01899732055	0.979397072699059	-1.9566005	1.88695825
adon1237	0.132624247205	0.9586978017984	-1.64951075	2.0799175
adze1240	0.925325428265	0.871672249653996	-0.7643875	2.77006225
afar1241	-0.574249387539	1.11708761831864	-2.906906	1.4816565
aghu1255	0.76404847927	1.05536323012883	-1.21065225	3.0288705
agob1244	-1.2882758955375	1.0193023751722	-3.405424	0.554538275
agua1253	-0.79557662154455	1.08285995682175	-3.0098425	1.1771505
agut1237	-0.666340561395	1.09578253177016	-2.91136475	1.35974175
aheu1239	-0.67184647984	1.05497367967382	-2.934392	1.32141525
ahin1234	0.946795794995	0.836020940012362	-0.584038375	2.6537435
aime1238	0.386957794254	1.00398655585744	-1.56059175	2.4148585
ainu1240	0.593148575805	1.08771092771037	-1.50045325	2.850966
ajas1235	0.5529547219495	1.09572558249083	-1.46667125	2.80427975
ajyi1238	-0.3283092120055	1.03362391920056	-2.45430025	1.6444865
akha1245	1.329804299443	0.905952155661334	-0.378768025	3.26387975
akoo1248	0.0590735165355	1.00395161807451	-1.8264605	2.09196825
alab1237	-0.542156672508	1.11221280462364	-2.911624	1.53010125
alab1254	0.0787457247415	0.971690293166314	-1.87616575	1.9920085
alac1244	0.6334994399365	0.943116569823683	-1.1530595	2.64361375
alag1248	-0.2094178255695	1.00282227428836	-2.2488035	1.742613
aleu1260	0.488264390523	1.09530215551737	-1.634863	2.74220875
alor1247	0.0238567513185	0.976759498688681	-1.85167275	1.95699475
alya1239	-0.2676152731645	1.06858175529905	-2.5417315	1.71461125
amah1246	0.2958428246595	1.07126098618156	-1.74799875	2.49353875
amam1246	0.706445634328	0.900303001837867	-0.957397175	2.55172475
amap1240	0.179811111896	0.844271855037082	-1.46198425	1.90131625
amdo1237	-0.7115211831865	1.07963749987959	-3.06719275	1.220148
amii1238	-0.3302286099845	1.04211784913978	-2.394738	1.668803
amis1246	-0.22373217827	0.899843085226805	-2.003035	1.5343495
anei1239	1.02171548781	1.03382733680188	-0.9074041	3.2449825
anfi1235	-0.5563037764165	1.0159143542195	-2.6463215	1.40659675
anga1288	0.3618203691762	0.878690189674024	-1.370932	2.076973
ango1257	0.59838668555	1.10136952208887	-1.4118755	2.9720195
anuf1239	0.41949202768235	1.10392145754714	-1.67551075	2.7833325
anuu1241	0.7169287128105	0.967411645969038	-1.0817405	2.6988945
aona1235	0.1543443872555	0.833272579955909	-1.523444	1.70261325
aoua1234	0.648587578865	1.17130310812035	-1.579103	3.05840525
apat1240	0.0868021758075	0.979468917765821	-1.757662	2.0187515
apin1244	0.4350568270285	1.13171149570449	-1.720392	2.82875425
apma1240	1.7507254514625	0.921550796578363	0.0699910975	3.72355675
apur1254	0.061120921924	1.03625076941349	-1.97488025	2.161097
arak1252	1.684007212545	0.937518366162946	0.0448290225	3.649741
arao1248	-0.581082255498	1.08482365339506	-2.916657	1.42574625
arap1274	-0.572910363475	1.07934944332574	-2.7731485	1.4824105
araw1276	-1.0026736612821	1.04059494949354	-3.21757425	0.924871224999998
arbo1245	-0.5301156353045	0.911533086612207	-2.42690275	1.17776825
arch1244	-0.151171198927	0.865053686293909	-1.90672575	1.47559175
area1240	-0.2836140850445	0.826422434928023	-1.86956475	1.31875475
aree1239	-0.4654173696605	0.84858140161588	-2.1774395	1.23437775
argo1244	0.4587467260125	1.0804727452485	-1.59000925	2.6524525
arhu1242	0.6083050875175	1.03574860421219	-1.40055025	2.67920275
arig1246	0.2554440930025	1.04156421881058	-1.6981995	2.43279525
arop1242	0.024501362858	0.875055461763778	-1.65635925	1.7971505
arop1243	0.98048789452	0.937018268585619	-0.724448425	2.994606
aros1241	-0.1385465602	0.943955956424838	-1.9812985	1.75272
arta1239	0.64938460836	0.869654593867221	-0.990648425	2.44807075
ashe1272	-1.034845066535	1.01867495662008	-3.2348175	0.861198249999998
asoa1238	0.7370193162855	1.14870081680121	-1.4374265	3.047312
assi1247	0.546038420748	1.11781594751336	-1.661449	2.82190175
asut1235	0.1917763497405	1.0162096974581	-1.76037225	2.266105
atam1240	-0.3476000764345	0.955852398969288	-2.3472475	1.4316185
atay1247	-0.629112303643	0.854225690735789	-2.34150175	1.006462
athp1241	-0.5392008515725	0.790831719474118	-2.0849935	1.043205
aton1241	0.0491674120231	0.929031637902296	-1.77471675	1.8885795
auuu1241	0.0350233906325	0.805797317584332	-1.5042025	1.6648725
auye1238	0.058522086165	0.995354240174163	-1.880236	1.97162024999999
awad1244	0.80605625912385	0.859926426981101	-0.796084275	2.5466635
awar1248	0.948397236364	0.853014367042321	-0.629935475	2.67198975
awar1249	0.496412729095	0.894554012122385	-1.2284185	2.34854475
awet1244	-0.44877651044	0.965476068804852	-2.4507035	1.46941225
awji1241	-0.6953145103145	1.07229751086699	-2.9458945	1.34278075
axam1237	1.75640906201	0.852299310154818	0.26809125	3.629633
ayac1239	0.3266252298264	1.10397054182916	-1.79572675	2.57158525
ayiw1239	-0.354465225695	0.942761737595253	-2.18044475	1.51144175
baba1266	0.845547267325	1.00674664663378	-0.9321282	3.0163075
bafi1243	-0.8617695769004	0.839381553223551	-2.55685	0.74479365
bafu1246	0.941186598315	0.987230691524453	-0.760664875	3.0893435
baga1272	-0.0836643415375	1.05382415525471	-2.14208325	1.94785075
bagi1246	0.3878905913134	0.969709287040262	-1.499338	2.4041
baim1244	-0.592968277443	1.07724767066817	-2.79212825	1.41087725
baka1272	0.261579508483	1.15948950748692	-1.915089	2.608278
baka1274	0.46548124003035	1.11076694687453	-1.550929	2.8507825
bala1311	-0.5143752179145	0.996328996650281	-2.5115915	1.4223645
bala1315	-0.7373328652075	1.06378981420594	-2.887718	1.2032
bala1316	0.31145593790465	0.923896896297676	-1.37288575	2.244485
bali1278	0.488174822512	1.07056434531662	-1.49688925	2.67158025
balo1261	0.9068154268745	1.08932333697278	-1.0919985	3.168918
balu1257	1.08718777078	1.03506262435251	-0.7188731	3.40490525
bamb1270	0.1337987527302	1.05320670890158	-1.8721715	2.2125625
bamu1253	0.1719410063285	0.916143228306975	-1.57313975	2.04940475
bamw1238	1.170772732712	1.08017411517813	-0.724400425	3.46843125
band1344	0.45592844680885	1.20311222543069	-1.83846475	2.9769105
bang1354	0.373464300908	1.12519244401612	-1.771802	2.714264
bang1369	-0.30823719533	1.00545091275697	-2.40901125	1.615854
bant1281	-0.652778868695	0.78636617264128	-2.18898125	0.849456599999998
bara1357	0.507304556864	0.839637473579464	-1.05494325	2.2570405
bara1361	0.6850437062645	1.13169547252215	-1.4447675	3.034528
bara1380	0.841331561157	1.00807069921513	-1.0442215	2.92034175
bare1276	0.262741505085	1.01347729646854	-1.63901075	2.2347555
bari1286	1.39551068386	1.0433289576358	-0.439507375	3.74162425
baro1253	1.22566957131795	0.945104661868889	-0.453497025	3.34171075
basq1248	-0.43887740921325	1.06687592165394	-2.65047175	1.650237
bata1289	0.424179367238	1.03090344377868	-1.5318965	2.568739
baur1253	-0.568709080855	1.0192228731224	-2.68787475	1.3026565
bebe1248	-0.7038194042185	1.0424498131986	-2.85996975	1.25246025
beem1239	0.074987357307	1.1585919346564	-2.219995	2.51015825
beka1241	-0.571948494111	1.04479137149328	-2.64560325	1.38161125
bela1254	-0.5183130949245	1.13242543793863	-2.825368	1.636169
belh1239	-0.5638380988445	0.778056613803302	-2.10123	0.975366825
bell1243	0.5650575054771	1.05390089094599	-1.3780575	2.7740835
bemb1257	0.348546434295	1.12796244029175	-1.88953575	2.58651325
beng1282	0.3375343256095	1.10658798373783	-1.75704975	2.6134435
bent1238	0.4264272203365	0.955620137111568	-1.3328565	2.357074
bert1248	-0.99590455902	1.06028391408347	-3.26896175	1.06841375
bhoj1244	-0.17866433942065	1.01344309840435	-2.27238675	1.79031675
biaf1240	-0.621388357415	1.06369100814873	-2.80909425	1.36900725
biao1253	-0.1662742049265	1.01917337851314	-2.196786	1.95596625
biao1254	-0.8095997186995	1.0264328056025	-2.946479	1.1183745
biao1256	-0.5854807276377	1.05515024560902	-2.6955875	1.4772015
biha1246	-0.284359781995	0.998892521432464	-2.2632805	1.63889625
bilb1241	0.3812363767615	0.832053029173438	-1.16719825	2.1202645
bili1260	-0.620877440184	1.08835599301597	-2.81216575	1.54960775
bimi1240	0.308350357635	0.955353504529978	-1.5077015	2.23399625
bini1246	-0.51988637974	1.05910899273522	-2.669117	1.5673995
bira1253	-0.45694323003205	0.875288355009848	-2.25669075	1.21763575
birr1240	0.45283471543995	1.12947786806244	-1.62420125	2.91042325
bisu1244	1.601525547365	1.02149618950535	-0.22449405	3.7350445
bitt1240	0.966780954045	0.885339415527227	-0.70986585	2.804673
biwa1243	0.240333549518	0.87595756053459	-1.405592	2.00016975
blab1237	-0.5387115118015	0.90245478670846	-2.33378125	1.160761
blan1242	1.361483868758	1.00677112946728	-0.467336875	3.52365875
bodo1269	-0.4594631965865	1.0175968672017	-2.523541	1.591928
boka1249	0.196664892002	1.01055656347863	-1.6981705	2.288398
bola1250	1.34008420317	1.06635571262393	-0.52820345	3.677319
bolo1262	0.920912909905	1.0815531073015	-1.054229	3.2728945
boly1239	0.7558272352543	1.04167031544902	-1.1301845	2.92200775
bomb1262	1.14387840574	1.0860079159426	-0.845009825	3.5118845
bomk1234	-1.298434971409	1.11020629888729	-3.66762425	0.756905249999999
bona1250	-0.828284463635	1.06686823036845	-2.983915	1.18719275
bong1289	-0.5014014399575	1.03981984532964	-2.71662875	1.495485
bora1263	-0.094257776109	1.05166529916411	-2.23355175	1.88526175
bord1248	0.69674499009	1.12044183207667	-1.2956235	3.1560755
boro1277	-0.8589229173945	1.03672236851675	-2.93613675	1.1531335
boro1282	-0.642167691965	1.08046767981422	-2.7935395	1.39646225
boto1242	-0.089695910755	1.00410599787189	-2.0987945	1.85603524999999
boun1243	-0.8085457216575	1.05997150149246	-2.95612025	1.21524275
brah1256	0.8695934138135	1.14786235208979	-1.197791	3.22746725
bret1244	-0.47558766159	1.13587588367621	-2.9133865	1.77754
brib1243	0.6014864265685	1.16091641457559	-1.5820685	3.1409415
budu1265	0.5880647702869	1.00912694438605	-1.268461	2.66922075
buga1247	0.383805334625	1.00389624338128	-1.51139075	2.374858
buga1250	1.195797767665	0.942137828702001	-0.545389	3.157895
bugh1239	-0.4758102863095	0.815362147920877	-2.07441975	1.119818
bugi1244	-0.8577097914315	1.07979772618295	-3.07801575	1.2062975
bugl1243	0.412815425437	1.10928585558391	-1.685277	2.6851765
bujh1238	0.5391379076625	0.839252519565793	-1.0186975	2.26238425
bull1247	-1.28671662492	1.09966706768294	-3.584682	0.719660599999999
bulo1242	-0.308422707598	1.0342344843228	-2.3692855	1.6752695
bumt1240	-0.437736947547	1.0026611425105	-2.46720625	1.4241415
bund1253	-0.380741470353	1.10066676129732	-2.66666475	1.71431625
buol1237	-0.0293438645955	1.01395608937983	-2.02827525	2.05592575
bura1292	0.2502045022635	0.969327671288919	-1.67027025	2.155628
burj1242	0.2505206569535	1.06517558628951	-1.8117185	2.457002
burm1264	0.8122613520765	0.939100960676274	-1.04132025	2.793896
buru1296	0.41484760523	1.11398280883983	-1.614516	2.74415775
buru1320	-0.39543724219	1.0424886649417	-2.48187475	1.62009175
bush1247	0.214485617739	1.08391107283795	-1.9363415	2.38503975
buwa1243	0.133254982955	0.814776148821612	-1.45938925	1.7558175
byan1241	1.3008358121105	1.02707384559471	-0.6070832	3.498787
caac1237	0.43121512913845	0.948573569361165	-1.33287275	2.3730215
cahu1264	0.305688574128	1.16851682674471	-1.82305875	2.7085175
caml1239	-0.5261796186245	0.832087326867956	-2.2644645	1.02749675
camp1261	-0.6225420756145	1.09657629040472	-2.9736585	1.399583
cane1242	0.42950224461	1.07652322074317	-1.60328475	2.74716525
caom1238	0.2946580292615	1.03726798572674	-1.6405975	2.40852825
capa1241	-0.679326296367	1.08954368128238	-2.95585125	1.3404305
carn1240	0.694395861799	1.15765925134169	-1.3966295	3.01209875
caro1242	0.257373579845	1.04463471139903	-1.68123775	2.42380949999999
cash1251	-0.876765348	1.06229548598138	-3.02411475	1.0478775
cavi1250	-0.383230856233	1.0220828280021	-2.45476	1.53951375
cemu1238	0.558512249899	0.983538383641682	-1.3525155	2.50504775
cent1989	-0.3528248898405	1.07504668840618	-2.62952075	1.58800375
cent1990	0.6991437339483	1.11071095249277	-1.345548	2.94766825
cent1992	-0.0020977800215	0.916866384326915	-1.82125275	1.8549245
cent2004	0.4696877874665	0.993479822201559	-1.42376975	2.51311175
cent2050	-0.317220681029	0.964284176334206	-2.22260275	1.48634
cent2127	-0.583483120136	1.09786597713184	-2.9026115	1.31770974999999
cent2131	-0.690732600802	1.00349161582757	-2.81825225	1.161483
cent2150	0.556533456735	1.08197859822186	-1.4988345	2.8859845
cent2292	0.782183701241	0.832282268600023	-0.77734365	2.49071875
cent2314	0.483792000828	1.06018564523656	-1.4477595	2.674349
cent2322	0.502182052169	1.11896456240366	-1.669045	2.8324595
chac1251	0.0980838106205	1.05247797117795	-1.92836175	2.1302595
chad1249	0.61642413862	1.06911615576292	-1.39955575	2.88384325
chak1270	0.6965596154955	0.99812896745224	-1.10866075	2.87721725
cham1309	-0.139201542353	0.832146752406878	-1.879553	1.42600125
cham1312	-0.611960644605	1.03085867445506	-2.676374	1.2568175
cham1315	-0.852746385759	1.12583939341603	-3.17810875	1.2663225
chan1313	0.1649135667795	0.800342836780295	-1.44025425	1.84223825
chas1234	0.0577695533885	0.938229002693397	-1.8556025	1.83724349999999
chec1245	0.42992869446863	1.02195568923732	-1.423803	2.60586725
chek1238	-0.507813742672	0.864239841827018	-2.281216	1.1072025
chep1245	0.6692149952185	0.819058987458042	-0.88465515	2.2832555
cher1273	-0.48637493979765	1.17584833824628	-2.88553075	1.70351425
chey1247	-0.672452903952	1.104792250494	-2.93152675	1.39610275
chhi1245	-0.639987053097	0.783901145615061	-2.17999525	0.878471449999998
chic1270	-0.4137398497145	1.08784060500145	-2.68748325	1.6532965
chil1280	-0.633719260179	1.05840230063424	-2.839444	1.38292475
chim1302	-0.5700203128245	1.04256010056477	-2.685908	1.41104625
chim1312	-0.859042380801	1.0929219924192	-3.15146025	1.259009
chip1241	-0.37832858263	1.09862493236509	-2.60937325	1.628335
chip1261	0.346970163908	1.09804044689729	-1.83204475	2.58474025
chiq1248	0.4475931385125	1.08008351907316	-1.62390325	2.74625125
chir1283	0.50832581462487	0.835841708551513	-0.9895037	2.2284375
choc1276	0.589926142795	1.05713580923207	-1.40019575	2.872284
chot1239	-0.508507256219	0.939851329492248	-2.36927425	1.25435925
chra1242	0.26386337169	1.05111177525576	-1.68040475	2.47125199999999
chuj1250	1.20256411712	1.03912705228978	-0.6071195	3.3855315
chuk1273	-0.4597753052625	1.12946981659622	-2.8216325	1.66172925
chuv1255	0.630060411515	1.02224518327372	-1.3286645	2.71146775
chuw1238	-0.81724593207	1.12774436129943	-3.1727535	1.34961975
cici1237	0.45163800404	1.15169425475677	-1.75986325	2.89007825
coat1243	-0.806041250146	0.880825066087222	-2.5558525	0.879801175
coca1259	0.452838636144	1.02604871067773	-1.50783225	2.604763
cofa1242	-0.121552485897	0.995561062780209	-2.05477925	1.8595295
cogu1240	0.57639857437	1.0600924197116	-1.417723	2.81853975
colo1256	-0.09513493073245	1.00029104540244	-2.02350875	1.83820325
colu1241	-0.999756193055	1.10211517874708	-3.415396	0.913663775
coma1245	0.4077571246955	1.09207608077025	-1.57714275	2.69016725
como1259	0.054572327903	1.01474932970431	-1.88027675	2.08282075
cong1236	0.4200182596285	1.15185302575943	-1.780274	2.903113
copa1237	0.05833777178615	0.852076603139922	-1.6035725	1.75529425
cori1240	0.982596091831	1.05266157516025	-0.8128581	3.358755
cors1241	-0.5512939222075	1.10681544745326	-2.75221075	1.60214275
cosa1234	0.80535380036195	0.855809050536288	-0.802360425	2.59812875
cree1270	0.7083965924445	1.06734720350873	-1.3229155	2.89625575
crim1257	0.3210690093715	1.11641410715505	-1.747973	2.72228725
cros1244	-0.180824013437	1.0390950662999	-2.226735	1.941809
crow1244	-0.789701750162	1.07302853862437	-3.00834075	1.156015
cube1242	-0.1338748045835	0.945674894762408	-2.050105	1.72895175
culi1244	0.4095324178535	1.11362524777212	-1.6748935	2.64605874999999
czec1258	-0.4745842316815	1.17410097094855	-2.90544525	1.76432025
daai1236	1.2120662959105	1.02281637494522	-0.683483575	3.30715975
daas1238	-0.961684634089	1.00118586574381	-3.177707	0.846235399999999
dagb1246	0.41816554541155	1.10816068303444	-1.7423185	2.78015175
dagi1241	0.82358068815	1.06197351231963	-1.12118675	3.0701085
daka1243	1.776960624685	0.84403328209481	0.27376855	3.619288
damp1237	-0.8638272470785	1.00438603973956	-2.962205	1.01392275
dana1252	1.41800234198	1.03633516348679	-0.40382055	3.714601
dani1285	-0.531328420861	1.08011469848252	-2.78698175	1.588543
dara1250	0.406152205528	0.89891934660523	-1.38695225	2.1965715
dard1243	0.5388847276315	1.15862219784946	-1.66055225	3.06772875
darg1241	-0.4310494740885	0.929192917748376	-2.37843875	1.29223525
darm1243	1.30752578189	1.02369339464563	-0.543253375	3.5484175
dawr1236	0.18346448918187	1.06155640224563	-1.862767	2.367829
daww1239	0.2675085688845	1.04547419096507	-1.71828575	2.4305
daza1242	0.549016172487	1.07916436590053	-1.5387225	2.7807165
defa1248	0.5895372964605	0.998337399376037	-1.22399925	2.705128
dege1246	0.498975978176	1.02980182836347	-1.47220875	2.61797675
dehu1237	-0.210053521425	0.980773160391025	-2.1116265	1.723577
dera1248	0.3978456034765	1.00006324914424	-1.459421	2.40449924999999
desa1247	0.0121439418835	0.855964871679665	-1.70824475	1.59239175
dhao1237	-0.6472646294035	0.93923042807336	-2.57069725	1.15983925
dhar1247	-0.6274407595629	1.11497098045546	-2.957087	1.43280099999999
dhim1246	0.5714926831088	0.939183923271074	-1.24358125	2.5502895
dibo1245	0.67372166188	1.10839989228375	-1.3283865	2.999019
dido1241	-0.06868963324	0.844310849984832	-1.72655425	1.559027
dier1241	0.4558604346995	1.06819161306904	-1.65843725	2.73220125
diga1241	-0.198674580125	0.96540070220005	-2.1344055	1.6363805
digo1243	-0.6384783429208	1.0904003782582	-2.88531125	1.29002575
dima1251	-0.154856876394	0.928685364481815	-1.972864	1.580809
diri1252	0.155906805941	1.12835296951507	-2.014518	2.535658
djee1236	-0.683484247224	1.030508144934	-2.85566675	1.22768775
djin1251	-0.6287958271435	1.07337846863402	-2.920682	1.326451
djin1253	-0.0084288771865	1.06984874189605	-2.142398	2.10969575
dobu1241	-0.6963750250595	0.882183333821854	-2.5629935	0.964436924999997
domm1246	-0.570996733858	0.951908551845668	-2.60583375	1.140564
doro1266	-0.0047357113865	0.831183803469063	-1.63678625	1.60322075
drun1238	-0.20552467072295	0.960852252222309	-2.2725285	1.6287565
dual1243	-0.262245962905	1.00780367943519	-2.295518	1.7544645
dumb1241	0.157975389852	1.01193398434241	-1.80997175	2.28077225
dupa1235	0.75963531749495	1.00657571632391	-1.228417	2.89175
duru1236	0.6908805544435	1.04132153813639	-1.27534525	2.858593
dusn1237	0.800866244873	1.07921561760962	-1.22536625	3.01938175
dutc1256	0.723992857355	1.10892727918373	-1.3348175	3.0052865
dyir1250	-0.0450003492857	0.982225699839434	-1.9276945	1.850242
dyul1238	-0.4221754723405	0.895818592304321	-2.17168275	1.2813
dzao1238	-0.844716493583	1.15443401488942	-3.31219425	1.34334725
dzon1239	0.604663440916	1.02919277655375	-1.2486805	2.849929
east2328	0.712055263175	1.01581179790599	-1.13486125	2.816961
east2332	0.25352345209	1.05576291173428	-1.74329025	2.350272
east2342	1.421369423385	1.05348340375228	-0.51859805	3.613921
east2379	0.5403224657195	1.05627559814234	-1.472086	2.5860475
east2443	1.793483601935	0.993229065960443	0.00930739075000001	3.889769
east2447	-0.790671718218	1.08738940918311	-2.9939035	1.194897
east2516	-0.58694163149	0.91485623739766	-2.39735775	1.212585
east2555	-0.607400594903	1.084434473541	-2.789364	1.4684575
east2690	-0.514883271332	1.10529371784921	-2.79365425	1.49991125
east2773	0.167498186943	0.844119077244115	-1.48296875	1.81783775
east2782	-0.62680536721	1.12098273071331	-2.9562015	1.54380925
egyp1253	-0.66541982374	1.12215349447482	-3.04176075	1.4610035
eipo1242	0.3534583957755	0.949038356620115	-1.511727	2.263464
elem1253	0.613315817991	1.01434590326805	-1.2160845	2.726582
elna1235	0.74480028906915	1.11032507119467	-1.28888325	3.17191175
emae1237	1.1251826450435	0.901781955000533	-0.56419275	3.0485705
emai1241	-0.006509472998	1.00087477349125	-1.90004775	2.06466175
embe1260	0.697160512804	1.0976431617038	-1.4170305	2.97963825
embe1262	0.5346459136015	1.10312085112783	-1.56688825	2.94532975
enap1235	-0.619452583395	1.06675895730539	-2.84999925	1.446555
enuu1235	0.9146204528145	0.981714170532814	-0.9303941	3.06912
epen1239	0.455341188175	1.1155166829818	-1.656716	2.7347
ersu1241	0.1442467526595	0.969547384761593	-1.72344925	2.08053375
erzy1239	0.5439906243275	1.08872927631075	-1.51200275	2.84830174999999
esee1247	0.561307697964	0.954150417021323	-1.1485465	2.57047075
esee1248	-0.4178863339165	1.02814677895094	-2.590965	1.53724775
esim1238	0.982930312935	0.990990428617106	-0.825278975	3.08907324999999
esto1258	0.83450172071	1.04402978996186	-1.141054	3.0143995
even1259	-0.360257682115	1.09857951091945	-2.67998575	1.70094675
even1260	-0.35748104777435	1.15340633695036	-2.69166175	1.8656945
ewee1241	-0.020101572343	1.06103582702621	-2.0806625	2.09768025
fare1241	0.4785852444075	1.12064448756247	-1.579618	2.8574675
faro1244	0.5567185161755	1.10613866154075	-1.5236435	2.82429725
fiji1243	-1.04350743318	1.04102626655552	-3.28624475	0.870140574999999
fina1242	0.861733610702	0.820695301889988	-0.724223225	2.58155525
finn1318	0.58962961507	1.08917719237508	-1.460806	2.77572675
foii1241	-0.089514896375	0.998802610652142	-2.08406825	1.89850775
fonn1241	-0.63399915762	1.0887127521351	-2.8882275	1.41638475
fore1265	0.49938215281975	1.08037723086814	-1.54691	2.71662125
fran1266	0.601299788625	1.18331238525927	-1.61244275	3.15813075
fuln1247	0.4416915251	1.10956896864393	-1.59076125	2.73041075
furr1244	0.49202066658	1.08575546191672	-1.49880175	2.70469625
furu1242	0.65625352675505	1.14471229481289	-1.397364	3.116207
futu1245	1.1080232881498	1.04859239760782	-0.83370265	3.33993925
fuyu1242	0.4837849047715	0.916565480516115	-1.271926	2.39861375
gaan1243	0.00240888203	0.965202191360664	-1.93480325	1.87157525
gade1242	0.732394602665	1.15249444579062	-1.36736675	3.19873675
gaga1249	-0.768533985315	1.06006000161406	-2.94716575	1.22564675
gahr1239	-0.117089349666	1.04450508182784	-2.31894525	1.88510225
gali1258	0.5939121895825	1.04667566930585	-1.366367	2.79825925
gali1262	-1.003228247562	1.06188199787332	-3.29187325	0.994173124999998
gami1243	0.594416745455	1.04409816545445	-1.3743995	2.7933315
gamo1243	-0.197975534275	0.912404305875972	-1.9868255	1.61682275
gand1255	-0.04150073	1.06713881702138	-2.1893105	2.12231025
gant1244	-0.07700618872	0.821605002472404	-1.755215	1.6060885
gapa1238	-0.38766518665135	0.860933598774372	-2.09764875	1.27341
garo1247	0.1330542729525	0.947184161458516	-1.7554115	2.02945375
gata1239	0.556653889175	1.05752145084352	-1.40675975	2.71309175
gayo1244	-0.375985197886	1.02779751362165	-2.50383475	1.62307625
gbay1288	0.574751562389	1.10262254200911	-1.46743425	2.93931025
geba1237	1.3883670553785	1.00796836746798	-0.4062082	3.46839075
geda1237	0.39104965713	0.830055183100336	-1.1823125	2.08513725
gela1263	-0.4604282774545	0.849029407170307	-2.15215225	1.15199575
gheg1238	0.279403526668	1.03390747528457	-1.6906055	2.35520125
ghod1238	-0.18238230204507	0.879300354591384	-1.9229055	1.51275975
ghom1257	-0.998116539182155	1.05555853093298	-3.29923625	0.935346625
gilb1244	0.3758976983715	1.08887740241414	-1.69873075	2.5309495
gily1242	0.19495718723195	1.07721887813086	-2.046438	2.3267205
glav1244	-0.2729203525502	0.84650915961323	-1.99029225	1.354932
gogo1265	-0.546245637992	0.92003559186578	-2.487535	1.23596825
gola1255	0.0638976929285	1.09413199936678	-2.11110975	2.27005375
guah1255	0.329215910894	1.11997446294859	-1.7535515	2.527385
guan1266	-0.776304480925	1.00284478949473	-2.850107	1.1516615
guan1269	-0.0400701832155	0.895565090624773	-1.734168	1.73590075
guat1253	0.2472186668055	1.06118297898625	-1.820004	2.481245
gube1234	0.2288288787145	1.07788701080953	-1.854698	2.3675485
gude1246	0.104733741435	0.873892565449568	-1.5881525	1.90609375
guer1243	0.356915056769	0.904886253813431	-1.39298675	2.1805255
guiq1238	0.056002856296	0.986417567914465	-1.85729725	2.08037175
gulf1241	-0.5037455372385	1.10099450390575	-2.81639975	1.45681325
guma1254	-0.4830737214715	0.866567000637604	-2.26871875	1.2337315
gumu1244	-0.7686053084175	1.0648544782926	-3.0149205	1.237173
gunw1252	-0.89723114377	1.12497291402373	-3.2163775	1.13675125
guny1241	0.461009375776	1.08304436524292	-1.6338055	2.65586325
gura1251	-0.74201940461	1.01459908012611	-2.88693575	1.1
guru1271	1.1208144031746	1.05469214209049	-0.83487935	3.29824975
gyel1242	0.1835749997665	1.05703757648043	-1.8632755	2.32215925
haaa1252	-0.79461179224	1.13543037983167	-3.068186	1.314817
hadi1240	0.3618492771578	0.972111967560263	-1.50545125	2.2925655
hadz1240	-0.6548604584135	1.09153988970837	-2.8134675	1.39691675
haka1240	-0.086307673377	0.969268043044768	-1.99561	1.83440225
halh1238	0.78990413253	1.10479097748097	-1.29470275	3.00306725
hali1244	-0.0677501893495	0.888873265884837	-1.79396125	1.65305
halk1245	-0.49943615432	1.07285254060311	-2.73858425	1.4857185
hame1242	-0.8940360527759	0.915336540554741	-2.7418985	0.8596517
hang1263	-0.438436807159	0.853375826053267	-2.1468395	1.24514625
hani1248	0.9468034854045	0.998507114756906	-0.892589375	3.04254075
hano1246	1.7363429816505	0.984735361026839	-0.0832868725	3.8102585
haru1245	-0.14222380728445	0.831278360133789	-1.7382355	1.4843475
hass1238	0.508368644542	1.0652684630171	-1.5019225	2.69428375
hava1248	0.5154991887815	1.08193058507919	-1.61629025	2.67815825
hawa1245	0.3850847831405	1.10709424079259	-1.580636	2.63148324999999
hehe1240	-0.283012384513	1.01434899167669	-2.30084925	1.703236
heil1246	0.55165106201	1.05171029428202	-1.405501	2.7048015
hela1238	0.586272735063	0.808647724587409	-0.89038065	2.26354025
here1253	0.28729854068	1.10028094465858	-1.8425315	2.5499345
hida1246	0.597682522155	1.10238297673017	-1.4803155	2.888184
high1276	0.300898060076	0.995341900409343	-1.527969	2.40636
hind1269	0.46179700529	1.08440289460524	-1.60577225	2.636108
hixk1239	0.2152464740185	1.11111885444988	-1.95714575	2.506557
hoaa1235	0.538338535309	1.05697451629426	-1.42107675	2.79495925
hoav1238	0.750380871536	0.966409978907827	-0.910945175	2.7497935
holo1240	0.33636969988655	1.10766712662207	-1.8049485	2.60147125
hone1235	0.8826863157625	1.05920379230084	-1.07704975	3.077765
hooo1248	-0.7217633023865	1.13057907569494	-3.0515015	1.319767
hopi1249	0.3763222683875	1.12334193186765	-1.72962	2.64253875
huaa1248	0.56799348678895	1.14919490316797	-1.573338	2.97891375
hual1241	-1.008681196435	1.01987598514908	-3.10843725	0.855388724999999
huam1247	-0.538844915869	1.00118595783279	-2.56362725	1.431688
huar1255	0.28181601093	1.03573060641561	-1.6390655	2.304252
huas1242	0.53393827275	1.09924423306277	-1.5462945	2.8427785
huba1236	0.034287186049	0.937966814893669	-1.81970175	1.93903075
huic1243	0.6471860056025	1.07358768338722	-1.333704	2.90101
hula1244	-0.4356646093235	1.11414649365591	-2.715742	1.64436775
humb1243	0.720156907229	1.06636446802621	-1.2689175	3.04601425
hung1274	-0.5019095641765	1.04418688368468	-2.63194625	1.519014
hung1275	-0.7284272343951	1.14300282438546	-3.042903	1.37142075
hunz1247	0.04107377552	0.833688934093202	-1.53441575	1.65285175
hupd1244	0.3158414798715	0.846140767499086	-1.3256105	1.98765825
hyam1245	0.9532936210225	1.05175927066622	-0.9092165	3.29946025
iaai1238	0.40223281319	0.942008236709634	-1.321422	2.37863
iatm1242	-0.008780790445	0.859543969186578	-1.67410225	1.71164325
ibal1244	0.9550385743135	0.851601306835099	-0.557246975	2.736312
iban1264	0.3603146403067	1.12063679345641	-1.7148025	2.73787975
iban1267	0.850029807105	0.94484503382151	-0.89711445	2.7542365
ibat1238	-0.38068234388115	1.02176478601724	-2.41998	1.56971225
ibib1240	0.364549076948	0.99586470090804	-1.5356405	2.317991
idii1243	-1.43107954655	1.00866884235828	-3.56666575	0.381611174999999
idom1241	0.274930214611	1.11202466625508	-1.83857225	2.5590755
idun1242	-0.58723821306	0.851223615810725	-2.29134625	1.0697805
ikkk1242	0.02666169015	1.0567700618171	-1.93974925	2.205496
ilaa1246	0.18840856804	1.09928377108696	-1.88344375	2.3538095
iliu1237	0.58963852822255	1.1095090122545	-1.41694575	2.9388805
ilon1239	0.695042498114	0.857990762148635	-0.900337575	2.45410075
imba1240	-0.448569896715	1.02484849243693	-2.4434515	1.693469
indo1316	-0.01986153453	1.00411977669819	-1.93265875	2.01832075
ingr1248	0.969684726395	1.10444459217225	-0.942275325	3.37337075
ingu1240	0.4282525447755	0.954545924776866	-1.41828125	2.3933515
irar1238	0.6951942270105	1.03236724118503	-1.23726575	2.88908225
iris1253	-0.570854328542	1.12558758951775	-3.020996	1.6065475
irul1243	-0.45878839433	1.1439707839576	-2.922004	1.58583825
isco1239	-0.650722984303	1.05776016387135	-2.926444	1.27174575
isir1237	0.477751966885	0.886971174457336	-1.19562675	2.31767575
isna1241	0.4711658050245	0.986325170357619	-1.3913255	2.5478765
isth1241	0.433682598395	1.01618881880431	-1.45003975	2.61202775
ital1282	0.4841962936765	1.0655929111088	-1.4559395	2.69943625
iton1250	-0.5238250310715	1.05182918680316	-2.66335375	1.4236245
itza1241	0.667398869057802	1.18725077609207	-1.48952475	3.1404105
iumi1238	1.342067188275	0.95147508584093	-0.367213875	3.44854825
ivat1242	-0.909451189367	1.03700395085145	-3.0071555	1.012593
iwam1256	0.1253376910893	0.850909393648319	-1.55224175	1.825122
iyoo1238	0.690456730827	0.866352182016548	-0.941214575	2.54901725
jahh1242	-0.5004733926825	1.01251296236768	-2.48530775	1.491
jalk1242	-0.044482664119	0.957045079811785	-1.96837075	1.88944375
jama1261	-0.27561937099	1.03372140181385	-2.31739625	1.735187
jamb1236	-0.8592128736475	1.01865191477471	-3.00128325	1.101501
jams1239	0.657466804935	0.995126662704911	-1.22549675	2.66076125
japh1234	-0.8526048549385	0.99804981608871	-2.8468775	1.00843675
jaqa1244	-0.7052309200695	1.08437194831571	-3.00319475	1.30986075
jara1266	-0.069940104545	0.996827372659529	-2.061723	1.85450475
java1254	-0.26683526861	1.04905617483935	-2.40101025	1.7843665
jede1239	0.67278526679	0.976427985945441	-1.1283025	2.5883175
jeha1242	0.811830672078	1.02099221117992	-1.05874725	3.02034825
jehh1245	-0.8923772616915	1.00189722036498	-2.99802725	0.990532224999997
jina1244	0.396129065389	0.968588740518972	-1.534671	2.3338815
jjuu1238	0.937325673692	1.03925885302259	-0.85342885	3.186158
juku1254	1.0376008329415	1.02155587935519	-0.80116215	3.2554515
jurm1239	0.2965624442405	1.12456556339883	-1.820231	2.633172
kaba1278	0.52030068839	1.11022068463638	-1.45605975	2.87248275
kaba1281	0.4182184002445	1.10196856860294	-1.643471	2.67567025
kach1280	0.1961897828506	0.983521122507793	-1.6545445	2.18652025
kach1284	-0.031510330494	0.915687821262236	-1.8698455	1.76954675
kado1242	1.5726038196365	0.970012909811706	-0.14984935	3.62010475
kafa1242	-0.0033652465015	1.03393245776919	-1.9918495	2.029704
kagu1239	-0.2995081509775	1.06092051180362	-2.40704075	1.8506755
kaik1246	-0.3870876419185	0.962364244223806	-2.3038445	1.51230325
kaki1249	0.54507685037	0.958051620212499	-1.233532	2.518992
kala1384	0.295438657901	1.04942413166727	-1.6691825	2.491032
kala1399	-0.5829999247907	1.07252645311283	-2.8474485	1.36969575
kalm1243	-0.351283340121	1.09895315285753	-2.662539	1.76467825
kamb1297	-0.83297548635	1.12036826456413	-3.10243075	1.267576
kamb1299	-1.04555888425	1.03614549596754	-3.228058	0.842164974999999
kamm1249	0.545873129545	1.04072323298938	-1.37676625	2.65359875
kamu1260	0.1615983948111	0.973316074195538	-1.7010305	2.15717325
kana1286	-0.1248669003445	0.846715766176186	-1.727762	1.60840175
kana1291	0.406614204554	1.12067974806068	-1.63223325	2.729222
kani1286	0.013746461591	0.91081582510362	-1.76842175	1.79315425
kank1243	0.868914171488	0.851307771104654	-0.723026075	2.60666925
kaon1241	-0.826583371495	1.04767343455104	-3.015795	1.10676025
kaqc1270	0.985736264975	1.07695332013295	-0.95956315	3.26500075
kara1476	0.260191930087	1.08231673237275	-1.82727275	2.379779
kara1482	0.475504803323	1.1424698286577	-1.7346135	2.7771585
kara1486	1.501995736605	1.04492416480663	-0.380547225	3.760538
kara1487	1.0010043301955	0.803514535604721	-0.412253625	2.72329225
kara1500	0.4713217315455	1.09819107581133	-1.49863725	2.663702
kare1335	0.6385326951575	1.11650011093364	-1.4430565	2.9625535
kare1338	0.39483316219	1.12928812015313	-1.7384655	2.74541075
kari1311	0.5533978801515	1.09993094949517	-1.51035475	2.92483825
karn1252	1.293747338635	0.964994612712663	-0.4323487	3.3002135
kash1277	-0.5807545006556	1.07734147623373	-2.85012175	1.57027725
katb1237	1.757231304045	0.827826840069229	0.272029075	3.602972
kats1235	0.0348568511815	0.937422086754122	-1.896971	1.8358235
kava1241	-0.69284597418	0.901339265903537	-2.44778875	1.00704225
kaya1315	1.414282419195	1.01039658041345	-0.412086525	3.589916
keap1239	-0.52792789392265	0.910581039801397	-2.33070175	1.18559175
keig1242	0.77937783831	1.13537002632573	-1.37725625	3.278279
kele1255	0.451011535451	1.13547730145791	-1.58191	2.97953525
kele1258	1.024259109535	0.991363904296115	-0.767411975	3.032544
kele1259	0.9855731081865	0.786064846970022	-0.388613	2.65459225
kemb1249	-0.23355463278	0.972695221140817	-2.2023835	1.606247
keme1240	1.1413195412025	0.958284798132005	-0.592617425	3.24017475
keng1240	0.5450115073165	1.08596336439102	-1.44600125	2.90542225
kens1248	0.6808383532305	1.01571384949889	-1.2526795	2.842743
kenu1236	-0.7482346492435	1.0832157285032	-3.16812825	1.21819625
keoo1238	-0.05638582718	0.929302475532231	-1.79453975	1.80011475
kera1255	0.4193524256085	0.935424352633855	-1.306543	2.38103825
keri1250	-0.97751516723	1.09781608285586	-3.1992255	1.151958
kesa1244	0.043682541638	0.86045896766955	-1.633916	1.73035875
kett1243	0.4972173825455	1.13517044757956	-1.6898725	2.7651295
kgal1244	0.4750906963835	1.04846495278399	-1.4881855	2.6590865
khak1248	0.44330845107885	1.11494403902575	-1.67110425	2.75358274999999
khal1275	0.00763756055	0.817007131646578	-1.56862125	1.650627
kham1282	0.604121863763	1.15199700627628	-1.67830425	3.0206435
khan1274	0.3628618638805	1.0193698299717	-1.6307895	2.326324
khan1278	0.603296662255	1.00573397962198	-1.1831015	2.7054105
khar1288	0.431877643673	0.872664393491918	-1.1590525	2.195502
khez1235	0.4092400829635	0.824981278006057	-1.23078775	2.15281425
khin1240	0.2704904401525	0.925380416836467	-1.48862575	2.01499775
khmu1256	0.9237842513995	1.00689246326987	-0.8978932	3.06532825
khva1239	-0.0470100614555	0.823130671121541	-1.65375325	1.597283
kich1262	1.02125811694	1.08367114178508	-0.90802875	3.3512455
kiku1240	-0.473807663225	1.0473155222449	-2.612442	1.4971045
kile1243	0.624072332443	1.06273541719954	-1.4034545	2.836963
kili1267	-0.0105920023118	0.939488781751744	-1.7808975	1.8728655
kimm1245	-0.2180581944239	0.943199249141061	-2.1086905	1.55656025
kimm1246	0.292341404279	0.974840244307736	-1.612303	2.29779425
kina1250	0.238994366619	1.08795634407452	-1.894213	2.50236375
kinn1249	0.5490797622956	1.0123974542936	-1.45979425	2.58079825
kiow1266	0.59297110103435	1.12497564825821	-1.57483175	2.93635025
kips1239	-0.535539113175	1.02842195595312	-2.710002	1.45708825
koda1255	-0.80672918184475	1.08828836213116	-3.132822	1.15744875
koit1244	-0.020909779495	0.887736436756786	-1.774294	1.83449675
koko1269	-0.4667575397741	0.899480699898023	-2.258034	1.2948545
kola1285	-0.609644045306	1.09471574485942	-2.92151225	1.482984
kolb1240	0.156494180703	1.08641726770951	-1.99187325	2.3928155
kolc1235	-0.0429274037685	1.00022368252586	-1.98847925	2.00630475
kolu1245	-0.672167997256	0.845096269473087	-2.40766875	0.906989125
komb1274	0.81846893649175	1.0087216309971	-1.00526525	2.92828499999999
komi1268	-0.4968988808615	1.12703522526211	-2.87179275	1.64733625
komi1269	-0.531158492962	1.08077916913868	-2.86843	1.4723725
komo1260	0.372244412646	1.08802681896823	-1.66582175	2.69687125
konk1267	-0.614952784011	1.1209180329819	-2.96074125	1.3933335
kony1248	0.066232352559	0.804784116624527	-1.49216325	1.63724525
koon1244	-0.05249102392065	1.09831240373196	-2.2808695	2.151836
koor1239	-0.3753386245395	0.967780298832237	-2.28536875	1.482904
kore1280	-0.657733614698	1.11348507156667	-2.9293135	1.49494025
kore1283	-0.82633272368	1.04247850034955	-3.02732	1.1425855
kork1243	-0.588087512737	1.04102148012314	-2.651725	1.41736175
koro1298	0.684072891715	1.05713204254947	-1.2622225	2.81934074999999
kosa1249	0.51764321061375	0.951819204840761	-1.2435425	2.429571
kosr1238	0.40058241504	1.07497690301755	-1.60352875	2.526596
kove1237	1.4013336536165	1.04523609910821	-0.4213183	3.746772
koyr1240	0.42026827316555	1.12326031545479	-1.662419	2.782178
koyr1242	0.478289313397	1.14228317604426	-1.816467	2.8539725
kryt1240	0.282679104993	0.929118360878383	-1.4788095	2.094269
kuan1247	0.25814870823	1.16926682532811	-1.925899	2.69833975
kuan1248	0.7241929748885	0.892865783439003	-0.876784975	2.545991
kuik1246	-0.3658688615095	0.970594766519191	-2.3482	1.5190755
kuku1280	-0.0287369528595	0.992285573786809	-1.934345	1.9412655
kuma1276	0.25380237452535	0.925272350649275	-1.51834575	2.1683435
kumb1268	0.65980785045415	1.09922148778844	-1.3631945	3.00366599999999
kumz1235	0.56012606569715	1.06713693115456	-1.4348065	2.68995025
kunb1251	-0.87875651942	1.04759747696276	-2.92802	1.0757735
kuni1267	0.564115201431	0.889975521765659	-1.16638425	2.41657025
kuot1243	1.563021548526	0.993420337478553	-0.1358679	3.6445915
kurr1243	-0.6063705967245	1.05266783620988	-2.76742175	1.41432025
kusa1251	0.7832902099612	0.986446347494733	-1.03043475	2.86362425
kusu1250	0.08172591558	1.00960083396979	-1.83835625	2.22637525
kute1248	1.0552361700535	1.0169296946298	-0.8118674	3.2965
kute1249	-0.867678901805	1.09939347794634	-3.171675	1.03414425
kuyy1240	0.266492884476	0.991579738486356	-1.5895965	2.24668075
kwai1243	-0.0644254836428	0.809837179056416	-1.59697	1.53768825
kwam1249	-0.98895397789	1.08084309898482	-3.2758055	0.991152625
kwam1252	1.371666157244	1.00883504983609	-0.454595275	3.5611465
kwar1239	0.044802665067	0.815349672477849	-1.540507	1.64031825
kwaz1243	0.2615480226142	1.1021945929272	-1.8080645	2.508305
kweg1241	-1.099432380005	0.983533289625823	-3.1727935	0.73092445
kwin1241	-0.6152744141805	1.08351060104248	-2.91717175	1.4458965
kwom1262	-0.334649293784	0.822226349138157	-1.92703625	1.3122595
kxoe1243	-0.71072790129	1.10471912765449	-2.899023	1.3339665
kyer1238	0.5242738382315	0.804529045700742	-1.0179665	2.162495
laal1242	0.498103040941	1.0602500727231	-1.46551175	2.76013475
labu1248	1.21673567293	0.892001236575469	-0.361758775	3.08256574999999
lagw1237	0.4719895499755	1.0041495711172	-1.46816975	2.4941165
lahu1253	1.630274960612	0.966518941383387	-0.0523228925	3.700886
laiy1246	-0.86194300318	1.08994439862293	-3.22757575	1.185005
lala1268	0.124069409433	0.868709235771636	-1.60084525	1.82996425
lama1277	0.003984333252	0.922723949890017	-1.7200675	1.90330575
lama1288	-0.2193140827215	0.831402417989906	-2.005468	1.32926825
lamb1273	-1.007628824555	1.05641064691944	-3.230886	0.89546285
lame1260	1.524732976805	0.836306823271891	0.09203858	3.33973875
lamk1238	-0.63321758914	0.948361388613478	-2.609803	1.09178875
land1256	-0.0911148747168	1.04458553706418	-2.1157365	2.03357875
lash1243	0.075519647453	0.924786414879632	-1.757334	1.87048275
latv1249	-0.30030525949	1.123920469833	-2.628307	1.826058
lave1248	0.175069926173	1.01561894192496	-1.80975875	2.246487
lavu1241	-0.0092944453635	0.933762481054346	-1.7577955	1.84000475
lazz1240	0.518711730332	1.08807018992905	-1.592721	2.7403145
lega1249	0.4451878957265	1.11352188071355	-1.6135255	2.76855275
lega1250	0.287249391987	1.12494044531832	-1.85204575	2.5584025
lele1267	1.173530728455	0.971554106918456	-0.636242075	3.2353145
lele1276	0.00240714273	1.02511726868253	-2.11105025	2.096161
lemb1266	-0.114223115685	0.845649340477717	-1.799525	1.56090025
leme1238	1.37241849844	1.02083153752509	-0.4380191	3.63805
lena1238	1.379941229485	1.02118972973457	-0.4590754	3.627674
leng1259	-0.6873334326808	0.862049708774748	-2.332999	0.958498474999997
lepc1244	0.76314980918685	0.94199157884422	-0.98572365	2.72060225
lewo1242	1.2917798069045	0.854982138852263	-0.188045375	3.11853675
lewo1244	-0.091556587216	0.923369354841715	-1.82248925	1.8070095
lezg1247	-0.08433218081117	0.909853667575852	-1.93783475	1.70078525
libi1244	1.16956947531595	1.08609033981446	-0.78085525	3.47333325
liby1240	-0.5805917201865	1.1242283789956	-2.9268365	1.6348565
lika1243	0.6817597173195	1.11539027391379	-1.37981225	3.0382625
liki1240	1.140749784471	1.08280395148772	-0.733926325	3.43165375
limo1248	0.8124537833635	0.930700978662605	-0.85385975	2.77594825
ling1265	1.7648186856935	0.817423456908622	0.318482325	3.63611525
lipo1242	-0.436071451109	0.948351417722688	-2.42528725	1.3360515
lish1245	-0.706959058443	1.10823110284058	-3.06166175	1.36716075
lisu1250	0.0587233610345	0.913707374852958	-1.728848	1.83984625
lith1251	-0.6050811641657	1.1049976436616	-2.882272	1.46285325
lito1235	1.1163705280779	1.09263298519212	-0.79430565	3.46557425
litz1237	1.7293406633	0.81453050606775	0.29532185	3.4911855
livv1243	0.766606400525	1.06805108868232	-1.27032475	3.12225675
loba1239	1.0349549976825	1.11880606350511	-0.9650931	3.39709249999999
logo1259	0.4851247064155	1.10562510219821	-1.5559975	2.7567645
loka1252	-0.0721356612865	1.00767939904432	-2.036507	2.02624575
lolo1259	-0.276674763406	0.942252349438309	-2.16596725	1.4686265
lomb1257	-0.16759796713	0.99694023296791	-2.1832255	1.80329825
long1395	-0.658939354696	0.884669121059642	-2.394571	1.00976675
loni1238	1.045145295172	1.00517716872224	-0.75023705	3.14151425
lote1237	1.06053604516845	1.04057757728087	-0.798297375	3.36586625
louu1245	1.10614389224	1.01590716483547	-0.696900425	3.41613925
lowl1260	-0.801289732067	0.935676325346182	-2.6956545	1.0109475
lowl1265	-0.183340668216	0.970778056569361	-2.09597325	1.80038775
lozi1239	-0.30947470425	1.05031412345132	-2.417345	1.757924
luan1263	0.415734989605	1.03146626093203	-1.55517975	2.58777125
luch1239	-0.33952633376	1.00918622975613	-2.33876525	1.52180725
ludi1246	0.527648952625	1.09694434576982	-1.63111125	2.7657065
lugb1240	0.364835919038	1.11916076424442	-1.71161	2.70321125
lugu1238	-0.669714998405	1.04909499520478	-2.782269	1.27325425
lule1254	-0.803730582238	1.06238347776644	-3.04329625	1.14495875
lumu1239	0.849922969993	1.0643968822018	-1.0706655	3.1152205
lund1266	0.061137358105	1.09470951576276	-2.12243	2.30566075
luok1236	-0.915946448028	1.08296252644608	-3.1034305	1.08718925
luse1252	0.731344020755	1.11021475252836	-1.27094175	3.160054
lush1249	-0.0902459882095	0.93493880936476	-1.982106	1.77370825
lush1252	-0.0507571126915	1.01422606246596	-2.00531075	1.96425025
luva1239	-0.6680196328815	1.01454691486192	-2.705301	1.23697875
luya1241	-0.140440560115	1.05847375988555	-2.215862	1.989851
maan1238	-0.6417438891415	1.08520934289908	-2.9319045	1.4444635
maba1270	0.8767131351005	1.06029725315838	-1.02401125	3.13196675
maba1277	0.4301664078485	1.18467963568912	-1.81567625	2.84394475
mace1250	-0.23426948146	1.03534946375753	-2.4663615	1.79333125
maco1239	-0.653369983724	1.04226031593902	-2.84953875	1.278544
macu1259	0.5397994177009	1.12719758109798	-1.6768115	2.96701475
macu1260	0.7749099046595	0.957912832989269	-0.996127475	2.84828525
mada1285	1.383237129125	0.96598937041752	-0.34754585	3.48479625
madi1260	0.33005832385	1.08821608051314	-1.753317	2.53556825
maee1241	1.70033643377	0.816018216810547	0.24342985	3.49812475
mafe1237	1.81550161191	0.943060955309539	0.148194375	3.7491265
magd1235	-0.7292176801535	0.897175377571552	-2.520231	0.943149824999998
maia1253	0.5381981733845	0.922644299295817	-1.19385425	2.43794049999999
maib1239	0.231197579695	1.01309980388812	-1.71012075	2.19476525
mail1248	-0.041469130445	1.00502224810308	-2.03047475	2.04295275
mais1250	0.5180351214175	0.938566424315342	-1.219616	2.576396
mait1250	-0.146189174165	0.951677030231504	-2.03114625	1.716449
maja1242	-0.6095780048885	0.973645883080852	-2.694812	1.2415815
maka1304	-0.200960915345	0.991027944600462	-2.20550275	1.79449275
makc1235	-0.2338514827175	1.08662881674484	-2.41064625	1.87917775
makh1264	-0.06996744922	1.04739318820656	-2.18255275	2.05260825
makh1266	-0.9770208210545	1.06947602697465	-3.2686355	1.048711
mala1463	-0.623937266019	1.1051998750558	-2.98487375	1.419641
mala1464	-0.72540213934	1.11161741472198	-3.06723175	1.28712025
mala1479	0.1930654145	0.998913652244847	-1.69253325	2.1802335
mala1522	0.5111671080594	1.04128228611719	-1.4914675	2.67712075
male1284	-0.576718372105	0.904589577440775	-2.42198825	1.166913
male1289	1.3858977088715	0.987885347604224	-0.3679365	3.515313
male1297	0.4989953536576	1.17517161778847	-1.70641625	2.88198075
malg1251	-0.1917300036105	0.932998001006693	-2.02765875	1.65773775
mali1285	0.653950327019	0.956791700083588	-1.15337475	2.59931725
malo1243	1.767563434809	0.910477305824008	0.1557367	3.672145
malt1254	-0.5832573039605	1.10769965871901	-2.9438135	1.52520075
malu1245	1.682651950075	0.836251853640055	0.229220475	3.47045275
mamb1294	0.08800693546255	0.926795860416151	-1.71311625	1.98013275
mamb1296	0.2677062686425	1.11759347014593	-1.92523425	2.58458524999999
mamm1241	1.077781546428	1.12283133079766	-0.91306765	3.53035625
mamv1243	0.448855452491	1.08344340002678	-1.55668525	2.7003675
mana1288	-0.271739357551	0.891675963778121	-2.04589875	1.45588975
mana1295	0.594447420645	0.917583991666647	-1.09520925	2.3912895
mana1298	-0.3199082384645	0.84200026507008	-1.960733	1.373862
mand1415	-0.5118917205535	1.12011893366291	-2.78441675	1.67005075
mand1440	1.351772761615	1.01801565643011	-0.533164175	3.4779035
mang1378	0.938687360785	0.924331326442923	-0.73784285	2.9532055
mang1381	-0.771658679152	1.10571532028597	-3.1800885	1.25407625
mang1394	0.793523606	1.14718898590915	-1.33243175	3.19365325
mang1401	0.396408430585	1.0948195849802	-1.7052195	2.62182725
mang1405	-0.6693874891215	0.970727732183944	-2.60713875	1.17836075
manm1238	0.89205682752015	0.862696943207082	-0.6951891	2.69299675
maor1246	0.448058651104	1.12806390891845	-1.650334	2.7989855
mapo1242	1.1939102862765	0.909810692431943	-0.39060855	3.12838625
mapu1245	-0.5472285801035	1.05802240978851	-2.7867385	1.433249
maqu1238	0.668323907725	1.0324210596639	-1.1753625	2.98700525
mara1378	-0.56987612937135	1.08316109561941	-2.93552175	1.39711175
mara1382	0.0935385805515	0.863552755880805	-1.6081915	1.8006355
mara1399	1.69932016908	0.818230152127265	0.210378725	3.45820475
marg1265	-0.06023506128385	0.906263590957799	-1.8301155	1.71455475
mari1424	-0.188286941846	1.00400344501031	-2.211996	1.781261
mari1426	1.6292264172351	1.04235000561536	-0.288636175	3.85760375
mari1440	-0.64561540866855	1.09626377284008	-3.0250065	1.37388075
mars1254	0.381289457079	1.03735375167163	-1.64913325	2.43411575
mart1255	0.1616128238475	1.05176216614017	-1.91777475	2.228454
maru1249	-0.4070671788355	1.00878898677136	-2.57298575	1.5264235
maru1252	-0.583344285507	1.09574982915598	-2.80844125	1.50935325
masa1322	0.421105805255	0.933740337170481	-1.279885	2.2386155
masb1238	-0.3978981166335	0.999046730116931	-2.4434895	1.60043175
mask1242	1.7437016269	0.83995652900754	0.2883465	3.645957
matb1237	0.655016440804	1.11601800956801	-1.27529525	3.043422
mati1250	-0.1925359413405	0.90177276276021	-1.9719915	1.589961
mato1252	0.874144398699	0.804399972568605	-0.617494375	2.54823925
mats1244	-0.551324944948	1.03336175644887	-2.68791575	1.3424855
matu1259	-0.843082957038	1.06461338877749	-3.0437335	1.207588
matu1261	0.359214661025	0.85643019821365	-1.24601025	2.11541725
maun1240	-0.856836107205	1.05232039358194	-3.145179	1.01629725
maxa1247	-0.666458907545	1.07972855688921	-2.825227	1.39631625
maya1285	0.827730640555	1.06328972141964	-1.1409755	3.06162525
mayo1261	0.716796206313	1.13905794731655	-1.32207425	3.194219
mayo1264	0.153131262997	1.08367803508863	-1.86098825	2.38092975
maza1304	0.195097049768	0.829127472974196	-1.39425025	1.9018165
mbaa1245	0.49319021776	1.12017369690948	-1.56999975	2.82024675
mban1263	0.7516892348495	1.15649083797695	-1.3308265	3.213092
mbar1260	0.351112553114	0.946495762360142	-1.4918755	2.34464125
mbay1241	0.3870371375045	1.10387420446713	-1.695103	2.66855125
mber1257	0.001416032702	1.08792141945838	-2.08860875	2.25498025
mbul1263	1.3273188235805	0.980113922862133	-0.4702094	3.39716725
meen1242	-0.36689628235655	1.02729941714552	-2.4313115	1.65650325
mehe1243	-0.361392829055	0.807812482573832	-1.9670925	1.238691
meke1243	0.266394605565	0.860833431382157	-1.42502525	1.9906685
mele1250	1.15024271953	0.973336697770275	-0.6404244	3.265883
melp1238	-0.587560426405	0.878215429978215	-2.35483175	1.0648995
mere1242	1.66021319567	1.00218651636114	-0.0673050875	3.75295825
meta1238	0.709815234235	1.01455933388872	-1.16207775	2.8614625
mezo1235	-0.488745899481	0.948572678688183	-2.44380975	1.32096375
mezq1235	0.16166839764915	0.992033221240246	-1.78495475	2.10154625
mich1245	0.4043347981535	1.12077532460246	-1.648463	2.74145775
miju1243	-0.2327576089395	0.965908099874514	-2.2130105	1.6274095
mikm1235	-0.3951618671305	1.12623280351784	-2.8216165	1.60509675
mila1245	-0.205176401566	0.998809311809261	-2.2177955	1.7083265
mina1268	-0.88612725002	1.08578098743968	-3.14670025	1.12338425
mina1276	0.221383685577	0.812791953017641	-1.3171285	1.903197
mini1251	0.769603143095	0.891013567183222	-0.823949275	2.63610825
mini1256	0.2844237387325	1.0976631201791	-1.9258155	2.52436125
minn1241	0.505026968732	1.06772437497984	-1.492314	2.84516025
misk1235	0.7669355155385	1.11512857851018	-1.2440575	3.1769585
mixt1426	-0.874175426925	0.904470891767635	-2.66733225	0.89098845
miya1259	-0.3736215709835	1.12830672215481	-2.59585675	1.82703575
miya1266	0.9618192092356	1.09584223105666	-1.017817	3.173292
mlab1235	-0.5377961489	1.02891779103019	-2.7052315	1.4356165
moba1244	0.448169682995385	1.09891371015277	-1.53814025	2.7410635
moch1257	1.118452526745	1.0920460983761	-0.888996525	3.5590335
moco1246	0.4381554879685	1.10187536452324	-1.70923	2.76486425
mode1248	-0.519786461173	1.08075460312793	-2.74660475	1.501158
moha1258	-0.7523505426475	1.14097380717993	-3.230214	1.32567575
moke1242	-0.617714500115	1.08369507050807	-2.874836	1.42387
moki1238	-0.438265536605	1.04989811608407	-2.470956	1.60910075
mokl1243	-0.454245850125	1.06686493654185	-2.652439	1.62749975
mokp1239	-0.340069662728	0.94993234190956	-2.2096755	1.49269175
moks1248	-0.401987747505	1.10344814727827	-2.63998725	1.69244575
mong1338	0.36541013135	1.1634710056015	-1.81458625	2.7061055
monn1252	0.47474375708	1.06552201027006	-1.541051	2.6591005
mono1273	0.394331154997	1.06394333968147	-1.521028	2.58603175
mono1275	0.326919751646	1.11383117088608	-1.84205	2.64593475
mopa1243	0.651239549835	1.15501339800761	-1.50526425	3.0551295
morm1235	0.5303920472125	0.995643592195476	-1.34974475	2.559011
moro1287	-1.018962468605	1.07083409828593	-3.27425075	0.982506749999999
moro1289	-1.15649767358	1.02171040405545	-3.33792475	0.669135324999997
mort1237	0.427193009415	1.11653605640965	-1.7022735	2.86769175
mose1249	-0.82754219003	1.1098467313039	-3.17576575	1.20068075
motl1237	1.33865214666	1.02880115701201	-0.51012225	3.5793075
motu1246	-0.361661690385	0.902203552805714	-2.22616825	1.33367925
movi1243	0.1696778220785	1.03529431340241	-1.81373225	2.310601
mpad1242	0.52234329898	1.00570176082819	-1.41945375	2.65671525
mpii1239	-0.536130274957	1.07707553199073	-2.8165925	1.46227975
mpot1240	-0.83722092005	1.03972461155008	-3.01732725	1.09317925
mpur1239	0.6254870124369	1.03040129544448	-1.22600275	2.871979
mual1241	-0.45642338577895	1.00396174192808	-2.50409775	1.4072365
mudu1239	-0.728868890542	1.20945752782773	-3.28630425	1.51641325
mudu1242	1.276171467245	1.08739587895851	-0.6585841	3.66264225
mull1237	-0.4898631431585	1.05899584280238	-2.64848525	1.46839475
munc1235	1.152183915525	1.08358094700751	-0.74655305	3.572812
mund1325	0.328269699249	0.986074265797392	-1.5478745	2.40987475
mund1328	1.15388626775	0.978208936410648	-0.57424415	3.32211325
murl1244	-1.0559976183815	1.10696275938016	-3.4772515	0.984170574999998
muru1266	-0.47757362282	1.10136145307141	-2.67798675	1.5703355
musg1254	0.192518782105	0.916541960758238	-1.59639625	1.9907485
muyu1244	-0.66531963868765	1.09680653767461	-2.9558735	1.55731275
mwag1236	1.14880152538	1.07321929337584	-0.85718615	3.44813425
mwan1247	-1.0565806892395	1.12837027116053	-3.399867	1.014426
nade1244	0.4853272941905	1.0505170986997	-1.489665	2.61249725
naka1262	1.115488870435	1.03584574466677	-0.7142254	3.3644905
nali1244	1.564681368287	1.01881371066272	-0.259682675	3.71748574999999
nama1268	0.994266392137	0.897948374420111	-0.693085975	2.910431
namb1293	-1.528883896345	1.02399462270281	-3.760923	0.304845499999997
nana1257	-0.26926370211	1.08847904869569	-2.38908075	1.78808325
nand1266	-0.9997774323399	1.08038974279793	-3.27866775	0.99836195
nang1262	-0.474203487012	0.959920341213674	-2.390419	1.38605025
nant1250	0.2008688362888	1.00514517025956	-1.7175025	2.249539
naue1237	0.66288004777	1.08186241158065	-1.3400035	2.9906245
naur1243	-0.69872711421	1.04508983777728	-2.87980075	1.3061495
nava1243	0.36117391577925	1.06236032251945	-1.670475	2.6134335
nawu1242	0.28787053834	1.09733666500306	-1.7313005	2.65427674999999
naxi1245	1.03994555254	1.00345596823372	-0.7776436	3.17752
ncan1245	1.1101422663075	0.95569663096198	-0.600529775	3.1583575
ndam1239	-0.645764796686955	1.00521114345634	-2.7090665	1.23126
ndog1248	0.34321109152	1.15129969150081	-1.834484	2.7812535
ndun1249	0.778490947765	1.07191735483005	-1.26172425	3.0241625
neha1247	-0.328553130885	0.991927034160734	-2.29819875	1.62611475
nend1239	0.1382043738925	0.813133686090954	-1.483837	1.82700875
nene1249	-0.542213309475	1.12108848659115	-2.98795475	1.51710225
neng1238	-0.5619472211325	0.981530250273172	-2.50925925	1.23498025
nenn1238	-1.473930060485	1.01056571118734	-3.70534875	0.304166324999998
nese1235	1.696703189125	0.837243254330307	0.22910795	3.47158175
newa1246	0.62851058714	0.797400683675101	-0.868421275	2.23463775
nezp1238	-0.6988529923455	1.10913436444131	-2.97067525	1.3722985
ngaa1240	0.606825128612	1.10026488334278	-1.5205335	2.9397335
ngab1239	0.53800566151	1.14705047527622	-1.6288775	2.965669
ngal1292	-0.696532707707	1.13342903729337	-3.06170425	1.35837025
ngam1268	0.2631491967155	1.05930154813738	-1.80468125	2.43072475
ngan1291	-0.4782059639045	1.04687745507145	-2.66726575	1.448618
ngar1235	-0.659519303776	1.09000727352071	-2.948581	1.35194475
ngar1283	-0.5698237163295	1.12016094999264	-2.87450625	1.57014
ngar1284	-0.5666917988945	1.19410644280781	-3.07599	1.69256975
ngba1284	0.68770375686	1.14816552886564	-1.4506235	3.19582525
ngba1285	1.042635794363	1.09767477588844	-0.8887468	3.251156
ngit1239	-0.5478166093395	1.00021029614999	-2.6070835	1.40222475
ngom1268	0.9093975348469	1.15314642902749	-1.104689	3.355557
nhan1238	-0.4647667400535	1.04226426110858	-2.51143575	1.50606025
nhen1239	-0.2006814128695	1.05738074210923	-2.27244725	1.88873925
nina1238	0.72080263378	1.12602472757983	-1.32526225	3.072475
nisg1240	0.528895970702	1.1016701077016	-1.5220785	2.821138
niua1240	0.2494611895235	1.06578132690713	-1.7618185	2.4877855
niue1239	0.404839845855	1.10107539182901	-1.648253	2.7424945
niva1238	0.3288548266181	1.08431302410542	-1.80063125	2.5630755
njan1240	0.625433812635	0.987752010296047	-1.30365475	2.74937775
noct1238	-0.412588811917	0.873934580194294	-2.16442775	1.2648045
noma1260	-0.819264975623	0.861567062492933	-2.57540925	0.787320049999999
noon1242	0.32625670852	1.13455093767972	-1.8711	2.61427275
noon1243	1.0506096673815	0.961486990321334	-0.674265125	3.0432435
nopa1235	-0.669951236658	0.918250430361124	-2.56304825	1.1231865
nort2671	-0.6341583687705	1.08713936229773	-3.000563	1.33334525
nort2684	-0.2956414247855	1.01375017909194	-2.3536745	1.7324775
nort2690	0.30172239064	1.12550303227575	-1.8035635	2.63551425
nort2697	0.22044077625163	1.0134508490834	-1.6640735	2.20786825
nort2702	-0.028939989085	1.08876275774978	-2.22138775	2.05223725
nort2722	-0.484017376325	0.973654997717608	-2.390711	1.43835725
nort2723	1.03437409391	1.03613803521173	-0.83478665	3.22334
nort2724	0.688304383485	0.96347251853382	-1.16351825	2.68097075
nort2732	0.903934183845	1.090046077374	-0.99144405	3.1698395
nort2745	-0.4094630257005	1.08288190359724	-2.6508685	1.66088325
nort2747	0.597800293075	1.03172827481499	-1.3669525	2.7186905
nort2774	0.7716159922075	1.10958634024149	-1.2695715	3.09651175
nort2845	0.42378119380385	1.06335465139147	-1.584111	2.63826775
nort2847	1.404617258635	1.02538478959144	-0.403789075	3.5937605
nort2885	-0.583588880245	1.10519477358313	-2.89375025	1.5385405
nort2930	0.2826683716815	1.00832481944279	-1.6015975	2.39863825
nort2938	0.3444014845265	1.0397567233097	-1.5998045	2.4001635
nort2942	0.401984527925	1.09221929299213	-1.65767025	2.7928505
nort2954	0.35731742597267	1.10563572433774	-1.74971625	2.683392
nort2957	0.909313372681	1.0376915814939	-0.954406675	3.16828225
nort2959	-0.815384658418	1.07237163231557	-3.083261	1.2529665
nort2961	-0.4877246707035	1.10560822813093	-2.7371535	1.67685
nort2972	0.6653049158655	1.08799700451875	-1.31862375	2.93632
nort2980	-1.16113438303	1.03171007037428	-3.293462	0.691461375
nort3047	0.23818209186538	0.878797627436095	-1.52267975	2.02533625
nort3139	-0.703109857141	1.07712263826561	-3.0065935	1.35506225
nots1237	1.536989920261	0.98796909193778	-0.166296375	3.592836
nsen1242	-0.78910013531285	1.04936682563617	-2.9046225	1.1439715
nucl1235	-0.4073423925	1.03479234640903	-2.42237825	1.60805325
nucl1240	0.3137636695295	1.03242725258626	-1.56767575	2.399592
nucl1301	0.347158909316	1.12683364606857	-1.8545265	2.70119825
nucl1302	-0.189951118466	1.03100663964586	-2.28679125	1.77754675
nucl1305	-0.693171909139625	1.14873754182376	-3.087814	1.53336825
nucl1310	1.214208745372	1.02420723423825	-0.698170075	3.43930525
nucl1417	0.616063111484	1.01209143209494	-1.22982425	2.73191625
nucl1458	0.56279059730005	0.885502723125812	-1.10334475	2.32759925
nucl1593	0.453805004843	0.897853743257948	-1.19922225	2.3682985
nucl1595	0.66749438264535	0.913807531858464	-1.1438215	2.55396475
nucl1622	-0.83066619983	1.04524548543182	-2.982317	1.15931875
nucl1633	0.562544050491	1.0685494901244	-1.5041495	2.68782625
nucl1643	-0.482338730859	1.18806740451638	-2.9759435	1.793445
nucl1706	-0.507214458885	1.1449116491302	-2.83312225	1.67561625
nuer1246	-0.85308274906485	1.0738266869532	-3.0949825	1.16184825
nugu1242	-0.9227633843955	0.855787219813078	-2.6810495	0.707353975
nukn1238	0.8832680111225	0.807926457509746	-0.6370617	2.48945575
nupe1254	0.4739189932877	1.06864460893113	-1.49441375	2.66638425
nuuc1236	-0.347579158645	1.08333502376208	-2.544634	1.71772575
nyah1250	-0.64574021087	1.09737036142753	-2.8928265	1.42786025
nyak1260	-0.6785908877735	1.07923088762824	-2.92257025	1.3808725
nyal1254	0.3949634686295	0.994202666518458	-1.46944175	2.460554
nyam1285	0.82202323998	1.06150794886523	-1.09833225	2.961704
nyan1301	-0.4441231430155	1.07859123082976	-2.72907775	1.559533
nyan1307	-0.7609243897765	1.10042221020102	-2.9526765	1.31197725
nyor1246	0.0613563692495	1.07290482164889	-2.11350925	2.26850125
nzak1246	0.46906059697415	1.10890881818679	-1.59574	2.699028
nzak1247	0.5647548548875	1.136491242535	-1.54956075	3.04787775
obok1239	0.7317255987115	0.970275323514474	-1.224333	2.777255
obom1235	-0.128988587677	0.879868637793688	-1.881532	1.63559175
occi1239	0.4713137591895	1.0779955821639	-1.674663	2.69710925
ocot1244	-1.12765134841	0.881027778568206	-2.8697435	0.505052049999999
okan1243	-0.946054424035	1.13151640364261	-3.41519225	1.07637125
oksa1245	0.1253691743595	0.93286709987568	-1.74078825	1.95558275
oloo1241	-0.0120200595085	0.802412936164185	-1.5623545	1.541822
olut1240	0.259533282111	0.999624182093349	-1.761286	2.29071575
onon1246	-0.870109607005	1.09213062877156	-3.1696635	1.14790575
onto1237	-0.653682088897	1.06849681108026	-2.93664125	1.3371495
oriy1255	-0.5341514119185	1.075724490884	-2.71526625	1.53076875
orok1267	0.565205870751	1.01115306696212	-1.2898655	2.74691825
orow1242	0.34110299839	0.925716713443272	-1.40686175	2.2346545
otta1242	-0.46991983029	1.07981154920966	-2.671412	1.611711
owaa1237	-0.527082879222	1.0222404747608	-2.6104375	1.484219
paaa1242	0.9071455475533	1.09567325225888	-1.11765575	3.12136025
paam1238	1.55879180811	0.834304339367423	0.1083468	3.328361
paas1238	0.2237108587745	1.1194621589824	-2.012669	2.4212865
paco1243	-0.4963207389365	1.05836272409157	-2.7244925	1.51551925
pagi1243	0.74870672567285	1.09307735564909	-1.210392	3.01859425
pagu1249	-0.007534205144	0.950196568041136	-1.81753525	1.81132875
pahn1237	-0.340472126535	0.955765677791365	-2.2184635	1.44304175
pala1344	0.35215131695	1.08856913172643	-1.79118675	2.70511075
pamb1243	0.595348508105	1.1244052424125	-1.462582	2.946929
pana1307	0.2210369393185	1.08667683736968	-1.822686	2.46139825
pang1287	-0.395548655976	1.07031685313134	-2.55326675	1.70922875
pang1290	0.5908071197295	0.936703008424722	-1.14033875	2.5442675
pang1291	-0.656511869545	1.04952599848491	-2.88280825	1.38271675
panj1256	-0.4326752918137	1.05962348874987	-2.5868375	1.52000875
papa1238	0.832182731916	1.06688399528596	-1.15201575	2.99112025
papa1265	-0.172260399631	0.85486193952624	-1.835248	1.49109825
para1301	0.79244736510505	1.12209066021851	-1.23389325	3.19397375
para1302	0.1030566158145	0.838257653763218	-1.54449575	1.790851
para1311	0.4016738425095	1.08208742314652	-1.57777525	2.6415495
pare1266	-0.28896138633	1.07312775608406	-2.4482385	1.776554
pare1272	-0.648728550737	1.10057823881537	-2.9142075	1.45633325
pate1247	1.13248039559	0.916043735482914	-0.4646735	3.105044
patp1243	0.908712016795	0.974866727689054	-0.933898125	3.00302725
paul1238	0.6895495582145	1.04730940276877	-1.214741	2.86275475
payn1244	0.185095014875	0.82001857090699	-1.47958525	1.85491375
pech1241	0.5752931157505	1.19883680925714	-1.5945225	3.20944625
peer1241	0.159391316938	1.04821714485848	-1.78563525	2.36396875
pela1242	-0.519948263883	0.971725386546211	-2.45297325	1.27542125
pemo1248	0.6823580296	1.13752269608767	-1.4384545	3.11825375
pend1242	-1.096070734525	0.998593951632771	-3.127663	0.743155499999998
pila1245	-0.5325473500625	1.05655322645904	-2.75315675	1.388575
pile1238	-0.349387837192	0.943625374915724	-2.1813525	1.48884875
pima1248	0.34754664689	1.06286170443471	-1.5946595	2.59091475
pina1252	-0.1700123304065	0.822623138444928	-1.78010525	1.40072225
ping1243	0.1284126209575	1.06472231178072	-1.85124475	2.25747325
pipi1250	0.5858780629985	1.10918998242144	-1.6341265	2.736478
pite1240	-0.847220017745	1.08803432208938	-3.1133285	1.14000625
plai1258	-0.368553338688635	1.09642622774772	-2.667862	1.7644785
pnar1238	-0.125167925815	0.957387114268489	-2.000659	1.80541475
pohn1238	0.1925272178345	1.05866874717719	-1.851798	2.3294385
poko1263	-0.35612596106	1.03032183633742	-2.47739025	1.68387
poli1260	-0.4839862397165	1.10489068789012	-2.81210525	1.55561375
popt1235	1.2368172949	1.04121899813213	-0.653029675	3.38134425
port1283	0.6037604053105	1.09493481434523	-1.4066975	2.85351499999999
port1285	1.752962234575	0.844685732804191	0.29735785	3.5925615
psik1239	-0.0654915702645	0.84078945413511	-1.728992	1.54129875
puin1248	-0.635588854171	1.06987554800671	-2.92293775	1.44175425
puka1242	0.3994051888795	1.10519199154907	-1.674865	2.75375475
puma1239	-0.706364252198	0.793965244797283	-2.27933275	0.737368149999999
pume1238	0.172268250005	1.14006333323315	-2.0566465	2.68809575
puoc1238	-0.2261325807295	1.04112239528108	-2.30941475	1.78303175
pure1242	0.4873608267595	1.11709572980776	-1.58483925	2.873946
puri1258	-0.548168027928	1.03226261744776	-2.63108325	1.44369625
qanj1241	1.17840348695	1.08213705670165	-0.862421425	3.3961035
qawa1238	0.43150889115	1.10134861720316	-1.64941925	2.66762775
qima1242	0.41649814330555	1.0747844976047	-1.5637825	2.689146
quer1236	0.354008870255	0.992190644647634	-1.57783275	2.39051925
quio1240	-1.631127316415	0.914123036185535	-3.5762055	0.0945977174999996
rabh1238	-0.00785285613975	0.962105573575343	-1.9169875	1.880209
rama1270	0.5927182061195	1.11208352444637	-1.4256475	2.92155225
rapa1244	0.3884886637385	1.08490193167174	-1.64401875	2.64771625
rapa1245	-0.70454001542	1.052658859291	-2.8750415	1.284675
raro1241	-0.684760264007	1.06341358763789	-2.88604775	1.46279075
rata1244	-0.6768365204045	1.02915196731049	-2.82282175	1.30012174999999
raut1239	0.841568221535	1.0825155377428	-1.15264075	3.01610475
remb1250	-0.123764886695	0.923557833354495	-1.9502695	1.79101775
remo1247	0.422912751205	1.06453385501051	-1.579253	2.57364875
reng1252	-0.7868540372805	1.00817611500852	-2.8762585	1.09918925
renn1242	0.2558649786915	1.05438507205921	-1.704683	2.4638385
reye1240	-0.68067528082	1.10360375603056	-3.07762875	1.43206674999999
roma1326	0.211598039065	1.02754582594845	-1.85043875	2.24056125
romb1245	0.212747304639	1.02514420762592	-1.767004	2.293835
rong1264	1.1457902557	1.03706887941491	-0.7703493	3.34706125
ronn1241	1.13050224463	1.07927657899093	-0.839828975	3.43138875
roto1249	-0.145925204915	0.844996874698343	-1.80820525	1.61237975
rotu1241	0.4066643702785	1.07318389445639	-1.6201755	2.54417825
rovi1238	0.781659971675	0.978160468283898	-0.9338176	2.80958825
ruch1235	1.1397949763165	1.12155357196782	-0.932628	3.48740775
ruka1240	-0.4152808537485	0.905402979646612	-2.1955205	1.44524175
ruma1248	-0.430879941978	0.974277283574577	-2.433521	1.356375
rung1258	0.5218283238665	1.11655698776938	-1.54602225	2.87685025
russ1263	-0.466810093	1.07848469594391	-2.62741575	1.62158175
saaa1240	-0.19567112341275	0.897281811026636	-1.945669	1.57328675
saaa1241	1.72361179671	0.917865557596106	0.082938105	3.72815025
saar1237	-0.1032729275735	0.873636618884416	-1.73797025	1.69639225
saba1268	-0.433843997944	1.13004242671497	-2.79266325	1.705839
sabu1255	-0.918622079768	0.997000896255598	-3.022759	0.879589349999999
sais1237	-0.65309818064165	0.887416854804676	-2.4099215	1.01174325
saka1289	1.663497230117	1.05434728578033	-0.161222925	3.8580195
samb1305	0.052067499692	0.982818704911432	-1.88630075	2.0438935
samb1311	0.09830502266	0.981485861430528	-1.810832	2.06703825
samo1305	-0.6881875981305	1.0672430930225	-2.86516125	1.25571925
sana1295	0.672981945937	1.12230096071174	-1.587405	2.8849185
sanb1241	-0.75671992464	0.88557873156676	-2.5026205	0.956933624999997
sanb1242	0.481112276036	1.11902009837649	-1.64866725	2.85142175
sand1278	0.028901380289	1.06845763552705	-2.19330875	2.31906125
sang1321	0.373123721317	0.813184759153277	-1.183852	1.96914675
sang1331	0.2236331857175	1.09299780853327	-1.75344725	2.45386575
sani1269	0.815906895745	1.07518545692487	-1.1554395	3.0695005
sanj1284	-1.43045111415	0.890975020004728	-3.19036025	0.242178424999999
sanm1289	-0.862941176875	1.11789649346008	-3.29359575	1.281179
sanm1295	-0.518185273488	0.871546660333436	-2.289487	1.196282
sanm1301	0.10894891027	1.03363467322511	-1.92053725	2.20102775
sant1436	0.10715555503	0.888607799250426	-1.64095025	1.940933
sant1451	-0.88455772368	0.922520384807198	-2.764712	0.927049299999999
sanu1240	0.6626796954905	1.05253583139582	-1.25550925	2.96268575
sapo1253	-0.06169505871	0.862764182643442	-1.74875525	1.65049725
sara1321	0.4778378876685	1.19768574872701	-1.815081	2.91752799999999
sars1236	0.169449151195	1.08646193672413	-2.0020275	2.36126875
sasa1249	0.485686658127	1.09956733027594	-1.56541	2.6944445
sata1237	0.398305070456	1.09286112709022	-1.60650225	2.7248115
sauk1252	1.0639621592	0.828097412925565	-0.492601325	2.7506615
saur1249	-0.569387177692	1.08153096186754	-2.8177605	1.46368875
savo1255	-0.3445934034915	0.86981316099507	-2.0432435	1.3718715
saya1246	1.1802662162465	1.10523613854006	-0.796666975	3.63858675
seda1262	-0.930040151966	0.991881674697185	-2.93512975	0.875081849999998
seim1238	0.275023300126	1.09647469365699	-1.75454275	2.61447824999999
seke1241	1.746462988665	0.921111620016842	0.08815734	3.736449
sela1259	0.364879260549	1.0724619962002	-1.597862	2.6039505
selk1253	-0.54677797791	1.13591120229782	-2.84548525	1.68111225
sema1265	-0.6020763689805	0.997281992705423	-2.57049	1.28132575
seme1247	-0.436396620652	1.03735722942199	-2.49347125	1.64148675
sene1264	-0.83231231369	1.08237232020929	-3.1253885	1.144057
seng1281	1.2357346625705	1.07975051971328	-0.724609775	3.57922375
seri1257	0.5274161337355	1.11860303461128	-1.64887725	2.83586975
seve1240	-0.42197364881	1.08395843594296	-2.710852	1.60176724999999
sgaw1245	-0.08594633315145	1.08246365767832	-2.305357	2.0747705
shab1252	-0.60153446506	1.00205715153732	-2.736379	1.2186175
sham1280	-0.0554051338445	1.0065147896193	-2.102299	1.9351875
shan1283	0.2352927912555	1.0692788615929	-1.81413825	2.4338905
shaw1249	-0.459705080626	1.06800416965299	-2.68662675	1.5811565
shil1265	0.264116644316	1.07749963834207	-1.77579675	2.457942
shix1238	1.150733727135	1.02923293318267	-0.757097525	3.3334335
shon1251	0.197272889963	1.11903473745173	-1.95221675	2.52410675
shos1248	0.280289478715	1.15624656523943	-1.89204625	2.6988165
shua1257	-0.235121987562	1.01362770968703	-2.18177875	1.74085625
shwe1236	-0.2364404105455	0.977280095811638	-2.14964225	1.653662
siam1242	-0.04147726259	0.904956981932106	-1.8219365	1.71155875
sich1238	0.977254416933	1.02069420166933	-0.875967925	3.08583225
sici1248	-0.6965987432035	1.08556565187171	-3.0651885	1.35134575
siee1239	1.3030101918125	1.01627163421478	-0.532989675	3.44186775
sier1250	-1.646077679625	0.909635586614147	-3.53026575	0.0984640299999992
sika1261	-0.67198619574985	1.04411145068169	-2.8966615	1.26917475
siks1238	-0.6025626685145	1.07032478460727	-2.81200875	1.36238525
sina1266	-0.3711095789	0.833005154261994	-2.041131	1.1920545
sing1264	-0.5260089793	0.919575360128321	-2.388996	1.19732225
sion1247	-0.7305582965605	1.03100137810684	-2.8661195	1.1786045
sioo1240	1.0689684305595	0.865183907365271	-0.54927695	2.90859675
siri1273	0.476241068105	1.03672791280964	-1.489097	2.5128405
siri1274	0.5772896406565	0.883678630588205	-1.08628025	2.3884775
situ1238	-0.8335716378335	0.988052604901846	-2.862237	1.0341045
siwi1239	0.31993753364	1.122124294311	-1.869973	2.8296595
skol1241	-0.52328678671	1.1059277549768	-2.89159125	1.57518975
slov1268	-0.3914609078195	1.11261410222945	-2.688834	1.72538375
sobe1238	0.370121738464	0.89545948987199	-1.3488755	2.18502475
soch1239	-1.46855969121	0.942455127410355	-3.45489825	0.30960785
soga1242	-0.895546970408	1.07865584372489	-3.25675275	1.028622
sons1242	-0.67714568345	1.12168813107921	-2.9803675	1.460207
sooo1254	0.03910796132	0.96817047020859	-1.8402125	1.92383825
sout1528	0.66803092695	1.10085878878012	-1.4493375	2.90200725
sout2649	0.67161354157	1.15859276651013	-1.48775	3.1208445
sout2674	-0.5287299062625	1.10261698439003	-2.84030925	1.48905575
sout2679	0.78778632992	1.03929268803607	-1.15831475	2.9403515
sout2728	-0.6795562607595	1.02506671160368	-2.743835	1.35610875
sout2729	1.3675618413455	1.04119033627141	-0.564016575	3.5227525
sout2730	-0.007487404431	0.982381252780395	-1.926193	1.87928925
sout2782	-0.14966777930055	0.926165140350013	-1.95241775	1.7194415
sout2807	0.1742883329215	1.05809335690623	-1.7922145	2.423087
sout2826	0.2659646968	1.12822105345829	-1.88311275	2.47738825
sout2857	1.68426292618	0.883608740096741	0.0965731125	3.58641175
sout2859	1.6563924355	0.864222470142379	0.1436068	3.5422235
sout2869	1.367824572145	1.01046840506745	-0.480365925	3.61992174999999
sout2895	0.723123422673	1.0169128502127	-1.187333	2.95397175
sout2956	-0.0766766150748	1.0440225517312	-2.1987645	1.967227
sout2959	0.3978627293495	1.1021432757776	-1.6392565	2.66448075
sout2976	0.6109454837025	1.10657557389572	-1.54194725	2.924115
sout2994	0.138464995095	1.08470901907502	-2.01308575	2.39285475
sout2996	-0.60630302048485	1.13061296120835	-2.994681	1.457917
sout3236	-0.955392483518	1.07060307177007	-3.11885	1.03355025
sout3261	-0.3745876517755	0.919843066472516	-2.259744	1.4172375
stan1289	0.49249460824	1.10276795500709	-1.61237125	2.73696325
stan1290	0.5058299666385	1.06459114866917	-1.49434775	2.659421
stan1293	0.477322489063	1.08512533319078	-1.64373575	2.682705
stan1306	0.1217289513855	0.979378752554365	-1.79128475	2.1330355
stan1318	0.655832578506	1.09453742515374	-1.4422315	2.8587005
sund1252	0.3446595699965	1.12421799836179	-1.9079185	2.6852595
supy1237	0.220429752535	1.08640729602338	-1.80166725	2.5560945
surg1248	0.560076394315	1.06062806573412	-1.47512825	2.81047325
swah1253	-0.3291468105265	1.03463671119543	-2.35877575	1.72008125
swed1254	0.5419639547229	1.09072648148751	-1.41554825	2.737833
taba1263	0.10435783909	0.9456360947317	-1.70346525	1.9672285
tabo1241	-0.1424763019079	0.959220659394727	-2.01216425	1.8607335
taga1272	-0.225780034513	0.912532485415713	-2.111512	1.60625775
tagw1240	0.0450850730555	1.15117062694846	-2.16443975	2.377637
taha1241	0.3479104311895	1.10762255841334	-1.74873475	2.60885025
tahi1242	0.4017042815475	1.11124444288884	-1.72699175	2.7094375
taia1239	0.226782664357	0.926420397893317	-1.53008725	2.12870975
taji1246	-1.0350402755455	0.988141146489855	-3.06376675	0.757752375
taku1257	0.3357731100625	1.04196320595914	-1.6049935	2.5165815
tama1365	0.7234161770282	1.0165082808042	-1.17128225	2.832596
tami1289	-0.56392362030875	1.15577717976035	-2.966311	1.65203875
tane1237	0.7586053253325	0.967609323952823	-0.9548484	2.82847275
tang1336	0.351621181292	0.868081890054788	-1.26808125	2.1226155
tang1347	1.69969376515	0.942908513326044	0.0749526275	3.6487865
tang1377	0.104688416834	1.03602131669645	-1.88819225	2.21353425
tani1257	0.87999803032	1.00808071804272	-0.93807295	2.8993285
tari1256	-0.3257442037835	0.979693409782877	-2.26967725	1.49573275
tari1263	-1.008952225125	1.12819859821738	-3.44353975	0.974320974999997
tata1257	0.4257693086348	0.960583190135663	-1.3611995	2.44321675
taul1251	0.6314313935805	0.896798355363158	-1.0532055	2.45406975
taus1251	0.310702635791	1.06022658412138	-1.651312	2.5150095
taus1253	0.4221353266415	1.10456754872945	-1.71765125	2.96763225
taya1257	0.3405946492265	1.11842965401561	-1.799346	2.6931895
tbol1240	0.1839980514905	0.985215453875011	-1.78940375	2.2367435
tean1237	0.7348816302055	0.965243600431971	-0.97852355	2.79046225
teda1241	0.4361165376205	1.14808806290434	-1.74225	2.9179615
tega1236	0.5847532353655	1.1212467969103	-1.5024065	3.004711
tehu1242	-0.624265095063	1.06051051615726	-2.7727695	1.43135425
teke1275	-0.6911805104535	1.11164902071014	-2.9712805	1.4113125
tekt1235	1.144273539339	1.08749863161493	-0.8593028	3.57159075
temb1272	0.968843992265	1.09773254401407	-1.07397425	3.3221655
temo1245	0.4815661021495	1.01767304654494	-1.51293175	2.54579375
temp1235	0.07889372563	0.956261695920929	-1.76928775	2.07252975
tenn1246	-0.72612034951325	1.10344131380132	-2.91418225	1.385015
teop1238	-0.1773365207695	0.859218552090547	-1.81789225	1.55465775
tera1251	0.446833951135	1.0632758160823	-1.5172235	2.66547625
teri1250	0.59597631918	1.13539495742833	-1.53162275	2.90985275
term1237	-0.245582244575	0.935787507262939	-2.12226425	1.6446705
tern1247	0.386571598647	0.972097952281429	-1.54806625	2.36246725
tete1251	0.6013442999205	1.08606140027379	-1.449946	2.85398925
tezo1238	-0.1440205285575	0.903306431624507	-1.89369025	1.699801
thad1238	-0.64670243131	0.968963116713781	-2.7351095	1.11337325
thak1245	-0.4803954246245	0.927375702155177	-2.35736175	1.2330555
than1259	0.543951314016	0.939857647965741	-1.21432	2.53344875
thao1240	-0.418892098965	0.876389110844013	-2.207836	1.4172625
thul1246	0.17572656993	0.849526072554756	-1.4764575	1.842164
tibe1272	-0.3059092132595	1.01169362169736	-2.323194	1.599334
ticu1245	0.503976519492	1.14096017113718	-1.67573275	2.833308
tief1242	-0.399658901413	0.877995665902898	-2.13300625	1.28236724999999
tief1244	-0.3093010282415	0.899280002059862	-2.0588475	1.37768075
tien1242	0.1037617844345	1.12486280970115	-2.07541475	2.47436975
tiga1245	1.3992578882915	1.05041262144282	-0.481012075	3.62020625
tigo1236	1.02992270258	0.989639793099058	-0.7425445	3.187368
tika1246	0.2096862582154	0.959853726623542	-1.6893845	2.14887499999999
tiko1237	0.7422841660705	1.08972100835826	-1.27774575	3.10137575
timn1235	-1.4970402081895	1.10629088574013	-3.93060275	0.46161775
timu1262	0.53868092897	0.969440195065631	-1.28553175	2.5716555
tiri1258	0.1999183189925	0.904780784826159	-1.51610425	2.05229275
toab1237	0.046601708324	0.861452242026431	-1.62522675	1.803599
toba1268	-0.82831972481792	1.08628314350887	-3.11423375	1.177138
tobe1252	-0.17383482683	0.988854855231643	-2.11270775	1.71923
toho1245	-0.86939936655	1.07890567858129	-2.995768	1.1772115
tojo1241	1.04809168761	1.11290903675918	-0.940708175	3.4900365
toke1240	-0.736062606775	1.07644867233023	-2.83616225	1.218105
toll1241	0.5683135648805	1.12926408692937	-1.5205015	2.8955625
tomm1242	0.140202606305	0.99334827674986	-1.78783575	2.05057525
tond1249	0.5544668049535	1.00880716666835	-1.343352	2.64504825
tong1308	-0.18527012043	1.02252246737687	-2.23102725	1.8152545
tong1325	-0.702870218129	1.06860953815719	-3.04077625	1.36007925
toor1238	-0.27516585397035	1.01333072738672	-2.23403825	1.810136
tosk1239	-0.476996852173	1.14826510091482	-2.75652275	1.6740725
tote1238	-0.7733727046645	1.07974527077627	-2.9982555	1.244822
toto1302	0.825006149702	0.980721446391038	-0.940817925	2.90486225
trin1274	0.3669203244705	1.0194142810997	-1.59396675	2.42614625
trio1238	0.0524946191555	1.0904461342113	-2.0262625	2.3374205
trum1247	-0.542319877208	1.05295319145645	-2.690068	1.51599825
tsat1238	0.42316363605	1.06052745970627	-1.60668225	2.61166325
tsha1245	-0.6434062970515	1.0212036388148	-2.7437145	1.3093865
tsis1238	0.457581876885	1.10464571665975	-1.56448675	2.76149025
tsix1234	-0.6410730969385	1.10842152547961	-2.85747975	1.44517625
tson1249	0.45792658378	1.05306639156889	-1.54750175	2.595181
tswa1253	0.5435686651185	1.06863905883223	-1.45109575	2.807389
tswa1255	0.4696896402185	1.05978192017547	-1.5516685	2.6530215
tuca1252	0.091416449762615	0.846848228819818	-1.59733675	1.70276
tuge1241	-1.0505133201695	1.07352324950732	-3.262468	0.922290124999997
tugu1245	0.676278111268	1.09795655294004	-1.42513675	3.0759965
tuka1248	-0.797737332301	1.12636184096958	-3.19778625	1.2933355
tuki1240	-0.993137213459	0.929240041357697	-2.9100915	0.710146325
tulu1258	-0.745726892917	1.14817761724556	-3.14501575	1.291646
tune1261	-0.4918471805925	0.873238336604445	-2.18445075	1.21837725
tung1290	1.0890070555905	1.13860944199727	-0.96157645	3.50488875
turk1303	0.373415546365	1.11584589358494	-1.75046175	2.5495995
turk1304	0.355513558254	1.11785574362627	-1.6963355	2.629379
tusc1257	-0.715990126445	1.12165192580205	-2.96316425	1.34054025
tutu1241	1.819067631745	0.905599111067786	0.224167075	3.76180725
tuva1244	-0.6800019492625	0.995188742072204	-2.7105415	1.1630875
tuwa1243	0.9782414889875	0.786688200788858	-0.440854	2.6658835
tuwu1238	0.1017295804745	1.0312390908648	-1.8675015	2.2244745
udih1248	-0.343340273506	1.09958661665974	-2.520314	1.77519625
ukra1253	-0.4176777087365	1.09310184011446	-2.7016475	1.592263
ulch1241	-0.124551277595	1.0824599662027	-2.29373	1.9591215
ulit1238	0.4990922797675	1.0721696615478	-1.59150825	2.6694885
ulwa1239	0.7151236667115	1.10881075413489	-1.40617375	3.02192875
umaa1242	-0.05660338199	1.02862505663911	-2.08037025	2.05434475
umbu1258	-0.68282425172428	0.919841351087067	-2.5584945	1.015855
umes1235	-0.638090775576	1.12365599418886	-3.03528825	1.493322
unua1237	1.7979314315045	0.816626371025322	0.368582075	3.56892425
uppe1275	0.9296480445715	1.03393314180093	-0.86878695	3.21766275
uppe1427	0.49826485102	1.04794571210144	-1.47689025	2.69256825
urak1238	0.01834866793	1.02222940295591	-2.050225	1.98598
urar1246	0.424450929774	1.04545860680666	-1.5549815	2.75698825
urav1235	1.2510262699925	1.03705381268041	-0.616265575	3.44858675
urim1252	-0.447573872809	0.81859417778719	-2.17163125	1.08625525
urip1239	1.70852633267	0.810417912279337	0.237320525	3.4887905
utes1238	-0.850332702175	1.11476920018021	-3.107641	1.2710585
uuuu1243	0.9530116624305	0.938729530279105	-0.75503505	2.948188
vano1237	0.676240999793	0.962917829313691	-1.05658625	2.75981525
veps1250	-0.331793634942	1.05248918522684	-2.55264625	1.726833
vera1241	1.4234284450125	1.03296307918486	-0.4054763	3.720916
viem1243	-0.1588320343823	1.00626870739773	-2.0809015	1.86621675
vinm1237	1.73602864125	0.828587131775616	0.2574101	3.589189
voti1245	1.0509490868395	1.09990084545784	-0.892294325	3.3994585
vunj1238	0.1384547779605	1.05346048851921	-1.941582	2.22306775
vure1239	1.428264616485	1.03264983749715	-0.415687225	3.665988
vwan1235	-0.2289526130955	1.02169039776054	-2.245241	1.8238215
waga1260	0.28542397508805	1.04186961786938	-1.72221025	2.40540725
wage1238	-0.7524407059915	1.14286905483132	-3.20249425	1.277323
waig1244	0.5762073234474	1.09625202018946	-1.4704805	2.839258
waim1251	0.0434512374825	0.873028689599163	-1.65547875	1.7401245
waiw1244	-0.5220916476735	1.07946647154919	-2.76151125	1.57008425
waja1257	0.5770784238485	1.10316136883557	-1.5832265	3.01910725
waka1274	0.6098163924685	1.09349422883843	-1.45988475	2.75976425
wala1266	-0.011012239206	0.8127171265319	-1.59026125	1.57573175
wall1257	-0.7614793380205	1.06439617394874	-2.98428975	1.25280625
wamb1257	-0.527464934882	0.834197738232993	-2.2169285	1.059409
wand1267	0.8513452208765	1.08412916552627	-1.052997	3.1730015
wand1278	-0.311691989812	0.872668450824005	-2.096305	1.37545375
wang1291	-0.590862617753	1.08448305792059	-2.85683275	1.467489
waor1240	0.0307795621035	1.06446369147198	-2.02307575	2.1766535
wara1294	-1.418005897165	1.02299212951709	-3.5853235	0.435971374999997
wara1303	0.3579101987035	1.1119082439792	-1.69110575	2.62818875
ware1253	0.8025259529945	1.04546101347846	-1.1149745	3.028348
ware1255	0.1866658835156	1.00567769439605	-1.8199565	2.19320975
wari1268	0.489985514739	1.11918332145993	-1.521085	2.76901399999999
warj1242	-0.31532465704	0.928347040236572	-2.219111	1.41753125
waro1242	0.82382969219	1.01046631960276	-1.0566845	2.891388
warr1255	-0.48627947964	1.03505565425345	-2.652617	1.4627555
waru1265	-0.534693234597	1.07058386446815	-2.780734	1.451524
wawa1246	0.545774271322	1.02750272492313	-1.430503	2.6862665
waya1269	-0.5877120258645	1.03286726124421	-2.7300785	1.38825275
wayu1241	-0.16182960007	0.836552638396265	-1.8472535	1.50307375
wayu1243	-0.317438057603	1.09699724758007	-2.44648175	1.82627325
wels1247	-0.4592008232655	1.13373474705089	-2.8119785	1.619018
west2354	0.6686097247305	1.0848412020703	-1.430616	2.9143825
west2369	0.56417948686	1.11269296023458	-1.59178	2.9651925
west2396	1.1854358106145	1.06598908896014	-0.759964575	3.40737325
west2397	-0.219781294325	0.985612350475811	-2.21876625	1.6859395
west2415	0.586736605955	0.79095857505676	-0.8734104	2.23897
west2418	-0.27403668815	0.927520578321822	-2.134546	1.4842915
west2430	0.96229251547	1.09658801257997	-0.95109345	3.229522
west2466	-0.32812389076	0.85647408633709	-1.973923	1.3393725
west2516	0.480712997166	0.951095437650372	-1.219799	2.425034
west2519	-1.044641156982	1.07415195011297	-3.3052195	0.938308275
west2548	-0.35062857497	1.05041957258882	-2.48597	1.6009785
west2560	0.074986977836	0.967921618888486	-1.82954425	2.00674225
west2594	0.1223857842385	1.04626584815763	-1.95532975	2.2507605
west2600	0.3851005662795	1.01731187076218	-1.62184975	2.403693
west2632	-0.596849047645	1.1200686678342	-2.936362	1.4698195
west2635	1.2186995487635	1.05846657595782	-0.654871075	3.426748
west2650	0.2909389875102	1.02424642097436	-1.71931875	2.4370905
west2763	-0.712273960399	1.14514124037605	-3.09302475	1.4153625
west2778	0.6627000215175	1.07381803056341	-1.32903325	2.9888075
whit1269	1.394787315554	1.01059593542308	-0.381280125	3.57450075
wikm1247	0.00910124705	0.995210878406935	-1.937504	1.98736775
wiru1244	-0.7092120510935	0.937816423630758	-2.65808	1.08671425
woii1237	0.81220039826	1.06051289195	-1.1014445	3.02891475
wola1242	-0.065858224965	0.892246210406359	-1.8562555	1.66761625
wola1253	0.42228815846	1.01417395879435	-1.5199905	2.53177075
wole1240	0.41600776794	1.12970396174792	-1.73407525	2.92540325
wood1236	-0.39560536149	1.10983997988036	-2.6428375	1.78645175
wotu1240	-0.698851778705	1.11289553269481	-3.057144	1.3941435
wuch1236	-0.51759500815515	1.10570874637686	-2.87574175	1.52453125
wudi1238	0.5732180896255	0.976154224797242	-1.278544	2.570928
wuna1249	-0.638884465405	1.11171581182405	-2.91718325	1.42997525
wusa1235	0.6371844796015	0.977550015119338	-1.17359625	2.61111925
wutu1241	-0.865239397465	1.05580816831864	-3.084215	1.12038325
wuvu1239	-0.484331431825	1.05801837070294	-2.604693	1.56091425
xamt1239	0.53319306902	1.12510909915411	-1.51601975	2.86427625
xara1244	0.2545897256045	0.905363342907524	-1.43367025	2.0807275
xava1240	0.3005428420685	1.06615104881111	-1.713001	2.495884
xhos1239	-0.77988930861	1.12189416034396	-3.1005425	1.329993
xish1235	-0.552717319415	0.997275082109151	-2.674658	1.30102075
xokl1240	0.416086108378	1.12708261738629	-1.7365855	2.76146375
yaak1241	-0.7946193572785	1.04206198131921	-2.957366	1.19972925
yaey1239	0.109510828156	1.03275150299483	-1.936233	2.19129275
yagu1244	0.38136914981	1.08468987996253	-1.64754925	2.6833765
yaka1269	0.01543372508	1.07684490995841	-2.03402775	2.17842749999999
yaka1272	0.58841703275385	1.13322190616528	-1.54217975	2.97031275
yaka1277	-0.1351187009795	0.970344979646488	-2.06238425	1.86646325
yaki1237	-0.615557955175	1.10668811942533	-2.91428175	1.44074825
yakk1236	0.254840205009	0.862367032061571	-1.430937	1.9561325
yako1252	0.69718157547585	1.13354114655082	-1.42100675	2.92337225
yaku1245	0.3364944286555	1.13384455701774	-1.77277725	2.71191975
yale1246	0.373265820707	0.860881376172521	-1.27224375	2.153415
yama1264	0.478631482985	1.04331426953521	-1.56412475	2.63919725
yami1254	-0.8130270657	1.03828034079264	-2.82365925	1.18904625
yami1256	-0.045180997822	1.0436412050863	-2.148077	1.95908825
yand1253	-0.4665716058885	1.0638698752951	-2.69948925	1.562808
yane1238	-1.166871471215	1.02247363236217	-3.22581	0.732194324999999
yank1247	0.630807229103	1.12616810169085	-1.48492225	3.1102345
yano1261	0.49978498197	1.0719925727463	-1.45019075	2.6013335
yano1262	0.624660284333	1.09307652810751	-1.39589625	2.8804095
yaoo1241	0.16476526969	1.04822333655486	-1.8300325	2.31695675
yape1248	0.546890532773	1.12223400036348	-1.48161775	2.85231075
yapu1240	-0.251986298416	0.794282461822587	-1.92125575	1.2582685
yaqu1251	0.310143421814	1.13430641080858	-1.8351615	2.65228274999999
yare1248	0.393629677551	0.90507195598596	-1.28072575	2.296817
yatz1235	-1.547369114065	0.910051153684437	-3.4660335	0.110789749999999
yaul1241	0.254889078319	0.861957365726982	-1.402683	1.9793715
yaum1237	0.899016709845	0.801408731507768	-0.61572595	2.5031415
yawu1244	-0.107086236133	1.07207580999166	-2.302249	2.00634075
yele1255	-0.657060883943	1.08316607471565	-2.9031145	1.31028625
yems1235	0.4484300634615	0.990425396863436	-1.4410915	2.50437025
yidi1250	-0.23349146241	0.999287586624268	-2.246703	1.70023924999999
yind1247	-0.356746944692	0.971868560459759	-2.30615125	1.52575175
yoga1237	0.7786093260445	0.874800437647517	-0.8819434	2.560873
yona1241	-0.34886070683	1.07671440825853	-2.57723	1.6005505
yong1270	1.376812204249	1.0404008777933	-0.563777	3.5607105
yong1280	0.713791378278	1.00797139695519	-1.242101	2.762497
yora1241	-0.0897412406075	1.01194273277825	-2.097316	1.91251475
youl1235	0.781850940676585	0.836020218022197	-0.7464127	2.4661725
youn1235	-0.4928808060685	1.06272905183506	-2.65438575	1.52240125
yuca1254	0.375709844095	1.07769653302453	-1.56309775	2.589704
yucu1253	0.822967458675	1.04411250362394	-1.08381225	3.051969
yuec1235	-0.374805800492	1.09468145762991	-2.52564575	1.77726775
yukp1241	0.566200730256	1.10248568788852	-1.49640325	2.8000555
yulu1243	0.48633810461	1.1866545277506	-1.752938	2.85083625
yuqu1240	0.114372078981	0.988960914260995	-1.90330425	2.20025875
yura1255	0.043687643556	0.989724213778809	-1.89998325	2.0034115
zaba1237	0.0299761554915	0.956743060911608	-1.79792025	1.96651525
zaca1241	0.900205662759	1.04056598880774	-0.929375375	3.228877
zagh1240	0.3996376803105	1.15481578626195	-1.818373	2.8146095
zani1235	-0.597336607385	0.878099873085958	-2.32730575	1.15232825
zarm1239	-0.750848173671	1.07982574960776	-2.930546	1.19582875
zaye1235	1.509948821683	1.02651523401904	-0.343461725	3.657489
zays1235	-0.3958332843285	0.884078103644111	-2.193483	1.3369905
zoog1238	-1.581307882715	0.903895289763689	-3.52640025	0.0786090499999997
zulg1242	0.071669745927	0.846377071103817	-1.62086325	1.729403
