Estimate	Est.Error	Q2.5	Q97.5
abar1238	0.981758454863	0.942094635926655	-0.712792775	2.875308
abee1242	0.1806931711675	1.07995643981994	-1.91777425	2.561146
abkh1244	0.608950896261	1.07299918994723	-1.39975575	2.83175875
abun1252	0.4998506484675	1.03543295939244	-1.40793825	2.58280225
acha1249	-0.5174920319206	0.920753326119034	-2.4186025	1.252904
acha1250	0.472854629508	1.05932802716178	-1.519888	2.6002735
achi1256	0.8582889097	1.11252899933002	-1.1644595	3.19331725
achi1257	0.105922598419	1.01604058731765	-1.81952975	2.20298
achu1248	-0.3683086086405	1.05344578426606	-2.51084325	1.682647
acol1236	0.3628424932345	1.04033049974594	-1.59501075	2.5339015
adan1251	0.012044888996	0.92080152103655	-1.78405925	1.84174075
adon1237	0.09904037475	0.895439331983551	-1.67449425	1.888605
adze1240	0.909643953675	0.833546969805475	-0.6557551	2.66771875
afar1241	-0.531703278536	1.0775275816183	-2.66016025	1.54826575
aghu1255	0.7975068127495	1.05380544216043	-1.184615	3.02228375
agob1244	-1.2430226350815	1.02501447824643	-3.353807	0.620787424999999
agua1253	-0.6929146643955	1.09087108420313	-2.88889425	1.446422
agut1237	-0.620799299257	1.09656167217515	-2.8550245	1.4565185
aheu1239	-0.616784350531	1.00397651373627	-2.76915175	1.230068
ahin1234	0.94970614137	0.83824745258851	-0.601435625	2.70026325
aime1238	0.41219293497515	1.01472576148422	-1.50824225	2.47754825
ainu1240	0.3890691280045	1.09997667180371	-1.76058875	2.6996665
ajas1235	0.42690091155	1.07643199481071	-1.66446525	2.66441675
ajyi1238	-0.3578896043685	0.985254964142179	-2.3639165	1.59234125
akha1245	1.337498796755	0.890829378243461	-0.2680333	3.222819
akoo1248	0.0236356263867	0.968171670030512	-1.88725575	1.95683475
alab1237	-0.635672321807	1.08148076050931	-2.7946695	1.40083649999999
alab1254	0.2162531610775	0.960199466436719	-1.7015095	2.157172
alac1244	0.6976582465515	0.939697648045941	-0.99903055	2.6135875
alag1248	-0.0792595660107	0.990257945236992	-2.01814	1.885213
aleu1260	0.4294609998445	1.09434995022691	-1.622594	2.584723
alor1247	0.041310609291	0.90450011999212	-1.68740225	1.824368
alya1239	-0.2433511953495	0.993625348725258	-2.24942875	1.76837125
amah1246	0.3177513352085	1.03573844080464	-1.71851375	2.409264
amam1246	0.7605836725575	0.937539503292453	-1.04223725	2.71325125
amap1240	0.243202310278	0.892891688340458	-1.5213665	2.05244075
amdo1237	-0.7423011209145	1.11628868836464	-3.208994	1.293287
amii1238	-0.350113197585	0.97977370368845	-2.332746	1.5760835
amis1246	-0.1356001641845	0.873275546691527	-1.85537	1.5675605
anei1239	0.9431970602955	1.01835730207313	-0.948399875	3.10228625
anfi1235	-0.172753439348	0.965506600173549	-2.05268675	1.7373045
anga1288	0.32887886779	0.87090152253784	-1.27038025	2.19057375
ango1257	0.4292897274815	1.09405812285213	-1.580999	2.69272025
anuf1239	0.369685617976	1.12308561112539	-1.7174095	2.681535
anuu1241	0.7334470786885	0.967634444846384	-1.034825	2.68032725
aona1235	0.1176266485125	0.869671465166893	-1.5335005	1.83657275
aoua1234	0.6548347848375	1.12172808668998	-1.44308	2.94367325
apat1240	0.0273666881365	0.953824007187934	-1.84097075	1.94742425
apin1244	0.3990241397735	1.0750588924339	-1.6484325	2.57422975
apma1240	1.64558240823	0.91866433033375	-0.058856315	3.53654875
apur1254	0.0590720880765	1.0061056735613	-1.90837675	2.0729195
arak1252	1.558453733885	0.910877776772703	-0.0697836225	3.5137785
arao1248	-0.452755986421	1.01192641203064	-2.60373425	1.453734
arap1274	-0.464597897605	1.10569586648949	-2.794383	1.59491125
araw1276	-0.975203008595	0.995557459753624	-3.04706525	0.843301
arbo1245	-0.253481422149	0.884369692111996	-2.022826	1.4891905
arch1244	-0.1802376106445	0.984789583726022	-2.11148425	1.76262
area1240	-0.30401020412	0.862146228572465	-2.012209	1.38459825
aree1239	-0.4408649579495	0.805411644504295	-2.0242175	1.12563925
argo1244	0.4784479833955	1.1085126033324	-1.58587325	2.7624505
arhu1242	0.461795176617	1.0824819888149	-1.55402425	2.70617775
arig1246	0.088235318495	0.996117048501904	-1.76207475	2.02576625
arop1242	0.010005969837395	0.867187172526019	-1.67162775	1.678323
arop1243	0.93518917323	0.892600121179975	-0.81688065	2.755165
aros1241	-0.208929096758	0.967010944156598	-2.1605245	1.816721
arta1239	0.660210392694	0.835707757255916	-0.90749975	2.34175
ashe1272	-1.02347826219	1.04037304601406	-3.174793	0.859054175
asoa1238	0.5703609060145	1.08121337505789	-1.4580475	2.7782505
assi1247	0.3807621541295	1.09238195022621	-1.690624	2.64567775
asut1235	0.1750427520735	0.973792634157314	-1.698369	2.2298545
atam1240	-0.288603933775	0.956600831120317	-2.304552	1.57361925
atay1247	-0.546523481927	0.831050955847792	-2.14441525	1.05943825
athp1241	-0.6923618239305	0.815944420857623	-2.32788975	0.883031174999999
aton1241	-0.003819833636	0.895107060618267	-1.73977275	1.8144375
auuu1241	0.0303693390395	0.799117716603569	-1.516582	1.599037
auye1238	0.06244233397	1.00948169329733	-1.95255575	1.98798975
awad1244	0.800691107695	0.845432469141683	-0.74935355	2.5483515
awar1248	0.925421474437	0.814969646828399	-0.66998385	2.6103585
awar1249	0.554218890225	0.83029762532992	-1.03699375	2.25139475
awet1244	-0.4336229142145	0.922410773565957	-2.2704355	1.3039225
awji1241	-0.6763936377105	1.08032386336881	-2.854238	1.40411975
axam1237	1.6358711078	0.84516778292816	0.0755362375	3.37765475
ayac1239	0.34973551148	0.995950539702652	-1.510072	2.412848
ayiw1239	-0.348063780047	0.911510529838243	-2.196685	1.413098
baba1266	0.707728672469	0.954206959817322	-1.0433765	2.62303
bafi1243	-0.886009088815	0.862712988430469	-2.51213525	0.732795549999999
bafu1246	0.794039472555	0.912862588224128	-0.8854075	2.64625
baga1272	-0.06619228853665	1.00552928223101	-2.06153125	1.94397375
bagi1246	0.160905219234	0.923600835168363	-1.6360645	2.00230175
baim1244	-0.5618818898665	1.0276406233845	-2.59358925	1.40452075
baka1272	0.2272794094285	1.07929830747424	-1.84783525	2.4989855
baka1274	0.330785285546	1.06580285123448	-1.622242	2.62417675
bala1311	-0.424426063735	0.966416531718086	-2.3025045	1.44804775
bala1315	-0.673167268145	1.07045847687538	-2.98049775	1.29790875
bala1316	0.2758576827304	0.879862838870921	-1.497618	2.018243
bali1278	0.4998560702	1.07171250540132	-1.47321375	2.7913405
balo1261	0.833134797848	1.03263404057353	-1.0626215	3.01227875
balu1257	1.025006159685	0.977386291190543	-0.7344583	3.10031625
bamb1270	0.19117864538895	1.02951780997099	-1.87688225	2.29471775
bamu1253	0.09774531707385	0.937379062715254	-1.689173	1.92000925
bamw1238	1.020026540887	1.04844470821892	-0.83247355	3.25568225
band1344	0.340136171543	1.11858593463065	-1.70789575	2.62866875
bang1354	0.38151830101635	1.095456956619	-1.71615475	2.628252
bang1369	-0.344344973012	0.975020364745009	-2.28172475	1.525547
bant1281	-0.829794400195	0.7845973593705	-2.3660085	0.666700824999997
bara1357	0.364352214305	0.840278327366623	-1.24271525	2.07630275
bara1361	0.569752352128	1.03384731679794	-1.34152875	2.78460625
bara1380	0.94593085364	0.987952590852798	-0.8479558	2.95102525
bare1276	0.290709531252	0.999713588446394	-1.69423625	2.36868175
bari1286	1.33114412796	1.01437895458851	-0.52525385	3.39317474999999
baro1253	1.167740239125	0.94200337390725	-0.525024075	3.1336475
basq1248	-0.42583528653	1.05338887110899	-2.59285725	1.60713
bata1289	0.4075375595955	1.07017293551295	-1.710667	2.543722
baur1253	-0.63333820405	1.03007602982808	-2.8452575	1.38538375
bebe1248	-0.712866908607	1.0041734745439	-2.75835725	1.1817685
beem1239	0.078498868607	1.05747902604876	-2.00384025	2.235041
beka1241	-0.4969740765305	1.02439134956046	-2.57663475	1.3660535
bela1254	-0.4988814223275	1.05140329474356	-2.71036725	1.497055
belh1239	-0.725416892778	0.789074997976111	-2.353728	0.762395099999997
bell1243	0.4951820978695	1.00607334279367	-1.4714285	2.6495495
bemb1257	0.3349910211155	1.03361293349103	-1.58987	2.4169165
beng1282	0.317232125569	1.07510017227071	-1.760156	2.4562225
bent1238	0.489406658427	0.994808819899815	-1.4398655	2.4465715
bert1248	-0.708062725483	1.01441539255995	-2.75683975	1.279912
bhoj1244	-0.2235075782515	0.988801173878119	-2.23147775	1.72404375
biaf1240	-0.5854305887965	1.0282454923848	-2.6538005	1.43319425
biao1253	-0.177836220756	0.9517685462872	-2.1127695	1.61785175
biao1254	-0.76688079935	1.00675731518559	-2.9467665	1.08431425
biao1256	-0.569209008578	1.01292550428831	-2.68518725	1.43040525
biha1246	-0.250046633992	0.966995578703822	-2.1997155	1.5581215
bilb1241	0.3913747410475	0.815316649398736	-1.119967	2.070628
bili1260	-0.51572081013445	1.01461529085917	-2.57405475	1.3988325
bimi1240	0.389244500405	0.982070496120532	-1.55938475	2.3362315
bini1246	-0.593825089726	1.04523236713113	-2.7608085	1.4253505
bira1253	-0.202325620119	0.905296319209606	-2.006646	1.52887175
birr1240	0.325339707436	1.07932481322224	-1.674869	2.58093
bisu1244	1.5532131870855	1.02598506156949	-0.2241642	3.725063
bitt1240	0.9815484830835	0.889481863113434	-0.6973449	2.896563
biwa1243	0.24572866417775	0.834696589306379	-1.35792625	1.87245649999999
blab1237	-0.52339257926	0.802137266440558	-2.172047	0.952133299999999
blan1242	1.28045729927	0.973456050109484	-0.4802317	3.321898
bodo1269	-0.52164776637	0.936448014806214	-2.39189925	1.2947015
boka1249	0.2034373421975	0.981153268938474	-1.758209	2.165993
bola1250	1.25570879794025	1.02932556353709	-0.5556017	3.4067025
bolo1262	0.8482981326805	1.03060790335234	-1.0542945	3.032385
boly1239	0.810458937961	1.03344515358247	-1.127385	3.03047175
bomb1262	1.013401561265	1.0496241835886	-0.949671	3.36893525
bomk1234	-1.22466172467	1.07392491066142	-3.4747105	0.774994549999998
bona1250	-0.8800386276925	1.08753023728933	-3.26407475	1.06035175
bong1289	-0.467727733565	1.0414086407185	-2.497067	1.398029
bora1263	-0.1099135336205	1.02483078973817	-2.237944	1.87524875
bord1248	0.6700310001895	1.07524597589664	-1.3165065	2.9741195
boro1277	-0.554906957697	0.965386514599607	-2.4990185	1.21800575
boro1282	-0.6183877517015	1.07841475159869	-2.76967	1.3696525
boto1242	-0.0491131093825	0.98960647941843	-2.0740995	1.8884185
boun1243	-0.8419242187475	1.07315192303165	-3.1407035	1.2341785
brah1256	0.811207041015	1.067059608889	-1.19598375	2.98354925
bret1244	-0.4692579166988	1.06081632056169	-2.71775475	1.6025185
brib1243	0.52332079111875	1.08724129682801	-1.50905975	2.86316375
budu1265	0.4984317154345	1.07800378583332	-1.56550775	2.76928875
buga1247	0.3890306388585	0.905269165991114	-1.34152775	2.24887625
buga1250	1.17420085483	0.924891208927455	-0.5370262	3.125232
bugh1239	-0.4564649334205	0.784529666482743	-2.049571	1.02492825
bugi1244	-0.7260256029535	1.08355841702559	-2.99503475	1.2922175
bugl1243	0.3724618402875	1.12666958148194	-1.7413385	2.6819775
bujh1238	0.4074489278675	0.854315830226236	-1.265145	2.15135425
bull1247	-1.214538660482	1.11798211303756	-3.5853615	0.824279074999999
bulo1242	-0.2644329835962	0.987431487488981	-2.2365495	1.6838735
bumt1240	-0.4749774488404	1.01434406737901	-2.52468575	1.4317705
bund1253	-0.326160885545	1.0222096048166	-2.465901	1.62392275
buol1237	0.005630706454	0.994518612620941	-1.920827	2.02096375
bura1292	0.04488586935885	0.919255234110387	-1.7085685	1.944601
burj1242	0.349347602738	1.03798257925996	-1.674182	2.49509475
burm1264	0.7927412573025	0.94446199720327	-1.0026165	2.71403425
buru1296	0.290473915325	1.01636739064867	-1.6545685	2.37502925
buru1320	-0.288270135447	1.03016510158481	-2.35524175	1.62565975
bush1247	0.1994866841075	1.08055755354552	-1.925803	2.45740775
buwa1243	-0.0968289095275	0.874963506313341	-1.81232875	1.66217975
byan1241	1.18795667029	1.04056414948524	-0.66538355	3.3398595
caac1237	0.3884693681995	0.915282610689981	-1.36188925	2.23565175
cahu1264	0.302677032371	1.14201640583912	-1.81986325	2.65613825
caml1239	-0.7099776458333	0.804292871844471	-2.349505	0.845482925
camp1261	-0.5091125204465	1.07695789687514	-2.643138	1.45449575
cane1242	0.37115250061	1.1155550245277	-1.69194925	2.6862335
caom1238	0.288499380149	0.980922030911669	-1.684856	2.283193
capa1241	-0.5907244979325	1.07191383714223	-2.8995315	1.3062115
carn1240	0.6796220484055	1.07402724990759	-1.2863765	2.8992935
caro1242	0.2343753774755	1.04968990562762	-1.73686625	2.4933385
cash1251	-0.7931768777055	1.09654144497687	-3.11117525	1.212107
cavi1250	-0.330891795775	1.02232081111623	-2.43835875	1.70884
cemu1238	0.499354618061	0.937737695485497	-1.27426525	2.4521825
cent1989	-0.2863056486045	1.02322240610772	-2.30300875	1.770603
cent1990	0.701229392526	1.07580090807694	-1.2327865	2.977272
cent1992	0.017851829527	0.940451103240252	-1.82926375	1.9039955
cent2004	0.478939651495	0.904736557658529	-1.2237945	2.41009
cent2050	-0.562069117999	0.949674877375982	-2.44609275	1.203706
cent2127	-0.5497200424285	1.04375449357308	-2.7698775	1.5047795
cent2131	-0.7138100404485	0.983715945490784	-2.7494435	1.158258
cent2150	0.428713599712675	1.10882279285749	-1.6300805	2.6797005
cent2292	0.768546740345	0.810223534926814	-0.70500105	2.40956575
cent2314	0.470067402575	1.0373721840241	-1.4909885	2.60108175
cent2322	0.416192742445	1.08594590697798	-1.65324675	2.6261685
chac1251	0.14847312919	0.986206545601639	-1.7728315	2.119964
chad1249	0.58384297696	1.07996279839304	-1.44137175	2.869695
chak1270	0.6781629453465	0.988585835453064	-1.11559125	2.7263465
cham1309	-0.15807648542	0.916142378371968	-1.990408	1.7265645
cham1312	-0.54432246778	1.04334322763805	-2.63540275	1.427429
cham1315	-0.899608834907	1.05368552895892	-2.92749675	1.09806325
chan1313	0.099042956813	0.831880888642342	-1.531784	1.7292655
chas1234	0.11211138196	0.911788783568927	-1.73334425	1.91037075
chec1245	0.3822974956545	1.03429534762269	-1.53007025	2.4462415
chek1238	-0.4741436796035	0.78587431831421	-2.062204	0.967119875
chep1245	0.505640238715	0.857865834168829	-1.1287245	2.184018
cher1273	-0.5059522563945	1.11375437844027	-2.724344	1.4825155
chey1247	-0.6179706389635	1.01305596057803	-2.71427425	1.2781575
chhi1245	-0.805009071175	0.795702032065161	-2.41792075	0.720301675
chic1270	-0.518451952598	1.05148041416565	-2.66013	1.4662745
chil1280	-0.604251967845	1.03635325637038	-2.7461915	1.38673225
chim1302	-0.4613525366273	1.01776008833113	-2.51887275	1.45737025
chim1312	-0.794155086715	1.08160668279384	-2.98890125	1.1969105
chip1241	-0.2959370867315	1.063883457255	-2.43229	1.76313625
chip1261	0.3523019555605	1.06549548851001	-1.61211175	2.5158985
chiq1248	0.3963431644355	1.02447158672608	-1.57565275	2.6129325
chir1283	0.4856290822	0.860796857265308	-1.1961845	2.20293025
choc1276	0.427865776941	1.05661598650274	-1.5988735	2.694226
chot1239	-0.4531785679565	0.954207986588505	-2.412369	1.3542315
chra1242	0.242183727763	0.985502688298551	-1.64306075	2.27350275
chuj1250	1.1228572144805	1.08042241249364	-0.773044975	3.406597
chuk1273	-0.449384059446	1.11321477900424	-2.7219745	1.72461175
chuv1255	0.55558627664	1.10524514784341	-1.54481225	2.78102025
chuw1238	-0.757487476965045	1.02093216436921	-2.86834425	1.14819425
cici1237	0.375372612549	1.04797928054003	-1.5519775	2.4976565
coat1243	-0.653943488742	0.918107351402078	-2.4511335	1.107391
coca1259	0.406141629007	1.08703258432401	-1.515195	2.60912875
cofa1242	-0.100991588425	0.940528221984175	-1.985011	1.79009925
cogu1240	0.413048961919	1.10318701848007	-1.5612525	2.7745015
colo1256	-0.077444123745	1.01570675837117	-2.0284445	2.02726075
colu1241	-0.93843931989	1.12375206044984	-3.3574145	1.08644525
coma1245	0.3494569081671	1.05619775613232	-1.5987325	2.483945
como1259	0.069987879609	0.993502809719397	-1.902719	2.013844
cong1236	0.40578698364	1.06180477926994	-1.638111	2.69455725
copa1237	0.1748620844715	0.884372596635848	-1.5034395	1.93095975
cori1240	0.886347036645	1.10907653237197	-1.0922345	3.154727
cors1241	-0.429028079615	1.03682672878303	-2.56661325	1.5907685
cosa1234	0.8361727101675	0.88155664377717	-0.851718275	2.65861425
cree1270	0.5176968218055	1.07606486497751	-1.55191275	2.721366
crim1257	0.346148387272	1.07870982194382	-1.7156375	2.494297
cros1244	-0.2671207326475	0.988554360685957	-2.2713375	1.62574575
crow1244	-0.77924970512	1.0490563644199	-3.02724225	1.082186
cube1242	0.0288705601625	0.929796280704644	-1.76575875	1.98601
culi1244	0.421908411757	1.03882107922103	-1.50148025	2.630951
czec1258	-0.4159131619824	1.00298135543668	-2.489257	1.45839475
daai1236	1.1963292865	0.986065946767709	-0.561504125	3.283921
daas1238	-0.6614959480377	1.00716617702228	-2.75267875	1.21352675
dagb1246	0.361109439695	1.12699708880839	-1.761039	2.7055365
dagi1241	0.72744767039	1.09785686642731	-1.245709	3.0994535
daka1243	1.663951237885	0.849764107927067	0.09777999	3.39879775
damp1237	-0.7859811270225	0.990783421035383	-2.8163735	1.01870525
dana1252	1.311566325115	1.07408168864941	-0.610471125	3.652912
dani1285	-0.41672150006	1.11017889291061	-2.766504	1.798785
dara1250	0.29588290239	0.848748943611125	-1.286247	2.0097995
dard1243	0.6039001117895	1.1400539492085	-1.473807	3.0426165
darg1241	-0.4169521658475	1.02478013391334	-2.49541475	1.48372175
darm1243	1.20122058334	1.04915455436784	-0.6142896	3.46699025
dawr1236	0.50659894592395	0.984960024896953	-1.3367495	2.5926325
daww1239	0.182811457041	1.0575530427492	-1.82836875	2.3331545
daza1242	0.358814307466	1.09729002451436	-1.71954275	2.6170055
defa1248	0.6137542705	0.973449695864948	-1.1952805	2.6731415
dege1246	0.48535341623	1.0436849328983	-1.4976015	2.5622235
dehu1237	-0.2157499698515	0.939718754685032	-2.111232	1.5877545
dera1248	0.212847548427	0.973400948438663	-1.6649195	2.24197025
desa1247	0.1694593485965	0.852515929938968	-1.447213	1.92687725
dhao1237	-0.6054689259605	0.971298085742539	-2.58080925	1.22871225
dhar1247	-0.579947296117	0.996095163077222	-2.67847075	1.26324375
dhim1246	0.49327325228245	0.952957966385756	-1.28187	2.4990195
dibo1245	0.650217190238	1.06503917973316	-1.313203	2.785143
dido1241	-0.082049589156	0.901218121498198	-1.90607475	1.69510425
dier1241	0.44235400281	1.04933177156829	-1.452925	2.7357535
diga1241	-0.21206606776	0.973998174085354	-2.13665825	1.711799
digo1243	-0.5960423590475	1.02408386567671	-2.71824075	1.30907025
dima1251	-0.184971169245	0.916745620020834	-2.03266775	1.65696925
diri1252	0.153413876115	1.07590337543656	-1.87522125	2.290972
djee1236	-0.692197054415	1.02516943539174	-2.79847825	1.22500875
djin1251	-0.66868854995555	1.10383405651531	-2.9187535	1.38270625
djin1253	-0.0343209773595	1.02805748923751	-2.02097775	1.9788685
dobu1241	-0.659652237741	0.888552429617191	-2.4706455	1.08356875
domm1246	-0.47564269582	0.972738204405559	-2.5297065	1.357084
doro1266	0.049589350928	0.831446653340941	-1.5979665	1.67731125
drun1238	-0.27723660781167	1.00212028175305	-2.26028425	1.6244025
dual1243	-0.276411062675	0.98467433314852	-2.210356	1.65952549999999
dumb1241	0.12276066248995	0.974882471391972	-1.74885775	2.0635825
dupa1235	0.7509841684575	0.955930308295048	-0.980402475	2.807896
duru1236	0.7105680219145	1.02449578816344	-1.29149525	2.7689275
dusn1237	0.773684053225	1.01983534226958	-1.061766	2.89777725
dutc1256	0.73993095748	1.09142138506174	-1.26272325	2.936869
dyir1250	-0.0436656890445	0.972662502344787	-2.0184165	1.84354275
dyul1238	-0.44896833187	0.941484027952467	-2.27105425	1.38369975
dzao1238	-0.78802116587	1.01821705359303	-2.86433625	1.07254325
dzon1239	0.50337520353	0.942746284989668	-1.27479225	2.42614375
east2328	0.6026432355655	1.07319785887211	-1.34512125	2.83266875
east2332	0.180684713451	0.953816587659697	-1.65757875	2.07012025
east2342	1.287203264195	1.04370041779228	-0.532161425	3.48522375
east2379	0.532601449527	1.08838006271916	-1.575719	2.84022125
east2443	1.68665083836	0.952265388967522	-0.0410399425	3.59936675
east2447	-0.733091209265	1.01596178348628	-2.724012	1.1465555
east2516	-0.5027527222715	0.9213576500227	-2.38990625	1.16651875
east2555	-0.58427945505	1.08570966682754	-2.8333875	1.45306525
east2690	-0.475018777945	1.07588954694021	-2.80816825	1.55009775
east2773	0.01155862963935	0.831910858821878	-1.538121	1.590169
east2782	-0.57274487801	1.04569647010452	-2.7638285	1.34449925
egyp1253	-0.6097696919875	1.0721602880413	-2.7853205	1.519883
eipo1242	0.4628875435145	1.0094612885042	-1.55470875	2.411094
elem1253	0.6100974685945	0.98709230487864	-1.18907075	2.66606625
elna1235	0.639804102605	1.04765374062992	-1.33615625	2.947447
emae1237	1.0478508559145	0.877332109769408	-0.606885875	2.78967025
emai1241	-0.1498156088885	1.00050538563523	-2.0848685	1.79787275
embe1260	0.68134471893	1.02641955100622	-1.25083725	2.82473525
embe1262	0.58045814897385	1.04609480819763	-1.33319975	2.7288325
enap1235	-0.5514572400945	1.01354270481517	-2.661531	1.388064
enuu1235	0.917958410055	0.982852915848263	-0.871995775	2.91473075
epen1239	0.533434575395	1.10795279933806	-1.59164175	2.89424475
ersu1241	0.16310054386	0.915062622433253	-1.6898265	2.02025925
erzy1239	0.423940425705	1.09610530314572	-1.72825675	2.73943075
esee1247	0.58746355168	0.925900123377601	-1.14939725	2.54300125
esee1248	-0.310793703804	1.04491314478964	-2.46969475	1.75443275
esim1238	0.83546752259738	0.957559069856388	-0.855257525	2.80511475
esto1258	0.6976002355345	1.03932819965777	-1.19939025	2.89470125
even1259	-0.369393543496	1.10996778789996	-2.77072975	1.656082
even1260	-0.354189565918	1.11391191774801	-2.590284	1.73189375
ewee1241	-0.0972248166885	1.02352313157711	-2.08431975	1.9455835
fare1241	0.379023323183	1.11370715524524	-1.742389	2.77636875
faro1244	0.557901471193	1.06830219075784	-1.45896025	2.76907875
fiji1243	-1.018907440223	1.02080046713142	-3.0998805	0.82841855
fina1242	0.8518882441625	0.792338316080352	-0.626508575	2.50374325
finn1318	0.450691095235	1.09330720509796	-1.58627475	2.679684
foii1241	-0.048021438519	0.931168473251593	-1.85446375	1.80038275
fonn1241	-0.691905333105	1.06196728278244	-2.85363675	1.3081775
fore1265	0.4530365137275	1.03562657797473	-1.494821	2.56665675
fran1266	0.719758773975	1.09234860626006	-1.3271725	2.97108875
fuln1247	0.398962552325	1.02192767083981	-1.5257605	2.52964575
furr1244	0.342770955685	1.05605521722541	-1.6667915	2.450631
furu1242	0.54544674436	1.15828842077884	-1.67134625	2.98870925
futu1245	1.064560405175	1.029070751654	-0.8301396	3.3415015
fuyu1242	0.5560768884165	0.930306244913304	-1.21787975	2.42094425
gaan1243	-0.209994378436	0.902393890587108	-1.9869595	1.61313025
gade1242	0.61491256754	1.12964796656362	-1.5116045	2.979417
gaga1249	-0.66503385259	1.09053790917577	-2.9478	1.414533
gahr1239	-0.188341169748	1.0395059321503	-2.23912225	1.818712
gali1258	0.606636925918	1.04504413680267	-1.34121075	2.79390975
gali1262	-0.9783679031525	0.990883681010864	-3.00044575	0.777757299999998
gami1243	0.5447106842615	1.07912055495696	-1.52724425	2.785195
gamo1243	0.1414909189455	0.932759869168917	-1.656536	2.01579525
gand1255	-0.047977699849	1.03114602275818	-2.053892	2.037457
gant1244	-0.05960236118	0.838681857176679	-1.70090025	1.64197575
gapa1238	-0.363965490155	0.812450384004233	-1.98887325	1.21298
garo1247	0.0824075738736	0.903859709158897	-1.65996375	1.853509
gata1239	0.557042785735	1.00196552485802	-1.3601635	2.62735575
gayo1244	-0.3178245324484	0.97088080934823	-2.279227	1.57342075
gbay1288	0.4659952917075	1.09823648865531	-1.61382175	2.68901775
geba1237	1.20453792942	1.03724698440864	-0.713694	3.32919725
geda1237	0.3957886051835	0.816254824103562	-1.096439	2.0869825
gela1263	-0.464388938077	0.807498573153348	-2.0393695	1.06475725
gheg1238	0.230072000446	0.939978218082745	-1.6054805	2.14687875
ghod1238	-0.1978347397123	0.958725190446615	-2.12248125	1.7253065
ghom1257	-0.93108642846	1.1237311001491	-3.22406625	1.08611425
gilb1244	0.3731138723815	1.00321824752369	-1.42552075	2.43082025
gily1242	0.125582038626	1.03765351832956	-1.90138025	2.14815375
glav1244	-0.4955341170195	0.896317976744206	-2.29364375	1.23077225
gogo1265	-0.572551739915	0.939943144488431	-2.4470325	1.24068125
gola1255	0.045019148835	1.02589049594457	-2.0435805	1.96275275
guah1255	0.209274560875	1.08936823479097	-1.903829	2.39907375
guan1266	-0.705782428934	0.936723136783287	-2.54257775	1.068592
guan1269	0.118944613186	0.879689854165055	-1.63465775	1.87457825
guat1253	0.204668715135	1.06783701543805	-1.769237	2.32872375
gube1234	0.238839090075	1.05664242096682	-1.77841325	2.43753625
gude1246	-0.0967128443835	0.87915860146464	-1.819848	1.69144075
guer1243	0.4727613554175	0.927974779168786	-1.32894025	2.410406
guiq1238	0.0380777568125	0.970229700173373	-1.843483	2.037563
gulf1241	-0.524982118254	1.06119046408351	-2.556356	1.45608825
guma1254	-0.4512740122485	0.857627493260588	-2.14138325	1.2690155
gumu1244	-0.4853265674685	1.05547020621499	-2.68096575	1.51526
gunw1252	-0.899080911815	1.04098673903767	-3.06941475	1.0000484
guny1241	0.435593667738	1.03069442160841	-1.59850825	2.4437705
gura1251	-0.6919428747	1.0593995539377	-2.89547675	1.3545475
guru1271	0.936701252223	1.01151273830342	-0.959636925	3.06157125
gyel1242	0.1659632955275	1.05802875638937	-1.865183	2.31273675
haaa1252	-0.7758660402435	1.01534325864122	-2.883181	1.08647875
hadi1240	0.527229728971	0.916285722922232	-1.1736445	2.379412
hadz1240	-0.453754052102295	1.07980605758368	-2.6343195	1.6320245
haka1240	-0.0395452101985	0.945193209615587	-1.90397125	1.88411075
halh1238	0.67584821785	1.09974119345038	-1.43291475	2.8914795
hali1244	-0.0803037841985	0.895423198353041	-1.80152575	1.6727475
halk1245	-0.530637842172	1.04547491031508	-2.6377595	1.35977125
hame1242	-0.528287433807	0.915539898379385	-2.43623125	1.3062695
hang1263	-0.404748983155	0.84800887544047	-2.136469	1.18230175
hani1248	0.937147576341	1.00050151169223	-0.976531125	3.01358525
hano1246	1.6261925053095	0.959479695797269	-0.13122695	3.58109025
haru1245	-0.141880046135	0.80343709753179	-1.77686175	1.43239825
hass1238	0.546904865105	1.01738293104599	-1.39044925	2.76365875
hava1248	0.626663124385	1.03226329034442	-1.30112075	2.73451925
hawa1245	0.3786343256195	1.07035366741104	-1.63532175	2.53160025
hehe1240	-0.2636524742645	1.0142906760447	-2.31496775	1.75490125
heil1246	0.5085483402801	1.02734283406679	-1.461595	2.66821625
hela1238	0.416387847485	0.822597475976488	-1.13598725	2.06337125
here1253	0.26585714383	1.06378003896691	-1.739126	2.48552075
hida1246	0.45056721351	1.04419546526767	-1.53613	2.66619275
high1276	0.496602404550803	1.00017208627984	-1.2930415	2.53698575
hind1269	0.470161767414	1.03360807904439	-1.46229325	2.65878575
hixk1239	0.278651730261	1.06111145789364	-1.78958525	2.420286
hoaa1235	0.6155710513305	1.07871209153518	-1.342036	2.9354265
hoav1238	0.71611199045	0.966600150538477	-1.136087	2.778327
holo1240	0.330931512208	1.03850802850651	-1.774376	2.46629324999999
hone1235	0.7136898995545	0.988378533668617	-1.1106515	2.77869075
hooo1248	-0.64932864195	1.10357376736505	-2.89830825	1.46333475
hopi1249	0.360618160729	1.01967062008054	-1.62104825	2.369207
huaa1248	0.465192532757	1.09192656030762	-1.641384	2.7322135
hual1241	-0.941267462777	1.020998446813	-3.13272425	0.9218813
huam1247	-0.4144511451572	0.976489353913013	-2.39610075	1.42160425
huar1255	0.196763044952	1.03916514789616	-1.736316	2.2580845
huas1242	0.491789041229	1.06800062686952	-1.568474	2.71447025
huba1236	-0.166846329865	0.886840708831168	-1.91879375	1.60822375
huic1243	0.571948628145	0.99433006292774	-1.3208465	2.66693325
hula1244	-0.4199255540555	1.06775765568954	-2.561918	1.628047
humb1243	0.6881780333825	1.07368535625035	-1.26687625	2.94324275
hung1274	-0.520563520648	1.05467843866051	-2.6108675	1.518088
hung1275	-0.636064818965	1.04575368437087	-2.7837315	1.29716075
hunz1247	0.0179877489895	0.919989215238149	-1.815139	1.8357045
hupd1244	0.46035555892	0.859624514083175	-1.094134	2.25711675
hyam1245	0.858347303569	1.12047926019183	-1.10951375	3.16790375
iaai1238	0.359130522572	0.94342459575603	-1.47955975	2.2103355
iatm1242	0.0063033492209	0.884846955384389	-1.743273	1.710001
ibal1244	0.93199227466	0.861466142745225	-0.636844675	2.646937
iban1264	0.3725768448035	1.10031635003028	-1.761408	2.69358825
iban1267	0.84034145615675	0.91248329412591	-0.759007925	2.77800975
ibat1238	-0.342377323218	1.01485912910814	-2.5518535	1.57866825
ibib1240	0.2879124721	1.00083863622825	-1.70237375	2.34528975
idii1243	-1.40248125079	0.967195847879891	-3.367475	0.322485475
idom1241	0.1654582819085	1.06944254763598	-1.94743325	2.42103625
idun1242	-0.5588972258135	0.844238076334004	-2.1755015	1.071912
ikkk1242	0.0597550168055	1.09648126178708	-2.04493675	2.309125
ilaa1246	0.16167147805	1.03676301510782	-1.85013875	2.31760175
iliu1237	0.578251223165	1.01763780457661	-1.36561225	2.56656225
ilon1239	0.7117481455031	0.834889999843398	-0.85763485	2.4072675
imba1240	-0.3748224196275	1.04776035553029	-2.519885	1.6572665
indo1316	0.045123152748	1.01962135518889	-1.91372225	2.09066975
ingr1248	0.793205532425	1.02800732347527	-1.105226	2.87705825
ingu1240	0.398254357555	0.98674828894479	-1.41500575	2.3782355
irar1238	0.644311165465	1.04388421584758	-1.32349625	2.929156
iris1253	-0.5064079809095	1.03554206299985	-2.5683035	1.4114195
irul1243	-0.406242094202	1.06933705280596	-2.64501925	1.67094825
isco1239	-0.551380918625	0.991137254885918	-2.6349485	1.28512825
isir1237	0.445598499362	0.925070468216972	-1.26429925	2.29696725
isna1241	0.45883492546855	0.967253020470557	-1.32725225	2.53888375
isth1241	0.604827301714	1.02800174850356	-1.25511725	2.75262825
ital1282	0.5089703375835	1.0495253612814	-1.449449	2.68615475
iton1250	-0.5564968506665	0.988027553283765	-2.567968	1.28771975
itza1241	0.61380469792	1.11459618459576	-1.40147775	2.89373049999999
iumi1238	1.33666553511	0.925099130758232	-0.264434275	3.32028325
ivat1242	-0.8240687169885	1.06885779209469	-3.06969075	1.17822725
iwam1256	0.19561438913335	0.896256206142054	-1.592666	2.080983
iyoo1238	0.695761559017	0.829820257950933	-0.834549775	2.47980175
jahh1242	-0.392202199725	0.964281036032793	-2.363206	1.40920875
jalk1242	-0.0946452391095	0.944167623941065	-1.9009845	1.82189425
jama1261	-0.2770656413385	1.03367685497883	-2.390746	1.68053025
jamb1236	-0.790715054877	1.03075680812467	-2.98082525	1.1553895
jams1239	0.663222714955	0.980748403356483	-1.145568	2.74722175
japh1234	-0.80008787522	0.947417906670196	-2.69127025	0.989776299999999
jaqa1244	-0.5783014898005	1.02508203811351	-2.70686175	1.2906935
jara1266	-0.033472737435	0.998582816900003	-2.05473	2.010943
java1254	-0.194072027848	0.987942411046505	-2.28251725	1.68744524999999
jede1239	0.744973338815	0.985423685411576	-1.06201	2.7615265
jeha1242	0.85555850189	0.976389110010995	-0.97565205	2.884616
jehh1245	-0.8493970712545	0.991129153407145	-2.8875595	1.0527825
jina1244	0.20031076637515	0.93243210533666	-1.5778335	2.05567675
jjuu1238	0.85203604432425	1.10305242075081	-1.09615325	3.0869915
juku1254	0.9008719718955	1.02764553832291	-0.9643933	3.01595025
jurm1239	0.2002222241405	1.10126462062895	-1.893081	2.43992825
kaba1278	0.5741850131785	1.08502822065621	-1.4189105	2.79205675
kaba1281	0.26505514872	1.11485280747136	-1.8691685	2.62998525
kach1280	0.1472121852225	1.03013325317019	-1.86807475	2.283886
kach1284	0.20842127543905	0.971349496931735	-1.73434175	2.1711465
kado1242	1.52851340239	0.959832945789927	-0.210651075	3.6387895
kafa1242	0.4425569808	1.03101409309764	-1.55550175	2.5930205
kagu1239	-0.2834094160795	0.992679073985148	-2.2181855	1.70002675
kaik1246	-0.43295460202	0.934155948897352	-2.3315405	1.4083725
kaki1249	0.541063836865	0.923490736201032	-1.20409375	2.4244555
kala1384	0.33247734661	1.09253141430043	-1.6923405	2.6524465
kala1399	-0.562033668225	1.02848807543552	-2.696729	1.39227625
kalm1243	-0.335503334025	1.04421301173092	-2.38313825	1.64912825
kamb1297	-0.7546504080035	1.05011537915915	-2.92713625	1.168211
kamb1299	-1.002515104324	1.04896596090889	-3.105637	0.971840275
kamm1249	0.364364838076	1.01138799207759	-1.597101	2.37723425
kamu1260	0.15722274940265	0.993029373589675	-1.76653225	2.16804175
kana1286	-0.07748520462	0.817550858613108	-1.6906605	1.5702925
kana1291	0.405919647286	1.01310679865581	-1.5035125	2.63915675
kani1286	0.0632654402215	0.921384784633046	-1.7178415	1.894758
kank1243	0.852727893735	0.829800960801694	-0.71028475	2.55003825
kaon1241	-0.781417068792	1.08957625596774	-3.11964125	1.224998
kaqc1270	0.88929374705	1.11244634032954	-1.11526275	3.30734425
kara1476	0.22545358129695	1.05672263649359	-1.82461725	2.35399
kara1482	0.3850356939841	1.09749435264488	-1.6180495	2.64153375
kara1486	1.379001616615	0.996293754297691	-0.3672072	3.4970765
kara1487	0.9996865407845	0.782024875285196	-0.469162175	2.59797
kara1500	0.384944106878	1.04459821001809	-1.558425	2.54140775
kare1335	0.526970998635	1.06525256224188	-1.446176	2.76299675
kare1338	0.309365323056	1.11840322560185	-1.75784775	2.62118
kari1311	0.558980924095	1.07106272726319	-1.4113755	2.815755
karn1252	1.26582103697	0.966905132381235	-0.458990225	3.31774575
kash1277	-0.5384538319685	1.03142910654429	-2.6752715	1.3703105
katb1237	1.635471955395	0.835718721348232	0.1100843	3.43571875
kats1235	0.105347198109	0.950731195665558	-1.76997675	2.04110775
kava1241	-0.582315895255	0.862521167966685	-2.29259325	1.10042025
kaya1315	1.2363923323	1.03116372091671	-0.56439055	3.350375
keap1239	-0.44263420463	0.913577556714332	-2.3175135	1.32324575
keig1242	0.5608375433235	1.11718686456813	-1.51131025	2.86213575
kele1255	0.40936562848655	1.10247026903798	-1.67871725	2.73951174999999
kele1258	0.964639933333	1.00233704976957	-0.861398425	3.0421015
kele1259	0.9765577192175	0.778660993301563	-0.454744775	2.5638095
kemb1249	-0.1783650825555	0.985652328621475	-2.1574095	1.6641415
keme1240	0.980511812003	0.97322234533057	-0.761282275	3.0512565
keng1240	0.51694610473	1.11336649772046	-1.61327925	2.89240225
kens1248	0.693396303114	0.998880342360912	-1.18044625	2.79763625
kenu1236	-0.683322927212	1.08951602343305	-2.951297	1.32170675
keoo1238	-0.0640274565485	0.923575291724809	-1.92456825	1.846557
kera1255	0.23436464391985	0.915362768348392	-1.51024125	2.142733
keri1250	-0.931235448657	1.07243263533918	-3.29631675	1.15055525
kesa1244	0.088585961795	0.858748353744457	-1.56705225	1.7648335
kett1243	0.42492129378	1.05081192603426	-1.59951875	2.61028775
kgal1244	0.493776407662	1.13163751897268	-1.6311775	2.8673535
khak1248	0.482528835175	1.10692896827629	-1.56457375	2.9307845
khal1275	-0.176335980252	0.803595881676632	-1.7250855	1.4051265
kham1282	0.5715500072199	1.10646037444246	-1.5193395	2.80600325
khan1274	0.3868156801505	0.921074157208054	-1.42629875	2.2435265
khan1278	0.610867695435	0.967022912238456	-1.20739325	2.6842555
khar1288	0.4148598523765	0.831360451237378	-1.1225675	2.18072375
khez1235	0.39184999784	0.835501957865326	-1.20322725	2.10713925
khin1240	0.265534172655	0.985594615627957	-1.5862815	2.27315025
khmu1256	0.9222004237	1.00263056202733	-0.92805585	2.96904175
khva1239	-0.0696900913637	0.896422074763156	-1.848759	1.71087325
kich1262	0.9237201046873	1.09888917159226	-1.0676955	3.29545124999999
kiku1240	-0.33825687562	1.03293499903194	-2.4375755	1.6741675
kile1243	0.5494260445055	1.0568213389263	-1.46132125	2.81584925
kili1267	-0.001302175735	0.9455345915814	-1.84638675	2.02446275
kimm1245	-0.1908646802625	0.926868555651832	-2.09109425	1.60812675
kimm1246	0.16048802467635	0.986069532109364	-1.7564995	2.28576875
kina1250	0.282265628339	1.04293267614772	-1.74081625	2.47470325
kinn1249	0.4659925875	1.03575784639763	-1.45920525	2.541133
kiow1266	0.512581196459	1.04771337538756	-1.51568525	2.67061925
kips1239	-0.2748612493845	0.935945943592998	-2.2135405	1.51811875
koda1255	-0.70055252016605	1.09711245766578	-3.00610125	1.35401775
koit1244	0.0640782019805	0.865500601354288	-1.68588925	1.707179
koko1269	-0.452696988855	0.827116709197757	-2.14956	1.14452475
kola1285	-0.591096420457	1.02805629210215	-2.7313975	1.31449275
kolb1240	0.0079251494071	1.04023947374725	-2.01388325	2.1567345
kolc1235	-0.0623341261815	0.98314399928137	-1.991374	1.9011355
kolu1245	-0.633684347645	0.834981594260018	-2.2840915	0.982691424999999
komb1274	0.84637793592	1.05124845362858	-1.1224385	3.052109
komi1268	-0.5479027324255	1.01919136800129	-2.64167725	1.35119199999999
komi1269	-0.5707217722509	1.04749127353069	-2.720921	1.3570665
komo1260	0.351766153415	1.07516898678166	-1.6157055	2.6606025
konk1267	-0.532780898312	1.115742999921	-2.90307725	1.52672575
kony1248	-0.0128006986305	0.84658673896841	-1.6960605	1.6367275
koon1244	-0.0300126351055	1.03795103949207	-2.13062225	2.002773
koor1239	-0.141752601582	0.93240658540388	-1.997089	1.68263575
kore1280	-0.323387005622	1.11863551907628	-2.58014975	1.82886625
kore1283	-0.681467780685	1.03669981352483	-2.89842625	1.24663175
kork1243	-0.564628305405	1.03423216899194	-2.65392625	1.431065
koro1298	0.659406454023	1.04836256669901	-1.23363375	2.9110795
kosa1249	0.610767703775	1.01234183865579	-1.30789425	2.67541225
kosr1238	0.380458347165	1.09525367289752	-1.76558275	2.603582
kove1237	1.303537312085	1.00915288018086	-0.500345725	3.4548005
koyr1240	0.4303724374785	1.08012426110463	-1.6911765	2.6400645
koyr1242	0.445863015935	1.08486642520577	-1.46885825	2.6987375
kryt1240	0.276717121258	0.983024196531556	-1.601148	2.26342425
kuan1247	0.20445421109727	1.09362361059938	-1.83915275	2.317876
kuan1248	0.66428285668	0.910834649372921	-0.981877225	2.52934825
kuik1246	-0.358953088435	0.911270255474029	-2.22938375	1.34708275
kuku1280	0.0785257551045	0.927795020592827	-1.755014	1.88151475
kuma1276	0.222272467375	0.887091643864253	-1.513958	2.00449175
kumb1268	0.6081572433105	1.06217632392676	-1.465266	2.79494975
kumz1235	0.544929021735	1.0619493003312	-1.49151025	2.6556175
kunb1251	-0.88390905415	1.01725966700837	-2.95000775	1.03493375
kuni1267	0.635560293525	0.893113478460208	-1.09431125	2.4778745
kuot1243	1.448473090538	0.936693434556237	-0.16911695	3.508783
kurr1243	-0.574666302964	1.06087871821157	-2.6993545	1.380396
kusa1251	0.732650656307	0.980193177864383	-1.11416475	2.80608025
kusu1250	0.0659866398375	0.956097840683802	-1.8835875	1.98856875
kute1248	0.915057425539	1.01114552072088	-0.942473675	3.12642775
kute1249	-0.751884157678	1.08078559829081	-3.05851675	1.262174
kuyy1240	0.2336256848555	1.01053513887474	-1.70296875	2.327918
kwai1243	-0.103947547459	0.847161040051544	-1.67967075	1.5541335
kwam1249	-0.7545813594305	0.979251923733756	-2.742058	1.04543675
kwam1252	1.30759279732	0.943639897271855	-0.43733575	3.43571025
kwar1239	-0.0017354735216	0.825223186584804	-1.5901265	1.6687785
kwaz1243	0.217863121272	1.0160219701609	-1.740519	2.29020925
kweg1241	-0.63106172854	0.988661989753687	-2.59629625	1.2673735
kwin1241	-0.543358633267	1.05036031691832	-2.69890575	1.41295275
kwom1262	-0.287076609844	0.863471803517751	-2.07967325	1.39566625
kxoe1243	-0.7276457168455	1.08934351596639	-2.92227075	1.3885265
kyer1238	0.371829722624	0.845629672616143	-1.23033175	2.10339625
laal1242	0.4756202318455	1.10488404680916	-1.61311925	2.7769575
labu1248	1.179023892247	0.908303480539487	-0.479771925	3.1291215
lagw1237	0.27885026902	0.946734276296368	-1.49365175	2.15995275
lahu1253	1.604131141265	0.935896097653213	-0.05941665	3.65116475
laiy1246	-0.77687937272555	1.11866120245185	-3.07779575	1.27287725
lala1268	0.220678392537	0.841201548510432	-1.36288175	1.92304475
lama1277	-0.007771265103	0.885015017423114	-1.750076	1.70843
lama1288	-0.4493445321015	0.890302849864319	-2.2361765	1.24597175
lamb1273	-0.95930294714495	1.07388172302638	-3.09836325	0.974097374999998
lame1260	1.418069529895	0.844670792356142	-0.15918335	3.147298
lamk1238	-0.5699590048205	0.97858920871385	-2.572095	1.24420575
land1256	-0.07061625105	0.989613058630975	-1.9225185	1.900577
lash1243	0.1255100829135	0.915438094776054	-1.71262425	1.9847235
latv1249	-0.311397734901	1.03367567454639	-2.43992975	1.7758955
lave1248	0.138416606708	1.01000648732882	-1.7902545	2.1239875
lavu1241	-0.025284913673	0.935983491847844	-1.79740875	1.78058874999999
lazz1240	0.567250423632	1.08025783001574	-1.41275525	2.806758
lega1249	0.410570311207	1.10075018324322	-1.5950355	2.59217125
lega1250	0.3136842742635	1.05373300036193	-1.704993	2.4650425
lele1267	1.101854943405	1.00044232400259	-0.718839225	3.2331065
lele1276	-0.126098960761	0.96948518926313	-2.0148265	1.81893825
lemb1266	-0.0980141311885	0.861494223164611	-1.8796395	1.601096
leme1238	1.295242477184	0.978168433465961	-0.4801995	3.349516
lena1238	1.318178412312	0.927246533152888	-0.44878385	3.34152925
leng1259	-0.6725187143854	0.838736369698834	-2.364696	0.904852799999999
lepc1244	0.662727896662	0.936712567104703	-1.0681505	2.6329465
lewo1242	1.2042149596015	0.838037072015802	-0.37631005	2.8972875
lewo1244	-0.0930069788268	0.889091516953594	-1.8031605	1.650651
lezg1247	-0.0655288689355	0.961247299046875	-1.96378675	1.82119425
libi1244	1.035361632145	1.00083180769592	-0.779337225	3.245593
liby1240	-0.545551313721	1.09759238254603	-2.77415225	1.5250945
lika1243	0.558370360665	1.0597151339917	-1.39850875	2.78272775
liki1240	0.9996812578215	0.993533059926761	-0.7373983	3.23496675
limo1248	0.7898393949145	0.916251133298866	-0.9311451	2.6585245
ling1265	1.64792653756	0.826393974572078	0.12117605	3.361922
lipo1242	-0.334305919265	0.922076821491136	-2.1667005	1.46906725
lish1245	-0.6628254197265	1.04103517983305	-2.92008575	1.271071
lisu1250	0.08031274213	0.922539907983032	-1.71342125	1.87677124999999
lith1251	-0.522938636887	1.03291922013145	-2.72446625	1.42224825
lito1235	0.96955125723645	1.12234625546669	-0.97555255	3.45001
litz1237	1.6141406183	0.82258796423708	0.100715225	3.32301625
livv1243	0.6595600688005	1.11632105424004	-1.3224945	3.0022165
loba1239	0.9578907782955	1.03503533409362	-0.89283555	3.2145805
logo1259	0.3101055521355	1.08165360500296	-1.7415105	2.47448275
loka1252	-0.159521042236	0.967034461062381	-2.0575805	1.7727635
lolo1259	-0.1783586855525	0.937139308874426	-2.07799325	1.65468975
lomb1257	-0.101455524309	1.00178799711976	-2.16351275	1.84235325
long1395	-0.650700574955	0.864517674070044	-2.34315375	1.0021735
loni1238	0.991468911341	0.990979055357335	-0.828416175	3.07270575
lote1237	0.9731308062615	1.02683531164351	-0.903081475	3.12755725
louu1245	1.038634130383	0.969048059639264	-0.73982155	3.08993075
lowl1260	-0.6434187013535	0.984105787136949	-2.63271075	1.2025085
lowl1265	-0.23764295848	1.0094551533438	-2.2859555	1.72101375
lozi1239	-0.3309916898905	0.97982198621795	-2.2729355	1.62104225
luan1263	0.41584202559	1.05300126799566	-1.57107525	2.61427375
luch1239	-0.341205257145	0.999621558851063	-2.301307	1.66586175
ludi1246	0.407885068637	1.01018210619145	-1.4551725	2.45549775
lugb1240	0.24975739266405	1.0821990643721	-1.8131115	2.43939675
lugu1238	-0.668272919986	0.989877195386848	-2.71725375	1.25099325
lule1254	-0.8392716681555	1.05371437592357	-2.97895975	1.084758
lumu1239	0.7509349224255	1.07878426669024	-1.2268955	3.00367575
lund1266	0.074590954622	1.0640070394276	-1.9711375	2.32989425
luok1236	-0.660038262525	1.01895399244542	-2.75293425	1.40138525
luse1252	0.7037684166	1.0427820302835	-1.176801	2.90177325
lush1249	-0.058903149188	0.918146127732418	-1.8530125	1.73158275
lush1252	-0.08037530403155	1.00930545886079	-2.06120525	1.87103825
luva1239	-0.6114775944835	1.01262735568045	-2.73245925	1.33312875
luya1241	-0.15443427966725	1.06540322675924	-2.209557	2.052409
maan1238	-0.605831006491	1.08056855403866	-2.88207875	1.43804275
maba1270	0.7681021339195	1.09895254715782	-1.2521515	3.014468
maba1277	0.656639379999	1.06899651489281	-1.2634235	2.8158185
mace1250	-0.231048556144	0.986850562247693	-2.236794	1.65602775
maco1239	-0.5257333711745	0.981818615910914	-2.55656725	1.24434075
macu1259	0.546832427084	1.05519949128831	-1.43416775	2.680223
macu1260	0.89533460397	0.950786509640506	-0.81686615	2.83557625
mada1285	1.3065349704915	0.939317263380623	-0.3528193	3.2778315
madi1260	0.346311842014	1.08584866410544	-1.6507465	2.5631815
maee1241	1.57074102108	0.84622414903224	0.03345407	3.3391665
mafe1237	1.674177702305	0.910302072467602	0.113668725	3.6155225
magd1235	-0.57567692607755	0.91093409034139	-2.4559355	1.1855755
maia1253	0.551530304392	0.836619451458526	-1.09262825	2.23222875
maib1239	0.169532945535	0.972613665956714	-1.645586	2.0781455
mail1248	-0.035347957639	0.979936079932586	-1.926732	1.9697325
mais1250	0.5184737537825	0.909602411720751	-1.12875325	2.49259725
mait1250	-0.2717603168975	0.95868762810629	-2.2281275	1.62503525
maja1242	-0.047790239035	0.963986191343776	-1.9218575	1.895415
maka1304	-0.231474029352	0.964209855707684	-2.17351925	1.73249975
makc1235	-0.156912294327	1.01639312441479	-2.205513	1.843143
makh1264	-0.1000439238585	1.0078866344896	-2.09950725	1.9103075
makh1266	-0.909022384168	1.06003195721065	-3.21441525	1.01760625
mala1463	-0.541124052046	1.10509760439711	-2.87499125	1.54639725
mala1464	-0.60206892929	1.08360979436058	-2.8237315	1.38476025
mala1479	0.218038845738	1.01341212068003	-1.787114	2.1850885
mala1522	0.3562155678855	1.06632032894648	-1.66882025	2.57399225
male1284	-0.21545736293	0.906430721004368	-2.01222325	1.50278025
male1289	1.3396995005195	0.998836484115473	-0.4564978	3.39743799999999
male1297	0.390471069755	1.11553777630879	-1.69386	2.65308925
malg1251	-0.44159745421	0.942426798365904	-2.246351	1.30694275
mali1285	0.717256857563	0.936150856572766	-1.02526575	2.60072825
malo1243	1.628645566665	0.873365344614409	0.0786810725	3.38485249999999
malt1254	-0.52297733737705	1.06778681522495	-2.745658	1.51844675
malu1245	1.551101824623	0.865901144254674	-0.0119456075	3.304001
mamb1294	-0.103705400605	0.916198405251257	-1.82699225	1.70420825
mamb1296	0.2495798271474	1.093569280004	-1.82823725	2.4262685
mamm1241	1.0026127817335	1.1318922487235	-1.059785	3.53590325
mamv1243	0.290871434009	1.11265388295765	-1.7871015	2.656358
mana1288	-0.3536876716535	0.872602941835666	-2.04873275	1.302275
mana1295	0.63839912336	0.870808871566062	-1.01692625	2.38209725
mana1298	-0.2805880519965	0.881201918404974	-2.0788	1.38822975
mand1415	-0.567217428474	1.13459750161427	-2.95936125	1.5093175
mand1440	1.2694228001975	1.0037151739033	-0.584378675	3.42234225
mang1378	0.949133779553	0.914698350808598	-0.712156125	2.902223
mang1381	-0.80719733119	1.09611630202721	-3.029831	1.223676
mang1394	0.62630338952	1.02272100405881	-1.2619025	2.82154775
mang1401	0.3730412977185	1.06976621092468	-1.65844875	2.59505125
mang1405	-0.620366914875	0.964469222687269	-2.64237975	1.2270345
manm1238	0.90809834982	0.907117864638003	-0.827169625	2.72557275
maor1246	0.3835949973155	1.07332179376873	-1.6657875	2.589484
mapo1242	1.1504066938551	0.925124156565426	-0.509215525	3.08399975
mapu1245	-0.5771460667245	1.11242092635896	-2.818487	1.497459
maqu1238	0.7320598472875	1.05044744282984	-1.23867675	2.8604745
mara1378	-0.51408028245245	1.0478823696284	-2.723929	1.49762375
mara1382	0.1310583408855	0.923018644662529	-1.68226125	1.93412725
mara1399	1.57428115916	0.83478922845496	0.0180421675	3.29460525
marg1265	-0.28917624728775	0.897340060304299	-2.03708	1.4894845
mari1424	-0.2476557152265	0.958008899122372	-2.21157375	1.58716775
mari1426	1.531642706315	1.02517023647293	-0.309820125	3.721649
mari1440	-0.5033821381705	1.05062970064313	-2.73191675	1.476215
mars1254	0.340567516845	1.0612495299719	-1.62685725	2.46481
mart1255	0.16968418043	1.01563794329256	-1.86490075	2.1158835
maru1249	-0.320806893835	0.946545323336942	-2.13709975	1.497569
maru1252	-0.42680115927	1.0446547112914	-2.581686	1.5942525
masa1322	0.256838291092	0.962950427155827	-1.53152175	2.30578575
masb1238	-0.356820479885	0.98742076413147	-2.30052025	1.5362325
mask1242	1.62838267937	0.845292386957105	0.056173955	3.39184475
matb1237	0.580283890395	1.06601932592429	-1.43367875	2.78817799999999
mati1250	-0.123700096879	0.950394385331674	-2.034739	1.788353
mato1252	0.868406743799	0.831743865508971	-0.6879196	2.59094025
mats1244	-0.462660135553	1.05971948209322	-2.53309225	1.51055475
matu1259	-0.8374041712225	1.10079869241487	-3.00463775	1.23681525
matu1261	0.3556567785115	0.860755359388504	-1.25525125	2.12548725
maun1240	-0.8717832268695	1.02448827280024	-2.9992265	0.988337424999998
maxa1247	-0.683968997545	1.05811020898248	-2.86542425	1.33978275
maya1285	0.6633150970225	1.10075506396255	-1.373147	3.01967525
mayo1261	0.558344013694	1.06944219072466	-1.47185725	2.82256675
mayo1264	0.0876475463155	1.0586305592379	-1.98027425	2.240804
maza1304	-0.026615183229	0.879610651927306	-1.7486275	1.69446725
mbaa1245	0.431931852672	1.13772755644862	-1.74855875	2.85591075
mban1263	0.6394155153775	1.16506719679673	-1.4130785	3.0717285
mbar1260	0.240277863205	0.96151682030178	-1.550822	2.2284945
mbay1241	0.2062357862805	1.02921788144203	-1.7631655	2.295096
mber1257	0.00216717281	1.10223560750664	-2.17039975	2.2905385
mbul1263	1.295592874885	0.967253017860892	-0.457445425	3.31279375
meen1242	0.1765419252555	1.03308409694725	-1.81777425	2.35835
mehe1243	-0.339607100249	0.808489857881652	-1.97826525	1.19522375
meke1243	0.328115089752	0.844553009632415	-1.2820295	2.0104695
mele1250	1.08683074676305	1.00873632164922	-0.785587425	3.20864225
melp1238	-0.512224736635	0.876202996401211	-2.21569825	1.21748375
mere1242	1.524333414273	0.943164089406613	-0.1201462	3.60137325
meta1238	0.58780291553355	0.939713243545277	-1.18319625	2.542972
mezo1235	-0.41426400575	0.951307166879067	-2.4090375	1.435768
mezq1235	0.2101421740035	0.988026798443476	-1.70961075	2.14378475
mich1245	0.404048959995	1.11515313576208	-1.7594565	2.67466525
miju1243	-0.25347544437665	0.955889917648923	-2.08820575	1.661255
mikm1235	-0.2929950627745	1.06343244319226	-2.43341475	1.662718
mila1245	-0.1636231651821	0.941838566485969	-2.0813205	1.6260985
mina1268	-0.81725175238	1.11313635517287	-3.07865725	1.37248225
mina1276	-0.00672806203	0.868403693189692	-1.6660165	1.72484175
mini1251	0.7038321119	0.91297783488219	-1.0059545	2.658138
mini1256	0.14192969383	1.08021810084974	-1.97164075	2.3823
minn1241	0.4200634693905	1.0157365605147	-1.51797675	2.511804
misk1235	0.626279866805	1.0892406859685	-1.4262185	2.89761725
mixt1426	-0.7129131688832	0.940714216221976	-2.55601575	1.060467
miya1259	-0.176353114447	1.04449566732771	-2.2886205	1.81746525
miya1266	0.8116437174805	1.09094186103951	-1.1711645	3.22961325
mlab1235	-0.4882826156735	1.03890617028825	-2.6372655	1.4601755
moba1244	0.388526489565	1.09594711827058	-1.660397	2.7329185
moch1257	1.04894401271	1.07587921304023	-0.86521975	3.418679
moco1246	0.37950004374645	1.02323907808671	-1.51372775	2.61241025
mode1248	-0.5084610844915	1.0449983257699	-2.673209	1.4711335
moha1258	-0.683363331414	1.09833491770785	-2.8847525	1.40475525
moke1242	-0.5578756219835	1.11815491523447	-2.80866125	1.51936375
moki1238	-0.400143490565	1.02445609239147	-2.423385	1.61058625
mokl1243	-0.40065878968	1.04262167127012	-2.51602525	1.61481175
mokp1239	-0.3208402021467	0.971136161791184	-2.231818	1.538924
moks1248	-0.4473730868045	1.01541077718681	-2.47037875	1.53225225
mong1338	0.3438166694715	1.17762534718584	-1.934754	2.81590325
monn1252	0.43980345769855	0.990914701876903	-1.49046975	2.41579274999999
mono1273	0.3463251129153	0.996104642519963	-1.5852035	2.43261975
mono1275	0.3126586954695	1.0913057412719	-1.824383	2.486406
mopa1243	0.590781203176	1.14156381963098	-1.5085695	3.00043475
morm1235	0.4941597705745	1.00414020604745	-1.48943025	2.46933225
moro1287	-0.8847075297405	1.08818121275835	-3.0900395	1.06752475
moro1289	-1.1499626423385	1.01754285897017	-3.20093225	0.739881674999997
mort1237	0.3456270052985	1.08277631231256	-1.725172	2.64474225
mose1249	-0.717888651787	1.08065751943332	-2.90542275	1.32010775
motl1237	1.2493614291739	1.02370651793708	-0.576730875	3.4003595
motu1246	-0.265057924148	0.872459469200203	-2.04318125	1.443676
movi1243	0.099678707315	1.04478555460915	-2.00309275	2.18796525
mpad1242	0.371704448835	1.08113502866602	-1.6320865	2.66397875
mpii1239	-0.485327468742	1.06349026807865	-2.83310225	1.48035725
mpot1240	-0.8273949767975	1.05210632389171	-3.09108225	1.189552
mpur1239	0.5584313346395	0.962661113261903	-1.35501575	2.5818475
mual1241	-0.4128085528475	0.988586220968826	-2.45045675	1.45111425
mudu1239	-0.620554460975	1.09231046896235	-2.94281025	1.4650215
mudu1242	1.1896815400302	1.08477578813422	-0.774946725	3.46054525
mull1237	-0.5166994004527	1.03551809141494	-2.7402555	1.38950249999999
munc1235	1.132350468335	1.00810633983272	-0.781014525	3.282481
mund1325	0.116428316616	0.946249211531857	-1.74899175	2.024064
mund1328	0.98892216363	0.94252499754415	-0.716102975	2.8505375
murl1244	-0.57487463308	1.03938683925514	-2.70418625	1.34177725
muru1266	-0.4266985131945	1.08296594632124	-2.61667725	1.544189
musg1254	0.037362571835	0.938417107712601	-1.7638685	1.972171
muyu1244	-0.6128416582845	1.06824856293651	-2.8042435	1.3318005
mwag1236	1.04330533735	1.02217269445781	-0.795368725	3.23123225
mwan1247	-1.023176074952	1.10195170941066	-3.3836665	0.997551799999999
nade1244	0.38150958767335	1.13732098902785	-1.7871655	2.695268
naka1262	1.03415276116	1.00923881725904	-0.779253575	3.25210675
nali1244	1.437170519006	0.955214460216601	-0.1843143	3.59761175
nama1268	0.93865562579865	0.882655431621135	-0.740479425	2.72150325
namb1293	-1.5075175358	0.980398147997058	-3.53855975	0.283252425
nana1257	-0.2558929235525	1.06014107288414	-2.424248	1.7710595
nand1266	-0.673355780607	0.997531846710251	-2.8474035	1.22915625
nang1262	-0.441309322858	0.95802003156541	-2.41831925	1.414692
nant1250	0.1863939771945	1.04898210812777	-1.8809415	2.2373165
naue1237	0.661417224092	1.03407368936327	-1.17892025	2.8186735
naur1243	-0.66464407298505	1.00979552445966	-2.929032	1.150475
nava1243	0.289459975135	1.06134374443096	-1.75734425	2.3790775
nawu1242	0.221039715833	1.06438232281737	-1.7901325	2.3291915
naxi1245	0.9963393634525	1.01823301838846	-0.822174175	3.141177
ncan1245	0.9471108765985	0.9439986281221	-0.72633745	2.908407
ndam1239	-0.6455168304655	1.00546607511175	-2.6605585	1.232571
ndog1248	0.2833484725215	1.14025964003951	-1.848525	2.668573
ndun1249	0.6636986463474	1.0697252844025	-1.32632675	2.91419625
neha1247	-0.31313093809	0.99515896139773	-2.27678	1.6582825
nend1239	0.13651423237	0.815247583176878	-1.458564	1.75286075
nene1249	-0.576291470205	1.08362191000956	-2.84540125	1.3977795
neng1238	-0.5113873015321	1.02650249240441	-2.658319	1.515673
nenn1238	-1.45433131494757	0.98195396222049	-3.42130175	0.35165195
nese1235	1.5647930738035	0.862596285388162	-0.0118044325	3.33266425
newa1246	0.457519828252	0.827935647771368	-1.10302375	2.0955075
nezp1238	-0.54567354329115	1.06272840545235	-2.74580425	1.42902625
ngaa1240	0.56122093278	1.06748449928164	-1.5712625	2.74609774999999
ngab1239	0.4996167778295	1.10266944852847	-1.59347575	2.73403325
ngal1292	-0.709488162435	1.11171228637884	-2.9879905	1.2914265
ngam1268	0.10493378123695	0.998328152661292	-1.80210775	2.129387
ngan1291	-0.49577856252	1.04972207013782	-2.774053	1.48538225
ngar1235	-0.6170898077795	1.07021258637047	-2.85431475	1.29691025
ngar1283	-0.607932817655	1.08139174812595	-2.83187975	1.4284125
ngar1284	-0.4898876585556	1.07664387407875	-2.71847225	1.4810095
ngba1284	0.583853566055	1.1181515010067	-1.52700225	2.90022475
ngba1285	0.8984058166465	1.13429076581194	-1.07675125	3.31176224999999
ngit1239	-0.64137517976525	1.06093138550473	-2.91952925	1.2955815
ngom1268	0.795126911153	1.08318861927704	-1.18070425	3.1417975
nhan1238	-0.47277102408115	1.09561412518674	-2.75550725	1.6221865
nhen1239	-0.1759323903485	1.00716637937219	-2.14559125	1.78436975
nina1238	0.820411508015	1.04134577191895	-1.17023125	2.971956
nisg1240	0.43670805753	1.074695880267	-1.61034525	2.681671
niua1240	0.2461065721225	1.03290595725909	-1.725383	2.3799345
niue1239	0.38754382246	1.12438581601716	-1.72032825	2.6946505
niva1238	0.2781392697647	1.08357109038985	-1.857449	2.56876875
njan1240	0.488790032835	0.984439635160021	-1.405539	2.53142225
noct1238	-0.47049096071965	0.875020270609798	-2.26990125	1.21005175
noma1260	-0.8448621234055	0.849424114165977	-2.5547425	0.761921699999999
noon1242	0.335756338519	1.08453117196946	-1.761629	2.68719825
noon1243	0.89442552939	0.955560600766154	-0.82005535	2.84849525
nopa1235	-0.531438062595	0.928659930289725	-2.42759	1.21134875
nort2671	-0.65098690302	1.04439647394012	-2.72095725	1.27203625
nort2684	-0.280429130095	0.985304556525827	-2.336408	1.536444
nort2690	0.367192178987	1.10310398374665	-1.73714875	2.67200825
nort2697	0.21000825039	1.03345558640615	-1.743702	2.302643
nort2702	-0.0011198865154	1.02302601229819	-2.0531	2.01540575
nort2722	-0.47068171288	0.965065250066727	-2.42541875	1.4099585
nort2723	0.986581389445	1.0171053206783	-0.84533705	3.14669125
nort2724	0.6796153471025	0.946324692419204	-1.0599555	2.68806725
nort2732	0.80390040011	1.02038889724471	-1.1162795	2.90404875
nort2745	-0.419615404545	1.06598305715998	-2.50930725	1.67332375
nort2747	0.5971739896895	1.01768178629142	-1.359405	2.67109475
nort2774	0.680952675599	1.08841809847747	-1.27392975	3.00706625
nort2845	0.401720666992	1.00103513083968	-1.44916825	2.43312
nort2847	1.344649101375	0.9354770739044	-0.3652405	3.45202675
nort2885	-0.553898418336	1.07577254561593	-2.66080275	1.55247075
nort2930	0.3067388603885	0.979700233671662	-1.61850475	2.33351675
nort2938	0.138352495318	0.973978189166047	-1.7906875	2.067413
nort2942	0.3812130210945	1.08506621136367	-1.77400775	2.61521475
nort2954	0.285641003755	1.11742748573784	-1.822801	2.6078485
nort2957	0.752578247256	0.986512205450399	-1.0956125	2.8425435
nort2959	-0.80035529751055	1.0053709285892	-2.759413	1.12818325
nort2961	-0.3312995219385	1.10030802709489	-2.59189925	1.7559515
nort2972	0.678281753947	1.0328300487394	-1.23540775	2.85731675
nort2980	-1.091730642345	1.06943201369435	-3.476118	0.861115424999998
nort3047	-0.0111889996425	0.932424980350378	-1.81333475	1.8647555
nort3139	-0.6315867888645	1.0482308571441	-2.8284625	1.39583775
nots1237	1.43317394457	0.932158216671611	-0.226371025	3.46589125
nsen1242	-0.74443756281355	1.06609756911821	-2.951103	1.21875025
nucl1235	-0.3575210167985	1.01326986801364	-2.3527075	1.584813
nucl1240	0.132494760815	0.96624722446148	-1.7172895	2.103733
nucl1301	0.3695881422195	1.11684868838166	-1.67396725	2.645038
nucl1302	-0.111794995777	1.01114137960823	-2.14149825	1.9281005
nucl1305	-0.571924010615	1.12581318067665	-2.83201175	1.467678
nucl1310	1.207587752685	0.99430876071449	-0.56604575	3.30578825
nucl1417	0.618704079791429	0.992037259307626	-1.2103245	2.65289425
nucl1458	0.601440741202	0.832062964412314	-0.932448175	2.27266875
nucl1593	0.4588834089115	0.91521789036956	-1.28540325	2.39380625
nucl1595	0.646461590341	0.949709098952576	-1.1531275	2.57066825
nucl1622	-0.7778422081125	1.00385248753042	-2.82042825	1.17379
nucl1633	0.5603582069095	1.04588508942636	-1.33193575	2.670353
nucl1643	-0.35433642054955	1.1357350778166	-2.65527875	1.83771475
nucl1706	-0.4585457124935	1.04288022921012	-2.5294185	1.470347
nuer1246	-0.568375713455	1.07457698844685	-2.846749	1.45631875
nugu1242	-0.9384071767655	0.888923424244019	-2.6982785	0.744077725
nukn1238	0.881299982795	0.824844340367316	-0.644620775	2.52898325
nupe1254	0.371002053637	1.04680636518236	-1.6223985	2.5498525
nuuc1236	-0.371761227283	1.03839786923383	-2.36579325	1.5952055
nyah1250	-0.645988015265	1.08515586273613	-2.853092	1.3812605
nyak1260	-0.659306601015	1.00493751840318	-2.79373125	1.21412075
nyal1254	0.3466554038075	0.981467079382608	-1.587213	2.35654875
nyam1285	0.68300132017	0.986124007492634	-1.181214	2.6749945
nyan1301	-0.413559011964	1.08790069273197	-2.731836	1.63282925
nyan1307	-0.746192147606	1.06676660565783	-3.059226	1.21862675
nyor1246	-0.00398367134	1.02870547365476	-1.96794	2.09309925
nzak1246	0.32762414864075	1.10032148590094	-1.81527325	2.57392475
nzak1247	0.4481938274925	1.08813314632375	-1.626833	2.68637625
obok1239	0.7243877825265	0.994804827764324	-1.2395915	2.78981025
obom1235	-0.0904197823895	0.915085707520463	-1.85043175	1.7222275
occi1239	0.5079665328175	1.04001435914709	-1.47051825	2.6277895
ocot1244	-0.949142198345	0.913543716707092	-2.844541	0.783720349999995
okan1243	-0.906324916414	1.09039241321677	-3.10391175	1.1028785
oksa1245	0.2182134315145	0.944162543231775	-1.63399475	2.11923275
oloo1241	-0.0157909932015	0.823993082441864	-1.64800625	1.5981745
olut1240	0.4588827496285	0.998977738850887	-1.42715825	2.52015475
onon1246	-0.836779152105	1.10641689841794	-3.10992375	1.22108125
onto1237	-0.6150848915245	1.05624061283504	-2.82777625	1.35148625
oriy1255	-0.520712324572	1.04369898750543	-2.67522625	1.4357115
orok1267	0.5772933572	0.960676232206472	-1.273287	2.50295875
orow1242	0.26646532174	0.903400675698327	-1.36872375	2.134462
otta1242	-0.3234085404684	1.09942525603372	-2.69697275	1.70673975
owaa1237	-0.58550941559505	0.994348270401829	-2.57331025	1.26415025
paaa1242	0.793219749168	1.04338300130102	-1.08566075	3.01857875
paam1238	1.4515948324945	0.849558608714262	-0.139583225	3.12354775
paas1238	0.175134589891	1.06021801106832	-1.8999315	2.3210885
paco1243	-0.536868278396	1.01027871984012	-2.52938225	1.39020725
pagi1243	0.657879452845	1.0872360943127	-1.2632855	2.986287
pagu1249	-0.2408533236725	0.925054994749983	-2.083731	1.53963475
pahn1237	-0.305231243629	0.960577681575887	-2.28288625	1.50634025
pala1344	0.365854657721	1.04878920062423	-1.73480225	2.550684
pamb1243	0.492997384545	1.04765222186606	-1.45321025	2.65934375
pana1307	0.15175204498745	1.0070548825891	-1.818662	2.082167
pang1287	-0.3800281388105	1.0131420945534	-2.4160695	1.558978
pang1290	0.58027722085	0.940462866277254	-1.23312975	2.46973025
pang1291	-0.616032442403	1.02507967168875	-2.7250235	1.359435
panj1256	-0.3602844653055	1.06706777146186	-2.5063095	1.6770315
papa1238	0.6709537854075	1.06279886572619	-1.31137975	2.99955725
papa1265	-0.194987669855	0.874073872709885	-1.94460475	1.54617425
para1301	0.736573548382	1.03838190287171	-1.17932475	2.9001445
para1302	0.04752711312	0.848772236460577	-1.606555	1.70636725
para1311	0.3988895254415	1.04856408413952	-1.61007225	2.543697
pare1266	-0.247551290755	0.964460157447794	-2.1078925	1.58377475
pare1272	-0.57726407282575	1.12382394390257	-2.894409	1.4858885
pate1247	1.0937461916295	0.944292005780285	-0.635293975	3.12823475
patp1243	0.88186736919	0.964415189861274	-0.95264375	2.903232
paul1238	0.68024195765	1.0748751631442	-1.27942425	2.88694875
payn1244	0.1826707973405	0.807142645711728	-1.35496825	1.8040485
pech1241	0.4875966587675	1.08881151069655	-1.60789475	2.6965745
peer1241	0.02679259972	0.952765411631645	-1.75729925	1.973875
pela1242	-0.489867905947	0.918380790662181	-2.32960425	1.3019655
pemo1248	0.6739642058	1.0611934803903	-1.3434445	2.7955515
pend1242	-0.94632771854	0.986504596802254	-3.01519425	0.8420825
pila1245	-0.564833744657	1.03147696779362	-2.6420445	1.35835425
pile1238	-0.347931234795	0.903956502283587	-2.153836	1.339338
pima1248	0.272519620844	1.03440535062306	-1.850031	2.45184675
pina1252	-0.1666322915985	0.816506166316182	-1.7854715	1.4156505
ping1243	0.108476147564	1.02609172744859	-1.8165885	2.12308875
pipi1250	0.5512705542285	1.09007731470275	-1.49082475	2.78612499999999
pite1240	-0.856825482854	1.05613176134992	-3.086164	1.0653595
plai1258	-0.253564243495	1.09275805412507	-2.44473175	1.78533025
pnar1238	-0.1467087668055	0.950005765958343	-1.9660895	1.6928115
pohn1238	0.2042222647435	1.07124556706207	-1.93763275	2.5211755
poko1263	-0.1323532771365	1.01707586311676	-2.19583675	1.80433349999999
poli1260	-0.44176078478	1.00157490124304	-2.514263	1.44077275
popt1235	1.1495313952725	1.10603746800807	-0.776436	3.58370125
port1283	0.642597994595	1.06936498965615	-1.4362205	2.8524045
port1285	1.637049033665	0.844765478420087	0.0991420225	3.3643175
psik1239	-0.288260969694	0.852908045170609	-1.97613375	1.3919225
puin1248	-0.456913886979	1.04630977501184	-2.5873625	1.5567585
puka1242	0.397555978926	1.05147434779548	-1.6924105	2.654708
puma1239	-0.879659975892	0.786830769258715	-2.49583275	0.631984125
pume1238	0.2183097857398	1.04898921916214	-1.77131925	2.33957125
puoc1238	-0.14328612474	1.00224609338112	-2.16254975	1.855915
pure1242	0.5886601045555	1.10962780461549	-1.52466775	2.90929675
puri1258	-0.589942134	1.05293516497604	-2.7660775	1.398457
qanj1241	1.1043232590005	1.11581167853351	-0.82584975	3.4608415
qawa1238	0.378800385335	1.07765632519558	-1.75711275	2.59268975
qima1242	0.4495275434395	1.01982778971969	-1.49807975	2.65194075
quer1236	0.3992239364855	0.98643860247744	-1.581903	2.42530075
quio1240	-1.424228021085	0.942944719235695	-3.3661555	0.30614235
rabh1238	-0.062513436804	0.89495567178431	-1.7780895	1.79338275
rama1270	0.479963137995	1.09934504482222	-1.623293	2.720118
rapa1244	0.4236439297105	1.07436432273643	-1.605553	2.69227
rapa1245	-0.6616037947075	1.06645377076507	-2.93982175	1.29197875
raro1241	-0.663558187573	1.0487031464672	-2.84335875	1.31853975
rata1244	-0.5879921916675	1.05058472040047	-2.75249625	1.411041
raut1239	0.8311465016105	1.04636845301952	-1.22691375	3.02198975
remb1250	-0.1045485853205	0.906532781412252	-1.9488585	1.699168
remo1247	0.423279912788	1.04538284511663	-1.56899325	2.56039225
reng1252	-0.722930085426	0.96787091391767	-2.7229315	1.1457735
renn1242	0.21625111331	1.09147468168539	-1.9234605	2.45285849999999
reye1240	-0.5671179652705	1.05482475825483	-2.715847	1.45650925
roma1326	0.232126570456	1.00495118400174	-1.78641275	2.2831255
romb1245	0.236703185211	1.00916229852057	-1.69646075	2.3504085
rong1264	1.03844722533	1.08158075651475	-0.921559025	3.3738835
ronn1241	1.0274329248165	1.03002672849028	-0.784252375	3.2643855
roto1249	-0.177193314593	0.868033485002085	-1.874006	1.54913575
rotu1241	0.393065648757	0.999835131821733	-1.5549485	2.352236
rovi1238	0.73626114426	0.986469111611253	-1.06955225	2.823752
ruch1235	1.060709840355	1.05974843990444	-0.9371544	3.3962535
ruka1240	-0.3418551273905	0.875440934254564	-2.11006825	1.327826
ruma1248	-0.392351439777	0.916099889537217	-2.24839575	1.3442595
rung1258	0.61212441856	1.08202819990433	-1.40232175	2.77425125
russ1263	-0.430115796801	1.03346138299215	-2.5406075	1.5213905
saaa1240	-0.228004236338	0.91508644929997	-2.08596775	1.608551
saaa1241	1.6181096704	0.907254809936136	-0.058057245	3.48615725
saar1237	-0.06198127578385	0.864285960677065	-1.787314	1.6405655
saba1268	-0.3601684784425	1.02940978655712	-2.46872525	1.6294765
sabu1255	-0.85353898265	1.01773404521212	-3.01344225	1.02436625
sais1237	-0.5874551874928	0.905773909650523	-2.403205	1.174874
saka1289	1.5402301191	0.985151066116851	-0.14840455	3.62692225
samb1305	-0.09791677517	0.971058320993475	-1.95636125	1.87893725
samb1311	-0.049253791555	0.966229872904707	-1.93992	1.86083399999999
samo1305	-0.6483068352195	1.04928460117018	-2.76723775	1.32751725
sana1295	0.6499340907755	1.05648212266173	-1.3787735	2.861629
sanb1241	-0.613035957817	0.917055009498191	-2.3754215	1.19717175
sanb1242	0.387345046864	1.12963436214846	-1.76904225	2.72764375
sand1278	0.152704555468	0.996923153029697	-1.7117435	2.154343
sang1321	0.361868630907	0.857355213976733	-1.320727	2.08857825
sang1331	0.2257028110345	1.06003827522962	-1.79332475	2.47338775
sani1269	0.833252054413	1.04597208530954	-1.092677	3.072182
sanj1284	-1.234918308831	0.903357187631623	-3.04799525	0.443391624999998
sanm1289	-0.7335820046235	1.10439038024653	-2.99574875	1.33913675
sanm1295	-0.365502604414	0.913395587977777	-2.20557625	1.442777
sanm1301	0.105676648245	0.982251992750757	-1.87578125	2.10378175
sant1436	0.2360360298065	0.891399429249631	-1.5300185	2.023857
sant1451	-0.719847299345	0.949784195312652	-2.63696	1.1006145
sanu1240	0.748047247003	1.0166438411984	-1.14279825	2.78550475
sapo1253	-0.1033780746265	0.856513455943029	-1.728303	1.6088955
sara1321	0.457303299785	1.14233886274073	-1.59451675	2.866191
sars1236	0.1297234562795	1.03761645843458	-1.88131875	2.19704975
sasa1249	0.4587505914735	1.04684198174685	-1.51774875	2.61101425
sata1237	0.39168745652	1.04015874071194	-1.5938545	2.59251625
sauk1252	1.043582459639	0.822278362335064	-0.4737953	2.7943965
saur1249	-0.4895785885195	1.06432883968936	-2.77569125	1.51831225
savo1255	-0.346531674598	0.832347158383145	-1.93071175	1.26000925
saya1246	1.014087733874	1.04082234958516	-0.924548025	3.1811765
seda1262	-0.8762065489485	0.956799317073199	-2.960378	0.955589249999998
seim1238	0.2353401844875	1.06590816261023	-1.79994175	2.4085665
seke1241	1.64224761717	0.912671850742899	-0.0422357975	3.4949145
sela1259	0.318060374865	1.10529016077574	-1.759038	2.63526825
selk1253	-0.55004401311	1.0397078804798	-2.7607	1.4117715
sema1265	-0.48517382498	0.973811442162015	-2.4843905	1.30549675
seme1247	-0.33416915793	0.987987799991723	-2.4535715	1.55655075
sene1264	-0.7998730476745	1.09654241817257	-3.14962975	1.2816565
seng1281	1.16840154782565	1.0642627322922	-0.831320625	3.33975325
seri1257	0.2908364884205	1.11462179063866	-1.7352035	2.62817475
seve1240	-0.3073666560115	1.0720177518694	-2.509191	1.70460225
sgaw1245	-0.1219108277774	1.04536576803438	-2.208972	1.94480225
shab1252	-0.04247577146	0.951569917353704	-1.874514	1.7811415
sham1280	-0.08838768661495	0.994958364812551	-2.09885075	1.843731
shan1283	0.27406288297	1.05624055347705	-1.7895875	2.4256765
shaw1249	-0.325202387809	1.13910700324518	-2.70615125	1.829931
shil1265	0.395195686625	1.05216778144599	-1.58261925	2.651494
shix1238	1.092542274731	1.01259042842254	-0.807008	3.1927595
shon1251	0.1822042711695	1.14110425489347	-2.03409	2.52260425
shos1248	0.250531376175	1.09826489557969	-1.956746	2.49221399999999
shua1257	-0.124284470882	0.95981148106246	-2.05233275	1.81280275
shwe1236	-0.2135636473315	0.899337564965903	-2.0674395	1.55625675
siam1242	-0.109163686933965	0.922302724460721	-1.9687405	1.6656775
sich1238	0.948345090343	1.04780231885879	-0.968066975	3.26217025
sici1248	-0.612704576735	1.04117587267318	-2.7071915	1.38445825
siee1239	1.2490259560635	0.971191403984393	-0.43448475	3.45439975
sier1250	-1.442127268085	0.934195834062102	-3.360155	0.289412199999999
sika1261	-0.647594675748	1.01886004474517	-2.694058	1.2626265
siks1238	-0.4878773102105	1.16849118361322	-2.94707225	1.6015695
sina1266	-0.283396819815	0.854967541909919	-1.99787825	1.37218625
sing1264	-0.5706126418535	0.880479024962103	-2.23957625	1.07271825
sion1247	-0.605817954683	1.01132832033151	-2.6582305	1.2846735
sioo1240	1.05383915138695	0.909803092000344	-0.56270385	2.86332075
siri1273	0.39084905214905	1.03481506773806	-1.6043205	2.49128125
siri1274	0.72646876294	0.91739735767697	-0.91569985	2.58084225
situ1238	-0.775562836509	0.909781525812332	-2.69775175	0.928851949999999
siwi1239	0.3488944164725	1.03277043973439	-1.67750925	2.4184385
skol1241	-0.5330157139405	1.08081692110503	-2.76545775	1.53061375
slov1268	-0.38577946535	1.03634028859009	-2.55511325	1.64672275
sobe1238	0.3421268212196	0.920252819683379	-1.42353725	2.1734035
soch1239	-1.275293930885	0.974320320105464	-3.2521205	0.511720799999999
soga1242	-0.75628481133555	1.08253976743741	-2.9955865	1.31223775
sons1242	-0.674437994323745	1.07861554200141	-2.841915	1.37948025
sooo1254	0.000888511504999999	0.943216689897546	-1.8551825	1.8552385
sout1528	0.635103733725	1.05208735561165	-1.380194	2.74778525
sout2649	0.6373819586914	1.05865110088989	-1.3169375	2.85299025
sout2674	-0.587379876907	1.13641072774497	-2.82806325	1.50998775
sout2679	0.657951735275	1.00628626607128	-1.22807175	2.68102075
sout2728	-0.6480023131025	0.946281630706418	-2.56023525	1.116465
sout2729	1.31472872096	1.04839959421999	-0.52729255	3.56891249999999
sout2730	0.0674091519145	0.924332247178299	-1.65602225	1.94507
sout2782	-0.341380130975	0.931333163031982	-2.18237875	1.42857475
sout2807	0.2042916991785	1.1142899420712	-1.910723	2.5259055
sout2826	0.223632628788	1.10389129500944	-1.81484775	2.52546875
sout2857	1.560493509605	0.895601321234686	-0.0507588725	3.40065825
sout2859	1.54621121324	0.863955878348258	-0.00287001349999999	3.26029575
sout2869	1.3028087850085	0.93667842417219	-0.439223375	3.328339
sout2895	0.6902677143035	1.08666414185799	-1.39617675	2.90777325
sout2956	-0.27914267474	1.04205398232626	-2.45671125	1.7732265
sout2959	0.3555667453115	1.01073186140737	-1.57568525	2.4554795
sout2976	0.541868519415	1.09261952808806	-1.538628	2.86516525
sout2994	0.2329117620535	1.0842443007778	-1.8529045	2.4808165
sout2996	-0.4992941172	1.03053500658172	-2.658758	1.446506
sout3236	-0.66624845664	1.00074678923263	-2.7189365	1.2143115
sout3261	-0.3617677062255	0.993279361497087	-2.37473175	1.57713975
stan1289	0.5131468711	1.01937967086935	-1.450943	2.5870125
stan1290	0.54583129455715	1.01220412797234	-1.3921195	2.6249725
stan1293	0.4765139146685	1.01170866668913	-1.41044375	2.64238775
stan1306	0.173584706885	1.00260368691455	-1.69646075	2.15353325
stan1318	0.6247562364195	1.09366465951313	-1.4243855	2.942778
sund1252	0.3619116435406	1.07335851276745	-1.775581	2.5979015
supy1237	0.189765196517	1.10985966782033	-1.87033725	2.491452
surg1248	0.464165888805	1.06705979657012	-1.551898	2.5956625
swah1253	-0.3458308660085	1.04252230603221	-2.387177	1.70880325
swed1254	0.493652739918	1.03813836797313	-1.45127775	2.622124
taba1263	-0.1151833094	0.940905080949862	-1.9395825	1.76153225
tabo1241	-0.19903894749	0.943105513933198	-2.00194925	1.64442175
taga1272	-0.16859847343075	0.941913041811011	-2.0463325	1.66855675
tagw1240	-0.020394185101	1.09038622511823	-2.14759	2.22368125
taha1241	0.3279181896465	1.1181833270759	-1.700509	2.53591475
tahi1242	0.406445825445	1.05972450019721	-1.658477	2.54947
taia1239	0.3274830264	0.861007158911499	-1.3764925	2.074556
taji1246	-0.897662082022	0.995517187707065	-2.98598425	0.886511724999999
taku1257	0.3239330423825	1.08661255733261	-1.65938225	2.604177
tama1365	0.712851558131	0.983816979327907	-1.09429525	2.853908
tami1289	-0.494785024093	1.10358547682533	-2.647418	1.61797425
tane1237	0.746411293823	0.973205218179201	-1.01894825	2.79794
tang1336	0.336677205895	0.884909325689854	-1.385035	2.1249305
tang1347	1.57097818407	0.901355078562087	-0.00914986049999999	3.47568225
tang1377	0.1368039207965	0.937539424311547	-1.6796085	1.923476
tani1257	0.973313054845	0.982872538135858	-0.777300875	3.087305
tari1256	-0.237240521299	0.949353413322556	-2.17173875	1.5785265
tari1263	-0.937979184745	1.08004436550467	-3.15622575	1.035222
tata1257	0.46041939298	0.973614114750832	-1.4299745	2.4136005
taul1251	0.5707860132445	0.926377369551371	-1.16351675	2.49312825
taus1251	0.350519255074	1.07878894391861	-1.75680825	2.5119745
taus1253	0.42241606443	1.05633872050215	-1.601634	2.58954224999999
taya1257	0.320660789915	1.05548115348448	-1.72079875	2.515713
tbol1240	0.2134972250258	1.03298162096472	-1.73976525	2.31130475
tean1237	0.71739557081	0.955636744010047	-1.04162475	2.6913305
teda1241	0.2746897622565	1.12564171449929	-1.88203975	2.60744525
tega1236	0.456356150224	1.0481429872644	-1.4925635	2.65415075
tehu1242	-0.596610729338	1.0609470033535	-2.8489125	1.39904525
teke1275	-0.651167015522	1.08814788750366	-2.87986025	1.41429425
tekt1235	1.0682853914135	1.07099960173329	-0.842889725	3.3952325
temb1272	0.855556976248	1.09194380109543	-1.126439	3.25403725
temo1245	0.515981330897	1.01774071320058	-1.45920975	2.59347825
temp1235	0.0668344155615	0.979608563946132	-1.88043475	2.13045075
tenn1246	-0.402719744253	1.03187662105484	-2.57314	1.54074525
teop1238	-0.2037871149775	0.829560488115839	-1.80061425	1.452273
tera1251	0.272831920235	1.02588592047368	-1.6447025	2.46826525
teri1250	0.521535158892745	1.08765161055431	-1.5515555	2.73151525
term1237	-0.2343482636185	0.998106116432664	-2.13126125	1.779374
tern1247	0.158233753134	0.936268575443625	-1.6193915	1.94025
tete1251	0.58938139691	1.03888666018949	-1.46799	2.6839265
tezo1238	-0.04446057098755	0.946401176072986	-1.91036	1.8720565
thad1238	-0.587328600125	0.978631909426553	-2.67710025	1.24644025
thak1245	-0.5335780473485	0.867810845772182	-2.32065075	1.07050375
than1259	0.4042322218935	0.977360380950039	-1.46080025	2.5346565
thao1240	-0.350771762236	0.854733123969415	-2.08809925	1.33338775
thul1246	0.00569262829	0.833773982767362	-1.551799	1.7107455
tibe1272	-0.3296327037535	1.04758550395372	-2.47265625	1.721687
ticu1245	0.47102709985	1.08944894889506	-1.57910625	2.826489
tief1242	-0.423645332648	0.916169690527931	-2.31890475	1.40172325
tief1244	-0.3373706932605	0.908848989736559	-2.152772	1.46120325
tien1242	0.1142176303515	1.06671652015463	-2.060999	2.37393875
tiga1245	1.297472015885	1.00747450282758	-0.4223934	3.4166905
tigo1236	0.8825436086685	1.03693874947686	-1.04716875	3.08654625
tika1246	0.130172789725	0.956728106000296	-1.7170925	2.0332165
tiko1237	0.69295249359285	1.12553910620319	-1.3896385	3.03563475
timn1235	-1.41462492347	1.11223514339457	-3.79079825	0.599437399999998
timu1262	0.54978288297665	0.994668241395724	-1.284344	2.6137725
tiri1258	0.146392221753	0.887679371106696	-1.5481165	2.004171
toab1237	0.00497808029	0.847420050846244	-1.600968	1.68841625
toba1268	-0.96152046967	1.0431689591773	-3.1174195	0.932384724999998
tobe1252	-0.355450613041	0.987003699041512	-2.3739175	1.543362
toho1245	-0.83297413436	1.05434071220598	-3.05800425	1.1045855
tojo1241	0.98419391331	1.04942816802111	-0.831510425	3.29840575
toke1240	-0.653303162798	1.01590453112749	-2.71630725	1.197378
toll1241	0.560874303054	1.08393401049469	-1.4506155	2.871245
tomm1242	0.2252769595845	1.0076272912307	-1.7524435	2.189496
tond1249	0.581168077079	1.01236185636377	-1.3936755	2.6182305
tong1308	-0.133286781549	0.977352979433442	-2.07025125	1.7663245
tong1325	-0.64551551947	1.05313114717939	-2.7946275	1.32162025
toor1238	-0.3280715549125	1.01687805892867	-2.32700025	1.72129175
tosk1239	-0.4763102172767	1.0352385524687	-2.63478275	1.45332125
tote1238	-0.74745937391	1.03423402081421	-2.83804725	1.2358015
toto1302	0.7467264089285	0.995835912502651	-1.0699775	2.8501555
trin1274	0.294630667325	1.00971965786914	-1.58386125	2.354158
trio1238	0.1026065463455	1.0422016074561	-1.8934155	2.244229
trum1247	-0.492888117684	0.937630334411625	-2.38871075	1.2574395
tsat1238	0.3878743601587	1.07005440838458	-1.664544	2.544305
tsha1245	-0.673322706742	1.01529957487649	-2.80245875	1.2751665
tsis1238	0.3938656023112	1.06348419959017	-1.62683925	2.555511
tsix1234	-0.6122272952361	1.09128185609608	-2.899447	1.3981315
tson1249	0.40760006311	1.095812030392	-1.68068575	2.6849025
tswa1253	0.6064238553435	1.08299867345202	-1.278848	2.82292425
tswa1255	0.4233956225175	1.08301899836804	-1.60543025	2.68745475
tuca1252	0.255339218515	0.845330521230596	-1.358306	1.993081
tuge1241	-0.7424448984505	0.994844906444332	-2.813854	1.0738605
tugu1245	0.6361321053735	1.01924380022478	-1.31271375	2.657119
tuka1248	-0.703816061275	1.09081769585655	-2.95959475	1.27880175
tuki1240	-1.0152817254975	0.946957345914196	-2.9492935	0.7120505
tulu1258	-0.617542310663	1.1071535307185	-3.06128325	1.4499025
tune1261	-0.5213588818608	0.868406613472073	-2.28952175	1.18624775
tung1290	1.025356157195	1.0469250348607	-0.85139465	3.18083975
turk1303	0.40591470903	1.06032212515704	-1.62324975	2.59054575
turk1304	0.343510553662	1.05830950648845	-1.63530475	2.57770975
tusc1257	-0.674413625019	1.07429721140191	-3.01548725	1.365011
tutu1241	1.67786152156	0.88490017934537	0.118639975	3.51097725
tuva1244	-0.662461612394	1.08058326652122	-2.987725	1.36979125
tuwa1243	0.9815649977895	0.77595168741821	-0.45120695	2.60420475
tuwu1238	0.03385923765	1.03211351382542	-1.96190825	2.15181275
udih1248	-0.3492747925375	1.07724285607679	-2.57529	1.68299825
ukra1253	-0.414307001961	1.06618369967427	-2.62390725	1.56585525
ulch1241	-0.169926099024	1.02826899273517	-2.2060225	1.76965375
ulit1238	0.450156583458	1.04144262683448	-1.46559975	2.59659925
ulwa1239	0.56164523074	1.12307478127944	-1.49917575	2.97803549999999
umaa1242	0.019068231467	0.981094250644236	-1.92222425	1.878524
umbu1258	-0.587466741826	0.927539200144128	-2.44395275	1.17446675
umes1235	-0.67074419919	1.07210245021628	-3.0594715	1.37855425
unua1237	1.6735340227	0.822702689088061	0.154166925	3.34041275
uppe1275	0.766664047159	0.97615281991267	-1.0286485	2.78064975
uppe1427	0.4738767075065	1.03480817343812	-1.62447725	2.6307995
urak1238	0.07444499096485	1.04638092956333	-1.89470275	2.16906625
urar1246	0.358944631109	1.09261183991707	-1.757286	2.57320025
urav1235	1.20377276489	0.987848647225668	-0.5292938	3.368589
urim1252	-0.415983981885	0.837681942367768	-2.094494	1.19509275
urip1239	1.583643078955	0.83361738615733	0.05878529	3.2888425
utes1238	-0.808449712432	1.09010430712817	-2.9913475	1.25050475
uuuu1243	0.947669524005	0.977190439879327	-0.828557925	2.97317825
vano1237	0.659355287355	0.951493511249645	-1.09169025	2.630116
veps1250	-0.391405448785	1.02534816662657	-2.417558	1.557965
vera1241	1.34175673866	0.98814483429391	-0.470665975	3.35901225
viem1243	-0.186387218553	0.979099433589302	-2.102277	1.80284825
vinm1237	1.6161867725532	0.833308289462591	0.0917328425	3.3910645
voti1245	0.8802710858025	1.05993492747149	-1.070154	3.04880899999999
vunj1238	0.1411247375648	0.9725468767438	-1.73820025	2.107738
vure1239	1.3468387210225	0.990116842834806	-0.491907675	3.3926605
vwan1235	-0.2370117585365	0.982376645527838	-2.1044765	1.6657325
waga1260	0.2953866859315	1.01153096702569	-1.62891575	2.43836475
wage1238	-0.751276049585	1.0437459258958	-3.00888775	1.19558925
waig1244	0.5319665385035	1.0451820819429	-1.36296	2.691771
waim1251	0.130063892266	0.833096121210626	-1.50889825	1.762003
waiw1244	-0.5015567027365	1.05013364174163	-2.6956835	1.52635625
waja1257	0.52810244455	1.05410035270325	-1.5405125	2.76532675
waka1274	0.545750456935	1.11770364087338	-1.5533855	2.89933399999999
wala1266	-0.057020570555	0.813482751025434	-1.6273555	1.54570425
wall1257	-0.7563325207545	1.02870843685789	-2.8076615	1.31721975
wamb1257	-0.70585203135	0.805792773491955	-2.33305525	0.8334392
wand1267	0.7893432703305	1.00778472548026	-1.0235825	2.9840265
wand1278	-0.5383634044165	0.902572062932609	-2.31253575	1.21689025
wang1291	-0.54652086399	1.08289180243441	-2.84665	1.48934725
waor1240	0.02649108784	1.05641986138011	-1.95502275	2.127307
wara1294	-1.41905577917	0.998583616600994	-3.54838575	0.425714274999998
wara1303	0.36003257028	1.10955806659552	-1.8304325	2.68683925
ware1253	0.7445284252425	1.0399965885588	-1.1857515	2.84724225
ware1255	0.2165768028015	1.00400068115139	-1.735541	2.2333905
wari1268	0.50510773237015	1.11557584124275	-1.694284	2.74730875
warj1242	-0.33835950718	0.909946679083058	-2.1149755	1.472661
waro1242	0.7486214661345	1.02039648695502	-1.1442085	2.85712025
warr1255	-0.4244961629635	1.02931201475511	-2.5158145	1.52745525
waru1265	-0.483724752857	1.08891427943588	-2.68079825	1.564789
wawa1246	0.4159598324925	0.998971170990833	-1.447676	2.3962695
waya1269	-0.5258991145815	1.02973996443635	-2.60005075	1.457999
wayu1241	-0.327596566634	0.812009604132896	-1.9010885	1.22810775
wayu1243	-0.4075949971495	1.06294501864605	-2.574392	1.61926175
wels1247	-0.4232128580325	1.03898772193881	-2.51767375	1.52144875
west2354	0.6945177226425	1.08660674091833	-1.38389175	3.04482375
west2369	0.567325048905	1.03965777267018	-1.434464	2.698232
west2396	1.1221692015045	1.00705828437058	-0.723665725	3.31789575
west2397	-0.2420165242995	0.954586540292154	-2.1448855	1.62499675
west2415	0.438770075165	0.838173985432113	-1.16502375	2.11647775
west2418	-0.3237255226365	0.864753274547064	-1.998483	1.33018575
west2430	0.87543420018	1.01602183660117	-1.05439175	2.970195
west2466	-0.366867995944	0.897308412698649	-2.0497985	1.452127
west2516	0.4438531765435	0.964776621262107	-1.447865	2.458794
west2519	-1.02576834624	1.01141118936676	-3.15015725	0.790420574999998
west2548	-0.351768837832	1.04277828788333	-2.57326925	1.71771675
west2560	0.0957477380615	0.964370724436211	-1.7552755	2.16313175
west2594	0.1759098320549	1.05427279259003	-1.8470465	2.32013725
west2600	0.19662957192	0.997136090897441	-1.7674575	2.17799275
west2632	-0.696540609625	1.11185835199886	-2.9976215	1.401997
west2635	1.14428898912	1.09473568642802	-0.775068525	3.485969
west2650	0.289684817059	0.964747703333414	-1.5480475	2.258425
west2763	-0.626621644355	1.03336546583528	-2.78305125	1.21094175
west2778	0.5831249416565	1.09652653046627	-1.48753625	2.844619
whit1269	1.3336013313845	0.937824276981556	-0.410806225	3.43896575
wikm1247	0.10962234683	0.928225331872173	-1.70390675	1.963881
wiru1244	-0.6013283037915	0.911498903371718	-2.45956475	1.17000625
woii1237	0.75831566604575	1.09614067817232	-1.316166	3.10399275
wola1242	0.20101649898545	0.962468702559404	-1.6526395	2.1673865
wola1253	0.51577564382	0.995499476443702	-1.42016375	2.542837
wole1240	0.404234298425	1.04874325238996	-1.56467075	2.709537
wood1236	-0.287420684691185	1.08895863400819	-2.471564	1.75987925
wotu1240	-0.609889495074	1.03572324104962	-2.86528125	1.28635575
wuch1236	-0.507261483035	1.07126878992642	-2.622751	1.487676
wudi1238	0.63645361991155	0.960964128263269	-1.133151	2.59737875
wuna1249	-0.5993301743215	1.06014746748023	-2.739964	1.42413475
wusa1235	0.7079875594935	0.954082774667732	-1.0295155	2.71745225
wutu1241	-0.921933857259	1.0723076452571	-3.24673075	1.05521175
wuvu1239	-0.48489510204	1.0064973742189	-2.5243065	1.4267985
xamt1239	0.5506022238985	1.05365361476937	-1.32029875	2.81394375
xara1244	0.19809917618	0.917762424407971	-1.5210015	1.9850685
xava1240	0.2526968729415	1.17938168513106	-1.90782875	2.84533925
xhos1239	-0.7359523170495	1.07258638980869	-2.9620235	1.3828665
xish1235	-0.44503731982	0.915519127584456	-2.3611915	1.360053
xokl1240	0.349267079	1.12419656181851	-1.80932975	2.64134225
yaak1241	-0.673884852897	0.988224065825076	-2.789725	1.13654075
yaey1239	0.29577709473	1.05954446165814	-1.634586	2.35807025
yagu1244	0.3413734377835	1.05130537735055	-1.6495005	2.64910475
yaka1269	0.027855589835	1.05584852368809	-2.011085	2.15126175
yaka1272	0.56125469339	1.11884177312056	-1.56083775	2.89547875
yaka1277	-0.0842164181185	1.00142599894711	-2.0761135	1.873346
yaki1237	-0.49252536642	1.09681444287103	-2.6853535	1.585394
yakk1236	0.1187042891705	0.833798412596743	-1.40769275	1.83550725
yako1252	0.5827750154845	1.07861026224136	-1.51642575	2.841795
yaku1245	0.37726192607	1.0813513919594	-1.66468	2.6054785
yale1246	0.3975442553815	0.892217449830445	-1.32775475	2.130866
yama1264	0.369648599206	1.0664538328462	-1.67494125	2.64655775
yami1254	-0.73010317403	0.985220338115782	-2.790329	1.0825745
yami1256	-0.00056478144	1.03473311926775	-2.10346125	2.04938225
yand1253	-0.438754204154	1.0685655583349	-2.63721475	1.51863625
yane1238	-1.14212975484	1.00268101594983	-3.2770215	0.642508324999998
yank1247	0.54229651814	1.04265895491554	-1.415902	2.8160975
yano1261	0.5733058093075	1.09341951213239	-1.48921625	2.73633699999999
yano1262	0.72303435396	1.10026761738899	-1.2650305	3.02985175
yaoo1241	0.1401632657985	1.02001427895583	-1.93391775	2.2523
yape1248	0.47693637678	1.01380533078096	-1.45469225	2.6126355
yapu1240	-0.2366320009741	0.820772437384792	-1.904997	1.32858775
yaqu1251	0.21675709063	1.15613580873069	-2.0217105	2.5279015
yare1248	0.385478514712	0.886557668085736	-1.226507	2.28209499999999
yatz1235	-1.3385128818855	0.92974885384293	-3.27909275	0.4371327
yaul1241	0.2620824530005	0.825911062316298	-1.31993325	1.897982
yaum1237	0.894504488135	0.819982710428042	-0.62690165	2.6982845
yawu1244	-0.122331882591	1.02024283128065	-2.1624635	1.7961245
yele1255	-0.608375828063	1.05813418082738	-2.77344225	1.32804575
yems1235	0.6317981397515	0.953482270194957	-1.17646125	2.58018925
yidi1250	-0.207377420126	0.958449430316409	-2.0801555	1.59404775
yind1247	-0.352293869741	1.00864820904557	-2.45381575	1.5750365
yoga1237	0.769079995097	0.865989748450035	-0.860684425	2.48335075
yona1241	-0.126612583133	0.982605733098477	-2.07334725	1.81955775
yong1270	1.335879754918	1.04290434881196	-0.471030675	3.51909675
yong1280	0.7659355618065	1.10213972956982	-1.24186825	3.08856575
yora1241	-0.080002927505	1.03273166621947	-2.1536585	1.89301675
youl1235	0.805554100121	0.89810404827558	-0.84853045	2.66091975
youn1235	-0.46024787141	1.03084757133766	-2.60805125	1.4747395
yuca1254	0.3478597471395	1.07988052457399	-1.68803975	2.68300125
yucu1253	0.852851290084	0.991247177354518	-1.022787	2.99368125
yuec1235	-0.387477160582	1.00689751847491	-2.481839	1.545403
yukp1241	0.49387289053	1.06169156769053	-1.488921	2.7184815
yulu1243	0.389508902872	1.11174737372113	-1.70112625	2.73575674999999
yuqu1240	0.014540286131	0.943362914588442	-1.79996	1.97607974999999
yura1255	-0.060444863745	0.913830036336948	-1.828335	1.84518725
zaba1237	0.016705137512	0.937285350700901	-1.76982775	1.859222
zaca1241	0.7510371216345	0.989863171503759	-1.08346525	2.865653
zagh1240	0.257798065986	1.11700812234994	-2.0084305	2.555299
zani1235	-0.4654942556875	0.918107874794278	-2.26764975	1.23971575
zarm1239	-0.692693215573	1.03917480104418	-2.74324975	1.2284495
zaye1235	1.378727524895	1.03591992510814	-0.4843825	3.5746035
zays1235	-0.09689081916635	0.893182712603353	-1.8864035	1.68141925
zoog1238	-1.37359301734	0.925259564713093	-3.40568275	0.3345354
zulg1242	-0.154931787253	0.888048451636337	-1.84564525	1.6895515
