Estimate	Est.Error	Q2.5	Q97.5
abad1241	4.8404248526	2.47742964621787	0.534177075	10.14298
abar1238	-0.915474352405	2.47807590163102	-6.15837	3.75667475
abkh1244	-1.6674283918685	2.46645103259865	-6.797479	3.15284925
abua1245	0.554971315305	2.11431960082707	-3.73767475	4.84784925
abun1252	-3.21456607726	2.4123787413442	-8.22871375	1.21442549999999
acha1249	0.0913839863555	2.32577924625168	-4.50397225	4.54866975
acha1250	-0.053682202205	2.35969398635541	-4.84820675	4.679367
ache1245	-1.595930146096	2.10748592434017	-5.83335525	2.31468175
achi1256	-1.14601856906055	2.42727467714674	-6.02176875	3.493439
achi1257	-0.03855681684	2.50869851924224	-5.1426555	4.8339105
achu1247	-0.6218887545115	2.29639104033714	-5.4095035	3.820216
achu1248	-0.139234935095	2.36442509436214	-4.6507935	4.60665075
adan1251	0.38275097992	2.40635068295471	-4.45621275	5.482181
adon1237	-0.10238722089	2.38880224322197	-4.9128515	4.48966949999999
adze1240	1.38318397575	1.90187136177665	-2.093889	5.26043325
aeky1238	2.896322384324	2.39104935262447	-1.40170725	8.02867624999999
afar1241	1.141140821865	2.34204479308697	-3.04493675	6.09095874999999
aghe1239	-0.895081555905	2.48918032890078	-6.06396	3.93938975
aghu1255	1.699952253634	2.50468565151007	-2.94681075	7.15859524999999
agob1244	2.0153843972305	2.49300149147431	-2.530638	7.34852475
agua1253	0.5679200932765	2.68141191355414	-4.31119825	6.35242974999999
agut1237	-0.03453508203	2.54067328899162	-5.09972575	5.0868835
aheu1239	-0.5279602486645	2.55323950904723	-5.65423725	4.28120475
ahin1234	-0.363920835304	2.53044265125683	-5.46136175	4.50776074999999
aika1237	1.946987521935	2.19170441502476	-2.07374875	6.48236875
aime1238	3.02297266396	2.54735539618054	-1.51019275	8.62762675
ainu1240	0.61345310168	2.67399988046251	-4.5888415	6.13511
ajab1235	-0.37243880305	2.4805866625076	-5.3910745	4.47393099999999
ajas1235	-0.553600348712	2.68752870069605	-6.26642125	4.52740925
ajie1238	-0.42917368393	2.45466773887003	-5.5423945	4.35348525
akei1237	-0.757239139633	2.37283587831627	-6.0428235	3.68432075
akha1245	-0.202612805549	2.0936778915753	-4.45680325	3.83723025
akoo1248	-0.4304200115735	2.54188598961059	-5.47534575	4.84121625
akun1241	1.832188799184	2.32639135292915	-2.71125675	6.6284745
alab1237	0.692687885957	2.36812037526299	-3.6423505	5.49725125
alab1254	2.61088754465	2.18327315780145	-1.32695925	7.31783874999999
alac1244	-1.887369098215	2.40467633146264	-7.20348025	2.42386525
alag1248	0.574948487538	1.90919040471565	-3.0964635	4.363854
alba1269	-0.2740154708945	2.40569246482048	-4.95553625	4.4736075
aleu1260	0.972349765354	2.49006762544905	-3.833179	6.305286
alor1247	0.349670364182	2.41523445111198	-4.4397605	5.34878775
aluk1238	-2.5489548294815	2.2931834608931	-7.2548735	1.60739025
alya1239	-1.8434014142805	2.32772212356868	-6.73635475	2.20869475
amah1246	1.50987852760155	2.30815051187336	-2.7795325	6.3854085
amam1246	3.15737691496	2.27593744967544	-0.7094165	8.16382725
amar1272	-1.526781881017	2.22309495137529	-6.0962995	2.58143025
amas1236	-1.64672862098	2.36631770503637	-6.619804	2.6735195
amdo1237	-2.5961743762815	2.29885126570096	-7.4434915	1.62173425
amha1245	1.783068663554	2.4257085146549	-2.56643825	6.924502
amri1238	-1.09616763562	1.99580719112813	-5.08605675	2.67678525
anei1239	-0.2591100384	2.51188807839884	-5.410526	4.82177325
anga1288	2.4233727181665	2.18335884580235	-1.58247025	7.11317325
anga1290	1.93257355605	2.02207343121716	-2.02887075	6.1137815
ango1257	0.869170614235	2.32635010716851	-3.49191675	5.75508774999999
anta1255	-0.12317848233	2.56773262171221	-5.36300575	4.87734524999999
anuu1241	-1.64390132319	1.97737260761134	-5.663138	2.0885985
aona1235	1.5380458442	2.05054433216871	-2.40856275	5.7158565
aoua1234	-0.740820056671	2.46232040350124	-5.77539725	3.91316499999999
apat1240	1.860765699475	2.26132281861585	-2.44207625	6.6762015
apin1244	0.9250604601105	2.34416769075384	-3.44569175	5.75988125
apma1240	-0.6670703256835	2.28785319370816	-5.266396	3.85919875
apur1254	2.662510610385	2.25414669592045	-1.33123775	7.65497925
arak1252	-0.8236846173835	2.31029871188136	-5.64046475	3.53672275
arao1248	-0.0855316823205	2.21471274483864	-4.37165425	4.33086574999999
arap1274	-0.22893436699	2.45751698266792	-5.33422825	4.671794
araw1273	1.093677511335	2.32516313830994	-3.2392665	6.07952875
araw1276	1.348531600665	2.12610108773151	-2.814396	5.67993824999999
arbo1245	0.048603702275	1.80512783572946	-3.54328375	3.609665
arch1244	1.04653325398	2.33436137273648	-3.349782	5.82802549999999
area1240	0.003656217426	2.3511462043963	-4.83862025	4.37929475
aree1239	4.48846305319	2.33821538934412	0.27052	9.368066
argo1244	1.6917525142745	2.33276453309052	-2.56122675	6.7007305
arhu1242	-0.9527528649645	2.309695821673	-5.6433225	3.49467075
arig1246	-0.233914206485	2.66482693095529	-5.55279575	5.06419425
arop1242	0.49353392141	2.05719524394746	-3.560092	4.710334
arop1243	-0.224794679572	2.110744933293	-4.530431	3.78973675
aros1241	1.279843612025	2.42354031740454	-3.448397	6.1013215
arta1239	-0.42354561806	2.52244343269362	-5.4220855	4.544917
ashe1272	-0.446406454578	2.27182162488391	-5.2316345	3.835327
assi1247	0.74812060436	2.35977996904209	-3.8208265	5.62157825
atam1240	-0.2890689045311	2.47712834710736	-5.37985475	4.62820575
atay1247	0.219090555063	2.3310333877736	-4.31105725	4.9156845
athp1241	2.246969760475	2.29734587082385	-2.04124025	7.14090724999999
aton1241	0.021946273055	2.1250468243528	-4.00491125	4.26696175
aulu1238	-0.517293641854	2.16200504042237	-4.90015825	3.73500625
auye1238	0.700814082815	2.42247104992353	-3.7072355	5.85201499999999
avat1244	-0.4156940587535	2.5204313913392	-5.68769525	4.32682425
awac1239	1.4924211632565	2.36590081433907	-3.00928325	6.42822175
awad1244	2.5555701499965	1.98937384216998	-1.04361075	6.7201145
awar1249	4.505659374675	2.34348600756598	0.32505935	9.39176224999999
awji1241	-0.220999363556	2.60856016700254	-5.655196	4.80778025
awtu1239	1.62023322566	2.10049785277405	-2.27188525	5.936489
axam1237	-0.357536370918	2.15059359056211	-4.7445915	3.80779375
axiy1235	-0.7245026533325	2.28866020490422	-5.26212475	3.920832
ayac1239	0.03794566673	2.41229793440452	-4.41689075	4.859657
ayiw1239	-0.14667440456	2.4252051465766	-5.116595	4.52289299999999
azha1235	-0.36894238759	2.32315376419216	-5.0919635	4.25873075
baba1266	-0.78290945202	2.5169820326286	-5.9960395	4.184588
baba1268	-0.3833170156235	2.38205424617096	-5.41630425	4.16525775
babi1235	0.021941319005	2.39337017266201	-4.57688425	4.87170374999999
bafa1247	-0.330590303033	2.52709035759	-5.40261625	4.72214325
bafi1243	-0.4939161997025	2.5227010222811	-5.6270745	4.35634049999999
bafu1246	-0.81689755121095	2.49791157555667	-5.96283075	4.17320475
baga1272	-0.2441639530745	2.61366139680617	-5.42305375	4.94435175
bagi1246	-1.0751695366085	2.47715752365976	-6.192625	3.62152224999999
bagv1239	1.68800182288	2.32416804966856	-2.75100575	6.56142574999999
baha1259	-0.762059506915	2.3149040440318	-5.5918355	3.73980525
bahi1252	1.94851519967	2.13982368347421	-1.803654	6.67416199999999
baim1244	0.9005587349065	2.25202288456908	-3.2770065	5.70221075
baka1272	-0.2818218834	2.55640393817798	-5.27756	4.62485825
baka1274	-0.556668962095	2.509538417364	-5.721085	4.465254
baki1244	0.16474844403365	2.07285475930813	-4.026205	4.134995
bala1311	-0.141870539345	2.54255651783232	-5.30593725	4.8709415
bala1315	-0.2094414992685	2.58519184887023	-5.53882025	4.88856574999999
bala1316	-0.35934264228	2.57379200924886	-5.61240825	4.58255875
bali1278	-0.15399242471415	2.58733680106055	-5.45728175	4.88381899999999
balu1257	-0.170494376734	2.41379224930708	-4.97522925	4.44958975
bamb1262	0.0625060512	2.36530932810256	-4.58399175	4.81923
bamb1266	-0.82072781814	2.50243205957069	-5.83823575	4.2378075
bamb1269	0.86359181548	2.61135360413433	-3.90149925	6.4185285
bamb1270	-0.11366911899	2.54179890301783	-5.26929	4.87257875
bamu1253	-0.6291773926065	2.49306002660356	-5.7872445	4.22815725
band1344	-0.278376548795	2.46820567588665	-5.30524775	4.4113265
bang1354	0.00117731334	2.52333189462476	-4.95979475	5.059082
bang1363	1.42945963697	2.38679681298278	-3.18612525	6.38456025
bang1369	1.78712830365	2.28622260881707	-2.51962125	6.6659265
bara1357	0.0988726417985	1.92394624333673	-3.52407325	4.00152175
bara1370	-0.219683160934	2.64727372943125	-5.3263915	4.71037925
bare1276	-1.168264562467	2.45181586861944	-6.40556475	3.37246325
bare1279	-1.08177524742	2.61581989838839	-6.4379635	3.70681075
barg1252	4.568359440839	2.14799316947236	0.72087875	9.0752855
bari1286	-1.53069981231	2.225471333188	-6.20420525	2.560574
basa1282	-0.2922766779985	2.56030937249588	-5.2503605	4.77035149999999
bash1264	0.394924341995	2.54339985438579	-4.4447105	5.743138
basq1248	0.540436868005	2.54495184216473	-4.3079415	5.81419825
bata1289	-0.137347576545	2.65798177317523	-5.82001825	5.15103325
bats1242	1.2395574566045	2.34055926374974	-3.2342835	6.2094965
baur1253	-0.84575678647	2.39052901182705	-5.91514	3.656247
bawm1236	-0.40539156960455	2.08598733852842	-4.5108345	3.77662575
bayb1234	-0.154701950415	2.81711513509468	-5.6611055	5.6334125
bayo1255	0.123356824155	2.59390922846366	-4.69216075	5.1849435
bebe1248	-0.3318947105555	2.61843675087903	-5.4877885	4.9472875
beka1241	-0.1457083060135	2.51699516849243	-5.0973315	4.78815149999998
bekw1241	-0.58585831694	2.48240821858544	-5.67616125	4.117217
bekw1242	-0.2374404823375	2.62160342131806	-5.445612	4.980249
bela1254	-0.357229777007	2.49928488546068	-5.625426	4.49307875
belh1239	2.2415113091615	2.30281072011528	-2.04761525	7.22160474999999
beli1257	-0.472184050309	2.59169569178801	-6.10114	4.4761435
bell1243	-1.0431944015465	2.37845333248933	-6.03828075	3.32212425
bemb1257	-0.065147809182	2.60708133810159	-5.24432	4.878735
bena1262	-0.068366422515	2.58725578237321	-5.03231925	5.1702275
bent1238	2.4178123268215	2.41115649901969	-2.04508825	7.507648
bezh1248	1.562921952755	2.31504711081019	-2.5935415	6.3636195
bhoj1244	1.28101896125	2.31754988543262	-3.154351	6.15795575
biaf1240	-0.061524241777	2.59509033018943	-5.10225475	5.10720225
bian1252	1.615215527385	1.99475447506771	-2.042224	5.76750075
biao1253	-1.75296841636	2.36382831840658	-6.848598	2.54919375
biao1254	-1.104159282771	2.46676304447535	-6.042461	3.40983725
biao1256	-1.3003980310865	2.46303982478613	-6.4936275	3.26053275
biat1246	-0.2437388289145	2.54163702132994	-5.3402955	4.686525
bidy1244	-0.0770496518945	2.55848119200299	-5.066907	5.09236775
bier1244	0.080511496215	2.06101331805071	-4.0713245	4.00530025
bign1238	-0.7562618751605	2.22936041417585	-5.39080025	3.461738
biha1246	-1.15327293314	2.41055525588695	-6.22839525	3.34603375
bilb1241	4.34939831845	2.00990889552914	0.843794975	8.49394625
bili1260	-1.434244758322	2.15970676145767	-5.8926095	2.6802925
bimi1240	3.231016038495	2.44601609575928	-1.11737925	8.63928775
bina1277	3.460121424545	2.41792816142126	-0.8362246	8.6386655
bini1246	-0.1130640029875	2.58468542085728	-5.17458	4.96307774999999
bira1253	1.2001838533445	1.86569785317917	-2.5391485	5.082754
bisu1244	-0.44226473496	2.21950135450702	-4.86091475	4.025954
bitt1240	-0.4495790199525	2.26934064726709	-5.2811595	3.87330725
blab1237	-0.3385480531965	2.37879791345014	-5.10611225	4.27028525
blan1242	-0.419660094473	2.23074613996816	-4.98566225	3.86492049999999
bodo1267	2.8198856309985	2.20530509590493	-0.976892475	7.69006325
bodo1269	-0.270234050965	2.0650853936138	-4.443026	3.62174
boka1249	1.5258059763395	2.47615981634409	-2.89411875	6.86750425
bola1250	-1.49317453801	2.32114119429018	-6.24581375	3.01956925
boly1239	-0.634504063905	2.38124901558059	-5.5499885	3.8142545
bomk1234	-0.131709450029	2.61789012580042	-5.2624115	5.2648305
bona1250	0.922468671081	2.26444141088094	-3.15096375	5.75623125
bond1245	3.272505356465	2.29027161715744	-0.578683275	8.47038725
bong1285	-0.5043783398445	2.45612679484091	-5.86468975	4.1191365
bong1289	-0.12140798785	2.43452380944494	-4.7946405	4.4352155
bora1263	-1.554819059695	2.25855918453926	-6.2766525	2.675458
bord1248	0.8184526198095	2.47358097492992	-3.7531675	5.883057
bori1243	1.657960627185	2.3995203480276	-2.9495105	6.61266425
boro1277	-0.217062683568	2.26768701591282	-4.4149905	4.267224
boro1282	0.933450745215	2.43155199982402	-3.832171	5.78459625
boto1242	-0.28412414335	2.59736356590373	-5.332003	5.09879475
boun1243	0.1007749091035	2.60823247324279	-5.36107225	5.300868
brah1256	0.4575445236175	2.40855096246776	-4.37245775	5.54257674999999
bret1244	-0.298917558154	2.53118853532639	-5.472158	4.503008
brib1243	1.19699056102	2.3846315703607	-3.1597705	6.0266885
bube1242	-0.094145518737	2.5030779417479	-5.0408675	4.88891275
budu1265	-0.562088379175	2.48130001610331	-5.70013525	4.23184025
budz1238	-0.17759979739	2.60604342779051	-5.32934575	5.0396645
buga1247	-0.841238751545	2.37509119075331	-5.80658625	3.4731365
buga1250	-0.7455180299275	2.10981878575743	-4.95998375	3.4284945
bugl1243	0.80918489260412	2.37612252866701	-3.63722875	5.55698124999999
bugu1246	1.701448402745	2.13964150810768	-2.221278	5.91218975
buhu1237	3.30552578498	2.29667374602962	-0.9988573	8.1899355
bujh1238	0.49508748543	1.95658190250754	-3.24634225	4.26408275
bull1247	-0.278288541265	2.61753952080077	-5.70345975	4.73138525
bulo1242	-1.107904251617	2.46400156259264	-6.42761025	3.48342425
bulu1251	-0.206333062894	2.53830052854312	-5.262601	4.75147424999999
bumt1240	1.24205897117	2.24389695573551	-2.956326	5.98703275
buna1276	3.354582078355	2.38353407950705	-0.84351915	8.22276524999999
bund1253	0.97450966459	2.36810625905471	-3.4938545	5.94552825
bure1242	1.06620056532	2.29160265113313	-3.54556375	5.60410824999999
burj1242	1.0413461493455	2.22794141547528	-3.012425	5.64694175
buru1296	0.256541452345	2.45782311981812	-4.60499525	5.10076675
buru1320	-0.4758554458655	1.86191996637769	-4.1653885	3.08642775
busa1253	0.194248936519	2.52754899959816	-4.6402735	5.41748625
bush1247	0.00986160098500001	2.57901904842233	-5.24988025	5.04605125
buwa1243	-1.2964218649995	2.36894223570088	-6.1571635	3.160287
bwat1240	-0.38710993865	2.50131489805374	-5.596835	4.41104575
byan1241	1.358342631415	2.39406383168603	-3.10669225	6.24337799999999
caac1237	-0.35921339788575	2.56573102082769	-5.52424	4.46162225
cabe1245	1.160678683709	2.35496708177746	-3.21825325	6.12244425
cacu1241	1.802503691495	2.05066069615256	-2.1629235	5.93592225
cahu1264	0.67238831305	2.36730616157251	-3.78426725	5.61528925
cakf1236	-0.653229110437	2.50036097313683	-6.00745425	3.91987075
cald1236	1.4171213935385	2.57164291853586	-3.3854145	7.12528549999999
caml1239	2.09659054303	2.23848198412859	-2.13044575	6.739264
camp1261	-0.24887251455	2.54113768348085	-5.45648675	4.36152924999999
cams1241	-0.1040438385405	2.17965588270453	-4.48350975	4.03888425
cane1242	0.8615190220075	2.37950028013733	-3.70592625	5.647423
caom1238	-0.939793517575	2.5518897920406	-6.280491	3.924021
capa1241	0.2739621211	2.16986637542743	-3.879775	4.74130025
carn1240	-0.122979899134	2.51022884984601	-5.1307	4.9124625
cash1251	0.76003466791	2.20906574983763	-3.4561255	5.309433
cavi1250	-2.827603451775	2.33540117967544	-7.9112625	1.47374275
cemu1238	-0.37982426805	2.50635892029304	-5.349404	4.37790375
cent1989	-0.60640721003	2.57714121657742	-5.93401775	4.58924275
cent1990	-0.1315176302567	2.63682365602559	-5.710434	4.993533
cent1992	-1.223428952375	2.42178525614707	-6.11751825	3.29342574999999
cent2004	-1.790203296638	2.05068430475102	-6.02907125	2.07066825
cent2050	-0.29860531568	2.46965639395799	-5.28907475	4.47869875
cent2084	-0.196690253637	2.41782859002186	-4.95012525	4.47355824999999
cent2087	-0.272074511257	2.4541367997821	-5.28422975	4.5151315
cent2126	0.401943199945	2.56937095996555	-4.74585575	5.528702
cent2127	-1.612738652285	2.50596580806976	-6.75192025	2.990111
cent2131	1.48952966863	2.14516302991282	-2.49874775	6.021838
cent2140	-0.283904919572	2.37627475695574	-4.92398925	4.253887
cent2142	-1.39219840482	2.22412889273331	-6.08924275	2.942846
cent2150	0.7694246576805	2.50189118787871	-3.89287975	5.972545
cent2292	-0.3336623544385	2.41374768400016	-5.39643625	4.42457875
cent2314	-0.45687353799	2.59836802999012	-5.80497775	4.48419949999999
cent2322	1.3367202508515	2.17982602418848	-2.706	5.91481075
chac1249	1.8353295656335	2.40924000613197	-2.49537475	6.75861699999999
chac1251	-2.261695241115	2.06101100389821	-6.56358575	1.524891
chad1249	-0.654218072675	2.3759954012587	-5.534198	4.054424
chak1270	-1.125679964755	1.99571887326504	-5.06504125	2.854467
chak1271	0.0165922349565	2.60051192474017	-5.2249775	5.00315624999999
cham1309	1.70971348312	2.31363239233503	-2.53218475	6.73742949999999
cham1312	-0.08584374286	2.64436024636707	-5.30156075	5.075715
cham1315	-1.492916530815	2.41378085537392	-6.45356175	3.0763835
chan1313	0.30371460374325	2.01603906676184	-3.6903715	4.28235299999999
chas1234	-0.51787428307	2.13107742045285	-4.86111025	3.59286674999999
chec1245	1.309162048125	2.41431852984745	-3.15622625	6.282735
chek1238	-0.2920289741	2.37988939124996	-5.2018265	4.23574825
chen1255	0.606857548275	2.46910733860325	-4.2529565	5.84679199999999
chep1245	0.247845891456	1.85501871638226	-3.319823	3.940039
cher1273	-0.5933064487	2.44857678277842	-5.42839025	3.9654785
chey1247	0.077903090995	2.27445411469271	-4.60224375	4.566149
chhi1245	2.240982641615	2.31857249957905	-2.154632	7.07843899999998
chic1270	1.107007927905	2.39759579457834	-3.635074	5.80028999999999
chil1280	-0.1431951774645	2.33349361330008	-4.75386425	4.73844075
chim1302	0.994057261845	2.48089723887046	-3.6456545	6.1983395
chim1309	-2.3875975554865	2.32767947994902	-7.3381565	1.886104
chin1286	-1.4642446857685	2.49509322378939	-6.77894875	3.030786
chip1241	-0.2937801530865	2.55439110743179	-5.50118075	4.64618725
chip1261	0.220780165735	2.44178389341793	-4.48662125	5.22505799999999
chir1283	2.14060617097	2.11206739159296	-1.735085	6.5987865
choc1275	1.268345846105	2.14306580938016	-2.78746575	5.539587
choc1276	1.040960045975	2.35793908857084	-3.246054	5.95734899999999
chon1284	-0.48555727201	2.54341888386428	-5.96756575	4.27968025
chot1239	1.12565525115	2.07662706799869	-2.82818425	5.42661925
chra1242	-0.93204597341	2.45121018384213	-6.224941	3.6564185
chug1252	1.7131145541425	2.10537661225452	-2.24843675	5.99752624999999
chuj1250	-1.286798977107	2.49358886380613	-6.591147	3.43523874999999
chuk1273	0.366370640855	2.63328828894592	-4.81190125	5.6799835
chuv1255	0.858225685015	2.39605382597339	-3.6858465	5.87505425
chuw1238	-0.021062032515	2.73509831112749	-5.66933275	5.32885725
cici1237	-0.05442683839	2.62189822502376	-5.3168305	5.21706675
coat1243	-2.320450206155	2.46599525669182	-7.37680575	2.21213675
coca1259	-2.3857127313745	2.29329147258449	-7.154151	1.73556475
coeu1236	-1.48232656912	2.4541872938681	-6.859146	2.8898125
cofa1242	0.92060510268	2.21699055971469	-3.54780875	5.4548215
colo1256	1.740765604056	2.47997945752967	-2.83077775	7.07472424999999
colu1241	-1.23200577042	2.41990502165239	-6.62636925	3.39070925
coma1245	0.792737565285	2.41026091611664	-3.60899625	5.92371325
como1259	-1.119337621685	2.41111230227004	-6.19133425	3.42471224999999
copa1237	-2.26031953453	2.43789710327347	-7.540672	2.1738035
cors1241	-0.24059896828	2.54102129265945	-5.523061	4.75782325
cosa1234	-0.287775501151	2.24756169084722	-4.7740055	4.12118575
cree1270	0.999162950456	2.36222631848897	-3.43954025	5.84448449999999
crim1257	0.364821734525055	2.44976263920584	-4.59460725	5.25057575
crow1244	0.4310698860202	2.2815869783381	-3.95149275	5.190323
cube1242	0.3939958777405	2.09192327122945	-3.7106825	4.47577749999999
culi1244	1.517512402265	2.33402353438787	-2.651358	6.3362995
cusc1236	0.58307228743	2.46035942334323	-3.98709625	5.73411325
czec1258	-0.318145059816	2.49562869633717	-5.29750975	4.461294
daai1236	-0.3806849061783	2.14407740517613	-4.7859045	3.7840185
daas1238	0.3543731677835	1.86978577595446	-3.18378525	4.22136525
dagb1246	-0.21024956446	2.64035104008697	-5.51030125	4.8902275
dagi1241	-2.109656443895	2.23425960397795	-6.88081025	1.95398025
daka1243	-0.53186186318	2.15587841944453	-5.0161795	3.61138025
damp1237	-0.19111961274	2.57386172031469	-5.289297	4.817773
dana1252	-2.3305602603415	2.39923998250356	-7.68923575	2.01616425
dand1238	1.346969915025	2.3722956774382	-3.2071915	6.21025725
dani1285	-0.367169517785	2.5172989648502	-5.42674725	4.45756825
dara1250	0.95023342461585	2.10908229526825	-3.12619275	5.1224045
darm1243	1.362862721165	2.36930137867665	-2.97685725	6.417254
daur1238	0.15784913446	2.56799134930876	-4.8864045	5.41720625
dawr1236	2.235918636928	2.32160870137078	-2.007196	7.21402775
daza1242	0.2833317147845	2.483195519234	-4.51105375	5.19729825
dege1246	-0.0159615396895	2.5044238099346	-5.026692	4.9214155
dehu1237	-0.380113276089	2.42550433880534	-5.46594125	4.36847049999999
dera1248	-0.696221532905	2.3020426588977	-5.33161475	3.68667475
dhao1237	-0.1726258954	2.473703376863	-5.30291475	4.78657375
dhar1247	-1.266419220213	2.32841699381765	-6.14116	3.051043
dhim1246	1.9088462905725	2.38379853311178	-2.31131925	6.9694025
dido1241	1.622180443027	2.28376369316421	-2.54847975	6.570477
dier1241	1.170825391009	2.33160217709158	-3.1952725	6.230961
diga1241	1.47447274346	2.2825045599464	-2.567203	6.65522825
digo1243	-0.02066299052	2.57182565240926	-5.268663	4.93524175
dima1251	1.692388372245	2.18099827009086	-2.302534	6.2316945
diri1252	-0.130732201255	2.67454128147216	-5.55866525	5.05643399999999
djam1255	-1.494463038935	2.32595678238577	-6.34523125	2.82940625
djee1236	-2.527280606385	2.39236169463014	-7.565505	1.87573175
djeo1235	-1.176691435875	2.26757932464629	-5.69721425	3.1942105
djin1251	-0.956750935285	2.4768661296047	-5.96309025	3.59232925
dobe1238	-0.04502069255	2.5534793858745	-5.186001	5.042278
dobu1241	3.98734656041	2.42062949745684	-0.110173475	9.33771749999999
domm1246	4.0364407998	2.5109808444396	-0.38431895	9.60482425
dong1285	1.3984647554775	2.26260009080331	-2.529187	6.31328425
doro1266	5.00188048645	2.41677169157476	0.7020182	10.44488
drun1238	0.6694954897685	2.37908370329414	-3.824113	5.32469424999999
dual1243	-0.250518743025	2.45679061517738	-5.3611565	4.58779475
dumb1241	-0.353587698545	2.57497453900088	-5.66326475	4.74610675
dumi1241	2.02918624016	2.27167931423419	-2.1937135	6.77289249999999
dupa1235	-0.2835392770505	2.45439758005216	-5.1379205	4.66243825
dusn1237	-0.91113239699	2.36207478664803	-5.61946875	3.34207475
dutc1256	-0.349090650127	2.40744634427995	-5.2033585	4.18148975
dyir1250	1.9160489181925	2.24843475321164	-2.0962875	6.6274515
dyul1238	3.600321825695	2.25917817176415	-0.320597225	8.320801
dzao1238	-1.227917299155	2.49968884517846	-6.52710825	3.45615624999999
dzon1239	1.3200178138623	2.32461585383678	-3.03811325	6.21548375
east2328	1.24458852838	2.21014948719274	-2.87227425	5.857891
east2332	-0.6847390030065	2.48618651034551	-6.0652305	4.18469325
east2333	-1.05631454067	2.41007808255902	-6.008715	3.21626625
east2342	-2.636206121545	2.36164840823023	-7.8792875	1.700414
east2443	-0.76891781125	2.33245373777902	-5.2476845	3.74523625
east2447	-0.06766662254	2.59063400503031	-5.240393	4.82580025
east2516	3.571132393098	2.47210568662355	-0.842915175	8.7985345
east2555	0.97804254198	2.31602198967546	-3.14117875	5.8483215
east2556	-2.60646519504	2.40345489799229	-7.65387625	1.84124099999999
east2694	-0.3516435286445	2.62635543035008	-5.75349175	4.4983295
east2773	1.405245939899	2.08058823468975	-2.476392	5.80003825
egaa1242	0.06259501215	2.56870598624492	-4.864373	5.11431225
egyp1253	-0.54012395546	2.39899155389794	-5.59453775	3.863792
eipo1242	2.1772160297995	2.39834391959328	-2.06759425	7.1688075
ekar1243	0.68027779525	2.41880331501699	-3.7414195	5.6022375
elem1253	-0.01598122881365	2.49526989590814	-5.0475935	4.7185815
elna1235	-0.72600407593	1.93606823602445	-4.87183525	3.01979425
emae1237	1.059462437536	2.16812870242789	-3.24579325	5.3855285
emai1241	-0.196547824718	2.664306286039	-5.49336875	5.05725974999999
embe1260	0.6981066472005	2.55868963217835	-4.27905675	5.76157875
embe1262	0.7354140874245	2.55026799932491	-4.2296865	5.79461324999999
enap1235	-1.769618030701	2.22239178373427	-6.32819475	2.3876665
enuu1235	-0.104733883449	2.38714372652736	-4.74966225	4.53381424999999
epen1239	0.74576183479	2.49592992909032	-3.88379325	5.90337449999999
ersu1241	0.2743143514606	2.31765526372897	-4.0493	5.0535705
erzy1239	-1.154393491434	2.42883976046507	-6.14091125	3.36155925
esan1238	-0.19098642805	2.47847024086217	-5.2496995	4.58932024999999
esee1248	0.06992297273	2.17496372487362	-4.24246825	4.3922265
esto1258	-1.599830194905	2.28694359528928	-6.53763675	2.549569
eton1253	-0.37255107645595	2.50528743878597	-5.43014475	4.45193
even1259	0.861014391586	2.32748994683472	-3.70248175	5.756736
even1260	-2.363814739789	2.34668203664799	-7.25599625	1.891203
ewee1241	-0.389060242583	2.56495464456433	-5.43996075	4.53827825
fait1240	4.448192811734	2.26149102508773	0.389859025	9.32947649999999
fala1243	-0.1248476682715	2.32280748928536	-4.72470975	4.36065575
fare1241	-0.077023141497	2.68962297650804	-5.28532975	5.30244325
faro1244	-0.2779690343573	2.49850637863179	-5.36701475	4.49283275
fass1245	1.337855468855	2.2196202009944	-2.89297325	5.92994225
fasu1242	3.227268868946	2.46986885999338	-1.05835675	8.73693525
fiji1243	-0.115996925915	2.47807314288604	-5.27102075	4.64673425
fili1244	-0.181206460383	2.50710636887576	-5.3928695	4.65786125
filo1235	-3.08697387797	2.29117653407321	-8.05825925	1.00287775
fina1242	-0.331876568505	2.48190463153534	-5.49651925	4.33920775
finn1318	-0.787438198185	2.31834649335502	-5.67423725	3.5760755
foii1241	3.3630329413715	2.40995709743698	-0.82201245	8.63795799999999
fonn1241	-0.366037293405	2.50076733094154	-5.39200225	4.40510099999999
fore1265	0.6580993174535	2.5174844418742	-4.2635245	5.93082799999999
fran1266	-1.6998332614655	2.52811322656289	-7.0044955	2.85141575
fuln1247	1.251201317555	2.46051819769083	-3.4185005	6.53684125
furr1244	0.99754318229	2.50139199016501	-3.735171	6.16427325
futu1245	-0.0457525152115	2.43805828390424	-4.9631475	4.83043674999999
fuyu1242	4.42761175814	2.46332897230475	0.193612	9.84136875
gaaa1245	-0.995507837355	2.411910590526	-6.27624	3.55519675
gaam1241	-0.812522317335	2.30675719135214	-5.52542775	3.776447
gaan1243	-0.86020964894	2.29708518584679	-5.728521	3.44878
gade1242	-0.324824884325	2.68672243734481	-5.68941325	4.98699775
gaga1249	-3.273611050785	2.32300106866598	-8.2865	0.928671625
gahr1239	0.783386714913	2.46671780329782	-3.83486725	6.06348099999999
gale1259	0.834874607854	2.38470480142374	-3.81780475	5.72241925
gali1258	-0.2460661550735	2.52158248089331	-5.303756	4.60075675
gali1262	1.53369883717	2.09970962241226	-2.38285875	5.84273325
galo1242	1.61161567062	2.40137282805548	-2.84572975	6.51396799999998
gami1243	1.086893741607	2.38158489743148	-3.2957105	6.05723799999999
gamo1243	2.246313906555	2.26559618689358	-1.9888135	6.88535425
gand1255	-0.398736404482	2.63784169197696	-5.785578	4.78692975
gang1266	1.387595612436	2.05149794534939	-2.4162005	5.73221449999999
gant1244	4.6489505801	2.4370927624231	0.293478075	9.93068075
gapa1238	4.320009286895	2.33234202293335	0.1083141925	9.013793
garo1247	0.217913885115	2.18952407598856	-4.071911	4.5906645
gata1239	3.02023926001	2.26210494686241	-1.0659005	7.9630645
gayo1244	-0.068876716435	2.53696566306696	-5.219485	4.92250975
gbay1288	-0.5382222791305	2.69064341825255	-5.832905	4.54478625
geba1237	-3.03501200064	2.47399583433329	-8.50677425	1.32618825
gebe1237	-0.8556717661515	2.5173729262999	-6.0726165	3.99423624999999
geda1237	4.42031476105	2.03172876579655	0.8094301	8.51515299999999
gela1263	-0.0605259692955	2.2962374093716	-4.746384	4.343581
gese1240	-0.452946139976875	2.64808802239829	-5.91845725	4.50311725
ghad1239	-0.263281343414	2.63600577863869	-5.77356575	4.68643024999999
gheg1238	-0.418372818015	2.48428921343856	-5.71883925	4.25049925
ghod1238	1.5799877192	2.3598687740026	-2.82624025	6.620668
gida1247	-1.333043110265	2.46705174750655	-6.500436	3.2269335
gily1242	1.36384067629	2.4066839305473	-3.06960175	6.53217574999999
gira1247	4.6877610968	2.15376514334157	0.88600975	9.41352349999999
glav1244	-1.080226563705	2.36027129959854	-5.9311015	3.384187
goem1240	-0.782612038365	2.5112632829967	-5.8573645	4.03076549999999
gogo1265	2.8518939612	2.43968309656646	-1.5313345	7.9901095
gola1255	-0.07031587739	2.71163401029984	-5.44234675	5.285451
guah1255	1.46926349911	2.35312740884236	-2.9198555	6.32454324999999
guan1266	-0.0520128339615	2.37128755358478	-4.71717825	4.72583849999999
guan1269	1.578799296849	2.06753837435238	-2.5745785	5.76963324999999
guat1253	-0.808513062237	2.42116285854615	-5.71263075	3.947812
gube1234	-0.0165232789	2.61313870613383	-4.87758675	5.11253074999999
gude1246	-1.181606488605	2.35475955883471	-6.29942625	3.14798025
guer1243	-1.973844295805	2.34885642903493	-6.956757	2.545416
gugu1255	1.119618744245	2.32823915577455	-3.31540675	5.96223775
guhu1244	3.107216390175	2.36887719935832	-1.060645	8.14716749999999
guiq1238	-0.3113458892375	2.23010807762929	-4.8179575	4.259733
guma1254	3.65561864519	2.27338142087733	-0.36787975	8.57298899999999
gumu1244	-0.40338404952	2.24859440226761	-4.87021175	3.8817895
gunw1252	-2.329675713375	2.38028082631565	-7.31703425	2.00387325
guny1241	-1.548595840915	2.40261101790938	-6.48991625	2.9278285
guro1248	0.658835361145	2.43936667794289	-4.137203	5.65324949999999
guru1261	1.818124134458	2.1192251648646	-2.08292925	6.308451
guru1271	0.368307302525	2.29702981879243	-4.3268575	5.0149575
gwen1239	0.0257090974695	2.64468614977074	-5.21734025	5.25747224999999
gyel1242	-0.111320562265	2.54477324195367	-5.1873405	4.94800825
haaa1252	-0.004599013975	2.53293520174567	-5.170262	5.03300325
hadi1240	2.6437810540182	2.26144818935725	-1.27430925	7.397178
hadz1240	0.112686088309	2.43626952986555	-4.763922	4.853656
haka1240	-0.20150163556	2.18141049426136	-4.4738355	4.2498995
hala1252	-1.4437693090915	2.28779552223385	-6.19975525	2.75126025
halh1238	0.290886019871	2.69510969814298	-4.7349785	5.74239874999999
hali1244	-0.338532493102	2.26251654563688	-4.9914255	4.00385299999999
halk1245	-1.181916060885	2.4585457511165	-6.320775	3.08539725
hame1242	0.440105790025	1.86016799975997	-3.116435	4.1488505
hang1263	1.8035120838745	2.17583981204992	-2.3362965	6.29277425
hani1248	-0.22533129804	2.33882013128639	-4.93977175	4.493351
hano1246	-0.7219963143405	2.41383532473118	-5.4976225	3.93508875
haru1245	4.3970382571	2.49603884176873	-0.043946895	10.1585025
haus1257	1.061867169149	2.34684828800943	-3.62679375	5.78046275
hava1248	1.427554462481	2.49398488107407	-3.052443	6.79383575
hawa1245	-0.022903359489	2.58371333377303	-5.209773	4.98417174999999
hdii1240	-1.101834315985	2.36410069653372	-5.95481525	3.3162175
hebr1245	-0.99892821355	2.40737931665718	-6.059237	3.6354515
heil1246	-1.1554804763	2.47811348227141	-6.58393975	3.47300725
hela1238	0.590210293545	1.92575795454129	-3.21788825	4.676114
here1253	-0.0368334268675	2.57245296212508	-5.19680775	4.94054775
hida1246	0.8205111538	2.3565744258552	-3.58775	5.755075
high1276	-2.046778862695	2.40057406542783	-7.1879275	2.44686975
hind1269	0.928673282605	2.4376043158948	-3.70159325	6.09288175
hixk1239	-1.035545304075	2.2911543453584	-5.80718825	3.1824525
hoaa1235	-1.057654584855	2.39782006939751	-6.13094025	3.403743
hoav1238	-0.545225679485	2.36792701436533	-5.3912205	3.9917285
holo1240	-0.008833860015	2.54229302649031	-5.452362	4.686284
hone1235	-0.222686959065	2.40932419587259	-5.079864	4.39533099999999
honi1244	-0.1099429726685	2.41072056126489	-4.91612125	4.809585
hopi1249	1.296654153565	2.39469430197245	-3.000219	6.46800875
horp1239	-0.713816382409	2.1950822960147	-5.071287	3.84352024999999
hote1245	0.667714552895	1.93934132823986	-3.1352725	4.69700625
huaa1248	-0.954421196369	2.47672142192392	-6.0401195	3.79341975
hual1241	0.625798352925	2.40003284237042	-4.02195375	5.83759275
huar1255	0.20785808482	2.08675142996967	-4.060467	4.283822
huas1242	-1.388323215185	2.52095911424148	-6.6700385	3.399818
huic1243	0.48310750608625	2.04320029469363	-3.478831	4.4202165
hula1239	4.77426625965	2.29043304399187	0.629665025	9.4990475
hula1244	1.7805307101483	2.27124074770433	-2.48067525	6.582288
huli1244	3.301667236615	2.51980438323853	-1.15870325	8.915605
humb1243	0.79364823243	2.25949019456536	-3.4996325	5.38985525
hung1274	1.032072095755	2.25864905469675	-3.1846515	5.921927
hunz1247	1.5133451376435	2.32496648922787	-2.7812875	6.28887175
hupd1244	1.97916540413	2.05957088732575	-1.96283025	6.14940325
huuu1240	-0.22371478669885	2.12882168161954	-4.48598775	4.1642425
iaai1238	-0.3724314090045	2.5307908381947	-5.26445925	4.3904065
iama1237	4.293285802355	2.37429781903087	0.12880652	9.40564425
iatm1242	2.901790751545	2.35029318948963	-1.28853875	7.75653575
iban1264	-0.201228935071	2.72100437555586	-5.50676075	5.12028975
iban1267	-0.298981872265	2.35897760912699	-4.868133	4.29764274999999
ibat1238	-0.117217602559	2.49548228799241	-4.89068675	4.8130345
ibib1240	-0.135829730995	2.50400681645384	-5.06394675	4.6527685
icel1247	-0.203062684705	2.52089091741388	-5.3034145	4.3298545
idii1243	2.2806210013675	2.48317669761341	-2.29554525	7.55735399999999
idom1241	-0.39345679114	2.49924812157612	-5.575157	4.4659315
idum1241	1.52045335599	2.30556476441144	-2.560601	6.4153575
idun1242	4.3800717051465	2.40427814887706	0.185785275	9.5629775
ikkk1242	-0.757234283245	2.46574987525828	-6.09554625	3.8376115
iliu1237	-0.034531423325	2.39369947616809	-4.7519285	4.72711625
ilon1239	-0.42400083711	2.51982816986831	-5.65799475	4.545524
imba1240	1.7512647147325	2.40632396003216	-2.4975175	7.11078275
indo1316	-0.0684298683	2.5719634114113	-5.37984125	5.00220525
ingr1248	-1.41609351749	2.42244986053614	-6.624327	3.203912
ingu1240	1.271223072755	2.37773923875591	-3.09445575	6.27740075
irar1238	-1.0982807819207	2.45919229020706	-6.183798	3.5552265
iris1253	-0.31802136984	2.40153105341123	-5.33337675	4.15396125
irul1243	0.193972896435	2.49320477177259	-4.70112375	5.11097
isco1239	-0.897245454579	2.06515039079664	-4.98186525	3.0081875
isin1239	-0.38873652865	2.44983999651152	-5.3783465	4.397142
isir1237	1.2558090352805	2.0775946090725	-2.84759825	5.26482875
ital1282	-0.22434620741	2.55710945199704	-5.5401935	4.74102274999999
iton1250	-1.50552245105	2.40245655153766	-6.76364775	3.01385425
itza1241	-0.57348781625	2.63841601766424	-6.058112	4.250007
iumi1238	-0.4510924366135	2.23673834613023	-4.89088825	3.856454
ivat1242	0.015376338104	2.56999213510386	-5.27303	5.214919
iwal1237	0.9022619108631	1.9675578772368	-2.85867425	4.8631295
iwam1256	2.90081044277	2.28570793723937	-1.37176375	7.6925155
iyoo1238	2.9035995776385	2.06457572118524	-0.858880625	7.18662025
jahh1242	-0.41850271675	2.55601430832278	-5.64653525	4.439746
jalk1242	3.964876496	2.42791228105716	-0.25971825	9.159885
jama1261	2.099102822665	2.31564694933815	-2.072312	7.23537049999999
jamb1236	-0.093796903185	2.60666799228571	-5.26798525	4.99646275
jams1239	1.422348292996	2.35676202360049	-3.24396425	6.28806425
japh1234	0.5246286932	2.33849945102104	-3.977743	5.4097815
jaqa1244	-1.1162450142995	2.2996742167211	-5.85210725	3.261477
jara1266	-1.15256625138	2.46286851547142	-6.22664725	3.51575475
jede1239	-0.452867115137	2.48739163593811	-5.528541	4.1348335
jeha1242	-0.40981024133015	2.44074226297986	-5.315664	4.4795935
jiba1237	-0.838471053547	2.32323390585651	-5.64836975	3.5660535
jina1244	-1.11305015889	2.49687019550233	-6.4231905	3.55499775
juan1238	2.5068096559815	2.32546382514747	-1.453154	7.7493945
juku1254	-0.890240645795	2.47702423581017	-5.952671	3.668425
jurm1239	-0.463600351005	2.63168916119978	-5.92438725	4.7420095
kaba1278	0.394201453235	2.31305699537615	-3.940033	5.2666155
kaba1281	-0.6846514838407	2.40082717887604	-5.76247225	3.98086375
kach1280	0.3981425817015	2.37774897503775	-4.207725	5.4996305
kach1284	2.5020311812165	2.33716678981803	-1.8220125	7.4396065
kado1242	-0.2040060656925	2.14263746833304	-4.5065775	4.28722075
kafa1242	1.357848825565	2.31616237766783	-2.96407475	5.97204475
kaga1256	-0.0389727139535	2.5279172484184	-5.05031575	5.1512235
kagf1238	-0.150073132643	2.60083333595587	-5.3219585	5.1802625
kagu1239	-0.3221201943445	2.46710785493814	-5.19879875	4.48694175
kaki1249	3.779367598665	2.46869003855447	-0.385380575	9.23374225
kala1384	-0.014754027065	2.45734316878864	-4.99721025	4.516023
kala1388	-0.28765521722	2.50633054598803	-5.61987275	4.447575
kala1399	1.13613669924	2.39731842773471	-3.41021675	6.0786225
kali1308	-1.082927956625	2.40878763747993	-6.08055375	3.578124
kalm1243	0.261757255315	2.55705253225229	-4.828678	5.44403425
kama1370	3.06188506537	2.20574811148375	-0.9561913	7.7019175
kamb1297	-0.1893633272565	2.50996576359785	-5.42979925	4.79002475
kamb1316	2.689417969595	2.20394141666332	-1.316817	7.432357
kamm1249	-0.95683806093	2.48893452481126	-6.20473075	3.734004
kana1286	2.028368533575	2.35434364834157	-2.2142825	6.86668899999999
kana1291	-1.227135801366	2.48379900923883	-6.425793	3.39165825
kani1286	3.22341689623	2.2860433964546	-0.849274225	8.14815375
kank1243	-0.3325216765007	2.41122110755909	-5.13023225	4.40467775
kaon1241	-0.10407568272	2.5704722440093	-5.262099	4.96320475
kaqc1270	-1.134112759195	2.42015033715792	-6.006218	3.506244
kara1482	-0.00800321945	2.54680164460287	-5.30585825	4.74641674999999
kara1486	-2.0384898550016	2.32318922942261	-7.08416725	2.3732605
kara1500	0.291309688827	2.31702409484909	-4.23997725	4.9014575
karb1241	1.5861642330155	2.19431451629371	-2.62006125	6.179682
kare1335	-0.71739153508	2.29166554191768	-5.78699925	3.61766449999999
kari1311	-1.949413772425	2.25889558265512	-6.7715475	2.12546649999999
karo1304	-0.938039273425	2.55834726828746	-6.058291	3.9517185
kash1277	-2.156736837725	2.32813979372181	-7.33230525	1.9798745
kask1239	0.188758884425	2.528136078761	-4.67332575	5.108126
katb1237	-0.624287160309	2.1430815610255	-4.8136	3.48543925
kats1235	-1.2367675624395	2.16974890523095	-5.76693875	2.88679425
kava1241	0.07484528077	2.39849208921253	-4.8586225	4.79455125
kaya1315	-3.1858563767905	2.46700721093001	-8.48513825	1.231465
keap1239	4.4897896607	2.28148227916454	0.5354145	9.296554
kele1258	-0.175314348085	2.43357810900055	-5.23534	4.35573625
kele1259	-0.360522722923	2.47653488370231	-5.53733775	4.403664
kemb1249	-0.205028424	2.65804309779119	-5.48769075	4.80340799999999
keme1240	-0.895808362179	2.49581637435879	-6.1310895	3.786358
keng1240	-0.6916006812215	2.5561223436667	-5.82836725	4.0420305
kens1248	-0.366553661963	2.4875700006129	-5.391061	4.3858595
kenu1236	0.84628416371	2.54855224045459	-3.9526535	5.95189425
keoo1238	-0.26532027583	2.56616573466996	-5.4154855	4.6431165
kera1255	-1.39528259643	2.39623473636895	-6.55663375	3.123646
kesa1244	3.98282979829	2.15246783357274	0.125959625	8.694411
kett1243	0.755633175755	2.40659216300079	-3.74701625	5.68823
kgal1244	-0.441271184455	2.61244165286546	-5.51603725	4.6822255
khak1248	0.467653169925	2.34518340897384	-3.845835	5.35148275
khal1275	2.06164175754	2.37447258850566	-2.22015725	7.31551749999999
kham1282	0.579573940095	2.39108817164843	-3.9889715	5.57455349999999
khan1274	-0.631085233045	2.512629918672	-5.7068105	4.14577049999999
khan1277	2.253776603235	2.03205594462674	-1.44612025	6.58013025
khan1278	-0.0388873503645	2.53629024632232	-5.2645015	4.927796
khar1288	2.367021871604	2.08447013730319	-1.39188425	6.87510625
khas1269	-0.2644809994645	2.18539133888268	-4.529734	3.78129125
khez1235	2.195878918675	2.03884961263962	-1.44399425	6.51436149999999
khin1240	0.753860478405	2.27794355742544	-3.55187675	5.542224
khmu1256	-0.599506976525	2.40067437756889	-5.68071675	3.9999715
khva1239	1.67160291688	2.30464505269956	-2.64645575	6.6812065
kich1262	-1.1345503815152	2.36903951793937	-5.856729	3.28299624999999
kiku1240	-1.634965437825	2.43314035620073	-6.4793125	2.99440325
kile1243	0.907025953969	2.34790479552062	-3.380101	5.895462
kili1267	1.3617135053415	1.99900047314862	-2.47080225	5.37270325
kima1246	0.929855658851	2.4854577858602	-3.702876	6.1296145
kimm1245	-1.0155331085015	2.26699751219479	-5.82289625	3.053517
kimm1246	-1.391170606194	2.38621075419268	-6.40274475	3.12505275
kina1250	-0.2066162851415	2.64979091766934	-5.44551375	4.96960325
kinn1249	0.9541197616006	2.43602042368907	-3.417181	6.05564175
kiow1266	0.901428590425	2.34370051048285	-3.55377475	5.892879
kips1239	-1.333423639807	2.45976662488635	-6.4398425	3.5028555
koda1255	-0.4744391734915	2.36591283235294	-5.19519025	4.22898775
koho1244	-1.10127741916	2.48732401982401	-6.44642275	3.68501125
koir1240	2.3164287240175	2.09353219800141	-1.53606775	6.682735
koit1244	4.787131790785	2.47386813701946	0.618182625	10.285995
koka1244	1.190385540925	2.34083090811855	-3.09866575	6.08220175
koko1269	-0.32365147088	2.38943601808832	-5.4410725	4.07278775
kola1285	-0.0699439296375	2.50785474718721	-5.13474975	4.7413775
kolb1240	-0.813320403375	2.53232777160654	-6.132761	4.1156545
kolc1235	-0.216917752895	2.55042022903223	-5.31914775	4.8294705
kolu1245	4.3770562105	2.36715841103088	0.223774	9.37661375
komb1274	1.81010721022	2.40547348890731	-2.64799775	6.98797275
komc1235	-0.864588135532	2.49211558100416	-6.005357	4.28425024999999
komi1268	-1.561150073648	2.32786849133696	-6.534862	2.78037075
komi1269	-1.562377738271	2.38611092606057	-6.65281725	2.77115475
komi1270	1.79604878524	2.18109987986	-2.29378325	6.28670475
kona1242	3.23985101823	2.43477795507701	-1.24327275	8.549672
konk1267	0.70767091738	2.37975987826616	-3.77979	5.83186924999999
kony1248	0.3946448125295	2.06752131809787	-3.639237	4.476929
konz1239	-0.260031326447	2.65162887364207	-5.69551125	5.02496925
koon1245	-0.185672538002	2.53648874431096	-5.33016225	4.700127
koor1239	2.0515406396	2.26982838992833	-2.111701	6.774466
kore1280	0.65391767892	2.4197163335481	-4.05602475	5.43708975
kore1283	-1.208999533315	2.34396855062728	-6.0488785	3.19011174999999
kork1243	2.088375238175	2.24240012773614	-2.02410375	6.8190605
koro1298	0.897991746955	2.34143490068257	-3.67514575	5.4322635
koro1313	0.4374265461875	2.29601650121034	-4.13108675	5.17064325
kosa1249	1.960903223695	2.39176228451432	-2.59167275	7.161553
kosr1238	-0.207258475387	2.59233388787807	-5.244391	4.76937075
koti1238	-0.007606588435	2.66327475560032	-5.10936925	5.2683655
kove1237	-1.4637251707715	2.28728495904087	-6.21768475	2.75055025
koyr1240	0.639561078735	2.34706960261103	-3.99617475	5.41069825
koyr1242	-0.4433154835295	2.38500945507504	-5.40107	4.07277775
kren1239	0.412865942266	2.53207931645864	-4.4195595	5.516933
kron1241	-2.0632122022295	2.24864400089996	-6.92618225	2.01597675
kryt1240	0.733305042355	2.31008555451478	-3.6590535	5.6447565
kuan1248	-2.433349282285	2.41317165009869	-7.67058175	1.77786774999999
kuii1252	3.15992586667	2.33438224576774	-0.9981019	8.07266
kuik1246	1.63899856988	2.19610873631503	-2.41843725	6.22527325
kuku1273	1.51927620191	2.39695040765243	-2.713653	6.68864924999999
kulu1253	2.169724510395	2.30744479996972	-2.05137125	7.24184124999999
kuma1276	-0.370249552641	2.54665836234633	-5.554222	4.447289
kuma1280	4.160458791365	2.49689188628211	-0.3350459	9.71187575
kumb1268	1.102855107845	2.34676582719969	-3.38803925	5.96245875
kumz1235	0.679775430838	2.45109424630334	-3.826121	5.990245
kuna1268	0.776658920875	2.3917437611077	-3.77464975	5.7276345
kunb1251	-2.8489444707	2.36373405062071	-7.859427	1.27137275
kuni1267	3.70674990154	2.32805370493489	-0.196824725	8.91708925
kunj1245	-0.4749492044905	2.33094750117298	-5.3629545	4.09600475
kuot1243	-2.4690998655855	2.29297680129741	-7.185415	1.72950675
kurr1243	-1.685273584405	2.41417902017115	-6.93837725	2.66866924999999
kusa1251	-0.563488590134	2.35244377211304	-5.4725175	3.83331575
kusu1250	1.630446872145	2.28258462819037	-2.61265125	6.611119
kute1248	-0.8990596942951	2.49233137736558	-6.0681405	3.64301625
kute1249	-1.2391746072085	2.4776972786009	-6.326354	3.24203275
kuyy1240	-0.842707184856	2.51180576588303	-5.9951	4.0047065
kwai1243	-0.225764286435	2.26193557687985	-4.86302275	3.9848365
kwam1249	-0.1423055274645	2.39770602224053	-5.0618455	4.5569935
kwam1252	-0.0287436549175	2.43913204581902	-4.829766	4.67348525
kwar1239	-0.28785222562785	2.21844154912884	-4.910395	3.952597
kwaz1243	-0.0504268864485	2.34516574166985	-4.8163405	4.55008199999999
kweg1241	0.57679167596	1.96660425557399	-3.24304475	4.49621075
kwin1241	-0.959788493795	2.40842017258472	-5.7537835	3.46429774999999
kwom1262	2.27504085597	2.1943629894662	-1.8480835	6.58441974999999
kxoe1243	-1.1207157128265	2.32644440375767	-5.87561725	3.440923
kyer1238	0.208349071235	1.9683225624957	-3.623154	4.210303
laal1242	-1.604087447955	2.44427424234255	-6.808859	3.08176599999999
labo1244	-0.460507526725	2.14340978822104	-4.73757875	3.6423895
labu1248	-0.1122685288165	1.93845291403682	-3.93068475	3.800029
lach1248	-0.97488278567	2.25070300716034	-5.78103875	3.136137
lagw1237	-1.048286732775	2.51234839234131	-6.340457	3.7126145
lahu1252	-0.21209968217	2.10094825817662	-4.60778725	3.90264525
lahu1253	-0.20529096487	2.16371697888375	-4.34903175	4.31616275
laiy1246	-0.215739895995	2.59276471364481	-5.54413	4.88483649999999
lakk1252	0.6171727165545	2.2926206472999	-3.7212465	5.30392074999999
lama1277	-0.160712261	2.44651547646978	-5.1759385	4.65632599999999
lama1288	-1.087066710987	2.36870164750482	-5.96897575	3.33656524999999
lamb1269	0.946544050315	2.3442528391904	-3.5875965	5.7583015
lame1260	-0.013983963305	2.06218817135718	-4.1618025	3.91183125
lamk1238	0.6238750205705	2.10768953835159	-3.46718675	4.9638955
lamo1244	-1.379232612041	2.23969440822535	-5.88012075	2.837863
lang1320	0.2087098253665	1.94111842182995	-3.71067675	3.97159975
lash1243	-0.2909784178	2.18353457622834	-4.498277	3.8993875
latv1249	-0.774703602459055	2.51269737397499	-6.22183875	4.03704574999999
lave1248	-1.300157126835	2.33839407364054	-6.29443075	3.05645775
lave1249	-1.4342035336665	2.29623009011098	-6.423977	2.873854
lavu1241	0.26819183788	2.43313849964029	-4.4459905	5.003603
lazz1240	0.47889527178	2.27522530149615	-4.00885875	5.226386
lele1276	-1.24987595963	2.36808726578703	-6.5693075	3.250602
lemb1266	3.952047592405	2.57970924885181	-0.56724025	9.59532175
lena1238	0.07453046206	2.43639066205579	-4.80765075	4.8624925
lend1245	-0.7570375453165	2.54063596623763	-6.154283	3.97641824999999
leng1259	0.042295981145	2.24453495061636	-4.621995	4.313719
lepc1244	1.7891865432605	2.25357308283526	-2.2598065	6.4976885
leti1246	-0.273901268191	2.49213566923662	-5.2140165	4.62276899999999
lewo1242	0.3284446638375	2.09450263779957	-3.7712805	4.26928475
lewo1244	-0.178243404108	2.4447510549566	-5.094912	4.5663265
lezg1247	0.451478847175	2.28899052452192	-3.8571925	5.1981515
lian1251	1.97961118531	2.11074915419639	-1.7957595	6.5053985
liby1240	-0.50374137148	2.22909320057389	-4.93240175	3.72324075
liji1238	-0.552976682215	2.61501557216341	-6.14976425	4.47593275
lika1243	-0.317945723529	2.59271722714767	-5.6568765	4.86172825
lill1248	-0.794362291413	2.46451755751618	-5.869013	3.81875875
limb1266	2.045252217465	2.30432173499006	-2.13753525	6.9365105
ling1265	-0.68151077522	2.15289383923425	-4.94730675	3.345297
lipo1242	-1.187887553415	2.20850291214194	-5.71874125	2.99652399999999
lish1245	1.792916053015	2.24608938224225	-2.3645455	6.52805975
lisu1250	-0.381499079235	2.0940985473136	-4.70344475	3.7711415
lith1251	-0.546009275795	2.41217969377184	-5.49272125	3.9904455
litz1237	-0.7363071498903	2.17437512304424	-5.1428315	3.2457605
livv1243	-1.01593358674	2.43694430503147	-5.9037395	3.54836
logo1259	-0.79812618976	2.49268513406491	-5.88370775	3.8759175
lolo1259	-1.338213477037	2.20309422701274	-6.009237	2.6925515
lomb1257	-0.31825912456	2.63365941913832	-5.464571	4.68516325
long1395	0.178613880405	2.28259484751656	-4.40654975	4.62218225
loni1238	-0.270467603855	2.36642315095666	-5.11231325	4.25567175
lote1237	-1.368166381509	2.25554323521433	-6.2490355	2.730489
loth1237	2.1970096825	2.11099004233271	-1.677727	6.64332099999999
louu1245	-0.254978432178	2.42884361277738	-5.2562385	4.32777574999999
lowl1260	-2.48758149428	2.41615988069892	-7.624783	1.87762699999999
lowl1265	1.14483509637	2.05125223806916	-2.690916	5.30170425
luan1263	-0.267432413495	2.52733052342014	-5.29254275	4.62102249999999
ludi1246	-1.055259124815	2.38467630635142	-6.14054025	3.3058855
lugb1240	-0.85851488642	2.53184404456597	-6.024062	4.18319175
lugu1238	-0.208411291765	2.51269238491064	-5.13077425	4.888942
lule1254	-1.809464413435	2.24287941950561	-6.5373975	2.3486325
lumu1239	-1.784777379585	2.12371760672729	-6.06895875	2.14150075
lund1266	-0.06800385517	2.64628686934692	-5.26474525	5.1476715
luok1236	-0.938723755955	2.38355105312963	-5.9232025	3.5696485
lush1249	-0.138003452115	2.13813350089632	-4.2621925	4.338508
lush1252	-1.198171510435	2.53742714603529	-6.4664885	3.5582365
luva1239	-0.15630361997	2.56194553910971	-5.20630475	4.7260245
luya1241	-0.4351883047945	2.5542088533676	-5.63451	4.803293
maan1238	-0.13251241437865	2.4632002162757	-4.957115	4.75506374999999
maas1239	1.6752272171005	2.43500004282325	-2.96186125	6.6325875
maba1277	1.290066863755	2.47960219601474	-3.24681875	6.5622905
mace1250	-0.470801541114	2.40925973885819	-5.64891725	4.040872
maco1239	0.844005302957	2.34279251869709	-3.52464525	5.6512125
macu1260	0.4855953671735	2.23904638377792	-3.97455875	4.91380699999999
mada1285	-2.3311454291825	2.40217390634646	-7.4563385	1.91969825
madi1260	-0.81857278525	2.52919390768468	-5.93949025	4.134265
maee1241	-0.8099321216085	2.23316166223161	-5.37609625	3.423648
mafe1237	-0.8591786869025	2.32410393071506	-5.706246	3.56904475
magd1235	-2.49120793389205	2.51724928334146	-7.866074	2.0113745
maia1253	4.86782130516	2.37424135163798	0.67241315	10.086705
maia1254	4.8585389391	2.35330316582951	0.6312534	9.8739815
maib1239	-3.25283733019	2.53015980791251	-8.565987	1.3597115
mail1248	2.540529692498	2.25987305806738	-1.45973575	7.052925
mais1250	4.4040199925	2.49324352904397	0.0403101450000001	9.87829425
mait1250	1.88019923514	2.36514112076942	-2.32622975	6.8748795
maja1242	0.281138464095	2.21180033732955	-4.10006425	4.66809
makc1235	-0.940343113005	2.40461421906322	-6.1706785	3.63064799999999
makh1264	-0.111927579145	2.67014855442016	-5.32933725	5.177897
mala1463	0.08234888018	2.51841047909278	-4.74136975	5.10471025
mala1464	-0.205989597545	2.46797768127003	-4.994892	4.94184925
mala1479	-0.250370955445	2.57765317129061	-5.62561375	4.6103945
mala1522	-0.581011735115	2.40842620210325	-5.28734625	4.1903935
mala1534	-0.268538542655	2.44592436296109	-5.1774005	4.5194895
male1284	1.8800571266205	2.09565519141212	-2.0620275	6.312188
male1297	0.8132527724645	2.51735557400657	-3.90321175	6.025592
malg1251	-0.596637599902	2.41700075958593	-5.5225945	4.06680549999999
mali1285	-1.826096309405	2.40145797149316	-7.2049705	2.49164875
malo1243	-0.8659648858375	2.27459467789763	-5.60189225	3.477616
malt1254	-0.633578319795	2.42029220566444	-5.89941325	3.8803075
malu1245	-0.8059263331425	2.23998039497519	-5.52003325	3.5572265
mama1275	-0.2405256014155	2.59557382315899	-5.608627	4.787462
mamb1294	-1.24872570212	2.44964979652462	-6.60382175	3.3480065
mamb1306	-0.0263845181685	2.47653590636945	-4.95964125	5.040952
mamm1241	-1.087288499825	2.43326659714439	-6.02921275	3.477143
mamv1243	-0.699102368005	2.55703670306133	-5.9482125	3.94008249999999
mana1288	1.301056596045	2.13397622915555	-2.66679775	5.77302075
mana1295	4.5619184728	2.32089126104583	0.4446568	9.47853099999999
mana1298	2.520315470695	2.27124992451097	-1.59698	7.162189
mand1415	-1.9339523214	2.24716360403189	-6.6918045	2.05740875
mand1423	-0.0718871506855	2.60704588895659	-5.166909	4.87454525
mand1436	0.15230738247	2.5447099160131	-4.73589525	5.23321949999999
mand1440	-2.0223497868535	2.4251007393372	-7.07375225	2.513137
mang1378	-0.454899453805	2.27127730720587	-5.35495925	4.01920425
mang1381	-0.5009124610435	2.26857340743147	-5.2935605	3.7370675
mang1394	-0.24766024023	2.53143419640782	-5.57055625	4.61845124999999
mang1401	-0.0350554287015	2.60190595945523	-5.349655	5.1937355
mang1403	-1.40062796223575	2.190511940402	-6.08815975	2.8068025
mang1405	-0.17188410502685	2.57054263820104	-5.28864875	5.09464825
mani1235	-2.412387785375	2.48004396263249	-7.61778625	2.12078975
manm1238	-0.2383673023205	2.1620046102362	-4.631614	4.05890325
mann1248	0.381540375611	2.35048875283223	-4.169217	4.92188175
maor1246	-0.09124344716	2.62052731886959	-5.387403	4.95930775
mapo1242	0.358819163934	1.90605918632188	-3.41107275	4.21465275
mapu1245	-0.8451396547085	2.40027538718047	-5.69264875	3.65028875
mara1378	1.0754379214663	2.36094380968897	-3.14195625	6.11447799999999
mara1379	2.3485556345435	2.10823180051344	-1.4897685	6.95826475
mara1382	-0.800544184975	2.0653375351542	-5.06567675	3.2183295
mara1386	0.791638942275	2.35504496307468	-3.79804	5.55753349999999
mara1396	2.1112679802805	2.43637771111574	-2.367842	7.278493
mara1404	-0.334661923745	2.52583882396224	-5.29052225	4.438203
marg1265	-0.820896940685	2.3272866520523	-5.379481	3.56057475
mari1416	0.789568995529	2.05211826318942	-3.18222475	5.04885275
mari1426	-0.675921173125	2.34397959065393	-5.338707	3.74443424999999
mari1428	4.5581458287	2.05660087080753	1.01155475	8.92942325
mari1440	1.16373925883	2.3256575302737	-3.09259975	6.039569
mars1254	-0.28620005136	2.56896525542482	-5.62731575	4.73366275
mart1255	-1.4565294256015	2.33507292852302	-6.22122775	2.8396035
maru1249	-0.8713973517215	2.24390580957456	-5.406709	3.36828099999999
maru1252	0.3221535170915	2.11951314944125	-3.8186845	4.67554499999999
masa1322	-1.391329252125	2.46855484826793	-6.69327375	3.35177775
masb1238	-0.18769630236	2.5189351331954	-5.18845475	4.68399075
mask1242	-0.295203196555	2.14182049921357	-4.60309475	3.92698675
matb1237	-1.01098219257	2.55933496300804	-6.09522675	3.998583
mato1252	-0.5588395933415	1.85104921581818	-4.3074925	2.96763375
mats1244	-1.848878729045	2.25240815450005	-6.596389	2.190956
matu1261	4.545257164725	2.12520737190908	0.8635579	9.10791999999999
maun1240	-2.627760324435	2.48311099736326	-7.8373745	1.888946
maxa1247	0.460770442585	2.4303783756839	-4.423014	5.44502774999999
maya1285	1.02464039185	2.53966910493298	-3.6399465	6.22318499999998
mayo1264	1.32705812976	2.17308487442677	-2.73450525	5.92786475
maza1304	-1.3078237371545	2.42933577061731	-6.41516325	3.1960195
mbar1260	-1.15729679811	2.49233809119479	-6.4477835	3.35680774999999
mbay1241	-0.94833443828	2.41126607324235	-6.08456325	3.4275495
mboc1235	-0.5472466336535	2.57725092403479	-5.9240995	4.59202249999999
mbug1242	0.176481849327	2.39038504430161	-4.51250575	4.92089974999999
mbul1263	-1.563567773235	2.25138983983883	-6.4584145	2.47180725
meen1242	0.38303258013	2.26675280928748	-4.03712275	4.950897
mehe1243	1.26724790382535	2.08757207765464	-2.79306725	5.42103
meke1243	4.25277528885	2.34982009662594	0.318921	9.1806625
mele1250	2.61116940568	2.25237995387572	-1.37300375	7.1724675
melo1242	1.9723576169515	2.24820108085755	-2.204271	6.90496174999999
melp1238	4.1527694591	2.52550975815855	-0.192380475	9.71919349999999
mere1242	-0.81528560703	2.40654473002924	-5.847581	3.69506774999999
meta1238	-0.73082222559	2.54200234331741	-5.85072425	4.25691774999999
mezo1235	-2.58123101787	2.44670639086313	-7.99974425	1.8534295
mezq1235	-1.53443797403	2.44237220989276	-6.625186	3.1083385
midd1327	1.303372892404	1.89051756552667	-2.341116	5.20518875
miju1243	1.41531493262	2.28679031126952	-2.6904105	6.5962175
mika1239	0.8067948579865	2.36118191259714	-3.66683875	5.86860024999999
mikm1235	-0.411446819738	2.40931840622248	-5.4355885	4.4416915
mila1245	1.6176314300735	2.38915658525054	-2.94353625	6.72388374999999
mina1276	-1.328492135665	2.40230272389854	-6.32944425	3.125614
mini1251	-2.438294010202	2.39710458303327	-7.62947575	1.7478445
mini1256	0.1303061391745	2.34731716863378	-4.41080425	4.836934
minn1241	-1.56401170829	2.16304368311913	-6.10979475	2.4267915
miri1266	-1.4444760546495	2.50259056615339	-6.7348635	3.1374715
misk1235	1.0155552038635	2.51628921293828	-3.7341295	6.12098675
mixt1426	-2.488295200531	2.50414814251865	-7.88573075	1.88337725
miya1259	0.299659809843	2.58133216468768	-4.477168	5.6015795
miya1266	2.813028747945	2.2851053936234	-1.3812475	7.70976625
mlab1235	-0.545694442035	2.45935587100112	-5.6684	3.96552049999999
mmen1238	-0.8980316512195	2.47290874837377	-5.98241675	3.9331175
moba1244	-0.135657243515	2.55954826437106	-5.3816165	4.78883625
mode1248	-0.24479824503	2.49485170989086	-5.21182075	4.36672425
moii1235	-2.9518460711395	2.38195586322327	-8.089157	1.288076
moke1242	-0.2018252004	2.57196997566971	-5.91871625	4.80223049999999
moki1238	-0.190609859465	2.51314239560093	-5.3002995	4.77327874999999
mokl1243	-0.195838596038	2.50426766476939	-5.2539735	4.515849
mokp1239	-0.2536418661335	2.49224875961434	-5.49056525	4.7096305
moks1248	-1.143832468828	2.35819427540537	-5.97072225	3.10619874999999
molo1266	-1.352756117805	2.34096858225032	-6.21676125	2.93457125
monn1252	-0.462476968083	2.53581946758466	-5.64116175	4.3520695
mono1270	-0.369368477625	2.56619665119553	-5.58452775	4.5606635
mono1275	0.0567596994	2.26158341816585	-4.20963525	4.6093695
monz1249	-0.391765184352	2.48275573618514	-5.418679	4.556601
mopa1243	-0.54278380062	2.54688115625081	-6.049673	4.191827
morm1235	0.4002518686945	2.44234373206665	-4.2783245	5.23029399999999
moro1285	-1.79898550751	2.11089429349786	-6.031936	2.13447
mort1237	-0.126028599205	2.51862945367428	-5.29109225	4.8202415
mose1249	-1.778523104415	2.48819667036119	-7.07295125	2.73902824999999
motl1237	-0.459653920785	2.48849393962444	-5.47842525	4.368246
motu1246	4.94185571615	2.38217319109523	0.64582315	9.92813875
mouk1239	-1.4941672686245	2.23127004150891	-6.00610075	2.717533
moun1252	4.865443715585	2.47951232402968	0.48075485	10.398605
movi1243	-2.41328338137	2.41583947345825	-7.422666	1.76253025
moyo1238	1.3571394526985	2.11590641846209	-2.57793775	5.718801
mpad1242	-0.6709317877095	2.48344249071615	-5.882422	4.010264
mpii1239	-0.590608978415	2.51511835408718	-5.66374275	4.36990274999999
mpot1240	-0.086882852165	2.59696248979717	-5.378755	5.11599425
mpur1239	-3.198104063355	2.45053838551593	-8.1793595	1.25779475
mual1241	-0.1643414004275	2.65799749400518	-5.5854335	4.84565425
mudu1239	-2.03694290016	2.26595014889915	-6.8161445	2.13962799999999
mudu1242	-1.36832866684265	2.43996295511211	-6.2327145	3.28041475
mull1237	0.8452555078421	2.27085257436458	-3.68446975	5.42131975
munc1235	-0.09998510021	2.32425446055432	-4.755757	4.593936
mund1320	2.369644430225	2.28723604603862	-1.69085075	7.41347075
mund1325	-1.36702401497	2.41842984702705	-6.385192	3.21098725
mund1328	-0.915432615525	2.47989629051768	-6.12860625	3.72983524999999
mund1330	0.92921619601	2.40108355436727	-3.6685445	5.81155625
murl1244	-0.55376185464	2.5670623926462	-6.0094715	4.2803305
muru1266	-1.778499306	2.36034962494256	-6.880515	2.5533805
muru1274	0.501874054055	2.37524602229058	-4.14040625	5.26173275
musa1266	4.7380528269	2.34114391410494	0.5206642	9.77730374999999
muyu1244	-0.456044782725	2.29503001170622	-5.30500975	4.05495049999999
mwag1236	-0.2544797312425	2.45583036983602	-5.1583135	4.31882224999999
mwan1250	0.7818438357905	2.56006494807755	-4.162846	5.94481025
nade1244	-2.063692449485	2.36442705527193	-7.007542	2.18689375
naka1262	-1.563541039575	2.29504572440638	-6.25408575	2.7257645
nalc1240	2.109395152265	2.38525395609526	-2.209397	6.97647425
nali1244	-2.28136221985	2.25167027935296	-7.0461755	1.86392125
nama1268	0.704640624491	2.20936608405665	-3.7977555	5.0756695
namb1293	2.126240212474	2.463990997655	-2.40944025	7.39769025
namu1246	0.50285939028015	2.19729031859523	-3.50435725	4.9922215
nana1257	0.9840040694275	2.32302380558891	-3.48554675	5.88508674999999
nand1266	-1.74911169749	2.37120457194477	-6.74567775	2.55872275
nang1262	-0.1401113704	2.40084435020544	-5.30567725	4.54806675
nara1262	0.21036162792	2.36991299252512	-4.46876825	4.93814225
naru1238	1.281268828615	2.40545910580339	-3.42451875	6.343431
naue1237	-0.16380379747	2.48067596336161	-5.25396775	4.92558575
naur1243	-0.1165835301038	2.4535663007969	-4.94156675	4.93582074999999
nava1243	1.10417434228	2.4764817133551	-3.48295425	6.49126475
nawu1242	-0.26252799678	2.53137046554517	-5.68227475	4.59373725
naxi1245	-0.3599476957875	2.12093298760072	-4.636539	3.93474975
ncan1245	-0.89239358705	2.500306978611	-6.067313	3.88308475
ndam1239	-0.088169061793	2.51595837334123	-5.18875775	4.904479
ndog1248	-0.5167038259448	2.43856323333357	-5.58618925	4.12403224999999
ndun1249	-0.26294496214	2.58237270503273	-5.505452	4.6344595
negi1245	1.2466211964565	2.33440694202646	-2.999748	6.10788474999999
neha1247	-0.693078606835	2.43905546365456	-5.7340015	3.92051175
nend1239	4.83540610905	2.41495759183721	0.672310125	10.1133575
nene1249	0.5608139672045	2.43341067314845	-4.01150225	5.4366235
neng1238	-0.300460200116	2.38753353005273	-5.15866875	4.4633495
nenn1238	2.2414893084563	2.47138688641116	-2.3293825	7.62032775
nepa1254	-0.106333654936	1.76313805432752	-3.64888475	3.38297575
nese1235	-0.824561614595	2.243584667122	-5.55922125	3.48784225
newa1246	0.47361907491	1.88375107967113	-3.1905545	4.2092595
nezp1238	-1.7187405598985	2.50140941769248	-7.003049	3.09808725
ngaa1240	1.126629359475	2.23341379326285	-3.127998	5.58612224999998
ngab1239	1.028599625815	2.46542510125211	-3.7528295	5.93910524999999
ngal1292	0.662040170141	2.30300468222204	-3.959129	5.47855849999999
ngam1268	-1.058724844091	2.34050897249062	-5.785833	3.26477574999999
ngan1291	0.73269344339101	2.42607194538149	-3.860832	5.7468245
ngar1235	-2.02973677347	2.1975521433303	-6.85363175	1.9447315
ngar1284	-1.1862811730295	2.53041038742091	-6.30007725	3.54052975
ngas1240	-0.40933794608	2.45199147528441	-5.6749325	4.28093325
ngba1284	-0.359897382005	2.41859142576285	-5.1999515	4.29119825
ngba1285	-0.40949987856	2.49003696735782	-5.31821475	4.42196774999999
ngeq1245	-1.3204299380275	2.28175619497418	-6.189587	2.92695225
ngit1239	-0.482439089075	2.5991462144392	-6.0502365	4.43560225
nhan1238	-1.269448719684	2.36840199042332	-6.00346825	2.99609525
nhen1239	-1.876945452345	2.22697458981292	-6.61199275	2.14766175
nige1253	0.5370141548605	2.47448637354925	-4.19873275	5.3290655
niha1238	1.2259080739235	2.55741089198152	-3.82081	6.75719825
nisg1240	-0.607050264324	2.33701602797331	-5.3394365	3.78974225
niua1240	-0.08916650931	2.58353186077648	-5.4944295	4.9548685
niue1239	-0.036154720575	2.55101718891141	-5.21100325	5.18087925
niva1238	-1.2297382027915	2.46804401430826	-6.44411375	3.28542925
njan1240	-0.74196610399	2.48664765848926	-5.7522235	4.00572899999999
nkor1239	-0.0014904555975	2.55294364613167	-5.4509515	5.0727755
noct1238	0.7537762341315	2.3327750960551	-3.81943425	5.5614005
noku1237	-0.70826323828	2.57373810223365	-5.930949	4.237718
noon1242	-0.1250019484355	2.59330928448158	-5.336586	5.04278375
noon1243	-0.859313986758	2.50064119058275	-6.033038	3.94934925
nopa1235	-2.15427192836	2.45926970121685	-7.36741425	2.359243
nort2671	-1.396783090735	2.20869362154331	-6.1621345	2.68080625
nort2684	-0.578155683005	2.57036772039751	-5.81521775	4.24615825
nort2690	0.422766399635	2.49529616290366	-4.522695	5.63575175
nort2697	0.80704676997	2.29084869285596	-3.26106025	5.54732074999999
nort2722	0.932447368325	2.33472269652589	-3.3768185	5.76737975
nort2723	0.442548427896	2.17214142753048	-3.47092875	5.03985575
nort2724	-1.280032947715	1.99256957720426	-5.31984075	2.47623225
nort2732	0.22383903239	2.30069041369478	-4.08502975	5.06215074999999
nort2745	0.264125259845	2.64450227617275	-4.87046825	5.680382
nort2747	-0.852961672582	2.48570057518565	-6.09901175	3.75468574999999
nort2774	-0.28867387072	2.50748417309575	-5.567648	4.63810749999999
nort2775	-0.4008630942745	2.43327661553102	-5.38382975	4.37013774999999
nort2836	2.481731109025	2.23515551367691	-1.432639	7.11037
nort2839	-0.5514658221825	2.14485279661047	-4.96505875	3.537236
nort2845	-0.124966409785	2.61397209297242	-5.268166	5.25060125
nort2847	0.141450721045	2.44002750259831	-4.60710475	4.85702125
nort2885	-0.340354858215	2.58648767556062	-5.71779775	4.46815724999999
nort2930	3.438182325365	2.61300363781521	-1.36240025	9.05279125
nort2938	1.449970647594	2.40369279546182	-3.19177325	6.56107999999999
nort2942	0.262437163092	2.43139079607841	-4.3307075	5.32129425
nort2951	0.73234321185	2.29208041120918	-3.51069125	5.506428
nort2954	0.7407498883565	2.27821229534068	-3.390644	5.62474599999999
nort2957	-3.06262602737	2.2873443387438	-8.16729775	0.919038874999999
nort2959	-0.456763359055	2.04034952408562	-4.81096275	3.3686815
nort2961	-0.29755562004	2.53433329126012	-5.51509075	4.57313675
nort2972	0.850425386535	2.50136759270521	-3.974051	6.065357
nort2994	-0.84428087898	2.45143733490348	-5.543298	3.887256
nort3047	-1.3761602829815	2.3704892868185	-6.206754	2.9885735
nort3139	-0.722566093881	2.44469131382935	-5.82635525	4.10462725
nots1237	-2.439705317635	2.32535101685884	-7.2187715	1.7090865
nsen1242	-0.036356500542	2.6323332778155	-5.344474	5.291337
nucl1235	0.00162296691	2.53912101168011	-5.12607675	4.96491374999999
nucl1240	-0.980028593524	2.34071859853529	-5.779083	3.2751605
nucl1301	0.58630832804505	2.38599220813338	-3.95719325	5.60208225
nucl1302	-1.013757285485	2.25766698559395	-5.61669325	3.47304825
nucl1305	0.388300344983	2.4861709849182	-4.266125	5.36179275
nucl1310	-0.31837312201	2.16576942852381	-4.59985625	4.03153425
nucl1327	-0.033984399141	2.40638832796616	-4.8256695	4.92346825
nucl1347	-0.0827849832889	2.47759736890033	-4.88018525	4.89030775
nucl1417	-0.0059033454895	2.50425090307846	-5.152439	4.8276565
nucl1454	0.542293314915	2.52168647443277	-4.37960725	5.788475
nucl1593	2.144179289625	2.24204967797305	-1.9360225	7.06077824999999
nucl1595	1.4961337775474	2.12748672249474	-2.65747325	5.82690225
nucl1622	1.202646867151	2.54033081307394	-3.47952	6.42401275
nucl1630	5.010629000165	2.43227386660326	0.74268115	10.30464
nucl1633	1.632064172213	2.38540951500121	-3.00400275	6.65712399999999
nucl1643	0.275999818595	2.49739990235714	-4.400896	5.3754045
nucl1706	-1.0915793392	2.25568655421539	-5.798526	2.99919125
nuer1246	-0.75058847435	2.42677686764668	-5.71280225	3.85596525
nugu1242	-0.48521544945	2.54877685504734	-5.69829775	4.48205475
nukn1238	-1.100737055565	1.85239542445795	-4.930337	2.3074585
nung1282	0.201461381825	2.14525277644124	-3.856413	4.51696975
nusu1239	-0.4454741368925	2.08344206991056	-4.5154935	3.7822235
nuuc1236	-1.158232901895	2.47310313550368	-6.39475375	3.43797975
nyah1250	-0.3170597406085	2.35421767624511	-5.3355625	4.202522
nyal1254	-0.293692198766	2.59785217790942	-5.5995845	4.59929175
nyam1285	-0.6472307536545	2.38371727627268	-5.51853725	4.05338925
nyan1307	-0.197007907645	2.60083995096671	-5.4739695	4.740428
nyis1236	1.879092997195	2.27631073980466	-2.3840885	6.8429905
nyor1246	-0.427620654565	2.65925810467253	-5.85700025	4.723812
nzak1246	-0.83028062806005	2.45473470410126	-6.01753825	3.65659975
obok1239	1.372940700055	2.30831235694612	-2.90772325	6.1734295
occi1239	-0.199154703895	2.54514829633899	-5.50763775	4.741449
ofay1240	0.38563751235	2.51422468825686	-4.5618655	5.28779874999999
okan1243	-0.993703297017	2.33214223834523	-6.02648575	3.4053305
okin1246	0.3510657356145	2.47132299897292	-4.5062815	5.400055
okoe1238	-0.2562723497165	2.637823287276	-5.68567175	4.82037625
oksa1245	3.233799084655	2.50408432494812	-1.26711925	8.56779025
okuu1243	-0.839844768504	2.48539018421151	-5.78612325	4.10474824999999
oloo1241	0.756043118295	2.05454575478982	-3.345865	4.86040425
olut1240	-2.1847374106675	2.39741795820836	-7.19165825	2.31591975
omie1241	4.51591750255	2.46554481826022	0.2657082	9.93730399999999
onon1246	-1.0249118948015	2.39850089100278	-6.069181	3.441964
oriy1255	2.27138374694	2.37166198715427	-1.79654825	7.37630599999999
orma1241	0.8334305646025	2.21665053580571	-3.20330525	5.443208
oroc1248	0.956677322274	2.41527498478984	-3.23005525	6.21097925
orok1265	0.812546277175	2.33940810877634	-3.561881	5.7283035
orok1267	3.6208775418	2.4422018214573	-0.691126425	8.86623525
orok1269	4.14466587235	2.47643002235542	-0.0887990675	9.6541525
orow1242	-0.43000285235	2.44093271897878	-5.44337875	4.35835975
otor1240	-0.625237796683	2.09904135254069	-4.7781205	3.5351755
otta1242	-0.08115464431	2.2797490781007	-4.57643425	4.23602125
owaa1237	3.64571692898	2.39655204813634	-0.55226965	8.80303025
paaa1242	2.039066207344	2.2301994150737	-2.09661725	6.69999699999999
paam1238	-0.192784785215	2.08261743089927	-4.4447735	3.86497325
paas1238	0.03417734054	2.62932872559025	-5.3422655	5.11057574999999
paco1243	-0.9467950993535	2.46011320023768	-5.888282	3.79005174999999
paez1247	0.683586798995	2.45130403784141	-4.2205265	5.726492
pagi1243	-0.237736941978	2.57108639987755	-5.3822635	4.6278455
pagu1249	-0.3158958393825	2.28219308356847	-4.812647	4.09483375
pahn1237	-1.005499605815	2.31229183331863	-5.9325065	3.36842524999999
pait1244	-0.420065630505	1.93554819405092	-4.3859255	3.25402625
pala1344	-0.057613925785	2.51135931294219	-5.2870795	4.904733
pana1307	-2.029869992585	2.21952337333761	-6.6839605	2.046674
panj1256	0.84294791676285	2.32569013756336	-3.460233	5.62674474999999
pano1254	1.69294757131	2.23016372435984	-2.369542	6.629883
pany1241	-1.36760448249	2.4155676236092	-6.62882425	2.8604945
papa1238	-2.618384305055	2.38978012934921	-7.76360375	1.69031175
papa1265	0.23232969855	2.22434123736388	-4.200495	4.7194585
para1301	-0.50547066663	2.38175321515714	-5.53412275	3.98687899999999
para1302	-0.2378938649465	2.0351756930809	-4.504893	3.685595
para1316	-0.406671535565	2.46402958959338	-5.4211	4.3289845
pare1266	3.236727662195	2.27806016523052	-0.585793375	8.50164825
pare1272	-0.025276990742	2.3695786944825	-4.9426415	4.479796
pate1247	0.771434814745	1.87964967119821	-2.78516675	4.6677105
patp1243	-2.0181745492415	2.4010951750848	-7.1124815	2.21964075
paul1238	-0.459691248428	2.61615702730453	-5.9123665	4.58798625
pawa1255	3.52240118023	2.50825495496501	-0.96175925	8.853765
pawn1254	-1.00255356072	2.42741957203629	-5.94808475	3.60120375
payn1244	4.843356386055	2.40600337846198	0.682873775	10.15115
pech1241	0.884849209805	2.43698847080754	-3.8080845	6.0463305
peer1241	-0.88047522984	2.48925213462298	-6.06802875	3.8187135
pela1242	0.018842191165	2.2971318542332	-4.34982275	4.529752
pemo1248	1.3900429924	2.21411624486747	-2.64863675	6.31964774999999
pend1242	-0.226804208775	2.47628051018134	-5.307009	4.53983624999999
peng1244	3.0694335513765	2.36163327255367	-1.15997975	8.26550575
penr1237	-0.02151236930405	2.5728522823987	-5.3334615	5.041304
peri1253	0.13329402958696	2.52581568743276	-4.78341375	4.89084425
phai1238	-0.6021429017555	2.49692715196433	-5.64488075	4.09532724999999
phom1236	0.752281847477	2.02013340416684	-3.0241085	4.77893825
phon1246	-0.58532191809153	2.50173459818365	-5.7369455	4.08873925
pila1245	-1.2149148399535	2.44259324178961	-6.29621375	3.4815415
pile1238	-0.1400355636825	2.39783791664644	-5.05811325	4.51771549999999
pima1248	1.6088825622485	1.97464108916606	-2.12136175	5.79305375
pina1252	4.19695124104	2.51658077296674	-0.20865525	9.78648225
ping1243	-0.260056663615	2.58865536169134	-5.50791625	4.8143815
pint1250	-1.970926982315	2.20286962543518	-6.74628975	1.9985335
pipi1250	-1.38795610028	2.21448100999307	-6.18640175	2.585068
pite1240	-1.40061682477	2.18939638642209	-6.165604	2.61082875
pnar1238	-0.07964287777	2.1948832068477	-4.590806	3.99666475
pohn1238	-0.178176755982	2.47530896222869	-5.21423675	4.80759125
poko1263	-1.510994295125	2.38098010753176	-6.52289825	3.2828935
poli1260	-0.246094791005	2.44283330697158	-5.14997675	4.61232449999999
popt1235	-1.29770931782	2.49444792976747	-6.61582	3.34484849999999
port1283	-0.19946421107	2.56587244831314	-5.49738825	4.75767325
port1285	-0.32425907826	2.15134365676584	-4.6147235	3.91207225
psik1239	-1.15973468095535	2.35670187892792	-6.07721025	3.24507025
puka1242	-0.04830459267965	2.65858229383849	-5.59858425	5.07383025
pula1262	0.030254656525	2.5382390280348	-4.99280725	5.22360625
pula1263	0.078305155233	2.56954096080366	-5.0023075	4.939092
pulu1242	-0.18112521293	2.51342043026102	-5.23983	4.44577275
puma1239	2.202362697075	2.22919366751729	-1.91724875	6.9143545
pura1257	3.56018058405	2.45740537635487	-0.85026615	8.9075215
pure1242	0.83425467105215	2.40171806197279	-3.82491375	5.61650099999999
puri1258	-0.089685767469	2.36436091223524	-4.540045	4.8302165
qanj1241	-1.25261630398605	2.48682088567217	-6.469986	3.58389025
qawa1238	1.121919133195	2.38380132311313	-3.5977155	5.99766374999999
qima1242	1.38349814651	2.31595459016085	-2.9682985	6.27855075
quer1236	-1.00889566568	2.43292398119987	-6.00215775	3.74076825
quio1240	-2.721979492338	2.49444869126514	-7.82146675	1.82685825
rabh1238	-0.78219909702	1.9994735587061	-4.7295665	3.174991
rade1240	-0.9627132170105	2.48586618382471	-6.03434375	3.746383
raji1240	1.727751094592	2.32590342410222	-2.51088775	6.67637775
rapa1244	-0.080323185215	2.54325810024904	-5.455714	4.8237355
rapa1245	-0.19329600817	2.57720327226968	-5.44597375	4.83872599999999
raro1241	0.002321926422	2.72867599278444	-5.5026625	5.127122
rata1244	-0.30562290648	2.54482650502415	-5.70938025	4.47754399999999
raut1239	1.690254803611	2.36432789719939	-2.789832	6.6616515
reja1241	-0.2694018191265	2.67223213347196	-5.8451595	4.74419274999999
remb1250	-0.255996528295	2.58831316002879	-5.38856975	4.76728625
reng1252	-1.307264182054	2.32594817615336	-6.229807	3.007737
rian1263	1.0683966943445	2.45574369632895	-3.5771785	6.2694175
rikb1245	0.768419169215	2.42125703472183	-4.04396025	5.65549475
roma1326	-0.302587764465	2.51409968944889	-5.35598575	4.65764999999999
romb1245	-0.2314030368675	2.50395565373243	-5.42458625	4.451606
rong1264	1.033197777115	2.44382738083989	-3.491533	5.98935475
rong1266	2.1358247437529	2.08417982668833	-1.70386125	6.7573055
ronn1241	-0.429677388944	2.48960552869881	-5.54692225	4.13668875
roto1249	0.21291083333	2.24555787438761	-4.32216925	4.767108
rotu1241	-0.137872614965	2.42742258929268	-4.885296	4.83084725
rovi1238	-0.548304662	2.34186809729736	-5.44664025	3.87829575
ruch1235	-1.189716331235	2.36781670543617	-6.300305	3.0843185
ruka1240	1.350346119722	2.27069856667267	-3.13611875	5.90230625
ruma1248	-0.263038604245	2.3429967697364	-5.31243425	4.028049
rung1258	0.416821759335	2.48350854022447	-4.41047375	5.32586975
russ1263	-0.32529776925	2.44652108569327	-5.11228375	4.374559
russ1264	0.34405585369	2.49233468944544	-4.45936225	5.5800825
rutu1240	0.44551279537	2.21979894688795	-3.78543075	4.964571
saar1237	1.834148359905	2.34717197738572	-2.3522425	6.74055074999999
saba1268	2.04138319635	2.26942370990625	-2.0845275	6.557182
sabu1255	-0.205356087105	2.51961820839445	-5.37611225	4.68826924999999
sais1237	0.1834223739035	2.35040013751422	-4.60066025	4.858212
saka1289	-0.788260117349	2.46868570074354	-5.9113675	3.9138985
saki1247	0.774464217385	2.28671020350512	-3.6666695	5.32801124999999
saki1248	0.879196732675	2.3125704078089	-3.55981125	5.63616375
samb1305	-0.998244573266	2.4889018072852	-6.26213625	3.650039
samb1311	-1.00293318372	2.50267125868677	-6.42743725	3.801116
samo1305	-0.075858219825	2.50213421122583	-5.100971	4.903829
sanb1241	-2.254316829215	2.48121341987729	-7.4419305	2.28934625
sanb1242	0.760634794059	2.47287277599994	-3.877317	6.02769225
sand1273	0.400338794725	1.99865181678547	-3.45837225	4.33285324999999
sand1278	-2.219958226909	2.43733478628065	-7.29893125	2.20903274999999
sang1321	1.46596695026	2.07611433822568	-2.39310475	5.77111375
sani1269	-0.4792879519265	2.26579735397569	-4.82643825	4.138787
sanj1284	-2.677941021137	2.60253289914186	-8.12473275	2.1077785
sanm1289	0.6051721902045	2.54664916981882	-4.47498825	5.81609375
sanm1295	-2.39900546158	2.4787435920437	-7.75380625	2.13665575
sanm1301	-2.6507123149335	2.51000036489841	-8.3243245	1.9800575
sant1410	2.51947242517	2.34717769426727	-1.6802345	7.76905175
sant1436	-2.06718365112	2.35334719966705	-6.90704875	2.2044545
sant1451	-2.498438159955	2.43225704635394	-7.6562825	1.78203249999999
sanu1240	0.998215340837	2.45957975417033	-3.689196	6.1754875
sapo1253	-0.1286439260325	2.24168622764947	-4.7218575	4.149692
sapu1248	-1.40621013554	2.27629045953851	-6.41119075	2.81704099999999
sara1321	-0.42427362301	2.52860501875135	-5.632919	4.4354895
sars1236	0.0703689367	2.42866926697366	-4.55495375	4.93713699999999
sasa1249	-0.1892180763595	2.66039891718139	-5.446814	5.12586675
sauk1252	-0.2208313069655	1.84946096173249	-3.95871375	3.371111
savo1255	0.182087645235	2.3701024775754	-4.579911	5.03878774999999
saya1246	0.140782243385	2.39796039205296	-4.63941575	4.72949925
seda1262	-1.26255064831	2.40406113734274	-6.2440335	3.295184
seim1238	0.051315954927	2.49331070207769	-4.90154825	4.97436249999999
sekp1241	-0.450439398145	2.43271975772632	-5.337328	4.2826475
sela1259	-0.17584877227	2.48534925518641	-5.32426775	4.61691425
selk1253	0.7171693695755	2.36464197379687	-3.8254725	5.39514399999999
sema1265	-0.392070582976	2.55357211324494	-5.73903525	4.48427125
seme1247	-0.3889641163	2.61065335527127	-5.901801	4.51906
sene1264	-0.735647217906	2.36744146204233	-5.63964225	3.717942
seri1257	1.3625257904	2.44683615241664	-3.45222075	6.24641575
sgaw1245	-2.244212296195	2.36496213983447	-7.31324225	2.15961425
shab1252	0.630004213626	2.20647170034368	-3.5100995	5.171385
shan1283	0.85261359143	2.29553205068814	-3.684541	5.57741175
shaw1249	-0.2086425549075	2.51264046112763	-5.376139	4.52112675
shee1238	-1.01196065173	2.42085470149634	-6.197606	3.6282715
shil1265	-0.65864913697	2.39126939464397	-5.47370975	3.8308315
ship1254	0.121845773965	2.0587085678704	-3.909911	4.3320495
shix1238	0.319510655153	2.23854279256932	-3.96506825	5.17343575
shol1240	-1.28166847339	2.28279522499904	-5.850013	3.14180825
shon1251	-0.028129718011	2.67524669556852	-5.332621	5.5029445
shor1247	0.405504672895	2.51373686710615	-4.3610925	5.7192825
shos1248	0.582519594655	2.21452438611649	-3.6295665	5.187045
shua1257	0.4468317008325	2.39682670505941	-4.17766925	5.41424375
shwe1236	-0.25875578897	2.26319874032432	-4.983204	4.06429175
siam1242	4.252298058045	2.43040427152058	0.0549978475	9.29104
siaw1243	2.814828598775	2.39761914888201	-1.363236	7.98090325
sich1238	0.381240641445	2.21830957457307	-3.72875875	4.93497374999999
sici1248	-0.3699209512895	2.5745584679632	-5.65494125	4.56312725
sici1249	4.50510394484	2.52258276445879	0.12895065	9.80512149999999
sida1246	2.4162262781	2.32760179501891	-1.69593	7.5769525
siee1239	0.689680063958	2.3405714452657	-4.02934825	5.41075549999999
sier1248	-2.690775484635	2.36986468954068	-7.856874	1.7429925
sier1250	-2.716389254895	2.53718648381321	-7.8720715	1.79751074999999
siks1238	-0.643970446725	2.46269238150113	-5.81609875	4.2038405
sile1255	4.95940667685	2.31854652583069	0.8847722	9.8945715
sina1266	5.00015795891	2.32952546200376	0.8611323	9.85472949999999
sing1264	0.83846104963	2.3645224937616	-3.76820425	5.836783
sini1242	0.4111653599315	2.55020790407123	-4.671499	5.619699
sioo1240	-1.621248241075	2.0415483389013	-5.76767025	2.327338
siri1274	1.76074184726	2.14897858762078	-2.273183	6.0354345
situ1238	0.6731755681	2.30050741469458	-3.82044875	5.35335299999999
siwi1239	-0.263486113275	2.49216122862756	-5.31348825	4.48183425
siyi1240	-0.9777966008846	2.00507904026642	-5.18580875	2.67932325
skol1241	1.7070329351198	2.13368117089855	-2.2192135	6.13207224999999
slov1268	-0.27206329545	2.47147489905033	-5.396274	4.58919125
sobe1238	1.18610374392	2.13123297235564	-3.04702775	5.386429
soch1239	-2.70608749287	2.43564955865204	-7.595294	1.93324375
soga1242	-0.580720065207	2.60310849717691	-6.00354825	4.6228945
soma1255	1.19640570067	2.33905509586876	-2.859928	6.3634335
soni1259	0.2795595764215	2.53395588724851	-4.66127025	5.55266025
sons1242	-0.12756413718	2.50516642085562	-5.1996115	4.73803975
sooo1254	-0.721637273215	2.55282121192481	-6.010086	4.07862899999999
sooo1256	-1.053548152285	2.41104484249253	-6.00276825	3.570304
sora1254	3.067823802635	2.2739870624877	-0.997071925	8.08396574999999
sout1528	-0.1306228817465	2.48946732554185	-4.90240075	4.813851
sout2649	0.85156743104	2.41331722133023	-3.688397	5.73552349999999
sout2674	2.029446896658	2.13928020497513	-2.02711525	6.70185925
sout2679	-1.61849457677	2.40620885302718	-6.66173875	2.87659875
sout2728	0.849465731558	2.32341549140729	-3.5565475	5.72353125
sout2729	0.1900960865595	2.13373839724805	-3.843257	4.48453825
sout2730	-1.68383194051	2.08251631925093	-6.078439	2.266249
sout2782	-1.1377490872005	2.4922175013601	-6.2694645	3.61380525
sout2807	-0.049596630265	2.67250441219762	-5.7988135	5.258533
sout2856	2.69818263091	2.2570294047472	-1.28715875	7.4341865
sout2857	-0.3544821549605	2.16946956500309	-4.812717	3.8760285
sout2859	-0.413404373235	2.10854490005601	-4.69039125	3.65337524999999
sout2869	0.000960927332499998	2.44991277384102	-4.881129	4.67016325
sout2895	-0.469345137755	2.53640696396798	-5.5209515	4.34798275
sout2896	-0.01649257272	2.47622344365723	-5.1829085	4.7831475
sout2912	-0.253934970945	2.54414648968842	-5.194357	4.8000715
sout2954	0.210127916979	2.49058232969473	-4.72899975	5.218181
sout2956	1.533282395594	2.46142348386108	-3.06385075	6.93176924999999
sout2959	0.31308027608	2.6313112350726	-4.6429725	5.73456949999999
sout2976	-1.31533141288	2.07789052806498	-5.461628	2.58968225
sout2985	-0.26156827571	2.28214028945115	-4.78414875	4.22110175
sout2994	1.3340343958565	2.4777348036245	-3.46660025	6.3272395
sout2996	1.861286556597	2.20352084405919	-2.0050905	6.38597025
sout3236	-0.34195973496	2.21760213013848	-4.89716575	3.81848724999999
sout3261	-0.0912415791935	2.25593495234925	-4.629797	4.540907
stan1289	-0.2540690338995	2.44003544797197	-5.2617165	4.27201775
stan1290	-0.1860039999892	2.47496181877653	-5.122472	4.7735635
stan1293	-0.33986261532	2.60123739151751	-5.78048825	4.46019725
stan1306	-0.305463608015	2.60327757006995	-5.90747275	4.46952425
stan1318	-0.466226957005	2.34196355217971	-5.1669995	3.93829875
sude1239	-1.52259600414	2.29187685621459	-6.4562495	2.69124725
sumi1235	1.7628108933425	2.00652281037484	-1.9999215	5.8775855
supy1237	4.011821263544	2.50740553766343	-0.3892486	9.53246375
surg1248	1.39244000033	2.30843495838922	-2.9272435	6.13085675
surs1246	-1.8226255888235	2.43434247623403	-7.00043675	2.50199525
swah1253	-0.147038227726	2.57203296922417	-5.073619	4.85378075
swed1254	-0.14660342266	2.44927312676191	-5.20409575	4.62029675
tabo1241	2.870005209065	2.41893471268975	-1.50855425	8.05154225
tafi1243	-0.398238093935	2.55458397553794	-5.6210445	4.55979074999999
taga1272	-0.3125253955075	2.52545444856387	-5.489071	4.55422925
taga1273	-0.2728952582802	2.50747494694396	-5.428436	4.66114975
taha1241	-0.1897150843355	2.51047729340066	-5.32847475	4.73207225
tahi1242	-0.1026382388865	2.49466339777995	-5.364907	4.98190025
taji1246	-0.2226938944665	2.53275700720981	-5.309307	4.74814525
taku1257	-0.046302090515	2.64795974436261	-5.24739875	5.040634
tama1331	2.03063344716	2.39442452103858	-2.30211025	7.15459625
tama1365	1.34016983078585	2.34382779711391	-3.237185	6.126519
tamb1254	-0.29543017984762	2.52269204457895	-5.5332955	4.475201
tami1289	-0.014026501035	2.44435584849375	-4.97803575	4.984421
tane1237	-0.386323556735	2.52094694688555	-5.608094	4.42150974999999
tang1336	2.07705383447	2.09524536282451	-1.680555	6.43801325
tang1347	-0.8346363447695	2.31776856454988	-5.7293815	3.44953649999999
tang1373	1.406667807015	2.22747706488875	-2.57979175	6.28558925
tang1377	1.5805519759	2.38453510155426	-2.78303375	6.72194275
tara1313	1.149000238475	2.04691261019624	-2.6517945	5.528055
tari1256	0.638224115313	2.19828635670711	-3.67826275	4.9897915
tari1263	-0.23898039731065	2.61119867124108	-5.6850715	4.807419
tata1255	1.122857691125	2.31612703886695	-3.20168425	5.85000825
tata1257	-0.289417646135	2.48721610763467	-5.175248	4.54131325
taul1251	-2.41438024186	2.41232298787541	-7.42449175	1.93732775
taus1251	-0.154565925174	2.56984388283304	-5.23630425	4.9503035
taus1253	-1.62198249205455	2.53428734030845	-6.890442	3.040444
tawa1286	-0.301872648815	2.52242888572209	-5.49446925	4.54054625
taya1257	-0.119893170169	2.56712652803234	-5.30864675	4.86131525
tbol1240	-0.2361602764755	2.60044929354759	-5.31249775	4.947417
tean1237	-0.387437262635	2.5395842313901	-5.72586275	4.37613449999999
teda1241	0.28121859087	2.53236637224932	-4.62708875	5.5776765
tedi1235	-0.955701253575	2.00389648645254	-5.02581175	2.7369605
tehu1242	-1.212042623636	2.46185104949791	-6.3511465	3.377245
teke1275	-0.061057214906	2.60600365169467	-5.28963175	5.12379075
tekt1235	-1.23498942459	2.49915040887304	-6.55038025	3.60126049999999
telu1262	0.723736395121	2.40460408126291	-3.843741	5.75765324999999
temi1246	-0.48700405718	2.50121601116716	-5.6703645	4.208799
temo1245	-1.4993090274765	2.33151817451414	-6.4422635	2.8191325
tene1248	1.4052126419355	2.49069270288195	-3.21452475	6.38683075
tenn1246	-0.74104742196	2.39291092012569	-5.74325325	3.6199965
tera1251	-0.1152988357945	2.36257339102254	-4.85936125	4.45518924999999
tere1279	-0.77930109698	2.49880876662095	-5.962998	3.90459175
teri1250	1.1591242303745	2.33527977030421	-3.2693775	6.01854975
tern1247	-1.57227690243	2.2881529282178	-6.2569645	2.74979775
tete1251	-2.193335998835	2.34567945107976	-7.14955625	2.00788925
teun1241	-0.249345432036	2.61629165621176	-5.610172	4.64594475
tezo1238	-2.385772669983	2.49671074961355	-7.56247325	2.116211
thad1238	-0.177069967335	1.91794868101176	-3.9930725	3.50186
thak1245	1.575780219035	2.21408740799428	-2.63821675	6.39247275
tibe1272	1.152955042095	2.28583513863128	-3.23053175	5.882039
ticu1245	-1.184358355685	2.53956940656574	-6.26639675	3.62811775
tief1242	3.472582941975	2.23957718510291	-0.519413225	8.025998
tief1244	3.308856000405	2.23046823858352	-0.74323035	7.78871
tiga1245	-1.7847909408755	2.37977073535922	-6.88005925	2.554315
tigo1236	-0.894316690575	2.4883418617258	-6.17591375	3.658887
tika1246	-0.615518298955	2.48682010744664	-5.56664475	4.32699925
tilu1238	2.0397995037335	2.15260617485599	-1.78857225	6.52879974999999
timn1235	-0.315985665289	2.54204658956674	-5.475933	4.6250365
tina1248	-0.30640270343	2.66369907406464	-5.7047645	4.963574
tira1254	0.00238422757	2.15838238286215	-4.312369	4.26098475
tiri1258	-0.40642638344	2.47022214919082	-5.34440775	4.23776275
tiru1241	-0.244617734153	2.56681819734346	-5.428096	4.600688
tita1241	-0.06197422480505	2.50240835212383	-5.23096975	4.76577425
tivv1240	-0.71339745864	2.46315364708261	-5.9966735	3.8351545
toab1237	-0.353155265414	2.31443509017299	-5.06395	4.128978
toar1246	3.982748723942	2.39412655496586	-0.1146664	9.313128
toba1268	-1.57843638237	2.4279454288096	-6.52793775	2.732451
toda1252	-2.237989684976	2.30429489870721	-6.66531225	1.9500755
toho1245	-1.2547223510045	2.0121382030043	-5.68302075	2.4997395
tojo1241	-1.216317974015	2.5346009141034	-6.455891	3.456356
toke1240	-0.0967977121	2.52881698269269	-5.2889215	4.8019195
toma1245	0.4009251013885	2.46946650567827	-4.2448895	5.50869675
tomm1242	2.110466998005	2.38507395733605	-2.37134275	7.022224
tond1249	3.03295409063	2.33840883857463	-1.20782	8.02811725
tong1308	-0.30894012501	2.52846654261285	-5.65465625	4.561961
tong1318	0.04856743897	2.6279723698551	-5.23929	5.09627525
tong1325	-0.093703439631	2.5423870590597	-5.300942	4.8552635
toor1238	-0.36674706141	2.5665925731368	-5.71022175	4.77606675
tosk1239	-0.431704443318	2.53081677401645	-5.8129505	4.4702875
tote1238	0.02092862452	2.57836672653051	-5.19810475	5.34810849999999
trin1274	-1.139474221195	2.3600331896538	-6.052246	3.23141525
trio1238	-1.59075773387	2.36042128451727	-6.62651825	2.72522124999999
trum1247	1.014067125935	2.22013357845446	-3.1227415	5.547252
tsam1247	1.115876572254	1.85636574684104	-2.409137	4.98286599999999
tsat1238	-0.2347638329985	2.60782522520433	-5.5576195	4.90395899999999
tsha1245	1.403183539096	2.14679779701253	-2.416334	5.8216045
tsis1238	0.0362689378395	2.62301511723344	-5.04029525	5.23967225
tsix1234	2.066216394375	2.39745591829602	-2.28877	7.115765
tson1249	-0.0497035863395	2.51481012759828	-5.0681915	4.929454
tswa1253	-0.922065071799	2.52305669394609	-6.164996	3.878724
tswa1255	-0.0820388781955	2.66251551619323	-5.5176055	5.1611995
tuca1252	1.8850971639717	2.0527465545138	-2.07027	6.11892625
tuge1241	-1.916835526798	2.39337126386341	-6.9434185	2.603274
tugu1245	-0.156478247535	2.49268009702651	-4.98823375	4.8155605
tuka1248	-0.22706018095	2.51419316927751	-5.4333515	4.72332175
tuki1240	-0.447778966935	2.48245058460388	-5.566251	4.30220525
tula1252	-0.5686660255215	2.33681199085826	-5.312196	3.913862
tulu1258	0.1504164057235	2.44418303567494	-4.5845295	4.98970899999999
tung1290	-1.21521045242	2.52697614958808	-6.5783475	3.5558395
tunn1238	1.19505181397	2.10786485803451	-2.83822125	5.47772975
turk1304	0.365354507295	2.42309812345325	-4.39639775	5.31485125
turk1308	-0.0701257851275	1.9974677602846	-3.99833525	3.92972975
tusc1257	1.816747482145	2.35822024230246	-2.54747575	6.53128674999999
tutu1241	-0.883557921809	2.30401128106616	-5.6104595	3.44800425
tuva1244	-0.177014880765	2.60322314777944	-5.4244385	4.94295224999999
tuvi1240	0.44095269124	2.47647640089865	-4.3066615	5.28303875
tuwa1243	-0.361777353845	2.49324292774384	-5.658962	4.4189425
tuwu1238	-0.421020233125	2.4597650037767	-5.55039475	4.1411255
ubir1237	4.20388394218	2.35707681086591	0.14927415	9.1736785
udih1248	1.00819964691	2.42151304077976	-3.635364	5.92423725
udii1243	0.85106027599525	2.28789998664167	-3.39864	5.56583975
uduk1239	-0.25882112963	2.39247733802181	-5.10366525	4.445664
ughe1237	-0.52114346515	2.39464327779398	-5.47183525	4.10467975
ugon1239	0.0913915167145	2.48724825259678	-4.7624565	5.19098025
ukaa1243	-0.237099850525	2.63930297598657	-5.61542125	4.91077075
ukra1253	-0.257416265417	2.47998133243291	-5.48050325	4.4595545
ulch1241	1.2930049991575	2.45990061017935	-3.304269	6.6492935
ulit1238	-0.256216483825	2.57053650751745	-5.579467	4.59647824999998
ulwa1239	0.83971680304	2.53547534941316	-3.85396775	6.32173725
umaa1242	-0.232867318395	2.53028227126588	-5.486882	4.61402525
umbu1258	3.75292380538	2.49539806141474	-0.608502725	9.13090049999999
umes1235	1.735932236925	2.18853675090049	-2.243349	6.36256024999999
unua1237	-0.624730098065	2.15439989476145	-4.91659475	3.583211
uppe1275	-3.07702068954	2.27480727310169	-8.143734	1.05161875
uppe1427	-0.237905609945	2.57555001356387	-5.4167225	4.88448574999999
urak1238	-0.21629949368	2.53054140672433	-5.26736375	4.625608
urar1246	-1.778394009126	2.42552015774365	-7.12413625	2.74188024999999
urav1235	0.9188278804855	2.35354368397571	-3.8040655	5.73571525
urim1252	0.7926968181705	2.05555016245037	-3.33479125	4.81783524999999
urip1239	-0.808929424765	2.21460765006518	-5.1922555	3.38699925
urni1239	-0.23398014719	2.31810549551929	-4.87810925	4.4082175
utes1238	0.64375610046	2.491396778625	-4.13526325	5.712696
vano1237	-0.383421734039	2.54168453611175	-5.88827275	4.28471625
veps1250	-0.96173026095	2.36395586473328	-6.0346465	3.40621475
vera1241	-0.515090435885	2.43844206883592	-5.59840675	4.2756395
viet1252	-0.45397259057	2.53794558056233	-5.89390575	4.4264045
vinm1237	-0.6680051010295	2.15884492234994	-4.97686925	3.476837
voti1245	-1.5692794653372	2.41213832880691	-6.931365	2.94588925
vure1239	-0.5185730577935	2.43335649256761	-5.56595325	4.27032
waga1260	-1.723849261317	2.46267071041073	-7.21028375	2.80047375
wage1238	-0.81021270044	2.41782607976934	-5.61266375	3.77407325
waig1244	-1.74448587694	2.49041041825059	-6.94736575	3.0091445
waim1251	4.6576593571	2.49020304828904	0.413298225	10.15015
waim1252	-0.10716396781	2.4558257737582	-4.90853525	4.63003125
waim1253	1.139970089908	2.21220314554783	-3.01450725	5.88422599999999
waiw1244	-1.232725401964	2.3892953046101	-6.30515525	3.1914645
waja1257	1.4523584050825	2.24631022920271	-2.70296075	6.59055875
waja1259	-0.635457594015	2.32510283519923	-5.443435	3.717928
waka1274	1.0977179662965	2.38523368291278	-3.44551	5.97612075
wala1266	-0.275744532345	2.21952893205651	-4.96659225	3.98930525
wall1257	-0.064892160085	2.558347440246	-5.31635425	4.83105075
wamb1257	2.054639706757	2.16547326077649	-1.823759	6.62532275
wand1267	-1.61285045031	2.45864221014467	-6.761352	2.9010025
wand1278	-0.9945359383785	2.35582124815752	-5.8682895	3.629448
waor1240	-0.921957344483	2.33812366684691	-5.7226445	3.42024575
wara1294	1.87819322101	2.46206792298853	-2.68542125	7.04398975
wara1303	-0.7394846357995	2.33393953383984	-5.46301725	3.572549
ware1253	0.821795311015	2.42048205203386	-3.94272775	5.7641975
ware1255	-0.346180576415	2.4422759547616	-5.4626945	4.47110149999999
wari1268	-1.59478270694	2.35099477351437	-6.4597535	2.72818599999999
warj1242	-0.506286216222	2.18510078413651	-4.74987375	3.68948725
waru1265	0.8386888964295	2.26249818426442	-3.33973275	5.669837
wash1253	0.803424693955	2.36166940646444	-3.80059175	5.531638
wawa1246	-0.71729544364	2.56985464704636	-6.13238425	4.19615725
waya1269	-1.7725777672785	2.25594142343339	-6.6764145	2.39509325
wayu1241	1.7239082208585	2.12279582287096	-2.206278	6.237249
wayu1243	-0.426527054835	2.43849654436419	-5.605165	4.26460625
wels1247	-0.32372926619	2.37071670152823	-5.11860375	4.0458185
weri1253	2.612978699065	2.20238676274565	-1.21033275	7.31553625
west2354	-0.34669068002	2.40465171488691	-5.192178	4.175251
west2369	0.733158344775	2.41504989904396	-3.6265525	5.97614375
west2396	-1.567939238505	2.3806387082394	-6.69045375	2.719822
west2397	-0.7064875409275	2.49506536592815	-5.792871	3.77498375
west2415	-0.143262656095	1.75375269590638	-3.6608625	3.3446635
west2418	1.4935697328025	2.19234510109255	-2.580013	5.92730475
west2430	-0.2941644861695	2.42664874687949	-5.3660205	4.39678425
west2466	3.93318312096	2.28924402040171	-0.1470643	8.636825
west2516	-0.312492095978	2.52634775398451	-5.43221525	4.5070085
west2519	-0.224685408125	2.46820719940746	-5.2487455	4.47208325
west2548	-0.228840019625	2.59835218744656	-5.48896375	4.84272475
west2555	-0.36869627654	2.58489547763411	-5.66137775	4.788859
west2557	-0.21434368162	2.5591574472533	-5.51143725	4.69017275
west2560	-0.293262836424	2.44910624765875	-5.19189425	4.51477475
west2594	1.38550383609905	2.46666667451262	-3.16650975	6.47580925
west2600	-1.724100099165	2.26427860663802	-6.5584	2.42479025
west2615	1.0217997058825	2.48044265663677	-3.5207125	6.30592375
west2635	-1.290742656525	2.48652051812948	-6.55947625	3.52293225
west2644	-2.169732147211	2.43965500960983	-7.46441325	2.31318175
west2650	-0.517365826725	2.56702923463715	-5.6818585	4.35533575
whit1269	0.034382792745	2.44778827126136	-4.9552145	4.7948355
wikm1247	-1.000320475725	2.38654476115598	-6.05145275	3.54040375
wiru1244	3.689029713405	2.53721276481522	-0.534196075	9.196328
woii1237	-0.326787622275	2.44937173801694	-5.05453	4.40672499999999
wola1242	2.455387818765	2.30266297745953	-1.8122245	7.28163375
wola1253	2.2127351058575	2.33102860086501	-2.033882	7.15982775
wole1240	-0.1040997835305	2.54114585557629	-5.10012075	4.79318075
woli1241	-0.191923524675	2.62979969788908	-5.578163	4.9616835
wotu1240	-0.205072450805	2.56013389749705	-5.46816	4.6649385
woun1238	0.859621642745	2.30570189764781	-3.47336775	5.62832675
wuch1236	-1.67172811025	2.23825986926352	-6.41063925	2.4567115
wudi1238	-2.76065373837	2.1959447656391	-7.36190275	1.20592425
wusa1235	-2.2984794991695	2.17084543441857	-6.64885575	1.7880485
wutu1241	0.844035471535	2.17914332991608	-3.16742475	5.5145975
wuvu1239	-0.05498419536335	2.47088085062766	-5.32771525	4.80815975
xamt1239	1.7364032752835	2.34333541502336	-2.41868275	6.75912475
xara1244	-0.425194816305	2.47883567088195	-5.49051175	4.47857475
xava1240	0.9911575173995	2.49379892196466	-3.74580375	6.37820325
xish1235	-0.830077191395	2.24901311828252	-5.2638465	3.52684225
xokl1240	0.7657788065155	2.4024217564268	-3.77885975	5.9410115
yaak1241	-2.33808781789465	2.11104312995778	-6.70443525	1.631004
yaey1239	0.388826016835	2.63685443468151	-4.77058175	5.72578074999999
yagu1244	-2.28918755991861	2.50768635951442	-7.30792075	2.43429425
yaka1272	-0.247785402425	2.5341744159583	-5.443483	4.586739
yaka1277	-0.195727246493	2.5097664613195	-5.308142	4.78137625
yaki1237	-1.639159726675	2.46637033758821	-6.86090825	2.9462815
yakk1236	1.99101730061315	2.31576154416688	-2.10483475	6.85843775
yako1252	-0.2282243435985	2.46207624189046	-5.24424775	4.51262625
yaku1245	0.428118079985	2.51294659348577	-4.44124225	5.630481
yale1246	2.53305714964	2.22962732474803	-1.40126025	7.06054725
yama1264	-0.8511766732049	2.49353598573684	-5.99265225	3.84798924999999
yami1254	0.6087192358675	2.45138329150331	-4.3415545	5.44434024999999
yami1256	1.69699653609	2.36128639514443	-2.66207375	6.67473225
yank1247	1.157387865919	2.30968247297964	-2.88779875	6.18826425
yano1262	0.98939143651	2.41573282654547	-3.50664675	5.85103325
yaou1238	0.5196404862325	2.42919785922266	-3.9238115	5.6517695
yape1248	-0.332687483235	2.50811772162069	-5.40141575	4.565785
yapu1240	0.6890978564	2.0522966841454	-3.5890895	4.612443
yaqu1251	1.75683672598	2.20360512343156	-2.340386	6.40143474999999
yare1248	4.517629755147	2.43271282084772	0.342572775	9.7930115
yatz1235	-2.670875528105	2.60002441169399	-8.10198425	2.09025925
yaul1241	3.714277891815	2.46531922857721	-0.720081525	8.98502149999999
yaum1237	-0.6049886684932	1.82105565433517	-4.27586275	3.03327525
yawa1260	1.9186748895055	2.3728055542403	-2.28768475	7.03359125
yawu1244	-0.7130663427345	2.36346725137184	-5.60418025	3.83553825
yecu1235	-2.544336320455	2.45282347975516	-7.5936555	1.94255125
yele1255	-1.7075657351365	2.36406717486322	-6.602186	2.67777075
yems1235	2.399466833663	2.33643761122442	-1.7451555	7.47087775
yidi1250	1.917717402615	2.30654663007099	-2.24367775	6.84551424999999
yind1247	-1.77088813426	2.42542723186016	-7.01081425	2.6589235
yoga1237	-0.397933240614	2.50604605096593	-5.62091025	4.44833
yoku1256	-0.606818158048	2.31462367664029	-5.13112425	3.99264875
yona1241	0.3589519390845	2.50166287240313	-4.44852125	5.27683774999999
yong1270	0.20616115308	2.13450460031082	-3.841318	4.58081374999999
yong1280	2.38028310426	2.51346865949791	-2.13959225	7.79002875
youl1235	-0.21797701863	2.17940430121154	-4.529832	4.0614805
youn1235	-1.0977582061445	2.38056385008627	-6.06910175	3.2237335
yuca1254	-0.289038662495	2.59485475224221	-5.59404625	4.71560825
yuch1247	1.71044724041465	2.32079257442348	-2.45801975	6.58957625
yuec1235	-2.05299793595	2.20180842817987	-6.7489925	1.891835
yulp1239	0.3464671011375	2.21866891006816	-4.13170075	4.64421225
yulu1243	-0.352425184893	2.52490533105861	-5.65943575	4.3600505
yuqu1240	0.05269848357	2.12335802880454	-4.0904565	4.33185499999999
yura1255	-0.072233496595	2.17517244285925	-4.30212325	4.323065
zaba1237	-0.4231732584276	2.374147772754	-5.38185475	4.10161774999999
zaca1241	-3.107923517506	2.27659812852118	-8.08251	1.0317035
zaca1242	-2.06140240126	2.48156617770417	-7.434592	2.452666
zagh1240	0.553496614915	2.39620970550401	-4.11505975	5.661807
zaiw1241	-0.094789032729	2.45385622768135	-4.8972155	4.75868349999999
zakh1243	1.3218435842685	2.35459629652775	-2.97488425	6.499064
zani1235	-2.4275369975055	2.56700516687858	-7.82450175	2.30039
zapa1253	-1.329354243975	2.41745098179816	-6.2777035	3.21421474999999
zarm1239	-0.5816176831	2.3415961881619	-5.38568025	3.759024
zaye1235	-2.692671469235	2.41011457455749	-8.117744	1.5114215
zays1235	2.027521423425	2.19679767762196	-2.085783	6.82251
zeme1240	2.24449804835	2.10178728349798	-1.59956075	6.834865
zhab1238	-2.24147572761	2.21438893730053	-6.7735345	2.083654
zoog1238	-2.681023030005	2.57846280049619	-7.8764875	2.03468175
zulg1242	-1.284828796025	2.34919203783584	-5.98044125	3.04015225
zuni1245	1.57978808786	2.4233377707507	-3.12313375	6.5898455
