Estimate	Est.Error	Q2.5	Q97.5
abad1241	5.93395105322	2.62396755322583	1.1665645	11.8264575
abar1238	-1.093116668725	2.66273853280859	-6.54721375	4.12768925
abkh1244	-1.263398515615	2.67137508146733	-6.7088535	3.80148825
abua1245	-0.1798581269	2.37441909035336	-5.052411	4.40655974999999
abun1252	-4.156008275705	2.80372651519375	-10.049055	0.917713749999998
acha1249	0.254144253771	2.51870899461119	-4.771639	5.28669675
acha1250	-0.11618622525	2.65581032781291	-5.6788915	5.05410874999999
ache1245	-3.598571311725	2.42534230431557	-8.782213	0.822506374999989
achi1256	-1.587664930945	2.74970291983989	-7.1929585	3.59460275
achi1257	-0.1418574012105	2.89779341285185	-5.9784025	5.81112424999999
achu1247	-0.668311467806	2.76559620611233	-6.35017875	4.65708875
achu1248	-0.53348335394	2.71701962383903	-5.90738775	4.78743125
adan1251	0.2853857260935	2.52782204132156	-4.92122375	5.1707815
adon1237	-0.3432856940815	2.54356955641892	-5.518214	4.70446899999999
adze1240	1.833150852679	2.27037707000022	-2.5320045	6.2170055
aeky1238	2.592318577595	2.61466343682536	-2.0754765	7.9877975
afar1241	1.728018371189	2.60366955395014	-3.18552	7.28163125
aghe1239	-0.994256967725	2.72777428354069	-6.59233525	4.3756965
aghu1255	1.780519014805	2.75091459738421	-3.2251815	7.295689
agob1244	2.996741669805	2.66390524302317	-1.67599725	8.653288
agua1253	0.377989672805	2.77257432015328	-5.00394575	5.944413
agut1237	-0.2786419297155	2.80507048018746	-5.92907475	5.1876745
aheu1239	-0.3474585209915	2.80055371028243	-5.9096985	5.55505275
ahin1234	-0.60873648177	2.94581511532319	-6.455373	5.36662225
aika1237	1.569289820025	2.50574229567054	-3.1374185	6.8834735
aime1238	3.195549706809	2.83446987592283	-1.749336	9.093481
ainu1240	0.2509371925505	2.81023659064474	-4.95893325	6.026587
ajab1235	-0.472963817348	2.89044479961924	-6.35458775	5.23197149999999
ajas1235	-1.337068072165	2.82010623459235	-7.27833075	4.01159
ajie1238	-0.6958013047865	2.84916719639927	-6.62744675	4.86961675
akei1237	-1.220451228388	2.59309557511998	-6.63033175	3.72946675
akha1245	0.051905653956	2.40652502193035	-4.811049	4.92728775
akoo1248	-0.38441117822	2.87259207569357	-5.957641	5.181033
akun1241	1.654100383923	2.36323505680028	-2.8717445	6.596227
alab1237	1.03747222092	2.68889763247922	-4.05052925	6.76002275
alab1254	3.17841140868	2.58222492288667	-1.36231175	8.826611
alac1244	-1.67577266652	2.71636517493536	-7.51248	3.37971425
alag1248	0.841304070265	2.40354101067579	-3.7226065	5.76994125
alba1269	-0.27464428923	2.87009699987273	-6.176272	5.15672899999999
aleu1260	1.1662244889075	2.62465178276279	-3.743514	6.60765
alor1247	0.2342107155535	2.5704132224327	-5.00055325	5.10131
aluk1238	-2.987243027665	2.55001471513529	-8.5843685	1.83276325
alya1239	-1.97055593159	2.59915937721381	-7.3689575	2.9449275
amah1246	1.63366185591	2.64499573073697	-3.35978325	7.231305
amam1246	4.18028074294	2.43177798578526	-0.1439943	9.43109249999999
amar1272	-1.333562121245	2.50154992639194	-6.6393135	3.42173825
amas1236	-1.818182359875	2.69696801886418	-7.662681	3.24570675
amdo1237	-2.68316972296	2.3227721919434	-7.6492365	1.61662149999999
amha1245	2.394780441815	2.66426765762693	-2.2674215	8.32278125
amri1238	-1.33913133475	2.16902740811384	-5.69010025	2.77965475
anei1239	-0.306342446595	2.70499069954337	-6.02360325	4.71901499999999
anga1288	3.027059097984	2.3606256760854	-1.333566	8.056996
anga1290	2.5635396099445	2.26721791345303	-1.5038385	7.52812975
ango1257	1.0815479830995	2.55856272239198	-3.69334625	6.45424975
anta1255	0.025179077027	2.80161525759055	-5.58311425	5.51469375
anuu1241	-1.6740518057335	2.19595200847404	-6.1864175	2.51694525
aona1235	2.181738664425	2.25999530745149	-2.02755975	6.91363575
aoua1234	-1.38483046332	2.77723510454441	-7.2009405	3.74374675
apat1240	2.649682016066	2.51097808821071	-1.8536085	8.0151925
apin1244	0.85961819171	2.6681163606213	-4.2020085	6.35235375
apma1240	-1.076411081603	2.57706714002772	-6.159857	3.78361375
apur1254	3.27782451673	2.51608088145898	-1.30619575	8.3932675
arak1252	-1.308813043956	2.51179357069027	-6.6089645	3.406508
arao1248	-0.012157254035	2.34256788526799	-4.681892	4.74684475
arap1274	-0.2928312556	2.75334362995327	-5.8651935	5.05037599999999
araw1273	1.259671599545	2.5342211111753	-3.47813225	6.29924175
araw1276	1.23858833387	2.36869843526178	-3.36990375	6.2085555
arbo1245	0.794018468745	1.99471652112793	-3.01092775	4.8830685
arch1244	1.653874548685	2.56878481665506	-3.28707175	6.9558115
area1240	-0.0017291789825	2.65872737642337	-5.4982655	5.481716
aree1239	5.97914413465	2.5572009080969	1.33471775	11.5775075
argo1244	2.219988631	2.64924879065385	-2.73705275	7.95640749999999
arhu1242	-0.19989178319085	2.54936939545221	-5.217652	4.8664835
arig1246	-0.365357971582	2.82824088014935	-6.13277025	5.17996625
arop1242	-0.15815725668	2.33308440549389	-4.77992625	4.3921915
arop1243	0.13390290118	2.44448178543042	-4.6433745	4.85804024999999
aros1241	1.52253558062	2.74567686630002	-3.638388	7.16370475
arta1239	-0.557152636385	2.77673849206722	-6.23189425	4.677519
ashe1272	-0.489987968266	2.60313602704354	-5.99313025	4.69061049999999
assi1247	0.845846804863	2.60233435691169	-4.058092	6.36116525
atam1240	-0.349380049362	2.74613781287016	-5.831965	4.95406674999999
atay1247	0.4117088418385	2.5667415636984	-4.7942175	5.3304005
athp1241	2.376942137287	2.51683990453535	-2.17179925	7.88072874999999
aton1241	-0.089531192666	2.42475051914302	-4.8719815	4.86837975
aulu1238	-0.957117301444	2.38297407408033	-5.69494975	3.57250675
auye1238	0.5731810515	2.73991655450356	-4.5674965	6.17227249999999
avat1244	-0.513619899125	2.81558353750768	-6.134625	5.12404299999999
awac1239	1.313729157405	2.71092711802624	-3.7552385	6.87163975
awad1244	3.024653833642	2.31210248029185	-1.070002	8.02883825
awar1249	5.00340991805	2.59789177029545	0.591592975	10.7116975
awji1241	-0.255097087924	2.74658784851128	-5.82688275	5.35297825
awtu1239	0.604563659225	2.31012075657572	-3.84193375	5.08517625
axam1237	-0.798377610365	2.39053939800777	-5.614852	3.7781325
axiy1235	-0.54615399767	2.554632027468	-5.68872025	4.4393335
ayac1239	0.116760461715	2.84396657698142	-5.22029	5.97894349999999
ayiw1239	-0.3860239279855	2.79557844126024	-6.2714415	5.073521
azha1235	-0.3003143545	2.40493225978399	-4.90655575	4.50550824999999
baba1266	-0.9334619122255	2.68159194342437	-6.52805325	3.94942825
baba1268	-0.2315511654465	2.61423046195584	-5.45980075	4.89016925
babi1235	0.159917596309	2.73755038262017	-4.91772725	5.5669905
bafa1247	-0.248233915795	2.79901023620064	-6.056449	5.29132275
bafi1243	-0.562156235535	2.7578116916385	-6.03610475	4.80477925
bafu1246	-0.9572536080346	2.70905951163721	-6.4649495	4.152283
baga1272	-0.28417379313	2.97389900357622	-6.41245175	5.45994299999999
bagi1246	-1.6367368448	2.71714294293012	-7.34349475	3.327898
bagv1239	2.5805197961645	2.5735963525195	-2.126192	8.184231
baha1259	-0.575535892061	2.71900128084509	-6.16025575	4.88516275
bahi1252	2.223108978423	2.33329471602794	-1.95390925	7.141265
baim1244	1.187681623485	2.52040525181974	-3.415358	6.4021765
baka1272	-0.2244206447285	2.71898224854292	-5.85553975	5.039601
baka1274	-0.303110930586	2.86320862595204	-6.03834125	5.37026674999999
baki1244	-0.148263550255	2.32112222570213	-4.95927725	4.455115
bala1311	-0.3005883961265	2.83226001651614	-6.13925825	5.15309399999999
bala1315	-0.14543109398	2.94469382100161	-6.02392125	5.624905
bala1316	-0.561802098815	2.84946855450827	-6.4488445	4.86184225
bali1278	-0.064528651993	2.96573054835099	-6.19791425	5.4891795
balu1257	-0.1613353718	2.55415928180177	-5.22427825	4.84495125
bamb1262	-1.3095479691155	2.59822979938584	-6.541087	3.62087325
bamb1266	-0.97057804978735	2.70382988704607	-6.4982175	4.05365475
bamb1269	0.924358206495	2.71148218838924	-4.38842475	6.31418775
bamb1270	-0.11312766587	2.76160517711853	-5.768134	5.25822024999999
bamu1253	-0.73710454139	2.73925730819111	-6.07756125	4.43452249999999
band1344	-0.193075527275	2.81183417393559	-5.89860225	5.271747
bang1354	-0.058379595705	2.87834669578506	-5.927143	5.58804375
bang1363	0.6801173587925	2.41944247340577	-4.1052445	5.442623
bang1369	2.577676469745	2.4243088722854	-1.9868185	7.624049
bara1357	0.282815290745	2.13526844029689	-3.8010685	4.62808725
bara1370	-0.180376064602	2.85409437204901	-5.849847	5.6266605
bare1276	-1.40214166876	2.6590575175412	-7.00589575	3.4916825
bare1279	-0.97734988274	2.73487722805922	-6.76275475	4.00954799999999
barg1252	5.21269351505	2.47489917993712	0.753295875	10.5001875
bari1286	-1.3236970716	2.51167856795267	-6.489769	3.39985625
basa1282	-0.5962469275435	3.01712399577636	-6.93271275	5.5228845
bash1264	0.569786470705	2.69279089783948	-4.6377895	5.84824425
basq1248	1.27874573165	2.91460363485387	-4.15903575	7.6047445
bata1289	-0.149079131385	2.74523228371119	-5.864079	5.3994725
bats1242	2.047074092025	2.55281578674633	-2.816617	7.410904
baur1253	-1.3047637581	2.69030055125224	-6.93761575	3.72826049999999
bawm1236	-0.2681773787865	2.35354005257579	-4.87502575	4.442562
bayb1234	-0.29391837549	2.87413255281313	-5.74908825	5.28755124999999
bayo1255	-0.08786150231	2.79232138024637	-5.5702945	5.415445
bebe1248	-0.47642526933	2.84674333369389	-6.1501755	5.2491995
beka1241	-0.288949592905	2.84875562140222	-5.69102225	5.055612
bekw1241	-0.73337098987	2.68607793968572	-6.34011575	4.533124
bekw1242	-0.168496436555	2.84221839340683	-5.8000995	5.24713724999999
bela1254	-0.40550736712	2.70385216428562	-6.21260275	4.69975275
belh1239	2.363659355724	2.50069593321743	-2.13914125	7.88808825
beli1257	-0.3080599183055	2.78654418750858	-6.01474525	5.2541675
bell1243	-1.329725815505	2.74776004778153	-6.8690535	3.77820274999999
bemb1257	-0.0644495724335	2.94257571077308	-5.875113	5.56201974999999
bena1262	-0.13902449555685	2.91626980602016	-6.194887	5.71350024999999
bent1238	3.246919836705	2.42531290657476	-1.2176055	8.253802
bezh1248	2.426034783805	2.54915150584889	-2.29095375	7.64277899999999
bhoj1244	1.478143346005	2.63732270027307	-3.620768	6.89471499999999
biaf1240	-0.238639156763175	2.84317320002338	-5.92801825	5.2300395
bian1252	2.489778430517	2.16541626701796	-1.739475	6.93708124999999
biao1253	-1.89303457945	2.58264052254824	-7.41864775	2.9137975
biao1254	-0.83410172727	2.82119644432672	-6.48801875	4.614889
biao1256	-1.1403132107285	2.75710003688952	-6.6523295	3.99301775
biat1246	-0.334459467105	2.80506143949885	-5.807485	5.14316175
bidy1244	-0.259879809696	2.84349468694746	-5.80950125	5.26747025
bier1244	-0.24525586405	2.32985117381431	-5.03565825	4.25208324999999
bign1238	-1.213582944975	2.45612468438369	-6.45771525	3.5962855
biha1246	-0.7812469457975	2.60165109593713	-6.19101025	4.10243249999999
bilb1241	4.8723606676	2.3220862821882	0.71371265	9.8419015
bili1260	-1.5151047173365	2.37050766316993	-6.3058275	2.876273
bimi1240	2.7056204127005	2.6234795025413	-2.0477385	8.46184975
bina1277	4.42714005195	2.78905184481315	-0.7048205	10.087355
bini1246	-0.18518737662	2.95837821924317	-6.022913	5.6972485
bira1253	1.99386633252	2.10796628750337	-1.99811075	6.22905824999999
bisu1244	-0.256602688205	2.51134917955639	-5.1949835	4.97885899999999
bitt1240	-0.21180236342	2.6276190049746	-5.55343175	4.70366025
blab1237	0.059956206426	2.48993703907892	-5.02491575	4.82595125
blan1242	-0.219176252207	2.65572767858682	-5.47402775	5.01050199999999
bodo1267	2.693492500655	2.51323454003663	-1.7457515	8.1780645
bodo1269	-0.2564671388318	2.32511383458306	-4.7516765	4.366168
boka1249	2.3819849470775	2.71614746258068	-2.656599	8.23714274999999
bola1250	-1.4120032396735	2.63869141287241	-6.67193725	3.46153049999999
boly1239	-0.624872433445	2.77872378109731	-6.36394	4.7668745
bomk1234	-0.0997153348595	2.86110589307488	-6.0170415	5.47178649999999
bona1250	1.454438427932	2.4308453023182	-2.981546	6.735988
bond1245	3.176752928555	2.66443392834608	-1.47935925	9.072016
bong1285	-0.539950894245	2.8418732915474	-6.21309975	4.8101405
bong1289	-0.197589177835	2.90761425127062	-6.05599575	5.42198674999999
bora1263	-1.6038766331485	2.70368704613372	-7.08563725	3.459264
bord1248	1.60128595901	2.61646985052762	-3.32807	7.043591
bori1243	2.5425498122345	2.55953001640593	-1.91361775	8.08549875
boro1277	-0.594690564427	2.6154771199	-5.72739625	4.56760875
boro1282	1.107585033545	2.61506416104309	-3.68783075	6.371314
boto1242	-0.3889967274765	2.73128557923116	-5.9987105	4.96146749999999
boun1243	0.03298587939	2.7648836805101	-5.54046725	5.51258125
brah1256	0.4567852267675	2.75652601544015	-5.0473595	6.15403325
bret1244	-0.495396034376	2.73682425921438	-6.16874175	4.69619274999999
brib1243	1.461567501365	2.76895777479533	-3.66129575	7.16351825
bube1242	0.135948060018	2.89177751071226	-5.68204475	5.851969
budu1265	-0.92917639571128	2.68105467991797	-6.4825315	4.08089499999999
budz1238	-0.25608050818	3.05679826389149	-6.52448375	5.43654875
buga1247	-0.82017694629	2.61798059591485	-6.11208625	4.2296075
buga1250	-0.241801385542	2.29276419400491	-4.88777675	4.19787625
bugl1243	1.06670640125	2.74486924226851	-4.02567775	7.03782475
bugu1246	1.90470986795	2.49091126502724	-2.94878425	7.20203075
buhu1237	4.486695163935	2.52259953289967	-0.197786375	9.9893075
bujh1238	0.6994571608865	2.25009243542201	-3.50448975	5.42833025
bull1247	-0.231520116045	2.81961427287346	-5.831555	5.21013325
bulo1242	-0.67340224663	2.81886385014194	-6.2684905	4.9696605
bulu1251	-0.323694033923	2.85199483426798	-5.8962805	5.23270624999999
bumt1240	1.501896151365	2.51210030075269	-3.12470125	6.54885724999999
buna1276	4.772718847365	2.59650924787967	0.0854237825	10.03714
bund1253	1.1476860655	2.63527647014329	-3.6500955	6.571382
bure1242	-0.41162725892	2.57121862133103	-5.6358465	4.15113874999999
burj1242	1.4518468043375	2.50942663351083	-3.4140585	6.52554299999998
buru1296	0.4374190865465	2.78798645122499	-5.03620625	6.04952624999998
buru1320	-0.3919094425005	2.34283309633506	-5.14437875	4.24656974999999
busa1253	0.312391816215	2.61330763715832	-4.943079	5.44795475
bush1247	-0.024231094225	2.90073918376022	-5.6887865	5.72059849999999
buwa1243	-2.11205691822	2.56644299064917	-7.2466705	2.73655249999999
bwat1240	-0.659732229515	2.91088983149275	-6.75165325	4.77776975
byan1241	1.681907991165	2.61892948762126	-3.24203325	7.05911899999999
caac1237	-0.567064774235	2.78937355390017	-6.13727325	4.6472755
cabe1245	1.40015053379	2.81494299074872	-3.8405725	7.11288
cacu1241	1.953386885673	2.21652274556668	-2.11364625	6.60975724999999
cahu1264	0.626588022805	2.67256059498279	-4.485997	6.17517274999999
cakf1236	-1.66159948321831	2.49188761044372	-6.775951	2.97514075
cald1236	1.1054924535345	2.77370899604204	-4.1128175	6.9768115
caml1239	2.31617628314	2.4013865010958	-2.00932375	7.19499574999999
camp1261	-0.25490045671	2.5741570787601	-5.39577975	4.68664174999999
cams1241	-0.3244840353865	2.62855624923023	-5.4964065	4.69431375
cane1242	0.765941175291	2.63766599979051	-4.42194175	6.0436255
caom1238	-1.3267238725665	2.73203356044292	-7.13232875	3.76731175
capa1241	0.2956097461465	2.32060980473147	-4.06206625	5.251273
carn1240	-0.1725347791615	2.95873825819416	-6.323331	5.7358105
cash1251	0.738733564619	2.48343360583121	-3.87677625	5.8659645
cavi1250	-3.24445972415	2.60376312047272	-8.83494125	1.6110825
cemu1238	-0.64839459024	2.80420233476036	-6.47394325	4.97836025
cent1989	-0.411682799775	2.77289229588735	-6.229845	4.7208815
cent1990	-0.21957642733	2.87697565449828	-5.94852825	5.3289375
cent1992	-0.76408184982315	2.78178717219508	-6.602988	4.47823874999999
cent2004	-1.483871946726	2.45250140797156	-6.44828225	3.05383074999999
cent2050	-0.59384074072	2.52368848458342	-5.539213	4.4723535
cent2084	-0.3900221129547	2.74638695128962	-6.2182655	4.92762474999999
cent2087	-0.26701477317	2.83900512355306	-6.05697475	5.23806149999999
cent2126	0.28526458965	2.91433993224398	-5.3747165	6.25851374999999
cent2127	-1.6853059286255	2.53139597735958	-7.1431735	3.02636075
cent2131	1.889311611275	2.39303648723012	-2.548215	6.91575725
cent2140	-0.4722695682605	2.5157416447081	-5.685726	4.28925625
cent2142	-1.426389300235	2.51868319433313	-6.67597425	3.40201
cent2150	1.049764736353	2.56922182362349	-4.141126	6.27406175
cent2292	-0.590637007975	2.74744795590073	-6.2242555	4.7352125
cent2314	-0.39207138419	2.71905194918576	-6.05100375	4.7692855
cent2322	0.922210881234	2.66230348531745	-4.21418825	6.187872
chac1249	1.5174780316	2.77379235282905	-3.49984225	7.59963174999999
chac1251	-2.50851289834294	2.35705052373092	-7.64149525	1.6432105
chad1249	-0.51226975584	2.7750768790345	-6.22974875	4.7881515
chak1270	-1.181718112822	2.29982148823831	-5.694876	3.22570599999999
chak1271	-0.116666382206	2.71891359812773	-5.62565525	5.057246
cham1309	2.617791665515	2.61441301191153	-2.2962095	8.32177974999999
cham1312	-0.21469631063	2.80333331760109	-5.719788	5.02151449999999
cham1315	-2.542678039225	2.69182948167921	-8.16192175	2.50867624999999
chan1313	0.8773475556345	2.1554579532709	-3.30251925	5.170745
chas1234	-0.287203221075	2.45257749167491	-5.21865775	4.702752
chec1245	2.05826010577	2.76203550002667	-3.21279925	7.94573875
chek1238	0.0697082243635	2.43270138855071	-4.9334935	4.645458
chen1255	0.65704229505	2.76481350380087	-4.61863125	6.2764075
chep1245	0.4496578686002	2.09172719071997	-3.5186405	4.77110675
cher1273	-0.928690777413	2.57965036172764	-6.34164475	3.87068699999999
chey1247	0.09545426594	2.65350017850128	-5.29992175	5.4377215
chhi1245	2.3851197243155	2.50497428492374	-2.20709975	7.83955149999999
chic1270	1.1392623355745	2.65066579327967	-3.95796825	6.586482
chil1280	-0.16218953153	2.57687600194766	-5.17189875	4.9370185
chim1302	0.758890857545	2.68767877490256	-4.15983225	6.320728
chim1309	-1.990439865625	2.55429449540672	-7.11211975	2.66539925
chin1286	-1.7041002783265	2.79645589164051	-7.55720475	3.86207725
chip1241	-0.313561968505	2.64971860993675	-5.8372695	4.61402549999999
chip1261	0.577277378975	2.72138362271025	-4.52905125	5.968574
chir1283	2.610450168445	2.3458202703674	-1.67542625	7.44611274999999
choc1275	1.43076251873	2.42446128594775	-2.94416675	6.51352675
choc1276	1.2192552840435	2.72589279432562	-3.7231275	7.0894555
chon1284	-0.444716884985	2.74024751009469	-6.4989195	4.962487
chot1239	1.494408166883	2.19632839420908	-2.6675515	6.0513545
chra1242	-0.54449258551245	2.63007774277285	-5.661535	4.37414175
chug1252	1.856434402675	2.44391097384866	-2.5479245	7.1703575
chuj1250	-1.876337307885	2.65505382405917	-7.44050425	3.083305
chuk1273	0.55412628229155	2.86519934051383	-4.9968475	6.1986665
chuv1255	1.115483765555	2.62017862853797	-3.7398155	6.54495849999998
chuw1238	-0.0642433473455	2.87083095762825	-5.77919425	5.5791845
cici1237	-0.14961718777	2.70934883654359	-5.411681	5.18805025
coat1243	-1.98509769394	2.76291675922573	-7.7180545	3.27145075
coca1259	-2.806589820985	2.45080184171086	-8.00984925	1.3584265
coeu1236	-1.57614109484	2.71651982400223	-7.3114215	3.42161225
cofa1242	0.16182945638525	2.57810361327211	-5.114547	5.29803675
colo1256	1.411568482205	2.60309556861551	-3.436649	6.79480325
colu1241	-1.27780190195	2.8301238225493	-7.460927	3.84798074999999
coma1245	0.757618978256	2.83422832737049	-4.5382645	6.25513199999999
como1259	-1.370427599058	2.69278787721708	-7.104791	3.95811375
copa1237	-2.005254834965	2.77211462164229	-7.857304	3.1699425
cors1241	-0.2643776737	2.78537930164198	-5.804346	5.11846575
cosa1234	-0.03783579307	2.48044429889479	-4.85022425	4.61507675
cree1270	1.16691681418	2.71199772321469	-4.2103325	6.80228625
crim1257	0.345096253049	2.67946629212306	-4.8054295	5.812591
crow1244	0.551226246565	2.62412417287888	-4.55315525	5.74964825
cube1242	0.1471008742275	2.32588169242634	-4.587998	4.674013
culi1244	1.626542639995	2.65799922752911	-3.185236	7.31245575
cusc1236	0.51331282133	2.86775411982335	-4.80171525	6.44340449999999
czec1258	-0.268119404465	2.83557824035378	-5.78879725	5.10164699999999
daai1236	-0.29801589012535	2.42611262952163	-4.74433225	4.5598745
daas1238	0.8307243965525	2.15768829001315	-3.359463	5.24214875
dagb1246	-0.22819496292455	2.89389618361101	-6.065063	5.55140574999999
dagi1241	-3.585627387205	2.59214119188063	-9.078407	1.0878225
daka1243	-0.9334715794325	2.35783589630958	-5.80598975	3.81071175
damp1237	-0.278250882545	2.85303222208443	-6.22095125	5.21134725
dana1252	-2.2387363178875	2.60789386421103	-7.576771	2.515038
dand1238	1.209487727306	2.79032888368427	-3.97531575	7.14572349999999
dani1285	-0.337365627008	2.77378492755837	-5.811285	5.08649775
dara1250	1.161296131085	2.47070584515875	-3.399978	6.20478525
darm1243	1.679481798115	2.60621605740145	-3.12727175	6.94383024999999
daur1238	0.155506709074	2.72660545931859	-5.223457	5.3658095
dawr1236	2.762882639255	2.62665973747312	-1.9608095	8.20334625
daza1242	0.673702230302	2.66808329283266	-4.369976	6.28387025
dege1246	0.5315922654935	2.66896413576873	-4.62878975	5.7337205
dehu1237	-0.52132030065	2.73190871640751	-6.14141575	4.90377475
dera1248	-1.565737601765	2.61517372781305	-7.31176875	3.1695725
dhao1237	-0.33158852637	2.83867266791829	-5.97490925	5.2962255
dhar1247	-1.316650143878	2.6479424183689	-6.772767	3.75293175
dhim1246	1.9939775835	2.63206212246602	-2.66742275	7.62939499999999
dido1241	2.53009202293	2.5642453432981	-2.221788	7.95273275
dier1241	1.486652939645	2.6048662745639	-3.471897	6.99553275
diga1241	1.745362816915	2.60837852300131	-3.099549	7.20282975
digo1243	0.023979026685	2.98533572319506	-5.82096575	5.9428605
dima1251	2.212809845675	2.45834897567883	-2.56293775	7.20619775
diri1252	-0.0903991417925	2.79142850528934	-5.860558	5.174979
djam1255	-1.9045546318425	2.65422601851712	-7.82566275	3.104401
djee1236	-2.91700181963	2.53213141261422	-8.2604385	1.84381649999999
djeo1235	-1.64937076228	2.53698168773927	-6.932738	3.28538025
djin1251	-1.0822696761425	2.71019581618453	-6.77830625	3.88660925
dobe1238	-0.139292184125	2.81657255261061	-5.61132975	5.346528
dobu1241	5.53700038775	2.50939421436489	1.11635175	10.873855
domm1246	4.25458429485	2.69870031250213	-0.49548885	9.85140899999999
dong1285	1.90921898204	2.44592779703735	-2.618128	7.14012599999999
doro1266	6.1885713436	2.62603951160894	1.638114	11.958965
drun1238	0.734741873758	2.62133066425441	-4.29242125	6.03120775
dual1243	-0.204226011705	2.73094031379907	-5.74701025	5.153815
dumb1241	-0.584024259145	2.7638352126908	-6.14648725	4.7686715
dumi1241	2.225261438025	2.41888171918231	-2.113976	7.216559
dupa1235	-0.3919547036915	2.76257486938948	-6.11300375	4.94068175
dusn1237	-1.161077252611	2.59979066517156	-6.722954	3.56642575
dutc1256	-0.387441615255	2.73739642373255	-5.844601	4.91891525
dyir1250	2.35063147761	2.47002869460512	-2.16175525	7.5789745
dyul1238	3.283601650985	2.44793516317425	-1.29081	8.53346549999999
dzao1238	-0.964420243777945	2.95148871001159	-6.98959675	4.6144755
dzon1239	1.5094924333695	2.60424027140093	-3.5045885	6.80599149999999
east2328	1.758801254545	2.47131462826186	-2.737452	7.11478225
east2332	-0.488971357465	2.89969144014407	-6.4803365	5.24236249999999
east2333	-0.74168997868	2.67554506677863	-6.35165525	4.23572425
east2342	-2.47356169811	2.63385295964205	-8.330482	2.41038175
east2443	-1.2828182083875	2.63714087372676	-6.94570225	3.62543875
east2447	-0.20318902644	2.92505335832519	-6.3235875	5.38697525
east2516	3.783123419065	2.7603839058032	-1.0424275	9.83842074999999
east2555	1.2089819040385	2.56633987970526	-3.6719805	6.5171185
east2556	-2.731266312036	2.64145046176696	-8.28769925	2.09132799999999
east2694	-0.49429181297	2.77832762306167	-6.17351775	4.963186
east2773	1.7144478673785	2.35227363288637	-2.70236825	6.68597775
egaa1242	0.002474499915	2.70740420085294	-5.476268	5.22025349999999
egyp1253	-0.497235900762	2.76783241183677	-6.058732	4.816077
eipo1242	1.93797809007	2.7045271665379	-2.8098565	7.53536624999999
ekar1243	0.538441407885	2.74049807099457	-4.753052	5.973458
elem1253	0.80305088586	2.63702257920523	-4.24883675	6.140434
elna1235	-0.685826813015	2.16248446869174	-5.041372	3.424877
emae1237	0.918446566025	2.28019809027356	-3.6345635	5.512718
emai1241	-0.29727966508	2.86678155419377	-6.164762	5.39476699999999
embe1260	1.531548623675	2.66051029292312	-3.40751725	6.9519965
embe1262	1.46566109972	2.72541308555473	-3.4367605	6.82321324999999
enap1235	-1.884491725546	2.62767147438813	-7.268144	2.7512385
enuu1235	0.101390477315	2.54425617689336	-4.722795	5.2050785
epen1239	1.436465085775	2.71420748385995	-3.5412515	7.13947275
ersu1241	0.472130105933	2.55128316237957	-4.55914025	5.530107
erzy1239	-1.2907114927885	2.4447335690791	-6.4365145	3.05545424999999
esan1238	-0.196852490665	2.93823003399229	-6.180688	5.5297205
esee1248	0.164953499575	2.41960823481821	-4.597313	4.953079
esto1258	-1.6267614296515	2.58913648150392	-7.21480275	3.1615515
eton1253	-0.428967805812	2.81499940191078	-6.23310725	4.85174775
even1259	0.4659079357405	2.68769749820139	-4.53791	5.933338
even1260	-4.1171237742	2.66303862762597	-9.92647925	0.677470874999995
ewee1241	-0.529731369415	2.87058869063773	-6.30617	4.999141
fait1240	4.8605998928	2.51427334453663	0.353013325	10.2902375
fala1243	0.099564971836	2.58690313336576	-4.74745	5.25714924999999
fare1241	-0.156454395215	2.77999543407158	-5.59161775	5.394442
faro1244	-0.35400690163	2.81480606212055	-5.9575895	5.0993865
fass1245	0.77716528648	2.46331874618824	-4.0561455	5.76468374999999
fasu1242	3.532765273125	2.77068258188873	-1.39426	9.6029755
fiji1243	-0.21881926958	2.87805109404711	-6.34806	5.289791
fili1244	-0.3314807889	2.89615305955384	-6.23343225	5.536443
filo1235	-3.137647960585	2.3890207887256	-8.13986125	1.20074975
fina1242	-0.614255080562	2.7259532827995	-6.16647775	4.77977224999999
finn1318	-0.8069021818095	2.5050420376855	-6.0237645	3.9240775
foii1241	3.627734065765	2.73463237401232	-1.250638	9.69907125
fonn1241	-0.4564652524945	2.88020523353486	-6.5199225	5.23899725
fore1265	0.439896511802	2.6826025749497	-4.898412	5.9346705
fran1266	-1.3994430718945	2.86275604121665	-7.495066	4.033894
fuln1247	1.323887661945	2.82006136145015	-3.85395775	7.60336925
furr1244	1.39665013388	2.79245993698209	-3.964746	7.1086275
futu1245	-0.1649284588695	2.7314362035758	-5.760986	5.40337924999999
fuyu1242	5.54067954005	2.703947491071	0.6252079	11.33336
gaaa1245	-1.401353262325	2.75581783734125	-7.06879325	3.8752535
gaam1241	-1.3987694162585	2.75746983389956	-7.0795925	3.79765249999999
gaan1243	-1.671976194175	2.63268219359445	-7.086187	2.9680345
gade1242	-0.70377994119	2.84693051188715	-6.33780275	4.90770649999999
gaga1249	-3.722290175985	2.56637520354846	-9.18973625	0.877205349999998
gahr1239	1.06967553478	2.89422933480507	-3.97665275	7.06833175
gale1259	1.011662418975	2.60687109734973	-3.8131845	6.3227375
gali1258	-0.217096653573	2.83299734705889	-6.30004625	5.10464824999999
gali1262	1.43658173077	2.28717670386379	-2.9128225	6.21060775
galo1242	2.4590270696525	2.6131529991311	-2.32193275	7.70629125
gami1243	1.34383234135	2.70502625902438	-3.9345335	6.80448099999999
gamo1243	2.93285771784	2.64808460091002	-1.902834	8.68817375
gand1255	-0.36691254299	2.86769698213701	-6.0723	5.2508445
gang1266	1.796300378085	2.21884517556881	-2.307698	6.5780935
gant1244	4.96336141067	2.65549351489351	0.23804335	10.63882
gapa1238	5.73772661345	2.53463051606133	1.19100975	11.2942675
garo1247	0.111387424635	2.41414200644387	-4.63480725	4.91257524999999
gata1239	2.940345839935	2.55383087554759	-1.64763425	8.5136375
gayo1244	-0.137671914425	2.8326580640676	-5.82686775	5.51426974999999
gbay1288	-1.349134812155	2.83663218676464	-7.4420275	3.8312365
geba1237	-2.856896552525	2.55193625858812	-8.25311125	1.760798
gebe1237	-0.9971199067835	2.80111210207218	-6.75732275	4.835571
geda1237	4.95079183042	2.36941092078783	0.72680185	10.1084275
gela1263	0.13641866739	2.45487787817722	-4.867307	4.936191
gese1240	-0.670838481055	2.82678812940121	-6.590925	4.82433749999999
ghad1239	-0.24645203372	2.71455947482888	-5.7356155	4.96363975
gheg1238	-0.99513163561	2.74977810306357	-6.72136975	4.19099149999999
ghod1238	2.3991997849895	2.67820215971064	-2.471905	8.11598999999999
gida1247	-2.04699206563	2.58726400363085	-7.44888975	2.692044
gily1242	0.8231143943845	2.81865133997567	-4.4016355	6.586957
gira1247	5.175614958085	2.46245571811695	0.7266404	10.343205
glav1244	-1.77556929228	2.57750619812776	-7.20898725	3.0552615
goem1240	-1.687881077375	2.69939597042492	-7.6316285	3.30576775
gogo1265	3.363938427875	2.75919074299939	-1.533718	9.192228
gola1255	0.06850551422	2.75169166852306	-5.32134575	5.38471125
guah1255	0.700078141325	2.54164940237376	-4.207095	5.86694475
guan1266	-0.160164372521	2.55096876278451	-5.039648	4.92184349999999
guan1269	1.6544043759845	2.26732507724024	-2.5315695	6.3813025
guat1253	-0.826084756865	2.72000950440244	-6.29808775	4.205677
gube1234	-0.183301057775	2.945489424428	-6.0334275	5.60501875
gude1246	-1.95207323337	2.57508767264746	-7.2051065	2.94131725
guer1243	-1.68955447159	2.74381801056945	-7.296828	3.53571775
gugu1255	1.407136072475	2.62297662571743	-3.408974	6.76329225
guhu1244	4.08566871223	2.54898757373137	-0.52394175	9.47443799999999
guiq1238	-0.438363430274	2.53882867557394	-5.47087175	4.57831075
guma1254	5.09054347863	2.38957517060702	0.7469823	10.105105
gumu1244	-0.4646746007185	2.56862564010363	-5.86229125	4.6445305
gunw1252	-2.678084169145	2.64096171677723	-8.02101675	2.29778475
guny1241	-1.648365915115	2.61889866403569	-7.08870825	3.11238
guro1248	0.647024221685	2.61945420753767	-4.529505	5.9825615
guru1261	2.098084799435	2.35591009930989	-2.071923	7.23242325
guru1271	-1.149669582843	2.56415291511417	-6.4667165	3.73132699999999
gwen1239	0.078864156568	2.89177419673697	-5.668395	5.72925925
gyel1242	-0.14119026927	2.99326518597408	-6.17941125	5.40725625
haaa1252	-0.0751780249735	2.81974783839264	-5.7392565	5.409687
hadi1240	3.20222387342	2.55457506468226	-1.30045775	8.46890575
hadz1240	0.0080612707785	2.73812215422332	-5.469429	5.37470924999999
haka1240	-0.037160853425	2.38831542996625	-4.59789175	4.9845085
hala1252	-1.0328319018355	2.54301756606168	-6.19179675	3.55038725
halh1238	0.17129577917	2.78549619094772	-5.43912475	5.72326924999998
hali1244	-0.309043355488	2.70030195318467	-5.674091	4.866818
halk1245	-1.2439514521735	2.8386909946185	-6.96880775	4.36309025
hame1242	1.299414919398	2.04968898528213	-2.62211425	5.5380805
hang1263	0.8031647456781	2.38591000126222	-4.05424	5.37111725
hani1248	-0.171894824775	2.61699678656298	-5.260009	5.3035215
hano1246	-1.17191178293	2.64076438645309	-6.5714935	3.938687
haru1245	4.514641370055	2.67921214323605	-0.214242325	10.1206525
haus1257	-0.028698714125	2.63750972467546	-5.46836925	4.97650875
hava1248	1.18145028869225	2.63371652813231	-3.7590075	6.68127399999999
hawa1245	-0.072540200125	2.78668175148002	-5.67028625	5.1990015
hdii1240	-1.8672679629435	2.55613710152771	-7.190794	2.93618775
hebr1245	-1.10107740136	2.57775257260066	-6.6333925	3.713964
heil1246	-1.650329774495	2.76239710600193	-7.44160875	3.65430425
hela1238	0.8525057826555	2.25231236390269	-3.41987275	5.54956025
here1253	-0.03233894853	2.90715069157971	-6.04727425	5.64105275
hida1246	1.04237516732	2.69169591754709	-3.923509	6.71640449999999
high1276	-1.79967062255	2.82956401129145	-7.61625525	3.4651705
hind1269	1.102161520215	2.57539293886696	-3.60955875	6.54116474999999
hixk1239	-1.29523204142	2.64085028150631	-6.720733	3.563962
hoaa1235	-0.96271952472	2.85088254668204	-7.1551545	4.3202915
hoav1238	-0.3217261900195	2.64548856772718	-5.56324875	4.65958599999999
holo1240	-0.028527788669	2.88925315231286	-5.92377425	5.7539475
hone1235	-1.359877556311	2.7651519012549	-7.17115225	3.89375525
honi1244	0.08188047254	2.56759802469417	-4.8525435	5.47014524999999
hopi1249	1.341913807685	2.74679742093898	-3.52666775	7.36415099999999
horp1239	-1.0068758083	2.49126651741867	-5.9470905	3.904752
hote1245	1.469763764215	2.07600449574102	-2.56086225	5.74206749999999
huaa1248	-1.04483235701	2.85191242238206	-6.85566725	4.81559325
hual1241	0.62495954645	2.59937945404732	-4.3828	5.99778724999999
huar1255	0.637714976495	2.26022741947806	-3.94214775	5.1495355
huas1242	-1.591119850827	2.76460858586708	-7.31441325	3.58201699999999
huic1243	0.7458577351495	2.2336053636029	-3.63193725	5.25890125
hula1239	5.83341004495	2.51716637490056	1.3476215	11.1913175
hula1244	2.032034117985	2.50435728641277	-2.5210675	7.37366425
huli1244	3.261915356997	2.85652912194401	-1.96285275	9.237689
humb1243	0.77733576974	2.43849799424717	-3.9041725	5.50226
hung1274	1.628975594715	2.55899389201674	-3.1030295	6.9695845
hunz1247	2.341208083019	2.5668111503007	-2.432781	7.91626324999999
hupd1244	2.025844750205	2.21090511953722	-2.062524	6.57824325
huuu1240	-0.020773857256	2.51188172725672	-5.02952625	4.75856075
iaai1238	-0.55076787133	2.70924848477993	-6.306951	4.774781
iama1237	5.8459130365	2.4914653521084	1.26979775	11.023205
iatm1242	2.24019006497465	2.56705455513769	-2.582537	7.580755
iban1264	-0.2462353898525	2.97265949371304	-6.4575495	5.43115924999999
iban1267	-0.4587063988695	2.72341065717734	-5.93454125	4.79864275
ibat1238	-0.260490567663	2.91351932095397	-6.2073185	5.29055174999999
ibib1240	0.42500271802785	2.68146421203957	-5.126833	5.7032115
icel1247	-0.22195189698	2.84381272804921	-5.69837625	5.01338649999999
idii1243	3.314718329315	2.66738339576292	-1.38351525	9.01517124999999
idom1241	-0.56727133681295	3.00696554755952	-6.62557125	5.20679625
idum1241	2.0793710418265	2.78805913546601	-3.06191225	7.95038
idun1242	5.8689132255	2.53454051112138	1.3324035	11.19131
ikkk1242	-2.2056190142	2.57180926973676	-7.67060425	2.630275
iliu1237	-0.278145106914	2.66489368253547	-5.6993675	4.7804785
ilon1239	-0.577943160075	2.77402986843692	-6.32646525	4.68216825
imba1240	1.404772971765	2.75030933977578	-3.438264	7.30242125
indo1316	-0.0914347897035	2.81832430141418	-5.792981	5.475399
ingr1248	-1.416699417395	2.61258999327334	-7.0618465	3.41925474999999
ingu1240	2.124213422325	2.66754888845945	-2.76325375	7.67788374999999
irar1238	-1.528268746455	2.78961955242683	-7.1585535	3.92609975
iris1253	-0.523919222385	2.64050434612505	-5.7361655	4.43452499999999
irul1243	0.30078408394	2.8350667831775	-5.0375365	5.90190175
isco1239	-1.17979403907	2.38160863999416	-5.952983	3.566801
isin1239	-0.627506339765	2.84054194067039	-6.3428725	4.86872325
isir1237	1.361963048465	2.45578001051138	-3.76761	6.3198185
ital1282	-0.319179523695	2.69681554878537	-5.70730925	4.83384725
iton1250	-2.1627738034425	2.51735280749234	-7.33431375	2.69801825
itza1241	-1.1030064659235	2.90022811290385	-7.00157375	4.13316774999998
iumi1238	-0.08858390495	2.553646106327	-5.331417	5.0722
ivat1242	0.08656128357	2.73705822161567	-5.21789225	5.58035125
iwal1237	1.72547318562	2.14255502430286	-2.42497525	5.95231224999999
iwam1256	1.679965627005	2.60807208060843	-3.094348	7.07663574999999
iyoo1238	3.32913615829	2.35094468388904	-0.8919752	8.17260349999999
jahh1242	-1.011998426095	2.68670090785635	-6.65997775	4.23322
jalk1242	3.62324048765	2.57547260579162	-1.1302465	9.028435
jama1261	2.562998249916	2.67642147220392	-2.197158	8.545039
jamb1236	-0.15496504517	2.86395130187876	-6.03604375	5.41778
jams1239	2.4702464765	2.51724352532422	-2.50862925	7.64266225
japh1234	0.588182827426	2.58403190388795	-4.2719515	6.02511825
jaqa1244	-1.3932150430974	2.51576625451704	-6.64888975	3.072072
jara1266	-0.7933990912645	2.76957838220298	-6.30092875	4.34571675
jede1239	-1.12247643273	2.6340492962035	-6.65881	3.65572799999999
jeha1242	-1.100252510915	2.69938217293128	-6.86182475	3.77115375
jiba1237	-1.5145851200405	2.64649867100208	-7.07660825	3.3717795
jina1244	-1.730696934785	2.65364680159047	-7.01736725	2.98708174999999
juan1238	2.4166352322705	2.53858161043141	-2.31130975	7.89221875
juku1254	-1.189299838415	2.72004052063703	-6.87116325	3.95382225
jurm1239	-0.25643179672	2.79997743849169	-5.9080405	5.35053575
kaba1278	1.1973478399455	2.65117977065348	-3.858643	6.80628925
kaba1281	-0.663191156594	2.85080860624612	-6.4131455	4.94681275
kach1280	0.41424003892	2.61563456596267	-4.52872025	5.634612
kach1284	3.02142251232	2.66965375198081	-1.93002625	8.81891775
kado1242	0.0090293195535	2.47536141307806	-4.66170375	5.03041424999999
kafa1242	1.6678282662175	2.55218072040621	-3.19617475	6.9852305
kaga1256	-0.285572970475	2.81086771857237	-5.8530065	5.13090774999999
kagf1238	-0.20584819996	2.94311643483337	-6.41592775	5.76705825
kagu1239	-0.355044243895	2.76162888681337	-5.97949725	5.160491
kaki1249	4.26536033999	2.59850968818224	-0.474847375	10.0636975
kala1384	0.007823864895	2.89637076823132	-5.69901175	5.60684549999999
kala1388	-0.3907998232682	2.82873863367473	-6.157177	5.09116275
kala1399	1.36125330278125	2.61713900765907	-3.7401675	6.86964524999998
kali1308	-1.184011802345	2.69260793743804	-6.8030835	3.813485
kalm1243	0.372863630185	2.87549570237298	-5.2257925	6.37993024999999
kama1370	3.4146100129295	2.56072097427293	-1.3490975	8.66735025
kamb1297	-0.00462118891000001	2.96295941812677	-6.08085175	5.82296775
kamb1316	3.267990600855	2.54944974595629	-1.15346775	8.7573775
kamm1249	-1.420207265694	2.74437653770336	-7.0841605	4.02185025
kana1286	2.436184881822	2.52645058905911	-2.22354575	7.80241575
kana1291	-0.284650057643	2.66139830547566	-5.74761375	4.85276025
kani1286	3.571442283485	2.64591199230993	-1.2497425	9.148248
kank1243	-0.54246375061	2.90369608509878	-6.50846325	5.2359805
kaon1241	-0.1339981010605	2.92590900108212	-6.13306825	5.418383
kaqc1270	-1.602858221485	2.58041440392291	-6.98227375	3.02924724999999
kara1482	0.21307726447	2.80357494204898	-5.0813635	5.90334374999999
kara1486	-2.08732282878	2.64346791996292	-7.653936	2.69186924999999
kara1500	0.4155115434895	2.66186013617598	-4.799286	5.65189475
karb1241	2.0879942220445	2.33154781030094	-2.35461875	6.96620299999999
kare1335	-0.86271435614	2.64405827881158	-6.35259075	3.96835975
kari1311	-2.770243485765	2.42071368985741	-7.890873	1.992676
karo1304	-1.005692571405	2.69513202089014	-6.514034	4.14321924999999
kash1277	-2.049065409245	2.42733150210933	-6.93435875	2.48838775
kask1239	0.260763429015	2.75969498396226	-5.1270795	5.80012725
katb1237	-1.0969065774635	2.42977168230574	-6.191559	3.476609
kats1235	-1.1953673258465	2.46182117357837	-5.9377855	3.5549555
kava1241	0.2254669071405	2.70386407727367	-5.19601375	5.63767974999999
kaya1315	-3.04398112369	2.59813309527914	-8.4877585	1.607333
keap1239	5.46305077905	2.47064689134314	1.184683	10.83864
kele1258	-0.24213282932	2.59273180469074	-5.598956	4.56509149999999
kele1259	-0.63964671711	2.80415173130275	-6.5456085	4.9471635
kemb1249	-0.2805535752675	2.80974648205524	-5.93942875	4.9624555
keme1240	-1.1108501799155	2.64884524980079	-6.62544875	3.94856925
keng1240	-0.5362952818	2.84011981809854	-6.28423475	5.044571
kens1248	-1.0198406970105	2.76026624444116	-6.7786315	4.295142
kenu1236	1.92503918437	2.68994578239255	-3.0339425	7.9040585
keoo1238	-0.48870157163	2.79692766156351	-6.286418	5.0502215
kera1255	-2.032288506055	2.56324310694056	-7.4417925	2.70894174999999
kesa1244	4.42235060074	2.47671503488861	-0.0099251345	9.5557855
kett1243	0.85654894239	2.7920759552751	-4.472071	6.5392325
kgal1244	-0.494472537346	2.95549394811052	-6.795357	5.17058699999999
khak1248	0.489037009717	2.64125660892268	-4.370122	5.86329449999999
khal1275	2.21258824169275	2.50563934893343	-2.37779925	7.31641325
kham1282	0.820076947138	2.65534627854651	-4.02414325	6.41936375
khan1274	-0.593553452455	2.66665007006393	-6.14602175	4.40697324999999
khan1277	2.766759644245	2.30042930662699	-1.37295975	7.5736385
khan1278	0.86556971361	2.59307409220836	-4.06965525	6.122791
khar1288	2.9625186339335	2.33716640862687	-1.31818825	7.9074455
khas1269	-0.188341762	2.58710310155536	-5.35491625	4.61246925
khez1235	2.6979613428975	2.29279871323803	-1.33087575	7.30912399999999
khin1240	1.15523989419	2.51463402910511	-3.493172	6.274663
khmu1256	-0.33053253367	2.81276663513983	-6.15619625	5.18455175
khva1239	2.570477054227	2.55681725984934	-2.02102475	8.17663475
kich1262	-1.61026630199	2.6215459148645	-7.07032825	3.28454199999999
kiku1240	-1.44863687595	2.64823000721929	-6.74764825	3.6616915
kile1243	0.558277946355	2.6002406995436	-4.6283635	5.98268199999999
kili1267	2.13245444793	2.22954358208407	-2.1678025	6.6253175
kima1246	1.1004510403	2.73162853373046	-4.26778875	6.4927835
kimm1245	-1.144797963345	2.5073131704573	-6.45625575	3.484707
kimm1246	-1.78273731816	2.63779141005361	-7.252861	3.228123
kina1250	-0.2503706170355	2.82227990768071	-6.11582425	5.09067699999999
kinn1249	1.384119476445	2.62397901673716	-3.41234825	6.893598
kiow1266	1.12344112452	2.70146267873598	-3.9759035	6.58137175
kips1239	-1.3599012555025	2.80461958634027	-7.2058105	3.9744565
koda1255	-0.6633911081515	2.81791620259407	-6.13990075	4.9725815
koho1244	-0.730417077561	2.67103411237166	-6.05311575	4.52880425
koir1240	2.86341966014	2.30512371820312	-1.289423	7.629481
koit1244	5.83653047525	2.67117076501615	1.024665	11.67195
koka1244	1.412194136895	2.47019175034622	-3.150762	6.56604524999999
koko1269	0.09126998594	2.53743584745885	-4.8858185	5.0379465
kola1285	-0.198980147305	2.8172649508242	-5.610521	5.33201999999999
kolb1240	-1.13255625059	2.76869581468742	-6.62813825	4.2608685
kolc1235	-0.35386149817	2.97728686100716	-6.54022825	5.40763475
kolu1245	5.9246109902	2.51276087658211	1.253764	11.0685125
komb1274	1.8501540336	2.85463321142356	-3.21247525	7.95241225
komc1235	-1.029436578102	2.7070376851005	-6.69306325	4.1642305
komi1268	-1.294194411555	2.51506557795401	-6.41552625	3.46923225
komi1269	-1.38580762414	2.56538281402963	-6.937955	3.52545174999999
komi1270	2.214195258774	2.38055323852896	-2.27359575	7.290023
kona1242	2.857242814115	2.59981511358682	-1.83025775	8.33826124999999
konk1267	0.852357274728	2.56024113671927	-3.856466	6.3685855
kony1248	1.0054114646525	2.18335607484361	-3.24291675	5.42567675
konz1239	-0.167413584077	2.92067649383945	-6.04052025	5.3782845
koon1245	-0.293862566884	2.97602361532659	-6.02994025	5.85777325
koor1239	2.582553849162	2.6297343714393	-2.28471925	8.01332824999999
kore1280	0.36286006475	2.78351632718767	-5.0723125	6.0066175
kore1283	-1.77359089077	2.48751274699121	-6.86366675	2.80668275
kork1243	1.92513795541	2.57465448398117	-2.9517945	7.17797075
koro1298	1.484543539812	2.64143696808126	-3.58084825	6.7064545
koro1313	0.45905043772	2.73636104090759	-4.94712225	5.96229675
kosa1249	1.8637317277863	2.84567251783064	-3.2380985	7.84298825
kosr1238	-0.1636699333235	2.72444045361966	-5.558213	5.08003975
koti1238	0.026021668435	2.83683026722845	-5.729867	5.39499675
kove1237	-1.3440939702895	2.5968876591582	-6.741461	3.6635295
koyr1240	0.000470011950000002	2.628717061504	-5.2190535	5.06790775
koyr1242	-0.66835142334	2.59462115471257	-6.201312	4.17964199999999
kren1239	0.57232123296	2.76583327910076	-4.78434575	6.19802925
kron1241	-3.5308765388415	2.583324426192	-8.97567425	1.15788525
kryt1240	1.115259495678	2.55250707173988	-3.708425	6.37506625
kuan1248	-2.310879324745	2.74136319328984	-8.37768575	2.6566385
kuii1252	3.1125880705565	2.76891970729541	-1.66700675	9.05054149999999
kuik1246	1.844020605725	2.39417676253325	-2.67659075	6.787473
kuku1273	1.774203011455	2.66675437721345	-3.03515725	7.18770149999999
kulu1253	2.27849173118	2.54345469165814	-2.36341575	7.66191874999999
kuma1276	-0.57101334322	2.87163497933111	-6.47664125	4.94018075
kuma1280	4.41632813736	2.64671126067291	-0.26898295	9.981815
kumb1268	1.4684847975795	2.74910271249427	-3.82678725	7.06633624999998
kumz1235	0.985221942555	2.71545920970183	-4.00507125	6.54870575
kuna1268	1.2850617202278	2.65825560421581	-4.039523	6.48228674999999
kunb1251	-3.318705826915	2.51492124016174	-8.60352025	1.31535
kuni1267	4.72774342565	2.50211092567278	0.238221325	10.1115725
kunj1245	-0.53938484629	2.6825608329367	-5.9976535	4.65948725
kuot1243	-2.444150441152	2.61545628451987	-8.19504175	2.32916499999999
kurr1243	-1.8019218364435	2.51344556870623	-7.07070975	2.879115
kusa1251	-0.34202015056	2.61887323155868	-5.62496625	4.54212175
kusu1250	1.765784363705	2.55385900768005	-2.9742655	7.2457425
kute1248	-1.147955976185	2.7201383851669	-6.842037	4.05663725
kute1249	-1.499566576825	2.66544458409384	-7.01193025	3.482899
kuyy1240	-0.591638961007	2.74396277386238	-6.577672	4.65336975
kwai1243	-0.24169371099	2.54086658634204	-5.2781785	4.8909515
kwam1249	-1.7578785609955	2.57608586541124	-7.09147375	3.107041
kwam1252	-0.149077991235	2.59493299412366	-5.349594	4.9293345
kwar1239	-0.2830921680735	2.49297610619136	-5.1832815	4.47396375
kwaz1243	-0.660035287681	2.69823427869241	-6.15080775	4.4876165
kweg1241	1.35020925264	2.30809121389222	-3.2797125	5.86520874999999
kwin1241	-1.518787301765	2.61082789355731	-6.78152975	3.65003175
kwom1262	1.1676573312603	2.41940211948674	-3.5840375	5.82368374999999
kxoe1243	-1.1905438483164	2.57276029728624	-6.2332085	3.59359425
kyer1238	0.4507379889935	2.18725091659008	-3.8726865	5.03034925
laal1242	-1.373748335985	2.74786185462893	-7.08505925	3.7165435
labo1244	-0.894408294725	2.49463396542509	-6.06148825	3.98296875
labu1248	0.4889276899015	2.06894280759259	-3.576804	4.4823345
lach1248	-1.1806935618715	2.39715871669392	-6.10049725	3.24005425
lagw1237	-1.6096497932505	2.68612267507352	-7.06167325	3.33015075
lahu1252	0.0462184826475	2.40613880673701	-4.88368	4.85321949999999
lahu1253	0.03277348995	2.4575780605376	-4.62008675	4.84817175
laiy1246	-0.210450274893	2.82180172266484	-5.97050675	5.18777849999999
lakk1252	1.0597180316605	2.55467539125832	-3.91890025	6.18546325
lama1277	-0.411975515675	2.65946870999893	-5.7721035	4.7794095
lama1288	-1.81830345301	2.54608794643999	-7.07286425	2.960448
lamb1269	1.18777560531	2.61739855484039	-3.74216675	6.51908474999999
lame1260	-0.3466356429815	2.33598509938722	-5.10803225	4.0316305
lamk1238	0.921179592235	2.24106652747467	-3.375338	5.66559225
lamo1244	-1.2401950766045	2.51915066172699	-6.40972175	3.680515
lang1320	0.4834284331565	2.37540217309352	-4.1231155	5.31422224999999
lash1243	-0.07741236413	2.48223047412412	-5.090654	4.906031
latv1249	-0.925949415917	2.68546454314259	-6.33682075	4.29821
lave1248	-0.84294348497	2.66746932147081	-6.16590825	4.348212
lave1249	-0.99586442529	2.61884473971856	-6.48099	3.84486975
lavu1241	0.8806729953365	2.47992875001373	-3.909683	5.821682
lazz1240	0.8307755189	2.61990284890622	-4.291765	6.09664925
lele1276	-1.58059130377	2.58335746480666	-6.97628275	3.190783
lemb1266	3.84292921387	2.54620724423344	-0.821420925	9.44200525
lena1238	-0.052084370375	2.55164095318316	-5.201479	4.885063
lend1245	-0.41887355743	2.77339153828368	-6.00766225	4.92965325
leng1259	0.191933429369	2.45116180003812	-4.6393295	4.97941124999999
lepc1244	1.9310949101	2.55594425925792	-2.673842	7.3398395
leti1246	-0.49640291814	2.73513036401999	-6.18875475	4.73998875
lewo1242	0.0820046309	2.29425267881503	-4.82581225	4.7459755
lewo1244	-0.437201790435	2.68100726028519	-5.71764725	4.73943899999999
lezg1247	0.74326800191	2.52507707208827	-4.148981	6.01734925
lian1251	2.58818626832825	2.45628943975305	-1.94076325	7.766057
liby1240	-0.45757827388	2.72001717267587	-5.97873375	4.58166575
liji1238	-1.04981195717	2.65479090800155	-6.42416275	4.05949925
lika1243	-0.153012688495	2.99082941826956	-5.8574375	5.70090375
lill1248	-0.784462957975	2.63984162764224	-6.25589325	4.09918624999999
limb1266	2.187998941543	2.53696015255189	-2.4850425	7.552257
ling1265	-1.163441819165	2.42117276896512	-6.215832	3.433408
lipo1242	-1.127854546155	2.43212571065501	-5.908527	3.62422725
lish1245	2.100638558505	2.57453737629878	-2.779963	7.66922925
lisu1250	-0.18595551661	2.30196570254205	-4.7045075	4.46223175
lith1251	-0.627871663712	2.74839968539145	-6.32607925	4.54536475
litz1237	-1.224264462715	2.43438152180927	-6.3447735	3.39822049999999
livv1243	-1.035436103182	2.64933224838764	-6.445356	4.00709225
logo1259	-0.391947613465	2.82158526778427	-6.2958105	5.059785
lolo1259	-1.259384362315	2.40324570876041	-6.147043	3.42033075
lomb1257	-0.398560565995	2.89634136800879	-6.3415465	5.219832
long1395	0.241809473265	2.52699509405321	-4.77094275	5.17404325
loni1238	-0.351238409735	2.5840276453769	-5.7017155	4.78321124999999
lote1237	-1.291353900065	2.63357953278631	-6.6898835	3.57458799999999
loth1237	2.774881438345	2.37564752673626	-1.61682175	8.013726
louu1245	-0.28695579806	2.53992320199692	-5.3585175	4.63692949999998
lowl1260	-2.276245467165	2.65438196480248	-7.86852325	2.5837765
lowl1265	1.61422455103	2.20953170318616	-2.65063275	6.0088115
luan1263	-0.518351084745	2.79357841948811	-6.133222	4.94426775
ludi1246	-1.0033120843325	2.57009191226546	-6.21469825	3.96697
lugb1240	-0.540653852975	2.8131447257617	-6.117573	4.96025675
lugu1238	-0.27677456412	2.84835960307899	-5.965633	5.2122845
lule1254	-2.009013673167	2.45379386898458	-7.361042	2.39351525
lumu1239	-3.727451068695	2.44718876769221	-8.870277	0.828083424999999
lund1266	-0.064710237175	2.73284115356268	-5.642635	5.38318349999999
luok1236	-0.98654492148	2.70660510902994	-6.55966225	4.29284875
lush1249	-0.0472022949645	2.42150232686367	-4.700854	4.99828899999999
lush1252	-1.207209446029	2.78910719789219	-7.43126075	4.13737525
luva1239	-0.29013847035	3.06373447391941	-6.362045	5.47982374999999
luya1241	-0.498621364435	2.84193785201813	-6.19458575	5.10828175
maan1238	-0.16577008791	2.69739112971619	-5.61497425	5.02234875
maas1239	1.474040274632	2.57788779137355	-3.48083075	6.57010525
maba1277	1.72353941547	2.68674430526045	-3.37137675	7.31242324999999
mace1250	-0.962867381725	2.78293354900404	-6.74214075	4.25980925
maco1239	0.8367920197255	2.58857691369212	-4.3380035	6.25472575
macu1260	0.04454919289	2.39331827031278	-4.70713225	4.5949495
mada1285	-2.304043549916	2.72052626871462	-8.31677775	2.56858449999999
madi1260	-0.70428515244	2.93616514995397	-6.641089	5.14887175
maee1241	-1.2953378900835	2.43033331781694	-6.290013	3.45845975
mafe1237	-1.378862760597	2.52723311484659	-6.70964425	3.27312825
magd1235	-2.258469253535	2.8829482193498	-8.7372155	2.94747425
maia1253	5.46336282725	2.65050191079456	0.8830511	11.38112
maia1254	5.4489046048	2.66912696697089	0.900005325	11.295115
maib1239	-4.3538944139865	2.73410747770492	-10.2410175	0.543007099999997
mail1248	3.44453356112	2.3729221161918	-0.964112675	8.39740075
mais1250	5.63196858375	2.62420411532465	0.997332675	11.3724475
mait1250	2.160550058075	2.61602096169092	-2.637392	7.56325175
maja1242	0.21807292113	2.48058323659506	-4.65661525	5.15347749999999
makc1235	-1.457840113643	2.69299031541795	-6.97193425	3.51411175
makh1264	-0.0100548351485	2.82221983319643	-5.6025275	5.5614725
mala1463	-0.0028406091655	2.70480001545099	-5.475715	5.261365
mala1464	-0.39992395301	2.74006975569639	-5.71282175	5.24021274999999
mala1479	-0.48978134563	2.77645687516342	-6.06750975	5.0705405
mala1522	0.20818566708	2.54091163712586	-4.6731495	5.4213355
mala1534	-0.4030140379815	2.67716642845481	-6.02650125	4.8088545
male1284	2.65194758704	2.54289525473015	-2.09760675	7.972485
male1297	1.293222706875	2.74753566800871	-3.85806075	6.9568215
malg1251	-1.068729759438	2.61819305030057	-6.423298	4.06697
mali1285	-1.61639371565835	2.72498404698702	-7.46192775	3.494941
malo1243	-1.37172812784	2.47720192086085	-6.5956855	3.22444099999999
malt1254	-0.546870134145	2.64028375827939	-5.88057775	4.34963799999998
malu1245	-1.278618980355	2.44438084951357	-6.33611675	3.43099175
mama1275	-0.2592761496515	2.87257431941409	-6.14045125	5.44704025
mamb1294	-1.887092772905	2.61101467021664	-7.4813195	2.98076199999999
mamb1306	-0.1580110779	2.77575405832216	-5.970915	5.407031
mamm1241	-1.615607046385	2.61552355817616	-6.887021	3.284898
mamv1243	-0.30186543506	2.93477281150394	-6.7614125	5.33249649999999
mana1288	1.457050957302	2.46702413048423	-3.02580975	6.62129875
mana1295	5.12766952405	2.56449538904752	0.8035061	10.6710075
mana1298	1.535363893645	2.48699947675613	-3.3144905	6.3243845
mand1415	-2.138418581921	2.40629104259076	-7.380244	2.26908999999999
mand1423	-0.111905995315	3.07831199661082	-6.14842475	6.25196325
mand1436	0.103135777181	2.76986389146704	-5.15358425	5.780943
mand1440	-2.0298341705505	2.77123473107089	-8.03684025	2.98686925
mang1378	-0.2797379104805	2.64634101498288	-5.77592275	4.6539685
mang1381	-0.4327577461125	2.50941018600483	-5.2821115	4.4064
mang1394	-0.1243254688935	2.88246754068348	-5.998018	5.36998075
mang1401	-0.11750090286	2.80121032266212	-5.8029045	5.30825699999999
mang1403	-1.3258948722265	2.66945573966402	-6.81280425	3.66232674999999
mang1405	-0.36127959486	2.67386178704047	-5.698948	4.85458399999999
mani1235	-2.875537881201	2.67020430568539	-8.434457	2.0440235
manm1238	-0.038748060604175	2.55073468924077	-5.2343345	4.850258
mann1248	0.451493169565	2.59424539725175	-4.4819685	5.79721449999999
maor1246	-0.1002168202	2.96619372381642	-6.08604775	5.75260424999999
mapo1242	1.027845609286	2.02592078415139	-2.87662075	5.17841074999999
mapu1245	-0.98819879692	2.75891625459927	-6.724015	4.23598775
mara1378	1.1296414707265	2.68775629673019	-3.74821175	6.90052
mara1379	2.88795997425	2.30524884879803	-1.32138075	7.51902274999999
mara1382	-0.735934415514	2.31226094999646	-5.378784	3.863841
mara1386	0.527739123555	2.63103858688656	-4.5117445	5.873631
mara1396	1.98179488416	2.89014238265512	-3.20398775	8.37993675
mara1404	-0.516970542965	2.76076564655981	-6.40945325	4.92374675
marg1265	-1.48630604475	2.5771259990097	-6.56973925	3.4187015
mari1416	1.13952100669	2.15288003515328	-2.842804	5.7496465
mari1426	-1.130916106995	2.67522697308663	-6.81275025	3.94552075
mari1428	5.07631617601	2.36410716669862	0.73746045	10.111025
mari1440	0.9525947351	2.55018579925189	-3.9714205	6.16389975
mars1254	-0.2427582512305	2.8566961573444	-6.28529825	5.14891425
mart1255	-1.639200729065	2.55426951804649	-6.87746775	3.03330275
maru1249	-0.58478295405	2.54456784319872	-5.63910325	4.24461275
maru1252	0.69363977405	2.42592392796651	-3.8556875	5.78058325
masa1322	-2.020181816955	2.52759714056778	-7.3247865	2.7116095
masb1238	-0.3281930736155	2.85534985064915	-6.12781675	5.5255235
mask1242	-0.729750829882	2.37615471869175	-5.59384125	3.8497735
matb1237	-1.229008901775	2.80577624836444	-7.16530975	3.965287
mato1252	-0.28944978064755	2.06934503018472	-4.4637275	3.7029135
mats1244	-1.6276646363908	2.53234326401251	-6.82256275	3.2161785
matu1261	5.1734101719	2.45944182635389	0.78924005	10.65372
maun1240	-3.015949803168	2.62527297074059	-8.381361	1.889061
maxa1247	0.539064655295	2.79782345069614	-4.904095	6.41639775
maya1285	2.29197268303	2.6917041699056	-2.7984765	7.8347665
mayo1264	1.089169160575	2.37064189905275	-3.2471275	6.12168274999999
maza1304	-2.065804599655	2.6494758032192	-7.4560415	2.9283945
mbar1260	-1.759927886045	2.69808300671856	-7.40161725	3.22208399999999
mbay1241	-0.9880245622795	2.7956390246591	-6.65918425	4.287653
mboc1235	-0.5289175288455	2.84835884821072	-6.28773225	4.916598
mbug1242	0.2540275154305	2.61558596958023	-4.8104395	5.35474925
mbul1263	-1.305407618871	2.55048825461066	-6.424581	3.80376174999999
meen1242	0.764900532501	2.54500807214762	-4.22451075	5.78545399999999
mehe1243	0.173908676738	2.34788667388845	-4.38350425	4.69792125
meke1243	5.1850525195	2.5110561190799	0.6782757	10.7341625
mele1250	2.6500652421435	2.33328365683429	-1.7525985	7.48947075
melo1242	2.578858213575	2.63324759900714	-2.355307	8.163653
melp1238	4.3249446896	2.74421547525	-0.653856775	10.1626425
mere1242	-1.2977120583765	2.55601670106074	-6.6887645	3.55152925
meta1238	-0.770122381425	2.79016464424093	-6.66863425	4.49350875
mezo1235	-2.535070349555	2.76172778889882	-8.43024225	2.39140475
mezq1235	-1.5701506433335	2.71997849892504	-7.16435575	3.71914824999999
midd1327	1.896677343001	2.21985883164105	-2.32955475	6.534431
miju1243	1.6667152944525	2.62595541200565	-3.2663235	7.016825
mika1239	0.981955453738	2.63713397243446	-4.06580075	6.24816999999999
mikm1235	-0.43334319327	2.77102183862333	-6.296416	5.0297855
mila1245	2.418997370817	2.64059210797255	-2.44434375	8.05597825
mina1276	-2.106450307255	2.62358779038497	-7.505308	2.72410825
mini1251	-2.3241840656	2.76007316691745	-8.4014135	2.7301105
mini1256	-0.08954725679	2.6247869566213	-4.92034875	5.28366375
minn1241	-1.42863999648	2.60612222116841	-7.142667	3.40056125
miri1266	-1.971428357875	2.83025346452833	-7.96140725	3.070127
misk1235	2.2054401176825	2.58249879024068	-2.49124	7.76420525
mixt1426	-2.2019816532805	2.78008598147668	-7.97381125	2.83347
miya1259	0.216956313065	2.91849227371683	-5.6016405	5.78535249999999
miya1266	1.241792117665	2.37518649501374	-3.19643575	6.04935675
mlab1235	-0.4289049050825	2.80017192319812	-5.943588	5.09596125
mmen1238	-1.043499552543	2.68576921357904	-6.564135	4.13988574999999
moba1244	-0.17923581809	2.8597255481551	-6.18531125	5.38738224999999
mode1248	-0.9513859910065	2.67989902638525	-6.44001875	4.08985499999999
moii1235	-3.3639810740515	2.69759568174274	-9.0246595	1.5739865
moke1242	-0.1926227308	2.89395822612197	-5.946896	5.50207425
moki1238	-0.191162811119	3.00808034631551	-6.399857	5.879483
mokl1243	-0.237565001236	2.926202962781	-6.24882	5.51995425
mokp1239	-0.0827648001705	2.79922551031732	-5.833168	5.546733
moks1248	-1.269672745685	2.48083123032566	-6.5602725	3.49607675
molo1266	-2.06107902703	2.56804929107821	-7.25082775	2.66768775
monn1252	-0.393220826385	2.7457932417525	-6.17991525	4.71686925
mono1270	-0.362880642195	2.88283753296876	-6.08394925	5.27339674999999
mono1275	-0.2954818202005	2.6049290343207	-5.589718	4.79126724999999
monz1249	-0.47735570272	2.88218355699395	-6.08749525	5.35744725
mopa1243	-0.9787792097145	2.80962161033257	-6.67518525	4.25696525
morm1235	0.30861539045	2.70769006937018	-4.8832485	5.80797024999999
moro1285	-3.735002294881	2.45903218163497	-8.9658165	0.811386799999995
mort1237	-0.109710323615	2.86692474254694	-6.24747075	5.71419625
mose1249	-1.696807446355	2.81275078219027	-7.751712	3.733772
motl1237	-0.721020183285	2.79932403122485	-6.45776625	4.74002275
motu1246	6.04520750155	2.6330029465723	1.32955475	11.561185
mouk1239	-1.31275788925	2.50737443510064	-6.71863675	3.3221915
moun1252	6.04745792865	2.70228376883861	1.17309075	12.0191875
movi1243	-2.825937037555	2.8226156408992	-8.683281	2.39933975
moyo1238	1.741290836405	2.26424348809524	-2.436386	6.45590475
mpad1242	-1.140240674385	2.6806831394583	-6.74769175	3.8439575
mpii1239	-0.379045520395	2.64468209654386	-5.567058	4.97336575
mpot1240	-0.0933715276365	2.98902032537093	-6.005694	5.8677405
mpur1239	-4.1167804617	2.5997076536825	-9.90271575	0.511540349999999
mual1241	-0.180984877945	2.80240197378769	-5.902919	5.22507275
mudu1239	-2.4487458256935	2.49444851621566	-7.8428685	2.32894374999999
mudu1242	-1.31793178731	2.7764345301874	-7.3484665	3.89586175
mull1237	0.8503602969515	2.64353100743348	-4.178649	6.3535095
munc1235	0.0052559648515	2.61553612150747	-5.0660515	5.1602995
mund1320	2.084884269192	2.64117482135331	-2.679778	7.83566725
mund1325	-2.005410635815	2.53885245761162	-7.5458005	2.47639425
mund1328	-1.0999836201	2.64937719934442	-6.53535575	3.9422545
mund1330	1.160059490115	2.65056284265997	-3.70093025	6.54054524999999
murl1244	-0.487742919825	2.74016472183857	-5.96652425	4.98177
muru1266	-1.866048799005	2.63163787184284	-7.3578915	3.11321775
muru1274	0.223136231525	2.81817980306771	-5.26789925	5.90996899999999
musa1266	5.15411709648	2.57216735454558	0.424218175	10.757255
muyu1244	-0.166547004714	2.51437740645427	-5.18173225	4.68580099999999
mwag1236	-1.395944809345	2.50517146381488	-6.30357725	3.38770075
mwan1250	0.775819388565	2.75552051969482	-4.5349115	6.8970045
nade1244	-1.815329319315	2.66063016880136	-7.77840175	3.04434799999999
naka1262	-1.49327869108	2.74912948856782	-7.31752425	3.49743349999999
nalc1240	1.922283469548	2.73835903841618	-3.1732635	7.57027549999999
nali1244	-2.3270707458765	2.6147223105727	-7.89798325	2.543283
nama1268	0.55575407612145	2.34602476640044	-4.04246625	5.33819125
namb1293	3.1725749497015	2.60823984987392	-1.342702	8.6122175
namu1246	0.92338028568	2.49506726050522	-3.7727205	6.15261324999999
nana1257	0.62340438011	2.72167499176248	-4.5337705	6.12583525
nand1266	-1.8337363711	2.78830565968184	-7.5929365	3.498932
nang1262	-0.24655651419	2.83037305163301	-5.911007	5.13505299999999
nara1262	0.2345551039875	2.60482510847552	-4.88737075	5.44026024999999
naru1238	1.4221559224975	2.5449379744542	-3.24700725	6.68376225
naue1237	-0.335453909097	2.75537426746757	-5.97946075	4.8611245
naur1243	-0.160633424505	2.90901422089841	-5.83361425	5.47328925
nava1243	1.16797580081	2.75015388329166	-4.06307525	6.89074475
nawu1242	-0.34465126571	2.74585384160989	-5.83688675	4.93845575
naxi1245	0.01979923256205	2.42250186878376	-4.70808925	5.08842124999999
ncan1245	-1.08597871426	2.68421693348492	-6.6071015	3.98010125
ndam1239	-0.17261800974	2.88800338262976	-6.01083725	5.79688025
ndog1248	-0.581948649795	2.72513619517166	-6.1652985	4.462822
ndun1249	-0.3631651656705	2.83254384833824	-6.02584525	4.89598425
negi1245	0.792139141625	2.79747417851403	-4.59617325	6.4450015
neha1247	-0.656480572681	2.84159232090233	-6.3857575	4.9150215
nend1239	5.2257179659	2.64785852615157	0.472789275	10.7809725
nene1249	0.44972195324315	2.61771788988717	-4.59043375	5.56769125
neng1238	-0.42414687304	2.76336897853832	-5.830181	5.057471
nenn1238	3.28929530975	2.62244869733543	-1.3608385	8.88300925
nepa1254	0.02940057677	1.98984668576021	-3.7248935	4.152638
nese1235	-1.302901020055	2.43962635385423	-6.3540585	3.39763225
newa1246	0.683021687065	2.20761692296117	-3.48626075	5.09387425
nezp1238	-1.6818492171195	2.69553114460515	-7.4831545	3.06920375
ngaa1240	1.15721088568	2.48744832586904	-3.64325675	6.64738175
ngab1239	1.2775273622345	2.79942344743491	-4.18359175	7.1350405
ngal1292	0.8623455314035	2.45995815310624	-4.0067055	5.806424
ngam1268	-1.2060582503785	2.71184710385642	-6.65375225	3.99398699999999
ngan1291	0.492195538806	2.62205178407777	-4.53747325	5.81524975
ngar1235	-2.267946475485	2.54469343293891	-7.78828375	2.459711
ngar1284	-1.717279566321	2.61625516784422	-7.129452	3.28413399999999
ngas1240	-1.5992307883495	2.48767167856993	-6.9273335	2.94066775
ngba1284	-0.4088110528015	2.78973596539194	-6.1594515	4.95972274999999
ngba1285	-0.4711762083915	2.93562755971322	-6.44367575	5.4340365
ngeq1245	-0.855512047964	2.72513167825729	-6.6428215	4.13502875
ngit1239	-0.336765851199	2.7922216673854	-6.11151075	5.11048849999999
nhan1238	-1.6004780917315	2.59181996865713	-7.34835475	3.2865645
nhen1239	-2.1708826590435	2.41023894400047	-7.412434	2.1658165
nige1253	-0.44764364642	2.75690035451814	-5.91936675	5.17580849999999
niha1238	1.1392368839015	2.73107083018192	-4.23473125	6.79146025
nisg1240	-0.701465653465	2.84735721256601	-6.425173	4.79323925
niua1240	-0.061407871005	2.84479057708194	-5.75717225	5.50369749999999
niue1239	-0.124523751721	2.7384757746073	-5.79860175	5.24714249999999
niva1238	-0.791307184225	2.87045097379023	-6.67579375	4.59306774999999
njan1240	-0.8924942988371	2.79402822506033	-6.48171375	4.60054275
nkor1239	0.920596253455	2.59793268370499	-4.11753325	6.06314375
noct1238	1.39858862361	2.32854611836525	-2.82977625	6.187488
noku1237	-1.002128108915	2.7112440588063	-6.597479	4.09152024999999
noon1242	-0.16520362265	2.83229855040519	-5.80418475	5.18711475
noon1243	-1.061597073114	2.72139224641656	-6.5249785	4.0848495
nopa1235	-1.7954076681415	2.74955649107204	-7.6130925	3.3810155
nort2671	-1.5633053515	2.33302489121142	-6.40996025	3.0329
nort2684	-0.429783965227	2.86509455815837	-6.394698	5.09584999999999
nort2690	0.453296381385	2.80633207195722	-5.0238185	6.21012124999999
nort2697	1.175997236378	2.63862453546669	-3.7597855	6.47318775
nort2722	1.055309502597	2.58147380890678	-3.6954345	6.319214
nort2723	0.91984781022	2.47062326604204	-3.79093875	5.901839
nort2724	-0.97825289977	2.34175548026441	-5.790363	3.531373
nort2732	0.15788598965	2.62426234219401	-5.06543775	5.437103
nort2745	0.64762091426995	2.80515463266982	-4.57822775	6.22966625
nort2747	-1.2219443519475	2.88572308034625	-7.24913575	4.17563325
nort2774	-0.462463841261	2.78521433493057	-6.11362325	4.780411
nort2775	-0.460833540885	2.79428142611828	-5.90530025	4.990047
nort2836	2.504758611294	2.30211347000395	-1.94916225	7.4046005
nort2839	-0.94731306512	2.41063705228849	-5.661899	3.831737
nort2845	-0.083590970517	2.89608314913517	-5.699242	5.62877025
nort2847	7.06773700000002e-05	2.53183605244091	-4.972644	4.94127125
nort2885	-0.48972445729	2.81729399434528	-6.10509775	4.8506895
nort2930	3.630749990445	2.80404758225511	-1.45382625	9.63734399999999
nort2938	1.4195539233995	2.69645502583662	-3.73690075	6.9711115
nort2942	0.366181011125	2.70846932314717	-4.807031	5.9344375
nort2951	0.825487162378	2.66662374202611	-4.47846325	6.1995775
nort2954	0.7681503949505	2.64934958520824	-4.2149785	6.16007599999999
nort2957	-3.15476994332415	2.39054764018656	-8.176276	0.997244174999996
nort2959	-0.08593940713	2.31812711789423	-4.8568145	4.15945025
nort2961	-0.31179993126	2.80007140375072	-6.121325	4.9351745
nort2972	1.704645744645	2.74012711159328	-3.2904605	7.2465945
nort2994	-0.607642518654	2.70767721607	-6.31739475	4.58874599999999
nort3047	-2.1160205564799	2.5426474157431	-7.21638525	2.395638
nort3139	-0.6020642744395	2.62143326764885	-5.6566465	4.21135325
nots1237	-2.394058873839	2.65388827653387	-8.1757825	2.4491085
nsen1242	-0.07303905207	2.8632743013837	-5.8267685	5.38970549999999
nucl1235	-0.4528494912495	2.70247650400743	-6.20206375	4.60518799999999
nucl1240	-1.4651637586675	2.69864127060123	-7.09401125	3.79338699999999
nucl1301	0.757348019265	2.71134906483467	-4.38796575	6.493852
nucl1302	-0.653044464765	2.62045418920641	-5.9259595	4.2645175
nucl1305	0.250722216283	2.6709159920321	-4.7660585	5.85758675
nucl1310	-0.230025004675	2.45162820494316	-4.93072225	4.759829
nucl1327	0.5823639424	2.57642178464845	-4.37641	5.9396745
nucl1347	-0.1484480448025	2.86007483805893	-5.95360275	5.383291
nucl1417	0.824861543235	2.61398920916074	-4.166799	5.98079824999999
nucl1454	0.5624082070695	2.630621342076	-4.4968915	6.06863025
nucl1593	1.231363679615	2.43378371652607	-3.3257375	6.26774925
nucl1595	1.566916355173	2.51021529703383	-3.42865725	6.53917775
nucl1622	1.700520406224	2.7436095881422	-3.46330025	7.388176
nucl1630	6.2229623414	2.64543014029499	1.58210675	12.19312
nucl1633	1.39406452254	2.80882889680417	-3.9357295	7.0697565
nucl1643	0.17932269476	2.8457821872903	-5.31039675	5.64997525
nucl1706	-1.2990698647595	2.50887451245383	-6.45027125	3.518114
nuer1246	-1.0327896607	2.65012736290135	-6.51981175	4.06346049999999
nugu1242	-0.525780966915	2.76439435190576	-6.2096915	4.90402275
nukn1238	-0.851021428745	2.07852892358785	-5.1716645	3.02054475
nung1282	0.281705383226	2.42327643421846	-4.32596	5.33262775
nusu1239	-0.248550386465	2.34273131618508	-4.8262455	4.52406975
nuuc1236	-1.6664871638905	2.69796993859397	-7.48975925	3.44415675
nyah1250	-0.253019031955	2.82509059804001	-6.152026	5.1627745
nyal1254	-0.327309405535	2.92585922406899	-6.109474	5.36517175
nyam1285	-1.606813103788	2.67748645688266	-7.0389615	3.4950865
nyan1307	-0.10083181998	3.04985510994641	-6.0525115	5.88393924999999
nyis1236	2.6670206785935	2.51023343255328	-1.920588	8.07262974999999
nyor1246	-0.31694311004495	2.8585512804462	-6.2163275	5.31939325
nzak1246	-0.7499107243745	2.70674869581193	-6.20488625	4.34615775
obok1239	1.5379312762705	2.70249510482635	-3.65236175	7.07570925
occi1239	-0.2669937995095	2.86552103864693	-5.84642175	5.44533349999999
ofay1240	0.446417991855	2.73857547358528	-4.84899375	5.9657135
okan1243	-1.11565524584	2.72738569378322	-6.66687025	3.9542025
okin1246	0.3319612584905	2.87690315125632	-5.3143225	5.87486349999999
okoe1238	-0.399793254868	2.90405882937702	-6.455167	5.2498795
oksa1245	2.611381667808	2.62179064171355	-2.00430125	8.30437775
okuu1243	-1.03409802419	2.72757787635642	-6.50862475	3.96589225
oloo1241	-0.0781679533725	2.29030277893203	-4.605791	4.37226175
olut1240	-1.93183320473	2.75623292117187	-7.5345115	3.25225474999999
omie1241	5.7308323335	2.74517203215613	0.8604458	11.531125
onon1246	-1.75768313345	2.73505771285524	-7.7436515	3.21320825
oriy1255	2.192117737073	2.58229487470357	-2.59508725	7.66677224999999
orma1241	1.188978476545	2.51142228548881	-3.4235985	6.50758675
oroc1248	0.616144246	2.77928861008443	-4.4682945	6.15405
orok1265	0.5321865504275	2.71800441859179	-4.65287675	6.48460424999999
orok1267	3.89672915394	2.7455338339912	-1.06580875	9.979171
orok1269	5.267876778	2.75965138214185	0.2678042	11.1101675
orow1242	-0.664958050919	2.82421739507674	-6.62072025	4.702684
otor1240	-2.597144726325	2.3734463567928	-7.410594	2.0518945
otta1242	-0.154644388205	2.76696774384447	-5.864551	4.99661074999999
owaa1237	4.222896244595	2.66388447468295	-0.73294505	9.930208
paaa1242	0.6334636088125	2.3417911445275	-3.9129625	5.22409549999999
paam1238	-0.530000526675	2.36472124122229	-5.41582525	3.93851674999999
paas1238	-0.126441299185	2.78590663237027	-5.84105225	5.300502
paco1243	-0.594875611258	2.81547714836108	-6.624376	4.97464725
paez1247	1.0700002773275	2.63355507027029	-3.919967	6.670233
pagi1243	-0.44540698936055	2.91268126352699	-6.55031225	5.1690515
pagu1249	-0.25729852953	2.613594690809	-5.3061235	4.8524465
pahn1237	-1.135912480461	2.57283332639018	-6.53793175	3.76002425
pait1244	-0.15985555637	2.12955716736474	-4.304495	4.03759499999999
pala1344	-0.18473950769	2.767463020351	-5.70181875	5.1220435
pana1307	-2.272898885165	2.47961391783985	-7.15200925	2.36799325
panj1256	1.222203270695	2.5882213713877	-3.6340795	6.79558975
pano1254	2.01707377873	2.46440801292237	-2.41282525	7.03943525
pany1241	-1.46351696832	2.6334680160261	-6.94079025	3.28987374999999
papa1238	-2.6292703842035	2.62681283375981	-8.04943425	2.21066449999998
papa1265	0.23750814266	2.60886475673178	-4.87046925	5.48628475
para1301	-0.3221942757105	2.75679093647718	-6.2389135	4.89017874999999
para1302	0.176808793149	2.25532554553847	-4.1982445	4.646482
para1316	-0.3160266716825	2.67141746962016	-5.59563375	5.068594
pare1266	3.103874009135	2.63222010957659	-1.582672	8.99885
pare1272	-0.278602244255	2.68444374491769	-5.76556125	4.83821825
pate1247	1.429022694885	2.06621064379028	-2.390124	5.77348475
patp1243	-1.9837836854	2.81259746466519	-8.04042175	2.933952
paul1238	-0.61056087935	2.7003357804121	-6.349677	4.42830974999999
pawa1255	3.755611588865	2.72227923424312	-1.20850975	9.73659175
pawn1254	-1.17247077887	2.69208489789331	-6.83261075	3.96783099999998
payn1244	5.259395883255	2.66376716772934	0.527340275	10.9524075
pech1241	1.5763792588905	2.68633595257251	-3.35809	7.0596815
peer1241	-1.17048409724025	2.76197068969959	-6.704077	4.158079
pela1242	0.209311321163	2.51498926042082	-4.79033775	5.18096075
pemo1248	1.725419727562	2.71334880385672	-3.2995425	7.4442955
pend1242	-0.30860817558	2.78739596798602	-5.95385625	5.25042775
peng1244	3.01463499533	2.76449789763571	-1.8764295	8.926697
penr1237	-0.059086663965	2.88866704502661	-5.9281315	5.6905995
peri1253	0.15861769834655	2.92573426615643	-5.71457075	5.9402565
phai1238	-0.453678844555	2.85579464093736	-6.24589575	4.88008449999999
phom1236	1.41085262241	2.18510657169629	-2.662161	5.751912
phon1246	-0.3772468979715	2.83353251560749	-5.9168785	5.25690824999999
pila1245	-0.95135593166	2.79505279548063	-6.886634	4.19266375
pile1238	-0.341783879945	2.83827032573385	-6.24030225	5.0181665
pima1248	2.00705617752	2.31866933176175	-2.43103175	6.74422025
pina1252	4.244149168973	2.64893557785408	-0.52331525	9.54985849999999
ping1243	-0.16206143421	2.80710245480488	-5.73869825	5.28392675
pint1250	-2.2272834833495	2.48929699423188	-7.533274	2.44237924999999
pipi1250	-1.613405684725	2.64227243527596	-7.187669	3.22784025
pite1240	-1.58408960044	2.32136973462306	-6.84030025	2.568689
pnar1238	0.078568523755	2.5248354214316	-4.9619675	4.9664555
pohn1238	-0.1547038511095	2.88758719455035	-6.1107705	5.49469675
poko1263	-1.91830546937	2.83549241167354	-7.80572425	3.4928755
poli1260	-0.289276768905	2.71891465462558	-5.92556725	5.06602649999999
popt1235	-1.92370897997	2.71603545944772	-7.48764125	3.21696825
port1283	-0.267272457315	2.80139644665114	-5.978153	5.17426525
port1285	-0.764593827817	2.38653076485896	-5.49585675	3.86560325
psik1239	-1.937404766315	2.51859602020847	-7.02445875	2.9531765
puka1242	-0.114871291025	2.84772908815873	-5.969726	5.4726955
pula1262	0.01423009954	2.85750120201577	-5.8315915	5.62325624999999
pula1263	0.0011846823915	2.96072623421141	-5.986619	5.83829275
pulu1242	-0.134976267805	2.86628480415506	-5.99264175	5.31759124999999
puma1239	2.41920378428	2.40515970056173	-1.954238	7.49337775
pura1257	3.7305374122405	2.78330577065228	-1.244572	9.7539495
pure1242	1.03765433887	2.67468938069887	-4.16596175	6.44715874999999
puri1258	0.2333390351	2.50438725442076	-4.335838	5.3917555
qanj1241	-1.8507525935615	2.80008222881723	-7.71029825	3.2627295
qawa1238	1.612442271279	2.66785395350028	-3.600206	7.09264874999999
qima1242	2.025454216106	2.46839894073852	-2.66221375	7.38689599999999
quer1236	-0.960949196855	2.77782332144472	-6.6653015	4.4814845
quio1240	-2.5007263253235	2.78663162916899	-8.50200025	2.62193525
rabh1238	-1.041609559851	2.2550840596985	-5.43730975	3.37073875
rade1240	-0.6745627149665	2.67197564950689	-6.175543	4.47563925
raji1240	1.86507668602	2.58860946525811	-3.1116865	7.15626875
rapa1244	-0.176180003135	2.85908781310035	-5.9781415	5.365896
rapa1245	-0.128385671325	2.80973013056727	-5.56566725	5.28845325
raro1241	-0.05700630977	2.78964934523995	-5.34696475	5.724157
rata1244	-0.368155845008	2.6471947668091	-5.74545	4.93268825
raut1239	1.8881325007	2.62734743357518	-2.9667555	7.26968349999999
reja1241	-0.250784872245	2.95563851779569	-6.32075575	5.54941674999999
remb1250	-0.46272115806	2.80479051906369	-6.20370375	5.19878425
reng1252	-0.924760607175	2.65623671091787	-6.47387675	3.89342575
rian1263	1.22054613201	2.73255622957565	-4.202688	6.61091025
rikb1245	0.75564314569	2.78209454526256	-4.6137005	6.30478525
roma1326	-0.3786145454865	2.82980956744639	-6.0033235	4.906844
romb1245	-0.2750087809615	2.89017877766993	-6.32600675	5.41206749999999
rong1264	1.364544545645	2.68265793279373	-3.62637225	6.88256924999999
rong1266	2.73830795803	2.41583324175638	-1.68182075	7.77216575
ronn1241	-1.5353395057455	2.47172440599847	-6.53899325	3.0743025
roto1249	0.206270764065	2.60860516720425	-4.81258725	5.4377335
rotu1241	-0.00554628353	2.87641332990722	-5.896845	5.78163175
rovi1238	-0.33615092153	2.60942369590491	-5.4658655	4.61586
ruch1235	-1.0114008652895	2.7330274085637	-6.42102975	4.1709055
ruka1240	1.64691187924	2.5076789432678	-3.032407	6.808158
ruma1248	-0.067007047075	2.65556151844826	-5.32580525	4.96860575
rung1258	1.07603227373805	2.6731036024999	-3.8885865	6.45335825
russ1263	-0.326623075865	2.80524557576678	-6.041644	5.32146325
russ1264	0.4574131330745	2.81028858257584	-5.170986	6.01832174999999
rutu1240	0.830385583975	2.54565771843443	-3.97008425	6.12840175
saar1237	2.21614997674	2.47300351297936	-2.2686025	7.609267
saba1268	1.769803769563	2.5209189082707	-2.97807625	7.14847199999999
sabu1255	-0.3906522094595	2.8395901441628	-5.93858675	5.203063
sais1237	0.409292762491	2.54249558846024	-4.61263225	5.40949049999999
saka1289	-1.246891968205	2.61228537818817	-6.70672725	3.7334225
saki1247	0.99559779149	2.62538524640568	-4.311863	6.35715899999998
saki1248	0.98937115224	2.52653716375463	-3.6095275	6.35489825
samb1305	-1.375779952845	2.66939231743974	-7.078735	3.74776299999999
samb1311	-1.351451024405	2.65345753052032	-6.9798095	3.53669549999999
samo1305	-0.124669408477	2.72017797963602	-5.67431975	5.14427299999998
sanb1241	-1.9284240265	2.73932487498216	-7.83679875	3.31343675
sanb1242	1.19021223307315	2.62349990226684	-3.66711225	6.57476324999999
sand1273	0.1661658745845	2.52338262236246	-4.9005035	5.03225674999999
sand1278	-2.326854772336	2.69076655980738	-7.99963275	2.55334425
sang1321	1.94257277529	2.26627412117897	-2.32005425	6.61130025
sani1269	-0.31502436193	2.46547144766935	-5.0716465	4.57998825
sanj1284	-2.3505503608215	2.87880997185816	-8.72981975	3.04908075
sanm1289	0.422800104335	2.68116841446878	-4.72092825	5.96761375
sanm1295	-2.1320077471575	2.84822362757215	-8.28586875	3.171181
sanm1301	-2.75787014528	2.76562651713511	-8.74188625	2.15590625
sant1410	2.3272561776355	2.74105853878752	-2.61863725	8.19504974999999
sant1436	-1.785188702227	2.78979589685624	-7.48732325	3.44206775
sant1451	-2.207060012745	2.76461941843297	-8.133142	2.8726785
sanu1240	0.673553453505	2.6600529993659	-4.26683725	6.19002775
sapo1253	-0.135326480565	2.72087292956889	-5.576665	5.15931474999999
sapu1248	-0.93720006388525	2.65696226420331	-6.49716525	4.008487
sara1321	-0.14525762423	2.87258453339612	-5.904262	5.5815615
sars1236	0.168515903255	2.70336776994084	-5.1739	5.782922
sasa1249	-0.0945009331475	2.92196813645086	-5.99485925	5.6138095
sauk1252	0.165664709475	2.06799244334866	-3.74140175	4.36578525
savo1255	0.54904461446	2.48453565784308	-4.1420095	5.492195
saya1246	-1.2937057670186	2.46514173918588	-6.405714	3.37863474999999
seda1262	-0.885058939895	2.69220129985723	-6.3073125	4.227179
seim1238	-0.17710305138	2.95623495217036	-6.3255365	5.25618299999999
sekp1241	-0.53415065591375	2.85255596309033	-6.386684	5.15353025
sela1259	-0.31070279449	2.83495332863563	-5.88161325	4.9523915
selk1253	0.49609090714	2.82819683128855	-4.93335075	6.43328
sema1265	-1.00760341884	2.65461653584555	-6.25486275	4.0206005
seme1247	-0.8980623248484	2.69304116760689	-6.444867	4.100123
sene1264	-0.898999599958	2.65212003818566	-6.1624765	4.157581
seri1257	1.3255713217615	2.68497984108926	-3.98076775	6.94149
sgaw1245	-2.14667829399	2.74433920110552	-8.062504	2.792436
shab1252	0.6187891690415	2.54703104355617	-4.3579485	5.7110475
shan1283	0.90037191687	2.53137697791365	-3.78718725	6.172818
shaw1249	-0.37593464519	2.6891224381556	-5.98387425	4.86799699999999
shee1238	-0.9140350374705	2.90549629734405	-6.8626315	4.55858175
shil1265	-1.354345473685	2.66314690590487	-6.690383	3.6909735
ship1254	-0.011435984424	2.35973181612914	-4.80201825	4.709926
shix1238	0.7575612456825	2.55446666910183	-4.15416475	6.09275799999999
shol1240	-1.5096712231155	2.66655614837639	-7.0750635	3.38615899999999
shon1251	-0.0478223403525	2.92756571291692	-5.97163475	5.74121175
shor1247	0.43962646654	2.7604444423992	-4.80773675	6.171721
shos1248	0.5919531924833	2.63132729207797	-4.3448545	6.00148775
shua1257	0.3105646367675	2.75120091947656	-5.07974825	5.91001249999999
shwe1236	-0.039178391855	2.54124177115283	-5.161308	4.7806
siam1242	3.8675739901	2.539672565111	-0.708801825	9.579859
siaw1243	1.640525495595	2.61583393956057	-3.115331	7.0296955
sich1238	0.7951896887	2.51451754224871	-3.929281	6.06504325
sici1248	-0.41115645543	2.76491058676097	-6.0205675	4.8959275
sici1249	4.18359404793	2.6115549674179	-0.51994875	10.0498275
sida1246	2.88485601266	2.63193955911772	-1.894738	8.4130165
siee1239	0.6061983867155	2.53665723926264	-4.291616	5.628725
sier1248	-2.7031116850705	2.61666801237208	-8.17398625	1.9620455
sier1250	-2.4683749277	2.82118490471608	-8.42443275	2.6328495
siks1238	-0.903575814885	2.78527907289742	-6.59470475	4.19320499999999
sile1255	5.45286487695	2.61572684027445	0.796180525	10.9962275
sina1266	6.11928265185	2.55559380953477	1.5946225	11.88047
sing1264	1.41604778982	2.42172696762041	-2.94957025	6.382799
sini1242	0.588157131914	2.76267128568674	-4.79983775	6.30152
sioo1240	-1.31010888186	2.24964606443904	-5.79816475	2.937574
siri1274	1.513105571905	2.31244682652718	-3.018175	6.1589965
situ1238	0.65602833324	2.61066245471162	-4.2623805	5.89623375
siwi1239	-0.348376574062	2.77242761888274	-5.8324575	5.16204624999999
siyi1240	-0.7561876417885	2.15686770612328	-5.0550695	3.510574
skol1241	1.925955502585	2.39133148012637	-2.331315	6.8401845
slov1268	-0.242486976796	2.73022612836346	-5.77880475	4.96495125
sobe1238	1.293023841085	2.45811471434544	-3.589107	6.24375175
soch1239	-2.519987173091	2.76886453147136	-8.49322625	2.4920715
soga1242	-0.72381526454	2.78518721580454	-6.21337025	4.8268815
soma1255	1.551468733744	2.48279555091554	-2.97687275	6.79680825
soni1259	0.2687688254785	2.82967092058842	-5.63070925	5.83397999999999
sons1242	-0.20186335599	2.90415213464611	-5.920687	5.31050224999999
sooo1254	-0.502057143465	2.81125119033141	-6.347615	4.819065
sooo1256	-2.451552524235	2.64774206485123	-7.93962975	2.39323075
sora1254	2.910640026945	2.6393825208807	-1.7878415	8.8411785
sout1528	-0.24490708015	2.78518605550269	-5.913026	4.89331925
sout2649	1.09065835703	2.60416412638662	-3.80784775	6.51702974999999
sout2674	2.23035450072	2.32305077772791	-2.065326	7.27263549999999
sout2679	-1.807594835285	2.55629643571013	-7.12458025	2.95138825
sout2728	0.8420168970435	2.69291267184971	-4.17795225	6.39346125
sout2729	0.719714479955	2.38591593139523	-3.78312125	5.79946774999999
sout2730	-1.398590406295	2.37547971842389	-6.3238575	3.204363
sout2782	-1.775339103133	2.61280017905485	-7.2240065	3.2789655
sout2807	-0.119486709555	2.88856005575349	-6.066178	5.54376675
sout2856	2.75484248913	2.31835095231678	-1.62071725	7.6489905
sout2857	-0.77947085468	2.48163429368716	-6.08033425	4.250723
sout2859	-0.7742699618965	2.40544020523547	-5.67516225	3.98432099999999
sout2869	-0.128159165855	2.57391292584401	-5.3708145	4.86670275
sout2895	-0.6715339525495	2.75425422116373	-6.0912035	4.554517
sout2896	-0.184539930204	2.68403796634922	-5.6013955	5.01550499999998
sout2912	-0.119547570715	2.88075200692525	-5.99298125	5.635664
sout2954	0.24986620631235	2.85298169856055	-5.24250625	5.93692675
sout2956	1.42962351217	2.72197136540976	-3.79600125	7.181761
sout2959	0.40503760648	2.69416346571075	-4.69067475	5.8627125
sout2976	-1.11469795663	2.33013439155914	-6.02564975	3.257234
sout2985	-0.408890508846	2.50730004921921	-5.48390775	4.4889325
sout2994	1.219848755515	2.74948972529263	-4.00510725	6.70347674999999
sout2996	2.025416997661	2.5548431411177	-2.7001395	7.30864275
sout3236	-0.892529802829	2.65983215677896	-6.24348175	4.32016024999998
sout3261	0.113322547628	2.53648075575048	-4.98350575	5.14889299999999
stan1289	-0.14616107345	2.69965048390929	-5.5710415	4.982368
stan1290	-0.178485465085	2.80478928521123	-6.1388615	5.43661749999999
stan1293	-0.450205990363	2.76097881023008	-6.21897775	4.93403524999999
stan1306	-0.706584537872	2.76973230791968	-6.287906	4.69929625
stan1318	-0.378300436885	2.67777797079225	-5.86397575	4.6191095
sude1239	-1.0006123930051	2.52030759939128	-6.190516	3.741842
sumi1235	2.290451256005	2.23037090228076	-1.85833125	6.87571649999999
supy1237	3.76581021908	2.66333344790838	-0.91440215	9.59618575
surg1248	1.034683288375	2.57430525614488	-3.8642545	6.2837895
surs1246	-1.794696697603	2.85615711705018	-7.801452	3.31486699999999
swah1253	-0.127468946012	2.89343452175636	-5.963412	5.5471685
swed1254	-0.25276564336	2.83926633076062	-5.8155995	5.316819
tabo1241	3.29980822492	2.76571293486711	-1.72689325	9.11789349999999
tafi1243	-0.5152951592	2.82490623825593	-6.289679	5.0906425
taga1272	-0.425357137555	2.80391759397949	-6.1649995	4.97101774999999
taga1273	-0.314801434855	2.85106920930609	-6.1806285	5.23840975
taha1241	-0.205701939365	2.7973571699987	-6.08664525	4.997741
tahi1242	-0.07801386162	2.91857554867932	-5.94595625	5.60641674999999
taji1246	-0.333449871445	2.81050988266378	-6.09085	5.15525475
taku1257	-0.064060912035	2.79952025836415	-5.5620045	5.393591
tama1331	1.847156421485	2.82627028726431	-3.26956475	7.65096775
tama1365	2.25319124212	2.51679358952378	-2.61519525	7.1721565
tamb1254	-0.41140900218	2.82671390044794	-6.1588945	5.172182
tami1289	-0.1449346105	2.80391749202846	-5.69741925	5.53527525
tane1237	-0.47640743469	2.78742080852807	-6.4777235	4.72047725
tang1336	2.59357489947	2.33229318908484	-1.745358	7.4520085
tang1347	-1.3250804458275	2.50344700715269	-6.64684175	3.38983825
tang1373	1.87723362120155	2.38469100459658	-2.55755275	6.90547474999999
tang1377	2.40181073036	2.68286152170409	-2.4365795	8.08148399999999
tara1313	1.53299219693	2.19193086655604	-2.58495525	6.22590275
tari1256	0.677391470972	2.52079052204311	-4.56614675	5.6631285
tari1263	-0.314757476675	2.83201488442678	-6.11334975	5.42456075
tata1255	1.5855417449925	2.55161711130334	-3.04475125	6.99221275
tata1257	-0.27498968142	2.82337932968401	-6.121348	5.04272199999999
taul1251	-2.271004252042	2.7262155816302	-8.3572775	2.5771305
taus1251	-0.179775479764	2.84091938458768	-5.88534225	5.517917
taus1253	-2.670818894525	2.65771380442637	-8.16304025	2.2064345
tawa1286	-0.298038621605	2.81488033247418	-5.9026255	4.91864775
taya1257	-0.281816332016	2.83798279004939	-5.99110275	4.96771649999997
tbol1240	-0.29882859422865	2.82299595804414	-6.25916275	5.26395675
tean1237	-0.481327618253	2.81676275079058	-6.28334275	4.6003195
teda1241	0.75666105268	2.74185352679892	-4.59664025	6.163621
tedi1235	-0.7461721271885	2.2766346425038	-5.29862	3.781563
tehu1242	-0.9951151933805	2.67369685745974	-6.60387375	3.7787615
teke1275	-0.11840844026	2.96888398457564	-6.481002	5.54847574999998
tekt1235	-1.78888636219	2.71306454057235	-7.32110175	3.07416125
telu1262	0.845078787075	2.6752108815651	-4.1512765	6.69588599999999
temi1246	-1.0820662747195	2.61679456001074	-6.4259975	3.81701724999999
temo1245	-1.532094226585	2.65188105147594	-6.939548	3.33154599999999
tene1248	2.15844217415	2.61292910578717	-2.97343475	7.53305175
tenn1246	-0.8422569111	2.86223448694866	-6.6043085	4.66784325
tera1251	-0.90307874479	2.67876886695196	-6.65659525	4.17100325
tere1279	-1.1804578997253	2.52121533266938	-6.47702275	3.417453
teri1250	1.374760327425	2.7060137863733	-3.7819805	7.112016
tern1247	-1.72278634182	2.64897972577105	-7.29850725	3.033365
tete1251	-2.3843747773025	2.64995728945479	-8.12682275	2.451633
teun1241	-0.325103409055	2.75494877851908	-5.80798975	5.11687225
tezo1238	-2.23010303501	2.82832993016563	-8.25863275	2.83387475
thad1238	0.103428921583	2.11716911437008	-3.926972	4.29425699999999
thak1245	1.740274318339	2.46413760627385	-2.7497595	7.0037635
tibe1272	1.448607469851	2.68740114935384	-3.85433975	7.00455699999999
ticu1245	-1.14443790025	2.76947425126044	-6.8815	3.9503095
tief1242	3.1176682782055	2.40192239793148	-1.2247465	8.17383575
tief1244	2.948575866655	2.46532587817203	-1.407926	8.18474125
tiga1245	-1.821106310295	2.68898791665065	-7.488629	3.086444
tigo1236	-1.1727731942425	2.6846396324614	-6.5531815	4.0358565
tika1246	-0.762505036534	2.81511234361032	-6.375051	4.59775825
tilu1238	2.309680412075	2.3542125788702	-2.0455165	7.306881
timn1235	-0.23208030203	2.90456917151018	-6.0384565	5.31643949999999
tina1248	-0.403645164993	2.76848331561437	-5.97270975	5.01033649999999
tira1254	-1.779298624	2.36334943178409	-6.50954825	2.82732025
tiri1258	-0.66573437289035	2.73102162052911	-6.325151	4.6116325
tiru1241	-0.34303181768	2.81792123845527	-5.87203225	5.071456
tita1241	-0.104312429898	2.63592163534144	-5.48005625	4.82470225
tivv1240	-0.89072605103	2.75452238277294	-6.52251275	4.3643045
toab1237	-0.29180965636	2.4381615978626	-5.266304	4.488043
toar1246	4.670576875445	2.5756077597999	-0.01639164	10.276945
toba1268	-2.238897515043	2.66479496390871	-7.923822	2.902413
toda1252	-2.61806256165	2.5336095216876	-8.080677	1.90406175
toho1245	-1.07500508525	2.3462517791315	-5.62403575	3.376611
tojo1241	-1.71391511654	2.69333618133035	-7.44530225	3.32586725
toke1240	-0.10004291829	2.84660521231116	-5.99342575	5.51185275
toma1245	0.502477482451	2.80141620272738	-4.90715625	6.32019625
tomm1242	2.47886747834	2.37400576668088	-2.07976125	7.26734425
tond1249	3.216855814665	2.38143865391629	-1.195472	8.19624125
tong1308	-0.73403912859	2.84812438388882	-6.566994	4.64923475
tong1318	0.05546620527	2.91837885915307	-6.1021075	5.71076574999999
tong1325	-0.122892744225	2.95528961597273	-6.20356	5.79459825
toor1238	-0.216928884935	2.85719291316852	-6.04772625	5.245204
tosk1239	-0.8975683522	2.65909014313636	-6.25641675	4.11309425
tote1238	-0.045312584809	2.86311389276689	-5.695844	5.73355125
trin1274	-1.32731726561	2.4691652970293	-6.34714625	3.32922449999999
trio1238	-2.21544299548	2.53557470514831	-7.621362	2.45485975
trum1247	1.226260056145	2.40203785012836	-3.45787225	6.2097095
tsam1247	1.948790583865	2.09181810916746	-1.8692465	6.23456175
tsat1238	-0.1441631310215	2.91542673462798	-5.9684125	5.55613625
tsha1245	1.51007411034	2.45080048167943	-2.8900725	6.78093099999999
tsis1238	0.0494809789055	2.67824872595444	-5.14071725	5.37590775
tsix1234	2.517478221885	2.60908678062884	-2.22997825	8.10804875
tson1249	-0.0825254837	2.75358627006032	-5.75558475	5.23057375
tswa1253	-0.77294455862	2.87261630910238	-6.59547375	4.652148
tswa1255	-0.075585335698	2.92549690186879	-6.08527975	5.60606275
tuca1252	1.99375588417	2.2352020406959	-2.11899225	6.64276924999999
tuge1241	-1.88624696244	2.71198562760175	-7.7582485	3.152951
tugu1245	-0.43426756163	2.67043458977103	-5.87648875	4.51945499999999
tuka1248	-0.189262065595	2.88174501185223	-5.9663395	5.37554774999999
tuki1240	-0.512317215173	2.84905217464208	-6.56481025	4.98236299999999
tula1252	-1.4352272282721	2.65590849734781	-7.015197	3.63213
tulu1258	0.15492910845	2.76106623594245	-5.08812825	5.84592524999999
tung1290	-1.21876621171255	2.78704433067477	-6.9291135	4.1659305
tunn1238	1.4815598831095	2.46247826627704	-3.128486	6.549076
turk1304	0.5110437374495	2.71608625382704	-4.6055805	6.05878474999999
turk1308	0.0873954580775	2.26186547067049	-4.55020825	4.467122
tusc1257	2.132346956657	2.56421504746761	-2.689235	7.50769399999999
tutu1241	-1.400724513175	2.47783711171333	-6.580241	3.19543275
tuva1244	-0.11459951501	2.87344632165898	-5.96604275	5.62710949999999
tuvi1240	0.40416341627	2.80508819815683	-4.8174305	6.255834
tuwa1243	-0.64520012287	2.79787610691017	-6.35159625	5.079447
tuwu1238	-0.4918792069	2.76198679884469	-5.9328685	4.91844499999999
ubir1237	5.4873182016	2.57544636613548	1.03156775	11.0611575
udih1248	0.649639719375	2.68554737086102	-4.43570875	5.888833
udii1243	1.2808030240275	2.5367484982212	-3.60322675	6.66579225
uduk1239	-1.791764545225	2.6307315014162	-7.4726405	3.14089399999999
ughe1237	-0.278845114015	2.65000831708779	-5.73751	4.86603974999999
ugon1239	0.0818665614545	2.77841988060219	-5.46938825	5.68600725
ukaa1243	-0.388320008561	2.88603966702597	-6.25861975	5.376199
ukra1253	-0.21915192074	2.76126281212693	-5.76480475	5.1731865
ulch1241	0.77553523006	2.74129490470233	-4.6561505	6.35471325
ulit1238	-0.17286211071	2.78066240223108	-6.02676575	5.10903325
ulwa1239	1.8958889663	2.70353028248995	-2.983891	7.3384
umaa1242	-0.2359983764485	2.91825104094561	-5.93010675	5.45072775
umbu1258	3.9163057814945	2.70651244231543	-0.93114205	9.4680595
umes1235	1.8482716889735	2.3091786395407	-2.33341875	6.85120975
unua1237	-1.0875711786415	2.39906361766633	-5.9196835	3.449827
uppe1275	-3.15523034369	2.40375661814397	-8.11031975	1.20705849999999
uppe1427	-0.36700971825	2.87082746438264	-6.18656525	5.31587975
urak1238	-0.4162754884795	2.88314989950034	-6.2895405	5.37787
urar1246	-2.435481684015	2.59437254693954	-7.790577	2.67380175
urav1235	0.84360118784	2.55556446147455	-4.08707725	5.96141325
urim1252	-0.1586276242045	2.30309380887947	-4.8339995	4.2135855
urip1239	-1.29238808227	2.42230084121109	-6.3314475	3.407625
urni1239	0.54061157481	2.57443545596395	-4.63772525	5.8439215
utes1238	0.639901334811	2.5941813752535	-4.38766825	6.04871075
vano1237	-0.482485546085	2.85632873872446	-6.207969	4.71630924999999
veps1250	-0.973074530582	2.67157087166407	-6.717491	3.962419
vera1241	-0.804960608351	2.75328480340956	-6.552976	4.5231745
viet1252	-0.439517713735	2.75603742344535	-5.877873	4.817997
vinm1237	-1.1418168203025	2.43784722915565	-6.243313	3.44220875
voti1245	-1.533224338566	2.65675478646316	-7.18518825	3.50448499999998
vure1239	-0.81281909371	2.76367115330817	-6.64246775	4.53798724999999
waga1260	-2.011767322328	2.68446399673379	-7.64520525	2.972971
wage1238	-0.55853119195	2.66543942921293	-5.97195775	4.55701525
waig1244	-1.938983471725	2.82073204720981	-7.5880455	3.53855325
waim1251	5.558890561735	2.57028736168309	1.1315315	11.0280375
waim1252	-0.327775858475	2.6720266140787	-5.69419775	4.86292175
waim1253	1.280608978185	2.47061324198355	-3.3670205	6.48414775
waiw1244	-1.4768085825	2.6386192278395	-7.32317125	3.5449295
waja1257	1.433190978945	2.59226332301821	-3.600137	6.7203955
waja1259	-1.490659257518	2.66741776167029	-7.161051	3.42735649999999
waka1274	1.321471634437	2.59285180056143	-3.37573925	6.64052249999999
wala1266	-0.262365786225	2.52092931979372	-5.34692025	4.55453849999999
wall1257	-0.102934682792	2.90421605737161	-5.9782275	5.50214574999999
wamb1257	2.3275691686065	2.35880248282754	-2.01414525	7.31074224999999
wand1267	-1.98735163598	2.73344131255438	-7.6502915	3.14085975
wand1278	-1.6453409093835	2.63879702183045	-7.3209595	3.3621655
waor1240	-1.471674808332	2.63202842229151	-6.8395555	3.3901025
wara1294	2.8099151200585	2.66624707649585	-2.03069	8.549113
wara1303	-0.66343644509945	2.73228253153468	-6.3822305	4.28291875
ware1253	0.836288884403	2.78518493661013	-4.780457	6.50563725
ware1255	-0.51947527499	2.73135295476245	-5.968748	4.7591855
wari1268	-2.1723926407275	2.57952600716662	-7.42328625	2.663516
warj1242	-0.5161820437287	2.41424145971792	-5.27372925	4.25115975
waru1265	0.95947535973	2.49258259028045	-3.50680825	6.25941825
wash1253	0.703540195098	2.5557424500093	-4.346958	5.7105045
wawa1246	-0.922111622706	2.88249172247951	-6.85038075	4.536738
waya1269	-2.2862622361	2.57390856129383	-7.5256375	2.46548475
wayu1241	2.039469662375	2.32069318328205	-2.0139615	7.00484625
wayu1243	-0.21622846422	2.62545172239662	-5.5587605	5.035435
wels1247	-0.61833624356	2.83695176326983	-6.2862605	4.858057
weri1253	3.58191389229	2.35061632695372	-0.60616565	8.66939025
west2354	-0.4672659607775	2.73596074909047	-5.9089195	4.90836
west2369	1.012645622897	2.76407429519485	-4.120389	6.93470674999999
west2396	-1.381951708315	2.72190137476162	-7.1853175	3.67231575
west2397	-0.51517336156	2.8063072058881	-6.3202695	5.00069725
west2415	-0.005696174958	1.99236963333565	-3.8685575	4.01081975
west2418	1.7547100106635	2.50227307027228	-2.77401725	7.116103
west2430	-0.295103933435	2.85421859320078	-6.121774	5.30298899999999
west2466	3.603291549715	2.43489427008496	-0.82828905	8.76339525
west2516	-0.4746794672	2.72497425235525	-6.0904815	4.8346045
west2519	-0.2627340214115	2.82826788592158	-5.9338125	5.1398765
west2548	-0.4153868119235	2.81961256050179	-5.9892955	5.056914
west2555	-0.4835615252615	2.70789750411762	-6.0646205	4.821302
west2557	-0.37463441235	2.99217705028963	-6.50485275	5.48449824999998
west2560	-0.3618916346635	2.81378091876751	-6.006537	5.311889
west2594	1.432863718935	2.90002065010603	-4.28695975	7.5351125
west2600	-1.900146713605	2.54057268756342	-6.964446	2.79316875
west2615	1.01315498748	2.66301992022941	-3.94962125	6.46392875
west2635	-1.897515751473	2.69103072722846	-7.249455	3.299961
west2644	-1.802881622695	2.82222436056317	-7.562366	3.5453205
west2650	-0.433985934145	2.76796967539528	-6.21489775	4.98075575
whit1269	-0.10081750176	2.55917715785531	-5.35002875	4.81964624999999
wikm1247	-1.12397675091	2.56923639778766	-6.788294	3.7697845
wiru1244	3.850350795583	2.79207304169898	-1.11604475	9.82786175
woii1237	-0.3982235142405	2.67458001478273	-5.58278425	4.98652725
wola1242	3.044819407495	2.65253733956915	-1.79807375	8.6404385
wola1253	2.653135384	2.62337064398643	-2.0397735	8.2621865
wole1240	-0.07711872671	2.85993173342114	-5.8895655	5.47573924999999
woli1241	-0.1911453303325	2.79771691463368	-5.69927125	5.20133175
wotu1240	-0.26298694441	2.85776742844202	-6.1742045	5.25556525
woun1238	1.58702231254	2.52683509082577	-2.98786925	7.00189599999999
wuch1236	-1.7483116899935	2.53636312126568	-7.104751	3.0923675
wudi1238	-2.9369602965335	2.42050568580558	-7.90612375	1.4753795
wusa1235	-2.437696913035	2.33517041393701	-7.298166	1.84578875
wutu1241	1.34259428897	2.29593058294091	-2.863678	6.27572274999999
wuvu1239	-0.296713183415	2.71217290192817	-6.12499525	4.89428399999999
xamt1239	2.48020451407	2.5568986880111	-2.14957775	7.82438575
xara1244	-0.683348264975	2.70197724507181	-6.0497525	4.34794199999999
xava1240	0.9851371391995	2.64673292288321	-4.01879325	6.35278399999999
xish1235	-0.66618046954	2.45055677853663	-5.681307	4.43530224999997
xokl1240	0.543719548995	2.81802329919438	-4.73072375	6.201852
yaak1241	-2.03897250644	2.47699957948044	-7.00014525	2.517034
yaey1239	0.3081494871	2.86401601414557	-5.21508225	6.2626405
yagu1244	-2.23533273422	2.70861945480696	-8.01107175	2.81086275
yaka1272	-0.244272193425	2.81349278384979	-5.857607	5.20811549999999
yaka1277	-0.320003813215	2.85373702410717	-6.47844325	4.91580299999999
yaki1237	-1.6707298533955	2.74764918135947	-7.4829485	3.47137675
yakk1236	2.13987728032	2.52164886285935	-2.4695885	7.57409274999999
yako1252	-0.41501479409	2.73926360048992	-6.04575	5.0703925
yaku1245	0.406828183115	2.70391043237077	-4.56877525	6.03627025
yale1246	1.3886507325465	2.51205013455787	-3.22446275	6.67537324999999
yama1264	-0.907331258065	2.72353177093515	-6.58284675	4.2602665
yami1254	0.715333710405	2.79170124294116	-4.79231625	6.40705775
yami1256	1.8065667581535	2.72512003040271	-3.4063045	7.42646
yank1247	1.214272498305	2.55465344824862	-3.525065	6.53691525
yano1262	0.702260519295	2.68953495127697	-4.30024475	5.98744975
yaou1238	0.493563988689	2.70641727389596	-4.588438	6.004621
yape1248	-0.25360513604	2.83363473340686	-6.151836	5.3365675
yapu1240	-0.2756656161675	2.29563381140099	-4.7347995	4.26260175
yaqu1251	1.387416881025	2.59876756321096	-3.20671325	7.15579625
yare1248	5.6966571944	2.63067530578786	1.025787	11.3028025
yatz1235	-2.37825317764	2.90947000375299	-8.6407325	2.94023775
yaul1241	3.52372465734	2.62865043236066	-1.23280475	9.00971675
yaum1237	-0.306359051	2.03391123186784	-4.17485925	3.5940355
yawa1260	2.075221538465	2.62444026518869	-2.7650985	7.51867599999999
yawu1244	-0.282911373605	2.50325621523877	-5.332429	4.71664975
yecu1235	-2.5960196949915	2.55321118516199	-7.912451	2.13881075
yele1255	-1.22388471429	2.70781943379191	-6.80038425	4.0540145
yems1235	2.85821099544	2.6790311136576	-2.015488	8.51781675
yidi1250	2.393627628555	2.45381252698202	-2.21584875	7.51895999999999
yind1247	-1.84402339214	2.52680539408793	-6.85989675	2.86693
yoga1237	-0.5403149871915	2.7578868665863	-5.89137	4.6005805
yoku1256	-1.247747917085	2.5303414017698	-6.50483525	3.5966875
yona1241	0.34888786767	2.82669674988685	-5.0334235	6.12728975
yong1270	0.72444100327	2.4193172376852	-3.67804225	5.90965024999999
yong1280	2.373166579065	2.75743091295992	-3.09597975	8.126815
youl1235	-0.000784053465000003	2.49739852473505	-5.23624775	4.90409924999999
youn1235	-0.984060333875	2.70080802961683	-6.69483975	4.29059575
yuca1254	-0.59792961588	2.79099780240887	-6.4077725	4.86058525
yuch1247	1.329586852422	2.75967590850141	-3.8044545	7.43854375
yuec1235	-2.158137137576	2.43955547512038	-7.1764525	2.28645975
yulp1239	0.72906913734	2.48057205463301	-4.01005475	5.7781455
yulu1243	-0.50010256726	2.75900789707912	-6.35215725	4.87040675
yuqu1240	0.057826327165	2.31277835723017	-4.4741105	4.71935125
yura1255	-0.1018680196905	2.34715209814894	-4.7316625	4.81029825
zaba1237	-0.17341262544	2.62208929641911	-5.3704655	4.6810715
zaca1241	-3.201187746665	2.34441652734697	-7.94605925	0.917883324999991
zaca1242	-1.697034627379	2.7562833380034	-7.2615375	3.48667574999999
zagh1240	0.985912494229	2.73480440973427	-4.1810195	6.5371065
zaiw1241	0.121156629538	2.58175385802938	-5.01611225	5.17193949999999
zakh1243	1.565064521499	2.56979708126664	-3.1370195	6.990742
zani1235	-2.05824492352	2.94363728270228	-8.3106565	3.3803195
zapa1253	-2.18014353335	2.65741325737167	-7.924197	2.650148
zarm1239	-0.843571461775	2.50946169569015	-5.9478015	4.05877525
zaye1235	-2.59064553435	2.59948677131392	-8.04413475	2.03137575
zays1235	2.737215461321	2.58769822264141	-2.147618	8.08433925
zeme1240	2.86288501314	2.43308575297693	-1.6103715	8.0803175
zhab1238	-2.9146915279	2.52973089935923	-8.32225725	1.780422
zoog1238	-2.38784481506	2.89451191015267	-8.636757	2.79515075
zulg1242	-2.054461911695	2.55460280556495	-7.25222175	2.94020549999999
zuni1245	1.60292114152602	2.63329865287687	-3.41171425	6.90422675
