Estimate	Est.Error	Q2.5	Q97.5
abar1238	-0.753030435419	1.58347516920221	-4.12066375	2.074743
abee1242	-0.3309703497035	1.79864347029766	-4.1606175	3.1261545
abkh1244	-0.23031682797	1.68718857925823	-3.744222	2.9382295
abun1252	-0.63455049684	1.81819160832568	-4.38806425	2.77941875
acha1249	-1.072535710272	1.6611368289165	-4.45369275	1.92461225
acha1250	-0.846027348131	1.71343206862906	-4.64473625	2.3332145
achi1256	-1.43197833147	1.73960126922947	-5.24879325	1.74263675
achi1257	-0.3119976737	1.94149185629575	-4.47207575	3.36059475
achu1248	-0.39656555603	1.61180146372211	-3.78361775	2.66224725
acol1236	-0.3167982352	1.95274544736755	-4.28125725	3.52948075
adan1251	-0.807749982458	1.68242648028655	-4.252319	2.19521174999999
adon1237	-0.732552531434	1.72382710886731	-4.46616875	2.382987
adze1240	0.9506457666245	1.37081075523275	-1.793458	3.56482
afar1241	-0.4051861204935	1.85345010191082	-4.2798395	3.07138325
aghe1239	-0.8622793697105	1.58076796436497	-4.2027035	1.95360875
aghu1255	-0.457438105979	1.70074799812329	-4.0345565	2.8251405
agob1244	1.407968696495	1.60826513098173	-1.61236425	4.59076624999999
agua1253	-0.290826430435	1.60241644158823	-3.64218275	2.7139705
agut1237	-0.448739381546	1.70108926257298	-4.17086325	2.628629
aheu1239	-0.56984043988	1.84243287211106	-4.4409645	2.759144
ahin1234	1.271910094825	1.35405505009066	-1.423398	3.98445125
aime1238	-0.4823066947085	1.69120906413592	-3.97214875	2.701543
ajab1235	-0.542575151019	1.8524882163758	-4.37636625	2.92350025
ajie1238	-0.805335280429	1.76637221543511	-4.63095475	2.43592
ajyi1238	-0.519161456045	1.66395133939392	-3.999424	2.6343925
akha1245	-1.4405871940865	1.66212574914101	-5.09122375	1.566
akoo1248	-1.0339401099075	1.7356167480775	-4.6075785	2.1292785
alab1237	-0.896814804997	1.71573675667783	-4.4865425	2.29431175
alab1254	-0.888636341947	1.74550607643841	-4.65719125	2.159975
alag1248	-0.7363177115385	1.75056988668643	-4.58966625	2.42733025
aleu1260	-0.825102185833	1.65414381323273	-4.272513	2.18550925
alor1247	-0.797000473095	1.66333828909388	-4.22112775	2.228009
aluk1238	-0.9932971818585	1.71615672665055	-4.7106335	2.074494
alya1239	-0.5261972563045	1.7744125416267	-4.22743425	2.80529699999999
amah1246	-0.320545801276	1.50768374646015	-3.46453475	2.458204
amar1274	-0.9334094891465	1.61131874536237	-4.369692	2.02416975
amdo1237	2.03270889624	1.66613396603951	-0.9663999	5.654032
amii1238	2.7307934417	1.51184454112168	-0.0665123725	5.87501975
amis1246	0.061452147388	1.66168997372233	-3.332389	3.32667825
anei1239	-0.606630268975	1.80658291732503	-4.46958225	2.67780325
anfi1235	-0.37552581796	1.7948035021668	-3.98619675	3.04698
anga1288	1.185722813555	1.29118631688188	-1.30371925	3.8625215
anta1255	-0.2429998018925	1.83390277225815	-3.9137175	3.31052625
anuf1239	-0.6608564455655	1.90118668557286	-4.726308	2.8836325
anut1237	-0.217714755905	1.82254322706067	-4.017319	3.303702
anuu1241	0.459471645665	1.47956753238469	-2.51629875	3.356513
aona1235	1.029769662875	1.33472990537437	-1.54969325	3.68815375
aoua1234	-0.437269224775	1.92944851819496	-4.54503675	3.13448925
apat1240	0.2492641251965	1.46672250679809	-2.68176575	3.05570325
apin1244	1.600766478511	1.68757916441943	-1.47997725	5.204119
apma1240	-0.22397411638	1.46392325153138	-3.33729875	2.4974475
apur1254	0.396740745054	1.49301226919963	-2.592247	3.364632
arak1252	-0.53724631716585	1.54197307929564	-3.71530625	2.36738425
arao1248	-0.2349439683605	1.45814319261569	-3.26426725	2.549813
arap1274	-0.63582347987595	1.69770940318178	-4.35948575	2.44452925
arbo1245	-0.389107059575	1.74198287980728	-3.9717355	2.9447355
arch1244	-1.43465587506	1.7368299450273	-4.92509725	1.77361975
area1240	-0.328718708087	1.61907764923339	-3.75833975	2.64674975
aree1239	0.238660325818	1.52938453788596	-2.835411	3.143674
argo1244	-0.5177430006545	1.761036943741	-4.22260775	2.848827
arhu1242	1.7729481179485	1.72978575094298	-1.35337025	5.55551925
arig1246	-0.692920749231	1.80289228914231	-4.5661575	2.6844805
arop1242	-0.516406997865	1.58759433392907	-3.6446535	2.46275475
arop1243	1.05936405887	1.4860588396602	-1.87000675	3.959471
aros1241	0.64861540928	1.69299980867791	-2.69218075	3.97469275
arta1239	1.90164932056615	1.34575651050555	-0.781540575	4.5390105
ashe1272	-1.354866779696	1.68532822559281	-4.716781	1.677228
assi1247	1.4130548142235	1.69304294003009	-1.811279	5.11702175
asur1254	-0.5820783415575	1.75529713584973	-4.326005	2.7612905
asut1235	-0.69213362195	1.81243179121081	-4.60643775	2.71158725
atay1247	1.7048065759565	1.50854161493732	-1.19945175	4.6748115
athp1241	2.423725301125	1.21899762702803	0.167407175	4.85311949999999
aton1241	-0.75574291426	1.71520283500002	-4.33728025	2.3553005
auuu1241	-0.4374819658965	1.51135002983453	-3.4373005	2.39100475
auye1238	-0.24692679482	1.75707731716176	-3.88847075	3.14272475
awad1243	-0.69997741944	1.67340550991473	-4.23655125	2.404849
awar1248	1.256980033269	1.29730014300452	-1.24103475	3.79073175
awar1249	2.3633851468	1.21297494863187	0.169010725	4.8861235
awet1244	1.0758143406	1.53438103425194	-1.77855475	4.2746435
awji1241	-0.33235447162	1.80163250819395	-4.14454775	3.112709
axam1237	-0.046593377822	1.29225805856761	-2.606793	2.39235825
ayac1239	-1.023239101975	1.66774648656221	-4.568688	1.9578525
ayiw1239	-0.3605188414086	1.74175876438439	-4.01653975	2.91542525
baba1264	-0.455056320965	1.50148279468525	-3.5256535	2.48887675
baba1266	-0.725426594524	1.56268345818026	-3.91551375	2.30402025
bafi1243	-0.5840598738745	1.75567669040756	-4.1037825	2.775472
bafu1246	-0.84532425526	1.58601308422959	-4.288457	2.1249835
baga1272	-0.5222108474245	1.81770866553569	-4.34180025	2.820809
bagi1246	-0.6823617860435	1.70870132472968	-4.246191	2.34017675
bagv1239	-1.397307593385	1.69331384182985	-5.13580175	1.6665825
baim1244	0.086572988039	1.65277877199622	-3.4051875	3.1257425
bala1311	-0.389871399507	1.9299655005772	-4.481225	3.05768125
bala1315	-0.181667203615	1.91398804560251	-4.108039	3.4902865
bala1316	-0.638231995061	1.79686897930604	-4.44587675	2.68362475
bali1278	-0.142429893222	1.9243806766399	-4.15940275	3.589108
balu1257	-0.2859833324295	1.75735235715054	-4.03931925	3.07354599999999
bamu1253	-0.359686413417	1.61681662440684	-3.5934645	2.76124
band1344	0.67200009273955	1.69678151459624	-2.666762	3.76216825
bang1369	0.17535948232	1.56428621953212	-3.06643925	3.24163474999999
bank1256	-0.934208440665	1.77392964878632	-4.6037805	2.1981805
bant1281	1.76213633276	1.07713866017146	-0.273110025	3.953821
bara1357	1.06078355198	1.19911316337714	-1.198674	3.56524375
bara1380	0.42265341662	1.43154583905752	-2.418543	3.230437
bari1286	-0.590767797647	1.70792929167492	-4.1067465	2.6099565
baro1253	-1.0466469330905	1.81131717583809	-4.91751125	2.220966
bash1264	-0.284550610835	1.84879983442048	-4.11306425	3.195818
basq1248	-0.2246091055155	1.71655761518467	-3.773271	3.10314099999999
bats1242	-1.1308054625	1.74187916895901	-4.894987	2.22632025
bawm1236	2.732243364065	1.42431061051614	0.0755723975	5.62031049999999
bebe1248	-0.339821869825	1.78052577635565	-4.17966225	3.0182
beka1241	-0.324798279651	1.91524101694201	-4.299599	3.29316925
bela1254	-0.3050253586085	1.72498181101434	-3.833314	2.956532
belh1239	2.2786046173195	1.13992753443655	0.1157885	4.59878474999999
beli1257	-0.255282369039	1.86960336727402	-3.980798	3.44247049999999
bell1243	-0.7722744589705	1.81332424298176	-4.7547525	2.55574925
bemb1257	2.586449534372	1.87700082753874	-0.8010903	6.4933825
beng1282	-0.415675581933	1.87631971382571	-4.2479295	3.07486949999999
bent1238	3.9213985323	1.5300429450125	1.28820475	7.14035125
bert1248	0.438299581949	1.70366750018657	-2.95568	3.86384125
bezh1248	-1.404322771926	1.74853063026379	-5.24436025	1.703158
bhoj1244	1.9154406549295	1.57030010466363	-1.04535775	5.2736805
biaf1240	-0.47516769521	1.80515559171401	-4.04856375	2.924256
bian1252	-0.297030374846	1.45891580974104	-3.40317075	2.4423985
biao1254	-0.713068863681	1.78018596327974	-4.40856525	2.554106
biao1256	-0.619514979253	1.86148291015135	-4.57339575	2.830211
bier1244	0.638104639293	1.32578438736112	-1.97579625	3.1976855
bign1238	-0.5950281968295	1.41137697304922	-3.56953175	1.89501925
biha1246	-0.440922068115	1.80151507628855	-4.33575575	2.8843515
bimi1240	-0.8296849080435	1.62120013523359	-4.1193885	2.2619375
bini1246	-0.61367046137	1.88795012264487	-4.55234275	2.81424325
bira1253	-0.469817426705	1.65297224486076	-3.893228	2.56437075
bisu1244	-1.0926697527275	1.62435753309311	-4.53701725	1.84375425
biwa1243	1.846903276695	1.36902460957495	-0.782065475	4.74557175
blan1242	-1.092580816473	1.7161059618688	-4.66581475	2.0653655
bodo1267	-0.9403860595885	1.8053472848966	-4.77091375	2.25001175
bodo1269	-0.6872343612025	1.70410237216483	-4.3307385	2.54753875
bola1250	-0.825319682257	1.77065384799805	-4.613094	2.494645
bona1250	-0.08243661147	1.61045201398682	-3.389317	2.85148425
bong1289	-0.2923880683905	1.88806534962937	-4.35484175	3.21214925
bora1263	1.0396364287237	1.47100307114595	-1.73550475	4.08257875
bord1248	0.938011942115	1.4443147220305	-1.87417725	3.751132
boro1277	1.0768316966685	1.65315283058036	-2.0374855	4.475768
boro1282	-0.618172224505	1.66764710077015	-4.170449	2.54172075
boto1242	-0.03534248684	1.72157528075685	-3.6480805	3.343719
boun1243	-0.428967871304	1.8493993621422	-4.24729925	3.196038
boun1245	1.6398000740305	1.28363601666895	-0.783822975	4.21047424999999
bret1244	-0.3870788494895	1.91947409974053	-4.393046	3.12659125
brib1243	2.2618643193002	1.58322730113612	-0.50665215	5.62876575
bube1242	-0.7007857169315	1.85538491937608	-4.5190625	2.7753
budu1248	-1.111891102917	1.74879809430608	-4.89654	2.101773
budz1238	-0.19838681268	1.83182628750922	-4.00610225	3.18937225
buga1247	-0.697250069455	1.75100464633751	-4.44594225	2.57647525
buga1250	-0.04043760419	1.43534573234896	-2.939528	2.702085
bugh1239	0.099798886526	1.57551054728619	-3.1806065	3.08107625
bugi1244	-0.139667017035	1.83557740321843	-3.88920675	3.41600325
bugl1243	2.02834322091	1.68138139404796	-0.9423503	5.6774505
bujh1238	1.0599240883555	1.21154567945287	-1.23262825	3.57224
bull1247	-0.533481086473	2.01601111110239	-4.7403785	3.23002325
bulo1242	-0.544612066785	1.92355105165513	-4.460568	2.98355725
bulu1251	-0.5650179785	1.90428709689881	-4.655149	2.915846
bura1292	-0.8790838557555	1.63745431685147	-4.29295625	2.201008
bure1242	-1.087874048295	1.67175735486344	-4.694555	1.9879475
burj1242	1.964219753825	1.66524930536527	-1.151817	5.3707435
burm1264	-1.10302448215	1.6986993785372	-4.627222	2.1241575
buru1296	2.17305238532445	1.75607542566126	-0.8991868	5.93117775
buru1320	-0.672194222075	1.81835721106336	-4.4543665	2.63808275
busa1253	-0.7230588829055	1.8138179336799	-4.75851175	2.624611
bush1247	-0.213540880015	1.85785363470273	-4.05614025	3.37594775
buwa1243	0.258903628816	1.41724398563055	-2.5579535	2.96621525
bwat1240	-0.7326978609255	1.77891942678207	-4.621869	2.594224
byan1241	-1.013399422535	1.68729218543988	-4.88124825	1.99306025
caac1237	-0.67658271755	1.73722657739268	-4.265924	2.47382624999999
cahu1264	-0.6203590282005	1.64347143730161	-4.07191825	2.42562625
cakf1236	-1.1090998228975	1.7478403383075	-4.82243125	2.09461425
caml1239	0.86479231608	1.09486904509797	-1.26799175	3.02457975
camp1261	0.019607596995	1.79116595755954	-3.66947625	3.4840975
cane1242	1.58769512903	1.71004153698831	-1.476342	5.3244045
caom1238	-0.68574767935	1.90179432530394	-4.843769	2.92261425
capa1241	0.040450271364	1.4259787781137	-2.8449835	2.99797875
carn1240	-0.28512729559165	1.83088525707746	-4.254937	3.106393
caro1242	-0.191429881055	1.9159115780425	-4.21761975	3.44831874999999
cash1251	1.2610374271305	1.5475840379812	-1.710438	4.62871425
cavi1250	0.672881519925	1.48749621299295	-2.12130825	3.7123415
cemu1238	-0.750979547545	1.80203850376462	-4.50420275	2.41953225
cent1989	-0.4817144988695	1.83448297840721	-4.37572525	3.0706015
cent1990	-0.2701985522711	1.82146878794428	-3.91441325	3.1711385
cent1992	-0.5346146309675	1.86806943757729	-4.63204725	3.02039625
cent2004	-1.351920059244	1.75499433434082	-4.9828665	1.969305
cent2050	-0.477222555284	1.69711726695317	-3.9329495	2.83947025
cent2090	-0.4413253965195	1.77889206549817	-4.1890255	2.80939125
cent2127	-0.8116525056995	1.68838946491668	-4.35183925	2.25086475
cent2131	-1.1059511953275	1.7042110132981	-4.72468125	1.9722295
cent2142	-0.2981997206015	1.63575163757294	-3.592879	2.69487275
cent2150	-0.8907036189	1.68767391899383	-4.4236665	2.18377375
cent2314	-0.47154438933	1.87738554037173	-4.4713575	2.892734
cent2322	-0.408006958515	1.71810749086597	-3.96737125	2.82052775
chac1251	-0.2356868214505	1.48987823994567	-3.147993	2.72079675
chad1249	2.370681765495	1.71379221356434	-0.77050315	5.97115725
chak1270	0.390526580967	1.52625909811092	-2.59687825	3.2650545
cham1309	-1.3418310349255	1.68611524971265	-4.99483925	1.71057525
cham1312	-0.193018476023	1.86198156466291	-4.021623	3.37482474999999
chas1234	-1.38610122867	1.69985177647213	-5.262822	1.74431825
chec1245	-0.5308193438585	1.72036888029334	-4.01662475	2.76767475
chek1238	0.150474225826	1.60552210592706	-3.1539645	3.2872265
chen1255	-0.4939910272815	1.77848112391022	-4.16406125	2.80241725
chep1245	1.038709425395	1.19554302628028	-1.16161325	3.53337975
cher1273	-0.6126894853735	1.77133787365202	-4.3496175	2.71426875
chhi1245	2.3136788389	1.14970361094882	0.15173465	4.6009785
chic1270	1.6949675082225	1.6389336035589	-1.2895655	5.13805174999999
chil1280	-1.2398698282384	1.72193957737581	-5.08840725	1.887425
chim1302	-0.3020265465945	1.64278375430053	-3.6820615	2.800037
chip1241	-0.8132263123386	1.67446511026048	-4.38650125	2.16167225
chip1261	1.2280156885015	1.65311601385627	-1.78532125	4.64221749999999
chiq1248	-0.622501760437	1.74537120527369	-4.33467525	2.57737125
chir1283	0.62216093721	1.20685668251442	-1.73872625	2.93704075
choc1276	1.95339293115	1.71663648418633	-1.1405985	5.56706975
chon1284	-0.485768167682	1.89382047709326	-4.56581825	2.93675725
chot1239	2.53275122329	1.36223815191857	0.045631635	5.33467625
chra1242	-0.37613865994575	1.83392799344653	-4.1258625	2.9809725
chuj1250	-1.76658498711	1.65881981704922	-5.3667295	1.27667175
chuk1273	-0.421935382106	1.88012527175656	-4.40962525	3.04548025
chuv1255	-0.3243525646745	1.77295955808407	-4.09858825	2.94450524999999
chuw1238	-0.2798725177755	1.85531759214126	-4.0453005	3.2664445
cici1237	-0.4970141047145	1.89195300514062	-4.384935	3.0240555
coat1243	-1.63838395637	1.65132650836786	-5.23939275	1.40349599999999
coca1259	-1.28751414664	1.75323268949718	-5.2207625	1.766431
cofa1242	2.030114747055	1.64350576053589	-0.944955425	5.42140425
colu1241	-0.926139463925	1.78714186496598	-4.6371115	2.4261125
coma1245	-0.2260133616795	1.62335588390831	-3.556471	2.81552025
como1259	-0.7422815921405	1.7298086804843	-4.55170775	2.367208
cori1240	-0.79824982117545	1.85532221061774	-4.65440975	2.80051324999999
cors1241	2.33490486876	1.77010028521561	-0.78947985	6.03810275
cosa1234	-1.366887162433	1.71288274919125	-5.17690775	1.8360385
cree1270	1.797169043885	1.65881113095525	-1.14688375	5.4315435
crim1257	-0.269329004185	1.81912037475625	-4.0472835	3.10633575
cros1244	-0.9709427348035	1.85264421003176	-4.845036	2.487946
crow1244	1.207060996055	1.67406912062727	-1.9019035	4.7849835
cube1242	0.989017817405	1.47009363275991	-1.75058	4.0746725
culi1244	-0.392844168756	1.58160537822925	-3.69367225	2.446613
cypr1248	-0.38747572055435	1.8196007151295	-4.3959565	3.090546
czec1258	-0.3924528035595	1.85117968051855	-4.18470275	3.05889425
daai1236	-0.53442373403	1.56109921556334	-3.81490525	2.2173865
daas1238	-0.51825634607	1.87015663853164	-4.53877175	3.027664
dagb1246	-0.664677765001	1.8618971280004	-4.54245475	2.83558925
dagi1241	-0.28290738499	1.83766110150501	-4.07188875	3.17731274999999
daka1243	0.0357370759865	1.31782980161365	-2.56780875	2.665286
damp1237	-0.403670354417	1.84614926733005	-4.27339525	2.9372935
dana1252	2.117653391955	1.53982030670999	-0.728122875	5.42655975
dani1285	-0.511135885641	1.79507654343374	-4.270468	2.8628635
dara1250	0.553662168115	1.28736985649857	-2.04762025	3.0034645
darg1241	-1.27731970015	1.75746040064316	-4.9218965	1.9235165
darm1243	-1.016266087015	1.68643729767044	-4.82839075	1.9453245
daur1238	-0.359261142328	1.83031619131867	-4.23730525	3.33647425
dawr1236	-0.9200860085945	1.71617007158726	-4.537823	2.3552955
daww1239	0.18653570122	1.51721067546646	-3.052799	3.09027975
daza1242	0.1786807234665	1.98932081226504	-3.7568165	4.00375775
defa1248	-0.989045190395	1.73219511303364	-4.761639	2.05396625
dege1246	-0.8220779477805	1.80071237454791	-4.682314	2.5408145
dehu1237	-0.6762999250915	1.78725211908137	-4.4894505	2.65178225
dera1248	-0.9769635494694	1.64245533982246	-4.50059425	1.9617945
desa1247	0.280881597891	1.24373659169987	-2.18907625	2.68160875
dhao1237	-0.444633466825	1.84650392401754	-4.26119175	3.0492705
dhar1247	-0.2980303113221	1.81243415145477	-3.96486675	3.10243475
dhim1246	0.94961702552	1.47270788098292	-1.9114895	3.805261
dibo1245	-0.42594527488	1.82334628955423	-4.18618575	2.94407649999999
dido1241	-1.325199523245	1.68271127128881	-4.99122125	1.76071049999999
dier1241	-0.329664956695	1.75828154249744	-3.74355375	3.04440125
diga1241	0.1123672463	1.54284164231543	-3.04185625	3.010457
digo1243	-0.541638241335	1.89808999279762	-4.62349	2.97512525
dima1251	0.46435951839	1.4106151813056	-2.387605	3.2723595
diri1252	-0.234964834575	1.78574011996195	-3.9133335	3.13619974999999
djee1236	1.1579425494595	1.44748285073881	-1.6576845	4.11214975
djin1251	-0.3857207526225	1.84142554620241	-4.32745025	3.11471549999999
djin1253	0.08135136087045	1.61538457835739	-3.2881105	3.06256025
domm1246	3.39915619875	1.54646707734614	0.673880125	6.79295725
dong1285	-0.3663812308215	1.7964220790462	-4.130596	2.94571725
doro1266	0.5730314747545	1.46580498704048	-2.44073	3.4752975
drun1238	-0.5065434228505	1.68004870032905	-3.93161825	2.827937
dumb1241	-0.616529906475	1.73530417492892	-4.2719975	2.5803375
dupa1235	1.1811489816785	1.55502422473267	-1.85265825	4.13233175
dusn1237	1.82371944596	1.6394481964211	-1.279694	5.1937165
dutc1256	-0.40577004731	1.82976284515849	-4.25762475	3.05323775
dyir1250	1.680071867285	1.61276336031038	-1.319267	5.15619275
dzao1238	-0.6673178488305	1.87360284082099	-4.559855	2.8152345
dzon1239	0.369951076903	1.56232568670961	-2.8934345	3.467334
east2328	-0.5669057170808	1.80386783083154	-4.353398	2.717374
east2332	-0.56470295797	1.86203959386454	-4.46130925	2.87176875
east2342	0.514120764795	1.53431744726328	-2.4465435	3.500028
east2379	-0.4560124318	1.82549617486359	-4.2490825	2.8393445
east2443	-0.3065984443	1.5310020837543	-3.4832275	2.60761825
east2447	-0.239052716865	1.87733125760285	-3.9378685	3.329753
east2516	1.24097570195	1.34320707498247	-1.38827075	3.93875775
east2555	-0.70038168959	1.64668952417581	-4.1567915	2.374344
east2773	0.571271429726	1.1832247271719	-1.70821925	2.948089
east2782	-0.302482118755	1.85500083848151	-4.09447075	3.19203325
egyp1253	-0.392619229638	1.8523691797197	-4.34748275	3.04233925
eipo1242	-1.050641351095	1.83394009168396	-4.70605025	2.42518174999999
elem1253	-0.9610147804265	1.74659050606822	-4.61185575	2.0752635
emai1241	-0.6852237296074	1.82097444549322	-4.54578425	2.80942924999999
embe1260	1.301502975055	1.49314613660168	-1.42655275	4.31800149999999
embe1262	-0.548203057456	1.68266315086867	-4.10822675	2.6022305
enuu1235	-1.29371198503	1.74223229591324	-4.9121405	1.94577025
epen1239	1.157341990337	1.6540151252713	-1.87380425	4.74039275
ersu1241	-0.3006189943045	1.69858924525325	-3.984225	2.845279
erzy1239	-0.00765739258	1.85105854820552	-3.83367825	3.3798605
esee1248	0.623458180585	1.49094132542526	-2.188808	3.72908125
esto1258	-0.7153606813145	1.84724327512145	-4.68563475	2.7680445
even1259	1.847365480495	1.84850093627894	-1.5398305	5.83774674999999
fala1243	0.7506942127725	1.47422025783915	-2.12165275	3.60146175
fare1241	-0.50111299416	1.83253910003075	-4.374316	2.9818805
faro1244	-0.320639734805	1.77444525853898	-4.05085625	3.03985825
fefe1239	-0.915077133474	1.68538890955324	-4.5012745	2.320877
fiji1243	-0.206092725877	1.80574745390502	-4.02251225	3.26603025
fina1242	1.7610592793205	1.38455094306465	-0.8072309	4.5894205
finn1318	-0.4701123869085	1.77448944891124	-4.1661725	2.885874
fonn1241	-0.542420398317	1.86129583802025	-4.29180525	2.8321065
fore1265	-0.350847265294	1.74995182613114	-3.9459335	2.81365675
fran1266	-1.5518826933	1.70577957568095	-5.108845	1.4591405
fuln1247	-0.77114109136	1.70277095755827	-4.52159725	2.499125
furr1244	-0.3563903540845	1.7817277506422	-4.02027575	3.11259625
furu1242	0.294101276521	1.87795831277267	-3.54856825	3.89137925
futu1245	-0.596269571766	1.83098925550871	-4.4287435	2.9479515
fuyu1242	0.4659604638195	1.41420956736905	-2.1734645	3.3588905
gaaa1244	-0.4216233041142	1.83758733554801	-4.060358	3.13928075
gaan1243	-0.70048746114	1.59495330672548	-4.0048415	2.27055275
gade1242	-0.76825057548515	1.86878467010021	-4.8016995	2.655317
gaga1249	-0.200653942876	1.75024703576676	-3.927766	3.154228
gahr1239	-0.3154645374485	1.61817758806591	-3.8922075	2.68191925
gali1258	-0.3268387238905	1.76299618872175	-3.97794025	3.095816
gami1243	-0.251040329755	1.78552183478706	-3.85571125	3.0590885
gamo1243	-0.82921314346	1.70493414654839	-4.28798075	2.35288125
gang1266	2.419292482005	1.30603290618193	0.0331950475	5.1055835
gant1244	3.4899521415	1.36335788714557	1.0712765	6.46752475
gapa1238	0.101917108502	1.54890231440739	-3.046447	3.15817425
garo1247	-0.6661879296536	1.70594252798266	-4.25889	2.322796
gata1239	-0.99516374796	1.75544588094207	-4.75292775	2.20881975
gayo1244	-0.335648158718	1.85766187870966	-4.19093675	3.19556475
geda1237	3.23998211972	1.36636483332667	0.686925275	6.01263875
gela1263	-0.137782528794	1.47826485275919	-3.14442725	2.732615
ghad1239	-0.287912517275	1.82989416423112	-4.22275375	3.28372675
ghan1242	-0.360856052555	1.7919635767987	-4.23124075	3.11640675
ghar1239	0.173137003159	1.57358967623555	-3.039054	3.0058375
gheg1238	-0.3928942774755	1.79889592360479	-4.19860325	3.05219425
ghod1238	-1.2686442655175	1.71161238287246	-4.96308475	1.85146175
ghom1257	-0.381329867085	1.8930335683086	-4.27051375	3.22019875
gilb1244	-0.274308613335	1.82429253771275	-4.254478	3.1359535
glav1244	-0.360912590205	1.45017089014933	-3.2996515	2.31036825
gofa1235	-0.9080526798905	1.7580886766792	-4.678512	2.4857065
gola1255	-0.302082948752	1.8427936166272	-4.15666025	3.1395435
guah1255	-1.1754598297255	1.54382222068868	-4.41115225	1.66276325
guan1266	2.61912778100625	1.4202591130746	0.0253337125	5.6240975
guan1269	0.1712938387605	1.30672956371458	-2.451038	2.74238925
gube1234	-0.359916036923	1.78556462403192	-4.00479925	3.057702
gude1246	0.04921867147	1.52009983167309	-3.14078	3.10087525
guer1243	-1.30836017592	1.7975635336726	-5.0975395	2.03288825
guiq1238	0.540024304063	1.45924972990879	-2.4157095	3.51704325
gulf1241	-0.388205675715	1.7105075311152	-3.848027	2.91188025
guma1254	1.635713769393	1.57236007245746	-1.35592925	4.71001225
gumu1244	2.193643155364	1.84461960926681	-1.224893	6.2043955
gunw1252	2.024051089055	1.57348319975879	-0.967625675	5.35003299999999
guny1241	-0.51536564508	1.83634233513381	-4.517892	2.71637825
gura1251	-0.582614573835	1.74599787049849	-4.24058075	2.63926649999999
guru1261	0.406756679535	1.13962989301568	-1.8499155	2.55049625
guru1271	-1.197075496875	1.72715979184043	-4.84619	1.9610455
gusi1247	-0.62334781092	1.89589256870427	-4.6401925	2.88769725
gyel1242	-0.611153565572	1.8082293857018	-4.21477025	2.92868575
haaa1252	-0.0514164975245	1.82425570239366	-3.715732	3.449479
hadi1240	-0.940118658197	1.70767610371672	-4.5091615	2.080184
hadz1240	-0.62185967236	1.80104577488357	-4.31877025	2.7091525
haka1240	2.80753469529	1.45555372543693	0.0989490975	5.94899325
hakk1236	-0.460202602745	1.73246593892917	-4.15136925	2.78869375
halh1238	-0.2358266672695	1.87501483645109	-4.07136825	3.23993375
hali1244	-0.68345590719	1.73786615403439	-4.2552225	2.45150675
halk1245	1.01467146203	1.53759461259984	-1.8660605	4.13288975
hang1263	0.5203884236935	1.3505649927632	-2.036108	3.23640675
hani1248	-1.0264709439545	1.70575184034718	-4.76617525	1.9972825
hano1246	-0.28015738824	1.54718249582425	-3.5181275	2.56532575
haru1245	2.6646362239	1.2702340795107	0.30351475	5.2753555
hava1248	-0.716022394866	1.67161495963546	-4.20255875	2.47833775
hawa1245	-0.1629573970575	1.83542048443543	-3.9369835	3.21204325
hebr1245	-0.40465102293	1.88674169128005	-4.4744	3.1778595
hehe1240	-0.0891607388085	1.80541836946673	-3.85229625	3.3903225
hela1238	1.378640485495	1.23750647249137	-0.91071635	4.15187425
here1253	-0.28865197283	1.88194600581586	-4.12351275	3.23624925
hida1246	1.403577055004	1.68136547367266	-1.664837	4.909052
high1243	-1.201017813927	1.7164284224256	-4.865136	1.9456395
high1276	-1.72454628163	1.58405621322918	-5.177609	1.11858275
hind1269	2.20230255287	1.69274547244763	-1.027787	5.825161
hoaa1235	-0.425722936965	1.95672740112145	-4.56937125	3.14444325
hoav1238	-0.17383555798	1.72342330927568	-3.6983995	2.95477
holo1240	2.6167215746095	1.71332767768409	-0.4024043	6.272913
hone1235	-1.163749767165	1.80393156445403	-5.0091175	2.1336
hooo1248	0.66952311047	1.53671579609066	-2.4303165	3.59312575
hopi1249	0.00536963293	1.73889468463813	-3.52867075	3.341821
horp1239	1.36329474156	1.34986298261533	-1.3858975	4.03015225
huaa1248	-0.376923537047605	1.82171804780403	-4.1566575	3.062577
hual1241	-0.4498799918965	1.50859062463428	-3.60091325	2.4682655
huam1247	1.10293674242	1.62569626003037	-1.89191775	4.42919349999999
huar1255	-1.086909144405	1.7008254057627	-4.73828425	1.965087
huas1242	-1.11328845028	1.65125114664779	-4.75180475	1.90778075
huba1236	-0.2749368799395	1.54568532775219	-3.3500375	2.71527
hula1244	-0.3874144710915	1.83645061354309	-4.08389575	3.06204125
humb1243	1.17480353099	1.70320455349544	-2.1333815	4.64758175
hung1274	2.31042247949	1.70473748273758	-0.854131625	6.02559474999999
iaai1238	-0.738907417236	1.77018248912932	-4.419619	2.46538074999999
iatm1242	0.90010918047	1.39798186588849	-1.80466125	3.70636325
ibal1244	1.1554466160855	1.33690266842668	-1.56516025	3.78468525
iban1264	-0.331251723804	1.84930842059508	-4.2460515	3.17145925
ibat1238	0.0619696000925	1.70600642601755	-3.44555925	3.370738
idom1241	-0.832749413304	1.78312693727584	-4.583497	2.6128215
idum1241	2.799885041215	1.5786681032889	0.0268672475	6.16174774999999
idun1242	0.729039025185	1.45725089870985	-2.23918575	3.57212125
ikkk1242	-0.319878652815	1.89939160351473	-4.166644	3.269193
ilaa1246	-0.2623155942225	1.83509875526883	-4.03318725	3.1249285
iliu1237	-0.554693756787	1.81168575401223	-4.26635625	2.72584975
ilon1239	1.809666888645	1.32372760183688	-0.824098625	4.43765675
imba1240	1.875253310536	1.60859351510823	-1.00863675	5.34599775
ingr1248	-0.7194637620836	1.75371364686775	-4.3112235	2.5302125
ingu1240	-0.449542819297	1.63564688619056	-3.74385225	2.64186
iqui1243	-0.98602028082125	1.63198075755409	-4.43933275	1.91358325
irar1238	0.74194682496	1.60911449837743	-2.471976	3.787779
iris1253	-0.357737704491	1.87751674033894	-4.37205725	3.312035
irul1243	-0.50459163715	1.79407641495982	-4.14458525	2.87317224999999
isco1239	1.98338911585	1.56203097394454	-0.8599176	5.27603374999999
isir1237	-0.988067384065	1.77689997528688	-4.79040725	2.18025849999999
isna1241	0.413410457121	1.73988220444232	-3.10710875	3.840841
isth1240	-1.786115321259	1.62473593665684	-5.26353875	1.13304975
isth1241	-1.637471197145	1.65361845183467	-5.1926735	1.3986835
ital1282	-0.030673171673	1.74164612373908	-3.711957	3.28587625
iton1250	-0.9226588660925	1.71012649919798	-4.8117785	2.1338745
itza1241	-1.1367819137	1.78195637546875	-4.9044665	2.070775
iumi1238	-1.324741426803	1.76140240616122	-5.2265635	1.801024
ivat1242	-0.21935978205	1.89803970901066	-3.9359775	3.408111
iwal1237	-0.325715724973	1.38887281892117	-3.28256825	2.21297425
iwam1256	-0.5849079400025	1.53907027745856	-3.7631655	2.34005075
jahh1242	-0.532254080955	1.83224573876824	-4.497041	2.72768975
jalk1242	1.39620816443	1.61230932830323	-1.66509725	4.7288575
jama1261	1.24958584278	1.44917450635005	-1.407551	4.406127
jamb1236	-0.1884042556301	1.90494465035107	-4.165567	3.532295
jams1239	3.875484762405	1.51901534167288	1.0700725	7.088124
japh1234	2.84831460475	1.52228048258416	0.1569172	5.953162
jaqa1244	-1.24264792729	1.7214410040734	-4.9419535	1.8787825
jede1239	-0.54816177961845	1.74564296910524	-4.1642995	2.70137525
jeha1242	-0.5643446400375	1.67572722915197	-4.0697305	2.561632
jehh1245	-0.634994149445	1.78788263201747	-4.39907275	2.59976375
jina1244	-0.6867990487475	1.6830832603272	-4.15569425	2.3502035
jita1239	-0.546130434435	1.85899380299096	-4.4672745	2.7482515
juku1254	-0.743488553721	1.73870538930644	-4.34813125	2.5038585
jurm1239	-0.254098686275	1.87838935108446	-4.17357225	3.34366824999999
kaba1278	1.507185556686	1.66848115308014	-1.60340025	5.07741725
kaba1281	-0.353967448125	1.8982041137258	-4.39631425	3.37796125
kach1280	-1.017707733444	1.77209317523094	-4.55666925	2.35570625
kach1284	-0.624627889228	1.73304154279998	-4.41565875	2.659626
kado1242	-1.2819938026435	1.6097159174621	-4.75277475	1.60940749999999
kafa1242	-0.707062509825	1.78554510086286	-4.4894185	2.56452875
kaga1256	-0.475523027483	1.69674117060135	-4.16358125	2.63590525
kaik1246	-0.8881411770858	1.54195190269474	-4.03802525	2.026233
kaki1249	0.0319397880015	1.50018190634806	-2.9986695	2.94190275
kala1384	-0.185911280764	1.85335400632534	-3.99642775	3.45080624999999
kala1399	-0.5515020403845	1.75395455310972	-4.2623345	2.77559375
kamb1297	-0.4632579352945	1.83486174463965	-4.25690925	2.8801785
kamb1299	-0.407318713195	1.94467429429514	-4.4390175	3.2064035
kamm1249	-0.844426282805	1.77877835697801	-4.576276	2.63170375
kamu1260	-0.3653948883365	1.66706985076718	-3.57900525	2.81394125
kana1286	0.1186553319115	1.57185660657805	-3.10894275	3.11305075
kana1291	1.83507058698	1.62868398072952	-1.16583525	5.23795725
kank1243	1.352218838855	1.35953629177344	-1.169051	4.126894
kaqc1270	-1.597939462399	1.66931870268332	-5.2859645	1.3377055
kara1476	-0.6035962989205	1.76941624411152	-4.29205475	2.71508
kara1486	-0.9127349341025	1.75509227924155	-4.64951625	2.32516775
kara1487	1.668329858305	1.25293739608807	-0.711125175	4.2278435
kara1500	1.905977053265	1.65557863718329	-1.092583	5.4674855
karb1241	0.164384397535	1.42959471310712	-2.8012795	2.96179025
kare1335	-0.494104969565	1.91982253463376	-4.552922	2.9670415
kare1338	-0.3562318878045	1.86906731054926	-4.226008	3.13142075
kari1311	1.4368663043	1.56953210882852	-1.40733975	4.7983775
karn1252	-0.0801088794315	1.56676349631038	-3.417173	2.85510025
kash1277	0.4545806258165	1.58238121738676	-2.62189775	3.47005875
katb1237	-0.4276298296722	1.32093700675093	-3.26694425	1.97396025
kats1235	-1.1974928864275	1.78889262993467	-5.03568075	2.06299825
kava1241	1.489598724362	1.51094361691261	-1.4709975	4.5220585
kaya1315	2.042829606745	1.56825240236252	-0.868622975	5.2232205
keda1252	-0.762529989385	1.66118938201148	-4.32929525	2.27214925
keig1242	-0.2555729477575	1.81233626833603	-4.18020125	3.1472715
kele1258	-0.371437831319	1.70276701138311	-3.94142175	2.65542824999999
kele1259	1.922810004244	1.26008366051828	-0.403884075	4.44963425
kemb1249	-0.348337438271	1.73648111252684	-4.067341	2.91968274999999
keme1240	-0.4730197030305	1.57262071851703	-3.88328475	2.51158
kens1248	-0.5432878556955	1.77058861415489	-4.2224055	2.824239
kenu1236	-0.275524018133	1.88421698516895	-4.24243675	3.3919975
keoo1238	-0.527072248325	1.77165389505742	-4.2789925	2.83307725
kera1255	-0.523708372835	1.61408694787716	-3.93504575	2.5199995
kesa1244	3.30370033245	1.46164393412556	0.69854925	6.4511525
kett1243	-0.41707196095	1.82560050274933	-4.13638775	2.96676975
kgal1244	-0.426031397422	1.83572914537566	-4.305345	2.93265825
khak1248	-0.50282990146805	1.7223516897984	-4.165662	2.67318975
khal1275	1.2374413792585	1.11392374890531	-0.876065475	3.39788725
kham1282	2.1914090809259	1.65468070869272	-0.810643675	5.7393605
khan1278	-0.990682619429	1.72268388406767	-4.67176625	2.022479
khar1287	0.099046055971	1.77813324848329	-3.87617	3.456481
khas1269	-0.504696527098	1.57202804672401	-3.7622495	2.4205055
khez1235	0.723174612052	1.18266661109915	-1.64410525	3.091252
khin1240	-1.180161672051	1.69919439150976	-4.72418675	1.92677
khmu1256	-1.026253385375	1.96399417536908	-5.1824025	2.6376195
khva1239	-1.3915657673465	1.693414827076	-5.1368665	1.633255
kich1262	-1.65267755058	1.6844361505273	-5.257284	1.3143855
kiku1240	-0.463962243495	1.80380003612697	-4.18675325	2.9072435
kile1243	1.46593505153	1.72613765842264	-1.76559725	4.95328999999999
kimm1245	-0.779158753205	1.74146384607555	-4.41133325	2.4724645
kina1250	-0.376082202846	1.92579413789441	-4.35437525	3.291668
kinn1249	-0.533986385335	1.70657308716047	-4.15799925	2.61606525
kiow1266	1.646202681245	1.6237547947368	-1.33860975	5.3034585
kips1239	-0.602874057935	1.88848095740175	-4.55195925	2.990218
koda1255	-0.92931692209	1.82133980644667	-4.63739225	2.44181725
koit1244	1.179355408265	1.41316064860648	-1.581249	4.01481075
koko1269	0.31419889275	1.65904230484346	-3.103926	3.5587585
kolb1240	-0.35352547226	1.78565628571597	-3.925419	3.22821275
kolc1235	-0.5716310965345	1.87380199718451	-4.618622	2.90680799999999
kolu1245	1.04724523460026	1.44043657634106	-1.789424	3.9819975
komb1274	-0.80718979702	1.78834585144984	-4.52580275	2.59710925
komc1235	-0.664985915705	1.5285383571628	-3.89044675	2.266729
komi1268	-0.3535868018425	1.82256010731563	-4.18883	3.010737
komi1270	1.198712116178	1.26291635146632	-1.29976225	3.60319025
komo1260	-0.23011151244765	1.90391472894722	-4.27696225	3.16453225
kona1242	-0.870469704775	1.64451344150482	-4.28162175	2.21867575
konk1267	-0.4078125448972	1.73537939531885	-3.98109925	2.86695625
kony1248	0.13673825514	1.37354713966915	-2.57532075	2.741895
konz1239	0.940198413835	1.61884899137298	-2.14638	4.12169749999999
koon1245	-0.4821325289205	1.91205014261894	-4.57374925	3.15313775
koor1239	-0.23178919610315	1.74608162237177	-3.8486725	3.040434
kore1280	2.03089918095	1.77564535630168	-1.24203	5.86468025
kore1283	-0.274948195525	1.65163384756446	-3.70190175	2.73035625
kork1243	2.652780283485	1.67491166793962	-0.408607075	6.31476425
koro1298	2.159373012475	1.44812719406083	-0.59278165	5.11164475
korr1238	-0.823254293839	1.77665075866644	-4.69763775	2.41604625
kosa1249	-1.03782418361	1.81864936879772	-4.675664	2.368933
kota1263	-0.9822582236675	1.73330164594081	-4.78843425	2.0439035
koti1238	-0.3287615515105	1.81168246717727	-3.88450225	3.2557165
kova1243	-0.0062774609605	1.56425328710465	-3.3197075	2.96535374999998
kove1237	-0.786936630269	1.76241551736032	-4.53690075	2.5382125
koyr1240	0.9219704053475	1.79466299208103	-2.5327105	4.40791725
koyr1242	-0.0162703569555	1.86728719734104	-3.9575385	3.55768025
koys1242	-0.563373742826	1.72184977504687	-4.04220575	2.7667055
kryt1240	-1.1519441485	1.7075984754349	-4.7839055	2.0272335
kuan1248	-1.019216753203	1.74559873718595	-4.856743	2.104231
kuku1280	2.33365613445	1.7327408673227	-0.871545525	6.00623075
kulu1253	1.727335431735	1.1395873812858	-0.40795445	4.041279
kuma1276	-0.648884281645	1.80632198235168	-4.388004	2.6557645
kumb1268	-0.596161943291	1.79566236077827	-4.51714825	2.8325095
kumz1235	2.3878020844	1.67134261525764	-0.6590607	5.86355525
kuna1268	-0.32806879679	1.85771427010141	-4.24396025	3.2497015
kunb1251	1.744212788905	1.4514428274571	-1.0762595	4.688511
kuni1267	0.140237362975	1.41429511499358	-2.5760145	2.87055775
kunj1245	0.092321215075	1.76148504839845	-3.72438075	3.42825275
kuot1243	-1.05730458457	1.69894489117994	-4.87313075	1.900918
kusa1251	-0.27201881732245	1.77051804549617	-4.077211	2.95848475
kusu1250	-1.011579224058	1.62323316674248	-4.3363175	1.9574515
kute1248	-0.812729796955	1.74854607205906	-4.4935445	2.46611625
kuyy1240	-0.5711476596	1.87583311621404	-4.579587	2.903792
kwai1243	-0.44026516433	1.60619808287111	-3.9913385	2.533566
kwam1252	-0.717804273125	1.69290356245271	-4.2669225	2.29860025
kwar1239	-0.46564573756	1.58990453511411	-3.92691225	2.45772275
kweg1241	-0.68641618604	1.819501518119	-4.42325975	2.84382225
kwin1241	-0.2279031584785	1.84117290976622	-4.08914025	3.40103225
kwom1262	0.585370016936	1.38123448859524	-1.96509575	3.216406
kxoe1243	-0.1892267292915	1.82691932419021	-3.908445	3.20931625
kyer1238	1.44620991749	1.26183226512696	-0.82700285	4.05987
laal1242	-0.459754287243	1.89024946080048	-4.57488625	3.36141775
labo1244	-0.33554209637	1.37657543682359	-3.252008	2.25180375
labu1248	0.0019318630495	1.31669216743945	-2.728249	2.448716
lagw1237	-0.68347760516	1.7161256243841	-4.199994	2.33830975
lahu1253	-1.305539418085	1.59081459056047	-4.668802	1.5967705
laiy1246	-0.152708220639	1.7933784702916	-3.76272725	3.2833945
lakk1252	-1.434202668506	1.74093069014502	-5.08106525	1.7120905
lala1268	1.160884292535	1.38978025112324	-1.56753725	3.9660845
lama1277	-0.682548663942	1.72977194144247	-4.352915	2.42884475
lamb1272	0.8400016594935	1.68570830041001	-2.5968255	4.29876875
lame1260	0.5926744558785	1.30088446443713	-2.01370675	3.04774725
land1256	-0.4803785378069	1.8607577166668	-4.29441175	3.05111799999999
lang1320	-0.74148422721	1.75329571887898	-4.52550625	2.3918625
lash1243	-1.35466238138435	1.72577106899901	-5.3203865	1.82033075
latv1249	-0.661924431751	1.77062502017077	-4.2155035	2.63977725
lave1248	-0.68292476414	1.86843480171903	-4.59485975	2.8480815
lavu1241	1.244163348405	1.60189935915157	-1.687271	4.53147199999999
lazz1240	-0.4842036348265	1.78270112317332	-4.1257965	2.8210065
lega1250	0.230414694875	1.78825686538918	-3.438601	3.515738
lele1267	0.00816458935	1.61318492927698	-3.37089275	3.02530475
lele1270	-0.412967771681	1.69442774543508	-3.9465305	2.62347525
lele1276	-0.55723077130675	1.7605035237246	-4.20809625	2.71070025
lemb1266	1.5240242482	1.25442052195435	-0.896641775	4.078018
lena1238	-0.7111065750235	1.70881288463163	-4.15898325	2.3522075
leti1246	-0.5224230635105	1.7507682949183	-4.292602	2.64015425
lewo1242	0.5867866725405	1.382722556209	-2.17273325	3.32923375
lewo1244	-0.6842250382495	1.76873844313594	-4.39826225	2.7032345
lezg1247	-1.27439199454	1.73410599379693	-4.794338	1.85124949999999
libi1244	-0.59578504617	1.77346495389331	-4.45377975	2.80533449999999
liby1240	2.48347243493	1.77950204564172	-0.87793295	6.15881675
lika1243	0.1026832401	1.71849865917689	-3.309594	3.3283645
lill1248	-0.6043848203225	1.64240122339536	-4.0790815	2.59432275
ling1265	-0.461826539541	1.31093203323976	-3.2676105	1.91148624999999
lipo1242	-1.44403395932	1.73877000733819	-5.28123225	1.694055
lish1245	-0.584189708405	1.70337555915933	-3.996846	2.62541525
lisu1250	-1.1561467476082	1.63807816717285	-4.5567	1.86285075
lith1251	-0.565896254035	1.82474377829204	-4.41901825	2.8129835
litz1237	-0.5414253592725	1.33850311600005	-3.412693	1.86953675
livv1243	-0.520118156387	1.80103992189337	-4.26277375	2.80475225
loba1239	-0.58446662439	1.74055993526798	-4.382211	2.61169375
logo1259	-0.119533924495	1.93726717017009	-4.0291345	3.743922
loka1252	-0.960007786984565	1.81173835733199	-4.7782045	2.32501375
lolo1259	-1.427196641314	1.75337573587785	-5.15590275	1.6459005
lomb1257	-0.4150829024465	1.78315056766696	-4.1243875	2.94871625
long1395	-0.0966554077405	1.70016318155479	-3.46621225	3.07598874999999
loni1238	-0.432960142055	1.72461352234612	-4.0933505	2.74596725
lote1237	-0.7059843225905	1.76275335182142	-4.3046825	2.5923105
louu1245	-0.3757829784575	1.70868299375618	-3.929806	2.83575325
lowl1260	-1.454295043309	1.77409692411097	-5.092152	1.67601
lowl1265	-1.2590028812785	1.63195338152944	-4.762369	1.630116
luan1263	-0.46848157249	1.7779096245077	-4.1356255	2.80000925
luch1239	2.235557463809	1.64593016599818	-0.924334175	5.63029925
ludi1246	-0.529636095108	1.77388663096199	-4.14946475	2.852657
lugb1240	-0.0801969438255	1.92112355122715	-3.8855215	3.745586
lugu1238	-0.45218638827	1.87058958449695	-4.2821645	3.097347
lule1254	-0.556134611805	1.73866288977211	-4.2009415	2.70606675
lumb1249	-0.28629150790705	1.83355537802108	-4.0940065	3.07136775
lumu1239	-0.2693401833565	1.88637557843342	-4.162931	3.44178999999999
lund1266	-0.096435723655	1.84070443482643	-3.9917125	3.39226075
luok1236	-0.6141623467	1.90257062595303	-4.48523225	2.93502425
lush1249	2.8014641505	1.43875098570117	0.2832636	5.826793
lush1252	0.0906962259985	1.60484927407082	-3.1250315	3.215249
luva1239	1.5456446887305	1.57084123784804	-1.415003	4.691368
luya1241	0.84701568273	1.6110845610917	-2.3167575	3.98024725
maan1238	-0.131304553515	1.76757331718623	-3.79686525	3.17968975
maba1277	-0.1368788759945	1.9719450441231	-4.36766475	3.853557
mace1250	-0.4048099843362	1.88449382519594	-4.31069175	3.146861
maco1239	-1.04417770233	1.69164721977489	-4.50205925	1.9623415
macu1259	-0.2800860716465	1.65879781321964	-3.69980425	2.9168975
macu1260	1.637057386345	1.43629122943197	-0.9795463	4.711056
mada1285	-1.068925413435	1.76961957179501	-4.79311775	2.16204374999999
madi1260	-0.3033631649805	1.87979028023155	-4.10566675	3.3626415
maee1241	-0.61993486621	1.38019853707535	-3.5822375	1.8431945
mail1248	-0.243288781754	1.6738174739932	-3.6082485	3.07230649999999
mait1250	1.04482921326515	1.42074836825581	-1.70670125	3.91873275
maja1242	-0.584295891759	1.82781954347937	-4.343105	2.813395
maka1304	-0.519174695765	1.83035263007882	-4.45622375	2.9860735
makc1235	-0.6412129317622	1.90712488437302	-4.8099415	2.80432
makh1264	-0.40522257873125	1.90877629907307	-4.42093425	3.27027399999999
makh1266	-0.41298183155	1.82190794465055	-4.1945105	2.85799425
mako1251	-0.3204421194225	1.88013332719301	-4.11459825	3.2475865
mala1463	-0.57764229237715	1.78037732673628	-4.37444725	2.67331825
mala1464	-0.683659685583	1.79621939492481	-4.42876925	2.72422725
male1284	-0.76868312432	1.75544961588833	-4.51999275	2.70070225
male1289	-0.466953016725	1.65423211032456	-3.9050365	2.62723475
male1297	-0.430662354121	1.64320240233004	-3.7482895	2.76407425
malg1251	-0.5366383020245	1.63189175654364	-3.92811575	2.48807975
mali1285	-1.083983286025	1.87296711256632	-5.17977625	2.27749225
malo1243	-0.59355433043	1.44685740946961	-3.6489915	2.01112975
malt1254	0.228522006594	1.67004952946871	-3.0959385	3.55412675
malu1245	-0.628744752736	1.41312690358671	-3.6795525	1.88194725
mamb1294	-0.039379632817	1.58497864210601	-3.24976425	3.08710975
mamb1296	0.2277357724565	1.86627183396262	-3.48530475	3.9047565
mamm1241	-1.65699782977	1.67249650502279	-5.2820095	1.289541
mana1288	-0.122280241905	1.40129070519746	-3.000185	2.62768375
mana1295	2.585214522065	1.28458388285503	0.2367256	5.3127615
mana1298	0.618479882324	1.3726858947956	-2.05871975	3.37820274999999
mand1415	-0.38940113077645	1.81661604983697	-4.19481475	2.9346945
mand1440	-0.9485852407345	1.79455264772627	-4.6960225	2.303501
mang1381	-0.188747628364	1.74404344323117	-3.85083775	3.06227725
mang1401	-0.194109106295	1.88848218697339	-4.0980275	3.4583075
mang1403	-0.7478333973415	1.77834684697836	-4.37964025	2.56614675
mang1405	-0.4440298548575	1.87249538696237	-4.27838275	3.10454725
mani1235	-0.126876027012	1.66817102471413	-3.688195	2.93777524999999
maor1246	-0.215839299625	1.9205031759757	-4.289925	3.56595675
mapo1242	-0.079792636975	1.32023905942958	-2.7753845	2.344857
mapu1245	-0.7355028928595	1.66817359669268	-4.355207	2.25548825
maqu1238	-1.180128030265	1.5697606223809	-4.6545195	1.5807495
mara1378	-0.421860324355	1.79497631301215	-4.30534925	3.0476995
mara1379	0.813805738362	1.19841168004778	-1.5099995	3.1032645
mara1386	2.68840337353	1.50039359305857	-0.134157525	5.825117
mara1399	-0.593645682448	1.36012088229684	-3.426152	1.91084225
marg1265	-0.508719152206	1.61029180064509	-3.878446	2.68627575
mari1426	0.02532041018	1.58471541555543	-3.235844	3.080998
mari1440	-1.002739768635	1.69569685964472	-4.51691475	2.112835
mars1254	-0.197777202266	1.90875676853319	-4.23800725	3.48317975
mart1255	-0.40382215709	1.82475042029254	-4.2353745	2.91071974999999
maru1249	-1.3450748098525	1.69806499991448	-4.966427	1.74077825
maru1252	-0.744080308148	1.67599537851649	-4.3820625	2.40223725
masa1322	-0.6102370397285	1.66729623014161	-4.16415025	2.472542
masb1238	-0.287920195065	1.82501480753433	-4.2465615	3.15864375
mask1242	0.115022802967	1.27223862379836	-2.45239775	2.57017425
mati1250	-0.4192622281165	1.9025074830233	-4.51010725	2.989198
matu1259	-0.3714283715795	1.87229197536579	-4.05825125	2.9901895
matu1261	3.36452408626	1.41790081846319	0.701022825	6.23219449999999
maun1240	1.488308930407	1.53758357676094	-1.4895425	4.68446275
maxa1247	-0.898989267315	1.66417018260122	-4.34325875	2.13770325
maya1285	1.7823877275165	1.6361883229867	-1.27247525	5.39009375
mayo1261	0.38674953196	1.69531689236958	-3.10781175	3.7456935
mayo1264	-0.90550111532	1.70311009442366	-4.46643775	2.274701
maza1304	0.37610432058	1.50334290343703	-2.59279225	3.45217725
mbaa1245	-0.175536434672	1.82967062752246	-4.00360925	3.22810074999999
mban1263	-0.3972649076085	1.84995668902989	-4.31061875	3.04075225
mbar1260	-0.6234397328137	1.66395936840831	-4.02665075	2.4299205
mbay1241	-0.462904718926955	1.78882686925916	-4.34786175	2.9879385
mboc1235	-1.005395419155	1.71829830215763	-4.695466	2.133433
mbul1263	-0.186913207255	1.60308798196951	-3.58450875	2.8825205
mbya1239	-0.841192900078	1.66313413902283	-4.49352975	2.079896
meen1242	-0.6888320260945	1.84199243992375	-4.49899675	2.85902575
mehe1243	0.0638013300485	1.36881943580062	-2.66709625	2.74477425
meke1243	0.468072299792	1.33803977260811	-2.23108025	3.17605325
mele1250	-0.053880847111	1.63953919359009	-3.4348975	3.056467
mere1242	-0.281257737145	1.56153933588449	-3.53306	2.63574525
mezq1235	-0.975829253005	1.76646413309687	-4.77290875	2.2752745
mids1243	3.161696326385	1.73889884898015	-0.001110908	6.88270675
miju1243	-0.06446335449	1.57980924839115	-3.18484425	2.9205445
mikm1235	-0.8618730178265	1.63373011873681	-4.3356145	2.11250775
mila1245	2.7734699756515	1.52471279769087	0.012747927075	6.05737275
mina1276	0.5440905174	1.45454467016849	-2.29531775	3.32017125
mini1251	-1.01574682979265	1.76345349314453	-4.7564735	2.12882775
mini1256	0.571407143451	1.47476778016263	-2.252486	3.57146625
minn1241	-0.2376401421785	1.86822175419892	-4.19154775	3.307304
misk1235	1.807760084269	1.68597270393896	-1.19245825	5.43788975
mixt1426	-1.6453844808335	1.71016031640492	-5.34081125	1.42862125
miya1259	-0.260993145	1.89533208160984	-4.14801025	3.3395515
miya1266	-0.9733298053085	1.74702232678618	-4.75278275	2.113184
mlab1235	-0.7555181776216	1.80630396279785	-4.76903375	2.5073105
moba1244	-0.55870389532	1.84929613778894	-4.4677015	2.9103975
moch1257	-1.723394306705	1.71822499419207	-5.51388725	1.166621
moco1246	-0.5928840316602	1.79206875343713	-4.3786715	2.8399035
mode1248	-0.30821447096	1.8237452260969	-4.11104925	3.27671425
moha1258	2.17502696276	1.62284112451991	-0.79006685	5.710366
moke1242	-0.310072579142	1.86794071677235	-4.358427	3.26170025
moki1238	-0.29975554131	1.78159054473235	-4.00739775	3.17142475
mokl1243	-0.47570229526	1.86133912355953	-4.4716925	2.92255025
mokp1239	-0.9266252082	1.81920953010139	-4.75898975	2.47430375
moks1248	2.192823006315	1.67181591414559	-0.85420945	5.57764675
molo1266	-0.17188207345	1.47924242989376	-3.25134275	2.598321
mono1273	-0.5164982746685	1.75973632886018	-4.18434875	2.73895725
mono1275	-0.666908727485	1.79532506660573	-4.50039	2.6307555
mopa1243	-1.0047349141255	1.68944791215142	-4.5736345	2.14037925
morm1235	-0.06493829344503	1.78013394185569	-3.812327	3.3334225
mose1249	-0.59012029195	1.71905459184201	-4.2086365	2.457567
motl1237	1.347829340975	1.48771705213512	-1.52567925	4.32820875
motu1246	1.4708934454935	1.46988053125191	-1.29207525	4.395515
movi1243	-0.441193456367	1.60129286470131	-3.6179955	2.54877625
mpad1242	-0.283012244532	1.79509869459256	-4.082359	3.1421515
mpii1239	-0.61334845189	1.7832046495723	-4.353275	2.789444
mpot1240	-0.0667551452685	1.79229179990679	-3.84880325	3.193591
mpur1239	-0.717971826725	1.74961619827739	-4.3534335	2.56608249999999
mual1241	-0.30539468707575	1.77848356030794	-4.10138325	3.076869
mudu1239	-0.94033106564	1.71002004522744	-4.55729125	2.23273949999999
mudu1242	-0.731203035684	1.87363904167982	-4.698332	2.80297575
mull1237	1.6386239241165	1.50543440608028	-1.20477625	4.66866475
munc1235	-0.48191999893	1.56358289984024	-3.81107025	2.38659575
mund1320	1.9413507897985	1.65772190600212	-1.1152565	5.30221575
mund1325	-0.142398157835	1.57911257203561	-3.3940455	2.9822885
mund1326	-0.274374430425	1.81149676902624	-3.937152	3.2285305
mund1328	-0.71813906736	1.57755782609472	-4.137925	2.1606295
murl1244	-0.461258745205	1.91514354418791	-4.32419625	3.14942274999999
muru1274	1.2115140790015	1.55406146837182	-1.7224255	4.42214
muso1238	0.289149594646	1.29978656306414	-2.355194	2.831066
muyu1244	0.429528529545	1.79492227643	-3.39448975	3.969832
mwag1236	-1.1009519062305	1.77491408230247	-5.003843	2.1094015
mwan1247	-0.3310932504245	1.87241259226247	-4.3552575	3.16592925
nade1244	-0.70168523265	1.65109426273963	-4.2154895	2.30766225
naka1262	-0.79747461821	1.76533800404862	-4.305206	2.38340125
nali1244	-0.9993412726895	1.7094715957971	-4.78453125	1.9622435
nama1268	0.408360237906	1.49911605841396	-2.59626325	3.33398075
nana1257	-0.129249859405	1.78264150560805	-3.7797955	3.29127375
nand1266	-0.48053235844	1.8220262870174	-4.09664325	2.8986085
nang1262	-0.295353447295	1.81125347329797	-4.08535675	3.09930525
nant1250	-1.0158828273075	1.71754290628563	-4.76854225	2.1914555
nara1262	-0.3324598387648	1.83225117818318	-4.048697	3.22781625
naue1237	-0.470663159122	1.81970648176523	-4.07046675	2.8982365
naur1243	-0.15544388342875	1.90732662581558	-4.086594	3.29868049999999
nava1243	1.0493126359125	1.55026154539144	-1.68581525	4.36606775
nawu1242	-0.688941287355	1.87866392721673	-4.5648435	3.02363299999999
naxi1245	-0.513939444795	1.53084997985978	-3.64810875	2.41570925
ncan1245	-0.407843042418	1.52957167067567	-3.7280105	2.47838775
ndam1239	-0.056514561373	1.74962443525096	-3.75475975	3.2335975
ndog1248	-0.163026396441	1.91168077842071	-3.92452325	3.28862725
ndun1249	-0.3613476671535	1.71488661784368	-3.97995325	2.85911525
neha1247	-0.675349239145	1.83267477912999	-4.36367925	2.814816
nend1239	3.3896669385	1.29281826463084	0.993141125	6.12364825
nene1249	-0.384327813415	1.82163049207765	-4.46782725	2.96085025
neng1238	-0.5050598855655	1.91219001321371	-4.6153965	3.046472
nenn1238	0.5191901109615	1.54779911567911	-2.59702325	3.5402265
nese1235	-0.6327805618715	1.40841785758241	-3.62548325	1.8806935
newa1246	1.082025320196	1.20116124996426	-1.18398325	3.57907025
nezp1238	-0.99340508687	1.70927600290334	-4.75641325	2.01624775
ngaa1240	-0.500300987935	1.81115917236459	-4.3051065	2.74274975
ngam1268	-0.45018442344	1.78775611897471	-4.20062125	2.84859575
ngan1291	-0.402611678751	1.76333564394911	-4.29000625	2.83900575
ngar1235	0.1449783037125	1.70241868237498	-3.282132	3.509822
ngas1240	-1.206541511261	1.69823650226778	-4.757562	1.87844725
ngba1284	-0.4959135684165	1.80691613350258	-4.42393475	2.86492
ngba1285	-0.56953143556	1.80910249641243	-4.49521775	2.841253
ngit1239	0.9140548483095	1.71730954678421	-2.4963285	4.396549
nhan1238	-0.39205439258	1.81146210719131	-4.36340925	2.906708
nhen1239	1.412735642685	1.56929962931999	-1.482657	4.89425625
niha1238	2.504636255328	1.6735223022428	-0.50002095	6.11738125
nila1242	-0.560529640459	1.78129386649319	-4.2993975	2.82197525
niua1240	-0.33386383932	1.77919609752986	-3.943834	2.96591325
niue1239	-0.22859147791	1.92587741212061	-4.32951375	3.428198
niva1238	1.808351583565	1.73906700900393	-1.43366775	5.49164975
njan1240	1.2666986849	1.5698568908393	-1.702241	4.61017999999999
noct1238	0.03591077537	1.52853306502492	-3.04969	2.92940425
noon1242	-0.233055013906295	1.8570677211435	-4.038702	3.32778575
noon1243	-0.3473972271965	1.49067829202411	-3.5769385	2.528255
nopa1235	-1.55811723243	1.69625029677446	-5.2744785	1.5573975
nort2671	-0.3322312290865	1.85706917159599	-4.23551	3.12285625
nort2684	-0.483459859015	1.94250889765828	-4.53007975	3.20420375
nort2690	-0.419680293062	1.81125501728544	-4.19706425	2.892352
nort2702	-0.625602007208	1.76875271865185	-4.2731915	2.50887775
nort2722	1.6231417297608	1.46378292019233	-1.2082145	4.5913325
nort2723	0.02660255828425	1.55335851104157	-3.126944	3.090498
nort2724	-1.123474269234	1.66520518802534	-4.8519255	1.9352165
nort2732	-0.6280860934031	1.74951618378772	-4.24845375	2.61949375
nort2745	-0.48182335317545	1.87218640345287	-4.39395725	2.99678225
nort2747	-0.668182280345	1.80890507355092	-4.514845	2.775347
nort2839	0.000463880834499999	1.36899250224728	-2.73908475	2.78962775
nort2845	2.7477953790285	1.76305358500118	-0.4358061	6.47644325
nort2885	-0.311460885959	1.84323825892858	-4.23018775	3.09495549999999
nort2930	0.38960686258	1.57986276893836	-2.8084905	3.38133775
nort2938	2.11248184391	1.6254300215054	-0.91222155	5.5142015
nort2942	1.2686574327735	1.61289958690011	-1.7813545	4.582935
nort2954	-0.480162914595	1.76122545098731	-4.06687475	2.81801225
nort2959	-1.025059784135	1.70525266584683	-4.8072025	2.03858275
nort2961	-0.85584000689	1.72548562374273	-4.78588575	2.347703
nort2972	1.53514134442205	1.63273286418561	-1.2958355	5.09517749999999
nort2980	-1.3857961156335	1.7184277170062	-5.07522	1.71183325
nort3047	-0.026262095965	1.47413592421342	-3.01435575	2.81891725
nort3139	-0.49781240897	1.77359946972305	-4.17333575	2.841776
nots1237	-1.06571319777505	1.7175292025401	-4.75761375	1.888037
nucl1235	-0.78208293418	1.83995171950875	-4.5209125	2.6066455
nucl1301	-0.4719799054915	1.88094853815448	-4.58186025	3.15941525
nucl1302	-0.571637352988	1.8089703422335	-4.16195875	2.90385925
nucl1305	-0.74856777670345	1.88605103178381	-4.7712515	2.62801275
nucl1310	-0.5058588518325	1.54865963965755	-3.853619	2.4143345
nucl1417	-0.9428229614455	1.75177729101184	-4.7096475	2.2311125
nucl1458	2.6493499355	1.23785045416989	0.372642825	5.223135
nucl1595	-1.10176601908	1.73191081255307	-4.8424265	1.9818515
nucl1622	1.6529390553415	1.71725910946002	-1.58159475	5.30098725
nucl1633	-0.947645488021	1.82034652416119	-4.77949975	2.44054975
nucl1706	-0.405119172045	1.75646843556823	-4.07262325	2.80710424999999
nuer1246	-0.2702827641556	1.9600766378174	-4.456082	3.4806525
nukn1238	1.2334530923055	1.31570903701054	-1.2948815	3.8040575
nupe1254	-0.644691310753	1.87374252811234	-4.5224085	2.9372445
nuuc1236	-0.93903357038	1.70876305251591	-4.57266275	2.160204
nyah1250	-0.378082504205	1.80888266534366	-4.1159975	3.16768349999999
nyal1254	-0.48521228030535	1.81640166609384	-4.11290775	2.84789875
nyam1285	-1.103660321843	1.76918766542738	-4.82160425	2.22130625
nyan1301	-0.29565761679839	1.75423407004352	-3.958896	3.0675005
nyan1307	0.721131011242	1.61827542308241	-2.46905	3.84342825
nyat1246	-0.55479766446634	1.84944814440492	-4.34178525	2.81979725
nyor1246	0.9437441699595	1.64972061166301	-2.28290925	4.244142
nzak1247	3.19415509952	1.75966964684585	0.10962885	7.133136
obok1239	-1.00684368669	1.75446732153318	-4.8255565	2.25009025
occi1239	-0.149283297963	1.78359345761657	-3.80550975	3.18929775
ocot1244	-1.82061187272033	1.61954168608804	-5.2981555	1.13020825
okan1243	-0.935380018385	1.71530591977077	-4.482521	2.22193225
oksa1245	-0.66584605492	1.60577308868517	-4.01680975	2.4477085
oloo1241	-0.4952041592335	1.52407899587062	-3.51462125	2.40384075
olut1240	-1.809731395445	1.59741021052102	-5.193593	1.06057075
omah1247	1.6866627543105	1.63643300621882	-1.3612385	5.27355975
onto1237	2.616580615567	1.76890439048255	-0.5157918	6.41813525
oriy1255	-0.4466977513175	1.78120092780627	-4.2567345	2.9313605
orma1241	-0.417251287405	1.84074634984027	-4.113616	3.1397725
oroh1237	0.172404538509	1.67869304795274	-3.20325725	3.3225855
orok1266	-1.05072228934	1.85307051094937	-4.66813375	2.36234249999999
orok1267	-0.037488864825	1.58242583774825	-3.47531675	2.891757
orow1242	-0.7644318968305	1.71427938564059	-4.3895785	2.33026075
otta1242	-0.837986848736	1.6864826530827	-4.47385925	2.25004525
owaa1237	2.378288425585	1.74111394504115	-0.903637725	5.91988124999999
paaa1242	-0.8560183539167	1.7796482915536	-4.6103325	2.41416125
paam1238	0.437272497575	1.30577613901095	-2.17729325	2.997878
paas1238	-0.499929728674	1.82799890124188	-4.19805975	3.01115825
paco1243	-0.578897074145	1.9168317189419	-4.5843485	2.99147925
pagi1243	0.223205525684	1.75584821919259	-3.35636125	3.6290165
pahn1237	-0.7322356765095	1.76216099029938	-4.46404975	2.758704
pala1344	-0.198110843162	1.79932285792216	-3.84670375	3.3260415
pamb1243	2.561500685955	1.7027547735954	-0.604748725	6.10725049999999
pamp1243	-0.0564464354572	1.79548224827953	-3.63294075	3.34621875
pang1287	0.591487798725	1.71206150323257	-2.80058925	3.971111
panj1256	2.02456245882	1.78349537389423	-1.193327	5.9499295
pany1241	1.875202174305	1.64252009625371	-1.0240145	5.2717115
papa1265	-0.697347544085	1.77213600420167	-4.508585	2.4395745
para1301	-0.9683398385285	1.79550275743124	-4.74115675	2.27274025
para1311	-0.89912162123	1.73018073276666	-4.6450615	2.31462925
pare1266	-0.903093308905	1.71357892222227	-4.56130525	2.2690795
pare1272	1.87876345971	1.65676829974913	-1.200325	5.35776274999999
pate1247	-0.0539631000452	1.36284416434421	-2.91954225	2.42996925
patp1243	-0.99109857867	1.78581850039376	-4.82350875	2.42389375
paul1238	2.68745677579	1.78307472935807	-0.6222919	6.2378425
payn1244	3.3355605187	1.27743974092899	0.955652925	5.9919145
pela1242	-1.088451949092	1.69349702924354	-4.51082075	1.94433475
pemo1248	1.33484522196	1.60198779044208	-1.661226	4.74272125
pend1242	-0.4565460721635	1.80591893693523	-4.33458875	2.9749865
peng1244	-0.94594555535	1.75122374080077	-4.58439375	2.1569695
phai1238	-0.801974934605355	1.83881782831617	-4.65153425	2.68863375
phom1236	0.520312132245	1.3290153944356	-2.1256795	3.18250975
piap1246	-1.0184154113339	1.73750156051859	-4.88366825	2.05684775
pila1245	-0.4813813109935	1.79305723500588	-4.28593675	2.88810625
pile1238	-0.340714478486	1.72509975373067	-3.79826	2.81365875
pina1252	2.063933490085	1.23426959782233	-0.209026075	4.61389125
ping1243	-0.312661866732	1.8962005971765	-4.2734425	3.24254124999999
pipi1250	-0.744251215425	1.83822964464694	-4.6545215	2.43200825
pite1240	-0.61267825549	1.79226048730212	-4.28253925	2.74675175
plai1258	1.63099358637	1.69178596814791	-1.46817625	5.22763775
pnar1238	-0.20782115295	1.55507339299438	-3.485812	2.73138775
pohn1238	-0.318955613665	1.92428630107838	-4.325382	3.3076015
poko1263	-0.3701724935395	1.85751299365953	-4.28484325	3.13770225
poli1260	-0.42262802608	1.82646161320452	-4.22145275	3.02596949999999
popt1235	-1.782549793445	1.63762699641968	-5.49548	1.0485715
port1283	-0.3260034114705	1.78365286646534	-3.96276525	3.0759785
port1285	0.0554894504675	1.27646535599875	-2.563025	2.50636575
psik1239	0.0411601001515	1.48309390889931	-2.93981475	2.9794035
puka1242	-0.2459079259015	1.81612226603839	-3.83466725	3.2148915
pulu1242	-0.2446732346402	1.96611629456043	-4.414607	3.400073
puma1239	1.603659006695	1.10534657807033	-0.48929315	3.85603525
pume1238	-1.107449559235	1.68410361249095	-4.695495	1.9157965
puoc1238	-0.6059406139195	1.85174150225221	-4.50555625	2.87648925
pura1257	0.1030469610825	1.62304756253285	-3.4217665	3.0727005
puri1258	2.129388555931	1.64633647150194	-0.8387496	5.62516
qawa1238	-0.713661131414	1.6838090304551	-4.349837	2.35056775
qima1242	0.0075801881125	1.73978802047503	-3.5468825	3.37727225
quer1236	-0.8062510050605	1.75968223870335	-4.6911835	2.4532165
quio1240	-1.76618140609	1.70488587839098	-5.35068575	1.10237475
rabh1238	-0.8675667376665	1.69840481111002	-4.54615675	2.1837405
raji1240	-0.995194183432	1.76434645022581	-4.71098225	2.2126465
rapa1244	-0.1898857140735	1.84413630454786	-3.90594025	3.28250175
rapa1245	-0.2734883608305	1.87279893677053	-4.03514575	3.2660245
raro1241	-0.249790342835	1.79874196555797	-4.0922085	3.1080325
rata1244	-0.273695158545	1.88822904440721	-4.0925255	3.32780425
raut1239	-1.023506778007	1.71154164572593	-4.71917575	2.24127025
reja1241	-0.255511580912	1.89006590259329	-4.2138425	3.1901135
reng1252	-0.6435624598695	1.88499103957178	-4.61366225	2.86737274999999
renn1242	0.231492920689	1.87901349627749	-3.5388995	3.89169975
roma1326	-0.35507324453	1.79761311003187	-4.12284925	3.15786775
romb1245	-0.331841591165	1.84007033966331	-4.115464	3.11191149999999
rong1264	-0.779587121975	1.76939289149151	-4.53967625	2.4647575
ronn1241	-1.1202654809755	1.79916758255152	-5.03098925	2.13146175
roto1249	-0.711414103446	1.7324748557813	-4.35646	2.36513
rotu1241	-0.23185588514	1.85756165568316	-4.113452	3.30299899999999
rovi1238	-0.254737867735	1.74080617679087	-3.86915875	2.87101075
ruch1235	0.04887161462567	1.72020367758657	-3.44426075	3.4688615
ruma1248	-0.633458046912	1.79993979650384	-4.502188	2.80044875
rung1258	-0.12397546248445	1.94888232063896	-4.15362	3.619837
russ1263	-0.4581631488088	1.78099425574036	-4.31871925	2.88674675
russ1264	-0.3483433565065	1.82534756397503	-4.065594	3.21610475
saaa1240	0.0307376446665	1.63404104253929	-3.25674525	3.10989175
saaa1241	-0.1476131791335	1.45890606529727	-3.1578215	2.63891675
saam1283	-0.596099199585	1.76020916029306	-4.2700115	2.7042645
saar1237	0.03986281276765	1.60556052977485	-3.29049375	3.00187
saba1268	-0.299438942281	1.57796165738734	-3.59476625	2.66144424999999
sabu1255	-0.4661463294	1.84554860884451	-4.498736	2.962247
saga1262	-0.6176357834865	1.81364624794964	-4.42773375	2.742622
sais1237	1.37282486314	1.49230999045641	-1.67673775	4.44311475
saka1289	-0.04957960617	1.58097518037023	-3.4431385	2.94171075
saka1291	-0.1250493083385	1.84038563224709	-3.81496775	3.5197355
samb1305	-0.646998134777	1.68184593139134	-4.1740945	2.4448165
samb1311	-0.589682222345	1.67770037041035	-4.136905	2.54858625
samo1305	-0.15804340661	1.82853928192764	-3.849161	3.31566875
sana1295	-0.2552313457405	1.80920882821382	-4.04336375	3.1178965
sanb1241	-1.578099366035	1.63238196543946	-5.24661375	1.38482775
sanb1242	1.761680756265	1.71253106011906	-1.301401	5.530134
sand1278	-1.437317797965	1.91003365710771	-5.268035	2.05874225
sang1331	0.005588965927	1.73186005065341	-3.6186235	3.36656975
sanj1284	-1.84405750439	1.60717746076328	-5.3520695	1.04300625
sanm1295	-1.596186096895	1.71658962756431	-5.24608925	1.49936375
sant1410	1.75287818713	1.41997534141225	-0.9735835	4.6234335
sant1451	-1.562295905526	1.74339899515752	-5.33527175	1.44469925
sanu1240	-1.2348633387095	1.56464927920822	-4.77759625	1.5157545
sapo1253	-0.6968089193875	1.70179833165778	-4.32687225	2.48073775
sara1321	-0.25238788811	1.95518592960322	-4.2194105	3.55273575
sars1236	1.2730044181655	1.58543102882768	-1.78113075	4.71706149999999
sata1237	-0.373572611376	1.92117094276953	-4.39970925	3.30753475
sauk1252	0.740342328912	1.28467273293575	-1.824881	3.19399325
saur1249	1.425951477063	1.40101337184	-1.3250245	4.2604
savo1255	0.268112807065	1.46640112233891	-2.6925825	3.11025975
saya1246	-1.2191944692725	1.74273535029153	-5.015251	2.0100425
seda1262	-0.6493475103223	1.8443175246309	-4.60489475	2.710901
seim1238	-0.103414236085	1.88568235365554	-3.9715175	3.5651965
seke1241	-0.205533255595	1.4620103020647	-3.28562475	2.50173025
sela1259	-0.241039370765	1.83285338788986	-4.02366725	3.335138
selk1253	-0.389817110101	1.81046725518714	-4.11195725	3.1333665
sema1265	-0.5017613616712	1.82292331687865	-4.1893005	2.8188435
seme1247	-0.4321090896555	1.85571066228436	-4.29105275	2.990141
seri1257	1.247654229071	1.68228107319374	-1.9582205	4.812256
seve1240	-0.86431095801725	1.65938695558165	-4.49905075	2.13029425
sgaw1245	0.107929713095	1.67720878667583	-3.34888425	3.288351
shab1252	-0.6137960106875	1.79605715371228	-4.24825575	2.67797575
sham1280	-0.62688147551505	1.88214459509202	-4.56510275	2.97533675
shan1283	1.4964435783185	1.57674219382919	-1.29939175	4.86824424999999
shaw1249	1.532625383675	1.56503249926182	-1.212861	4.79789675
shil1265	-0.2129410436895	1.96161177628244	-4.339792	3.46424775
ship1254	1.455287829595	1.47919419948688	-1.3434105	4.5707715
shix1238	0.9859157759415	1.51251516865599	-1.916602	4.01965525
shor1247	-0.230729489753	1.83836417786435	-4.0303755	3.21126725
shos1248	1.880103092025	1.57847862652392	-0.95362765	5.15755075
siam1242	0.6373886635245	1.55711486463366	-2.518891	3.6389425
sici1248	2.335742560522	1.73110735275955	-0.90985975	5.979561
siee1239	-0.5776356399825	1.69725900964251	-4.07661175	2.6447155
sier1250	-1.8151341674135	1.66116966100053	-5.39162475	1.06083974999999
sika1261	-0.09969929829	1.76899068484034	-3.635081	3.35011
siks1238	-0.5585048610402	1.66247833493232	-4.14983325	2.697516
sina1266	0.8106384187005	1.45356021753074	-2.04960325	3.7020325
sing1264	0.0651093221255	1.60388521812303	-3.305619	3.12315175
sioo1240	0.65847576806	1.43225382979705	-2.12186925	3.4392035
siri1273	-1.13558870804	1.72133300327789	-4.99243375	1.86721275
situ1238	2.999386933205	1.48943121064923	0.31167405	6.18535525
siwi1239	-0.32862267726	1.84521073841021	-4.04062125	3.18483124999999
skol1241	-0.405278245815	1.81148096869381	-4.319642	3.0441165
slov1268	2.551429014325	1.78201411335756	-0.585545225	6.49680375
sobe1238	-0.97563368112	1.78932675571392	-4.837427	2.35258075
soch1239	-1.66232040566	1.75378026096747	-5.36021275	1.4439555
soga1242	-0.4170404518881	1.72603465199573	-4.0458225	2.77910075
soli1239	-0.244884508417	1.83569707734981	-4.0269745	3.33558275
sons1242	-0.2350039706655	1.8539486910809	-3.85921225	3.2187935
sooo1254	-0.639509213033	1.82613838620202	-4.47575125	2.7089915
sout1528	-0.005186684	1.83262169154422	-3.61152525	3.56863425
sout2649	-0.2288731324535	1.77012563923665	-3.81432925	3.19180925
sout2674	-0.4814194585295	1.83964453692873	-4.4812005	2.87428775
sout2679	-0.715270965554	1.77159197718095	-4.51544	2.5238375
sout2728	2.53364319674	1.56105795394407	-0.3258166	5.78326724999999
sout2729	-0.0402960163215	1.44315919859937	-2.99732175	2.71596975
sout2730	-1.45224899518	1.67862816582077	-5.0377595	1.633511
sout2807	-0.22733366089	1.86995675639369	-4.29991275	3.23920499999999
sout2856	-0.07440483176	1.63935307752753	-3.45183225	2.92637
sout2857	-0.2446847511705	1.40041008698379	-3.11236575	2.39366125
sout2869	-0.717693318748	1.69730583365924	-4.23955125	2.30116975
sout2954	-0.2990247953405	1.8363718967941	-3.991955	3.16033124999999
sout2956	1.9303030388495	1.63766433923481	-1.1252035	5.52148575
sout2959	1.2452452308805	1.60837557825334	-1.7139925	4.615445
sout2976	-0.33710686831	1.74712234827578	-4.1592025	2.98822425
sout2994	1.65593807748	1.62065229641777	-1.315753	5.043524
sout2996	1.418577831685	1.63123230538118	-1.68743075	5.154676
sout3236	0.480530273973	1.64873346397225	-2.84448	3.70161575
sout3261	-1.3394222317925	1.76442196429186	-5.0159475	2.062721
stan1289	2.3643508110185	1.68467681044101	-0.78232135	5.99486075
stan1290	-0.35401219131	1.81992714895964	-4.24031125	3.0364485
stan1293	-0.465629469615	1.78220133628178	-4.29954	2.8974845
stan1306	-0.455956557465	1.80543204013361	-4.14845025	2.995558
stan1318	-0.308741723953	1.91803491560761	-4.278738	3.267791
suku1261	-0.506358024378	1.86224244924225	-4.4099945	3.1811555
sumi1235	0.7846383046885	1.22674501000202	-1.61114575	3.31709325
sund1252	-0.13573475958275	1.95160953498442	-4.145207	3.756181
sunw1242	0.3975551469655	1.16031099230215	-1.93840275	2.58838525
supy1237	0.31386441592	1.7202604295176	-3.222214	3.6128105
surg1248	-0.3728061072765	1.90369304957862	-4.60935825	3.17620625
surs1246	-0.91520896178	1.81871638527717	-4.71145775	2.4465365
swed1254	-0.428852264865	1.73635256350689	-4.01256	2.75150149999999
taba1263	-0.762036487177	1.7632578013743	-4.49641	2.44786924999999
tabo1241	0.045225605632	1.5682216902166	-3.0661565	3.08414075
taga1272	-0.3824013385077	1.87107160079502	-4.29960025	2.997829
tagw1240	-0.006170183745	1.72839164704097	-3.6956755	3.36985975
taha1241	2.423831471975	1.71951502043697	-0.790420075	5.98829075
tahi1242	-0.315366761065	1.98613313578513	-4.56563375	3.38394175
taia1239	1.93386008907	1.30930370317474	-0.4149396	4.545796
taji1246	-0.464545338499	1.81759159372892	-4.21400625	2.9821325
taku1257	-0.1531291629295	1.78019420859318	-3.7562885	3.18303825
tama1365	3.5574569545	1.46244641686264	0.84945085	6.5654965
tami1289	-0.61556282648	1.81810808272326	-4.482395	2.7059605
tane1237	-0.222353748315	1.75081277786138	-3.78601475	3.15584175
tang1336	1.0378491476785	1.21020765336104	-1.37352725	3.4312695
tang1347	-0.508771213028	1.52821302210304	-3.6907435	2.340419
tang1348	-0.7269953474625	1.88776611064535	-4.50590725	3.086208
tang1377	3.11737286383	1.54740620858244	0.326421125	6.433527
tani1257	1.46355191437	1.38907109557814	-1.08579925	4.5068145
tari1256	1.185825401107	1.44859056107552	-1.644569	4.20223675
tata1255	-0.5603960087235	1.78495892736577	-4.3318685	2.66740375
tata1257	-0.46655928891	1.84364253600473	-4.2963485	3.011996
taul1251	-0.9918593914395	1.7532158354659	-4.8518655	2.26623475
taus1251	-0.33815965536	1.98452879217831	-4.5557705	3.437155
taya1257	-0.3503369356435	1.87356757548248	-4.2864	3.27922425
tbol1240	-0.38990140585234	1.92730117998083	-4.33157675	3.275344
tean1237	-0.237433954978	1.7640049846223	-3.9231265	3.1239905
teda1241	0.05973709573	1.91979379405975	-3.744224	3.87616875
tedi1235	1.87272982473	1.34372992877378	-0.769007325	4.60661375
tehu1242	1.482964148365	1.63752876644006	-1.52752475	4.75782099999999
teke1275	-0.273435713915	1.7909525911987	-3.9558615	3.0202765
tekt1235	-1.748476715916	1.69337590203466	-5.51707275	1.15418475
tene1248	3.976438685925	1.70796454894579	0.996503425	7.61394775
tenn1246	-0.33030000008	1.94563713024328	-4.333818	3.29568725
teop1238	-0.732568857102	1.67062543211603	-4.19984125	2.34594525
tera1251	-0.83417905914	1.69970109419578	-4.36037125	2.45480575
teri1250	2.368109311085	1.64270465481849	-0.525071675	6.259784
tern1247	-0.758948067805	1.73997604748375	-4.51433925	2.41822075
tete1251	-0.966878962125	1.78172911252315	-4.7498905	2.20876325
thad1238	2.454166562275	1.39088944299322	-0.166709775	5.32034849999999
thak1245	-0.5832151043065	1.44773508486025	-3.49273125	2.2456195
than1259	0.7261654862555	1.41289664357519	-1.9385815	3.47419825
thao1240	0.63625507023	1.52589720310452	-2.3685355	3.73876075
thul1246	1.05506196376	1.17539367635216	-1.19966675	3.37286025
tibe1272	1.802383088005	1.6391844794022	-1.31099325	5.34067925
tibe1274	-0.199206987231	1.59449163033261	-3.423943	2.8646175
ticu1245	-0.704362680195	1.64490232764133	-4.185801	2.47160575
tief1242	0.37784690891	1.50045761429581	-2.65620875	3.2452875
tief1244	0.2818699376255	1.53551590584659	-2.887471	3.2051155
tien1242	-0.3119368259105	1.82213800971956	-4.1392105	3.11066525
tiga1245	-0.827786769125	1.80259008297808	-4.53031625	2.507866
tigo1236	-0.274282428916	1.65707057448148	-3.58490975	2.887771
tika1246	0.625575835139	1.52646668281878	-2.289439	3.7136035
tiko1237	-0.022941046041	1.87974352626125	-4.0005255	3.54859175
timn1235	-0.518870911305	1.87946988398407	-4.422157	2.9517935
timu1262	-0.486969583294	1.82645279376301	-4.522547	3.000586
tiri1258	-0.7498548820465	1.71948397714169	-4.2739955	2.4322195
toab1237	-0.362228453	1.62502129998693	-3.72999425	2.646724
toar1246	0.199016193974	1.41535675935037	-2.660141	2.8906735
toba1268	-0.560421142672	1.74963305490389	-4.18073875	2.65732625
tobe1252	-0.742939334305	1.78686707176483	-4.66193625	2.51319975
toho1245	-0.5275827637985	1.77053811817292	-4.169072	2.709357
tojo1241	-1.6328766504855	1.71507661555742	-5.1824505	1.4575845
toke1240	-0.261742910308	1.96758862487325	-4.4042665	3.3931325
tomm1242	3.9646760595	1.58521782879597	1.20219675	7.36273925
tond1249	2.574412810875	1.53944905312354	-0.261819375	5.764872
tong1308	-0.5000547352015	1.84391926156943	-4.3249085	2.80088275
tong1325	-0.16849543132	1.96619282077808	-3.90277575	3.70971075
toor1238	1.97497205496	1.57679599334935	-0.9486116	5.15708975
tote1238	-0.2472723186555	1.86479614905655	-4.167892	3.239226
toto1302	0.26208883792	1.55580787356642	-2.85153925	3.28961625
trio1238	-0.998799447265	1.68330347880698	-4.5798445	2.22642
trum1247	0.3086420627525	1.45373404875688	-2.643102	3.186935
tsam1247	-0.550272651606	1.67361595718832	-4.0533655	2.52304375
tsat1238	-0.3552545985315	1.80151674118933	-4.18346125	3.011988
tsha1245	-0.2485758178205	1.68236002934361	-3.729884	2.88493675
tsis1238	-0.6775147463925	1.88347742012281	-4.66631	2.789386
tsog1243	-0.3042641095	1.87454838333528	-4.094927	3.14731025
tson1249	2.430109532938	1.86068336782733	-0.97046575	6.1706665
tswa1253	-0.442509456091	1.90085923986593	-4.4593295	2.9891585
tswa1255	1.24382528502	1.741780551253	-2.1198385	4.774886
tuca1252	0.271457203257	1.24699421806476	-2.24006025	2.68275325
tuge1241	-0.4656307044635	1.76079385164001	-4.08770925	2.92422
tugu1245	-0.53928373255	1.81746599949982	-4.39952775	2.82534625
tuka1248	2.63010553904	1.84213236251088	-0.87419225	6.51101275
tuki1240	-0.5089191894105	1.73740172470439	-4.06767775	2.82844875
tula1252	-1.048137535199	1.76288266557521	-4.720302	2.2883325
tulu1258	-0.8480354022515	1.76218250108581	-4.68848275	2.35680199999999
tung1290	-0.596749218883	1.87291336073886	-4.422255	2.8520305
tunn1238	-0.292185162723	1.87015553595687	-4.0514335	3.183062
turk1303	-0.2631443781515	1.86844250017689	-4.20914725	3.27635625
tusc1257	-0.5998381209145	1.67008127885062	-4.05120275	2.33088175
tutu1241	-0.554382970985	1.44413669039673	-3.58158525	2.09916425
tuva1244	-0.1651367666735	1.85087733348259	-3.93475575	3.46777925
tuwa1243	1.967550255335	1.2556482034996	-0.361063625	4.54175575
tuwu1238	-0.654749808151	1.76966362157294	-4.373513	2.64597049999999
udih1248	1.5008811958385	1.81554122062155	-1.76879225	5.213379
udii1243	-1.112870323965	1.74359904468528	-4.73053375	2.2440395
ughe1237	-0.18052948421	1.72865912007616	-3.8991615	2.9420315
ukra1253	-0.2617201134785	1.86343616224206	-4.050575	3.23000525
ulit1238	-0.1942447240565	1.92784788950623	-4.11540975	3.36254525
umbu1257	-0.2526320887055	1.92471060501832	-4.2232375	3.28135175
umbu1258	1.3299137212635	1.29840279057967	-1.149697	3.867004
umes1235	-0.549410367725	1.83888806949565	-4.4752245	2.7700795
unua1237	-0.3511360669495	1.30163200252533	-3.0809135	2.04219775
uppe1275	-1.23747907583	1.71452734452753	-4.83746825	1.84292675
uppe1427	-0.429104420695	1.86405194972956	-4.34103825	3.03386775
urak1238	-0.4675302143845	1.79292515781381	-4.1507285	2.9409945
urar1246	-1.033837959073	1.70949730339545	-5.0179905	2.03215225
urav1235	-0.524147701565	1.67866567113613	-4.02478125	2.59681225
urim1252	0.08392387393245	1.3669456149163	-2.5598715	2.7945875
urip1239	-0.6069578223735	1.36196487007839	-3.41261775	1.88023575
utes1238	-0.54300982054	1.74338048010262	-4.25824175	2.67106425
uuuu1243	-1.31402926132	1.77242910385103	-4.9355645	1.8025215
vano1237	-0.268509459929	1.7621805828745	-3.8834305	3.009502
veps1250	-0.405726845942	1.90434499486759	-4.40690675	3.12762825
vera1241	1.678594929615	1.48654132786449	-1.102627	4.65579649999999
viem1243	-0.018254823545	1.70592733485921	-3.54758425	3.42122325
vinm1237	-0.487133650496	1.33447097983022	-3.3488715	1.924737
voti1245	-0.751965921622	1.79105259877242	-4.48280825	2.48583225
vunj1238	-0.627765042715	1.83687860064567	-4.50822175	2.82559875
vure1239	1.6662858895365	1.47710643436118	-1.06921475	4.5773805
vwan1235	2.07983852682	1.70238973742334	-1.00767325	5.7186305
waga1260	-0.529868080595	1.9236569835386	-4.62193125	3.03944275
wage1238	0.385292381935	1.76288869951712	-3.18611375	3.95835375
waig1244	-0.4062096274255	1.85081446809765	-4.47137975	3.0921445
waim1251	1.265891785095	1.41498938751278	-1.47843525	4.0232935
waja1257	-0.383618742875	1.85766649669917	-4.36954325	3.1763375
waka1274	-0.41725035726	1.77000890507344	-4.02378425	3.12852075
wala1266	-0.449821515805	1.57491097751243	-3.84450625	2.518329
wall1257	-0.35769933645	1.78549473577818	-4.01402075	2.98849325
wamb1257	0.82065938395	1.11826733314848	-1.332324	3.01656975
wand1267	0.749893886314	1.61647806305726	-2.486012	3.864338
wand1278	-0.48743415854	1.47886106510857	-3.44438675	2.2173075
wang1291	1.9188214412	1.66256411598054	-1.090351	5.33368874999999
wara1294	0.409443193836	1.60398625892156	-2.82167175	3.53305325
wara1303	1.537685177	1.6285985904393	-1.37410675	5.161433
ware1253	-0.72828905039	1.77046625313478	-4.5818685	2.556768
wari1268	-0.112442221799	1.63998309777734	-3.47959075	3.03309525
warj1242	-0.69943961602065	1.64063251831911	-4.19274875	2.2591805
warr1255	0.3105478863342	1.65792363999214	-3.0516065	3.52920375
waru1265	-0.4757916446757	1.87291661539621	-4.41216225	2.966144
wawa1246	0.91235353617	1.5844457172559	-2.161849	4.1512805
waya1269	-1.004729010505	1.73080782063964	-4.65572075	2.09702675
wayu1241	0.4800201044805	1.16150769026332	-1.7015935	2.73072925
wayu1243	0.029010676777	1.73105544175143	-3.64217225	3.30091999999999
wels1247	-0.344500331509	1.83748521388334	-4.107965	3.025329
west2354	-0.452463963610885	1.85562323923983	-4.51037625	3.0336405
west2369	-0.31829562380005	1.77885029739608	-4.021341	3.04666575
west2396	-0.369155741735	1.66946825823454	-3.8748275	2.55692675
west2397	-0.62800993279	1.81009423323649	-4.5857775	2.69911675
west2415	1.158384492238	1.15076122299735	-0.907836475	3.52750525
west2418	-0.49282624531	1.41484697295212	-3.499164	2.1578475
west2430	-0.6935555800515	1.79626415270808	-4.4912135	2.63764825
west2441	-0.4622597165	1.78095576211212	-4.2138375	2.84989675
west2516	-0.689826167364	1.76495678144301	-4.3819865	2.59245975
west2519	-0.207368554011	1.78187552319733	-3.8609725	3.157119
west2557	-0.391795444035	1.99875159194583	-4.5632025	3.21531375
west2560	-0.457585747633	1.79128819640308	-4.126415	2.8912535
west2594	-0.8992743378135	1.71741141860242	-4.4961375	2.29472525
west2600	-0.71578681843	1.75841509839669	-4.365766	2.4678495
west2618	-0.5167500248	1.75250778858148	-4.1627255	2.68473275
west2632	-0.1812673907665	1.64939408582162	-3.63635275	2.9702625
west2635	-1.79842104127	1.64408522425351	-5.433997	0.993544599999998
west2644	-1.573696034935	1.67602093780191	-5.3974015	1.47739075
west2650	-0.465353343802	1.83875804425449	-4.24642475	2.98042625
west2763	-0.5100594331634	1.82117785949042	-4.1870835	2.74493525
whit1269	-0.7161964421436	1.70403874649112	-4.268167	2.39303075
wiru1244	1.9698994166265	1.36387369528964	-0.49321125	4.83402925
woii1237	-0.031946216475	1.73463481912923	-3.67907	3.21024124999999
wola1242	-0.678116466625	1.71427332723892	-4.384833	2.51054275
wola1253	-0.71384441178285	1.82223928897884	-4.5139885	2.660438
wole1240	-0.1872170136785	1.84134553536309	-4.128052	3.23711875
wood1236	-0.822738063071	1.66353112728294	-4.49578525	2.158799
wotu1240	-0.173892543875	1.84212616005824	-3.87462025	3.439861
wuch1236	-0.370591860105	1.7738295234616	-4.09053075	2.955051
wudi1238	-1.2156641483593	1.7290805793045	-4.7313485	1.84541874999999
wusa1235	-1.19488722483	1.74086614331756	-4.893329	1.89726375
wutu1241	0.0575160025555	1.62473404280141	-3.2247765	3.122961
wuvu1239	-0.2561160732355	1.94551987221038	-4.23380025	3.36542525
xamt1239	-0.49361378827	1.78263740079003	-4.329264	2.94614625
xara1244	-0.7985448075365	1.72332750024402	-4.41427475	2.39002
xhos1239	-0.2465227236344	1.91952303129743	-4.32104125	3.579862
xish1235	-1.386787522795	1.71795827324825	-4.98185025	1.75305025
yagu1244	-0.6531749941	1.6154931352412	-3.9859285	2.17777625
yaka1269	-0.344103796105	1.8106843708653	-4.08640475	2.9578275
yaka1277	-0.411135397762	1.82292457548905	-4.3569155	2.95563075
yakk1236	1.49698460876	1.26562365124026	-0.926708725	3.93018175
yaku1245	2.5802669338775	1.81954052642801	-0.7906394	6.2849375
yale1246	-0.735861594643	1.66002501885913	-4.141384	2.32036725
yami1254	-0.23965466546	1.88986745574883	-4.085264	3.430211
yami1256	0.7309282591405	1.5991396614025	-2.3907675	4.032373
yamp1242	0.59749372165	1.21190726897094	-1.7890775	2.92735625
yane1238	-1.359324561785	1.57494019309118	-4.60234175	1.43687675
yank1247	-0.59402668268	1.83350390940597	-4.446112	2.897931
yaoo1241	-0.27054156781	1.86144646266845	-3.914362	3.1618905
yapu1240	-0.196848856145	1.40904407048368	-3.01728925	2.53421025
yaqu1251	-0.377979171385	1.77244148521091	-4.08141425	2.92648075
yasa1242	-0.518857060694105	1.78823333940161	-4.3622705	2.87160475
yatz1235	-1.841081338765	1.65786075963186	-5.459995	1.109413
yaum1237	1.1766387110895	1.28673022177879	-1.340849	3.70905625
yawu1244	-0.63888234202	1.7191297416534	-4.45584975	2.846942
yele1255	2.137023328795	1.73606670729173	-0.95281015	5.67325874999999
yems1235	-0.818377599266	1.8101622578643	-4.587675	2.55622699999999
yind1247	-0.17071470485565	1.82759146011333	-4.0471585	3.32709749999999
yoga1237	2.2799478279375	1.41571279572635	-0.543013325	5.114255
yong1270	-0.215621305409	1.4571818488736	-3.14121975	2.553207
yong1280	-0.69375861647	1.69901892189054	-4.3408785	2.40678175
youl1235	-1.419793842876	1.73105767146304	-5.20421125	1.913153
youn1235	-0.750214758314	1.88672222114554	-4.70550875	2.64675625
yuca1254	-0.7181007924635	1.84085251566316	-4.7095085	2.57067775
yucu1253	0.4264439121235	1.44702960417669	-2.3685165	3.1699885
yuqu1240	-1.2653158359425	1.69534596582937	-5.00333225	1.6818295
yura1255	-1.236250587285	1.73014991250574	-4.93539675	1.8383385
zaba1237	0.19060198652	1.76913030049299	-3.41894025	3.78869775
zaca1241	-1.2470617937615	1.71611531758986	-4.9276495	1.831625
zaca1242	-1.49513301351	1.72110160402671	-5.303945	1.684395
zagh1240	-0.1444899265535	2.05526045131938	-4.31785425	3.86393875
zamb1245	-0.519911335179	1.82633704535646	-4.27248475	3.15206625
zarm1239	-0.2098862892696	1.90229410209147	-4.05385325	3.52183775
zaye1235	1.8964983275765	1.4675306512975	-0.7949279	4.95855925
zays1235	-0.600341362101	1.7076689795995	-4.217642	2.545629
zinz1238	-0.3980224516	1.76022753324721	-4.17479125	2.96859124999999
zoog1238	-1.846262912945	1.65026784323108	-5.377524	1.10342075
zulg1242	-0.10220626108175	1.40987031677546	-3.06915875	2.5290225
