Estimate	Est.Error	Q2.5	Q97.5
abar1238	-0.5772685703015	1.49683581999453	-3.878952	2.17178225
abee1242	-0.2662411085795	1.83099621967375	-4.19163425	3.25180624999999
abkh1244	-0.22820074364145	1.65296882015459	-3.812567	2.89958625
abun1252	-0.557284036111	1.69110738699271	-4.09619575	2.53390075
acha1249	-1.0287862862095	1.60641021594122	-4.4971575	1.77721325
acha1250	-0.821889154728	1.64050999362938	-4.30333725	2.1378455
achi1256	-1.2625083873495	1.65901182834789	-4.75450025	1.620376
achi1257	-0.3077930484455	1.81823815282916	-4.064884	3.13766075
achu1248	-0.459102434972	1.57673960797854	-3.8020145	2.46646275
acol1236	-0.4542184665635	1.84087454972912	-4.39015625	2.9501315
adan1251	-0.661059442235	1.73962137793347	-4.5160025	2.5563885
adon1237	-0.645029954045	1.67945818570788	-4.298702	2.54043475
adze1240	0.8154925140465	1.29284846278871	-1.7843295	3.3773535
afar1241	-0.3497842016105	1.77730745457665	-3.9369345	2.847087
aghe1239	-0.65488840302	1.51937590263445	-3.90367625	2.1301795
aghu1255	-0.426088769179	1.65836827761002	-3.86102575	2.599708
agob1244	1.67115430038	1.59609670555804	-1.2460735	4.98152075
agua1253	-0.381645363165	1.58364008354543	-3.49530525	2.6274205
agut1237	-0.46360580949	1.74138533379363	-4.232024	2.72890275
aheu1239	-0.58091848375	1.78467365060903	-4.47969575	2.624887
ahin1234	1.182054595458	1.28053000639052	-1.4316315	3.7081165
aime1238	-0.44124617406	1.57006990229138	-3.76201775	2.4709615
ajab1235	-0.4333610856535	1.68024239509216	-3.973536	2.89477
ajie1238	-0.79951688543	1.66795052918056	-4.25467575	2.38895575
ajyi1238	-0.521435077651	1.54262892511086	-3.7547515	2.4054565
akha1245	-1.526485524105	1.64536176555986	-5.276335	1.26689225
akoo1248	-0.846734727444	1.70535094190215	-4.38149575	2.39289825
alab1237	-0.734558696601	1.65594260247768	-4.190737	2.33374349999999
alab1254	-0.867028081618	1.59893707688258	-4.18974025	2.076861
alag1248	-0.72360746398	1.67676083012797	-4.23479875	2.439564
aleu1260	-0.857737167185	1.63543503395275	-4.431581	2.11911825
alor1247	-0.670224699215	1.70821669772425	-4.5465995	2.47238
aluk1238	-0.93703267894	1.70069562489567	-4.568293	2.28098425
alya1239	-0.57122838917	1.7346272366515	-4.10400425	2.6536955
amah1246	-0.2229696884385	1.4513422669378	-3.29604625	2.52200499999999
amar1274	-0.802522446305	1.66024718793776	-4.30534475	2.32178075
amdo1237	1.7919716152	1.54102990506974	-1.1697845	4.974627
amii1238	2.68749996385	1.53099992669521	-0.158740275	5.9253165
amis1246	0.0931700029865	1.63325309291404	-3.19898725	3.21881325
anei1239	-0.580905541135	1.7141181520225	-4.12863175	2.727444
anfi1235	-0.616091161258	1.79726847430753	-4.33634025	2.7014485
anga1288	0.98730835728	1.27383690227486	-1.43699975	3.743787
anta1255	-0.2376572995375	1.83702166621909	-3.92165775	3.312902
anuf1239	-0.62675190185	1.74218925289986	-4.13174525	2.58065825
anut1237	-0.2151629057125	1.83009354249606	-4.032173	3.3094735
anuu1241	0.326561633435	1.40684750085015	-2.4830085	2.93613125
aona1235	0.808155329825	1.27269432823591	-1.646631	3.37264625
aoua1234	-0.4927190624925	1.8211327290804	-4.156184	2.91014374999999
apat1240	0.040613244959	1.4581704154417	-2.9441545	2.84054675
apin1244	1.5582636355535	1.51441998867408	-1.29359625	4.710753
apma1240	-0.2524787283315	1.34701163548214	-2.961501	2.45016225
apur1254	0.29725972168895	1.47623703324617	-2.69514025	3.18023275
arak1252	-0.57644485214175	1.52975611148191	-3.808356	2.168474
arao1248	-0.1133190938485	1.38389360517864	-2.97155475	2.692817
arap1274	-0.46701528691	1.54661991350504	-3.700524	2.415142
arbo1245	-0.531968853217	1.59355051589006	-3.659198	2.363288
arch1244	-1.332753572275	1.7035244863888	-4.98688125	1.808607
area1240	-0.3492110971635	1.59401574218096	-3.62315675	2.6133985
aree1239	0.3257390459865	1.42427830194234	-2.701031	2.79668925
argo1244	-0.5113050962435	1.77092223480799	-4.06593425	2.782679
arhu1242	1.820282455015	1.59437573688587	-1.26457325	5.23882775
arig1246	-0.58925151419795	1.85614753457508	-4.45511775	2.92441625
arop1242	-0.5190612733235	1.59295624762309	-3.77745075	2.66156825
arop1243	0.925172203345	1.46792386767649	-1.84231925	3.81352075
aros1241	0.6585689814655	1.55113409055753	-2.39314775	3.7312395
arta1239	1.8013269405672	1.39788209327328	-0.821760175	4.49260575
ashe1272	-1.39669962181	1.6307419678915	-5.02530625	1.59795524999999
assi1247	1.422275520015	1.64160996001653	-1.64945325	4.88581
asur1254	-0.5242362766525	1.70663343743572	-4.136579	2.6523845
asut1235	-0.6502407032845	1.81681795205901	-4.3808975	2.73933924999999
atay1247	1.59537991151	1.46098147699348	-1.256759	4.55189125
athp1241	2.31778459044	1.1627952358731	0.241309925	4.7742265
aton1241	-0.87251439757	1.5820796559129	-4.39380275	1.8247435
auuu1241	-0.4030748167155	1.46096526405013	-3.433098	2.33115125
auye1238	-0.2516368443316	1.7191750609022	-3.934856	3.06707475
awad1243	-0.79110559699265	1.66308606059607	-4.32639325	2.25465975
awar1248	1.100902327259	1.28813114172381	-1.4265035	3.75570475
awar1249	2.13647293184	1.13613734629103	-0.147785425	4.43773225
awet1244	1.027513690625	1.42933703724505	-1.71393625	3.9072495
awji1241	-0.356800510574265	1.77623365097694	-4.1941965	2.88529425
axam1237	-0.0465156201935	1.25777526214754	-2.64099775	2.4128125
ayac1239	-1.08522386291	1.63761337390528	-4.45841725	1.88773775
ayiw1239	-0.4286935332425	1.71451472634318	-3.97881825	2.71571775
baba1264	-0.22500769112215	1.5096197304529	-3.29055225	2.5647775
baba1266	-0.487797373411	1.52455386180262	-3.682932	2.3963695
bafi1243	-0.46927995563175	1.64926992707265	-3.86891525	2.70055375
bafu1246	-0.60621049045	1.52633234537242	-3.819635	2.26415925
baga1272	-0.427620742355	1.78422684076858	-4.18806375	2.86674525
bagi1246	-0.6173003121125	1.6062536726252	-4.005446	2.3607485
bagv1239	-1.2684468256395	1.6463991810392	-4.89336925	1.65025525
baim1244	0.0181284297845	1.56056139594566	-3.1711655	2.92248625
bala1311	-0.3331188018675	1.82433391155491	-3.96487475	2.9815805
bala1315	-0.1865219439192	1.85510208362123	-4.018719	3.2969645
bala1316	-0.601215553115	1.70055531383162	-4.15764525	2.5427945
bali1278	-0.180970934632	1.75428554832646	-3.8655145	3.27051225
balu1257	-0.315912475312	1.6671740250681	-3.91669625	2.67817824999999
bamu1253	-0.17117609565	1.61852177293431	-3.539855	2.95391775
band1344	0.7302581739785	1.7140502793202	-2.62006575	4.0960735
bang1369	-0.061454134708	1.59909732249348	-3.4542755	3.06338274999999
bank1256	-0.821465854025	1.70295741503729	-4.33562575	2.31081574999999
bant1281	1.668303617985	0.998521213896616	-0.171116625	3.660277
bara1357	0.885794523733	1.20349337357532	-1.30253275	3.38764175
bara1380	0.52455594714	1.3021778383341	-2.16102525	2.98570075
bari1286	-0.596163075924	1.60527233690201	-4.0848585	2.31275125
baro1253	-1.02041524316585	1.72769162148454	-4.68380175	2.02192574999999
bash1264	-0.2215807020045	1.73461448434812	-3.58074325	3.09176525
basq1248	-0.248455823021	1.70685889535981	-3.79755125	2.92001875
bats1242	-0.999090105587	1.65783090197611	-4.3451365	2.03906975
bawm1236	2.61713204216	1.4168166887433	0.0536319075	5.63777725
bebe1248	-0.21993953471	1.76789675467733	-3.683285	3.23559225
beka1241	-0.31011272935	1.77217540040115	-4.08591075	2.94075324999999
bela1254	-0.4143682470935	1.76323581752401	-3.99587925	2.97206675
belh1239	2.173457513445	1.07761737057182	0.244218225	4.576256
beli1257	-0.24718090727	1.80487480013475	-3.99171075	3.2587
bell1243	-0.59201208085905	1.69342714637395	-3.9050895	2.56442325
bemb1257	2.6042535690109	1.72251365842645	-0.6045384	6.16664874999999
beng1282	-0.31144360546	1.88865819174846	-4.2223025	3.2812755
bent1238	3.8795718146	1.47831306837551	1.224371	7.0940555
bert1248	0.127059543704	1.66334244649319	-3.35267325	3.3135465
bezh1248	-1.2800039182065	1.73119858644957	-4.91830825	1.777462
bhoj1244	1.7652960851535	1.52814627274355	-1.1081895	4.91645
biaf1240	-0.361170024452	1.82050835839906	-4.09258575	3.1324535
bian1252	-0.3694619471805	1.40000066843255	-3.22002425	2.1680495
biao1254	-0.818119764981	1.74179088884502	-4.45269525	2.26503375
biao1256	-0.6615404585245	1.72520160284533	-4.18726625	2.5229735
bier1244	0.59654888866	1.31247496075097	-1.99198975	3.24873875
bign1238	-0.61416938763	1.35375992908975	-3.535558	1.88129025
biha1246	-0.5443515647735	1.75747058776794	-4.103066	2.74538025
bimi1240	-0.749830724102	1.4741566530051	-3.73368775	1.98982625
bini1246	-0.520765321085	1.86500490315104	-4.32933425	2.87658775
bira1253	-0.596023443861	1.63304902827576	-4.14484975	2.380393
bisu1244	-1.29316863680041	1.58391174203555	-4.86674925	1.59670125
biwa1243	1.900425482613	1.32540549861425	-0.536928125	4.661894
blan1242	-1.1749859385255	1.68894586908953	-4.7120185	2.0128245
bodo1267	-0.8806995709735	1.68236971652093	-4.35205125	2.2346325
bodo1269	-0.841501594943	1.60122206136749	-4.30672275	2.06223575
bola1250	-0.84050685238	1.69005525915758	-4.21388775	2.29365725
bona1250	-0.435052581915	1.46950630382203	-3.457389	2.2521595
bong1289	-0.298218233445	1.76124831314379	-4.006935	3.107353
bora1263	1.0754675704105	1.43863439706232	-1.61904425	4.25024425
bord1248	1.1872371762	1.4062875898698	-1.59769125	4.00956475
boro1277	0.664811004985	1.49419618363448	-2.295752	3.6095145
boro1282	-0.6498347380775	1.64120030882005	-4.0731915	2.4427365
boto1242	-0.0625259934295	1.64417545803249	-3.48299175	3.168326
boun1243	-0.36277185833	1.87345327763507	-4.387738	3.26104575
boun1245	1.45968716168	1.23508672206382	-0.930079	3.8845815
bret1244	-0.326383494925	1.79187402351252	-4.1073265	3.02398649999999
brib1243	2.291479277044	1.55175421484491	-0.42992525	5.6034445
bube1242	-0.633133837825	1.81311152572059	-4.4025915	2.71638425
budu1248	-0.9851681333698	1.69286901054218	-4.55115075	2.03320274999999
budz1238	-0.040365037133	1.77090187739593	-3.69031425	3.33856375
buga1247	-0.8102575451	1.6967132676796	-4.35537975	2.42103675
buga1250	-0.1406651048965	1.44275747583392	-3.005908	2.649613
bugh1239	0.0685993751963	1.51174237159035	-2.86403	3.0938595
bugi1244	-0.1832315192965	1.8189538377509	-4.0542245	3.1482515
bugl1243	2.021246442945	1.58048687302784	-0.85890525	5.3745175
bujh1238	0.906118872435	1.20432507577731	-1.48800325	3.280554
bull1247	-0.44996754115	1.88723549190538	-4.4479685	3.14691575
bulo1242	-0.60772226712	1.75819538477811	-4.18250025	2.69586925
bulu1251	-0.5404096765485	1.7925079843072	-4.32320175	2.81702699999999
bura1292	-0.8693216436245	1.6204577765365	-4.374624	2.09256775
bure1242	-1.0795767863415	1.68231312885839	-4.70482975	1.9176615
burj1242	1.849285927265	1.67011336768434	-1.23929825	5.30311925
burm1264	-1.135275598075	1.70767131306441	-4.83831125	1.91939775
buru1296	2.06592331273	1.64446234549932	-0.889513925	5.453018
buru1320	-0.67666076316	1.73324029925391	-4.1730745	2.49047825
busa1253	-0.6310610930285	1.78516786809121	-4.41119025	2.57954574999999
bush1247	-0.19912150224	1.8677396504976	-4.19261225	3.37260925
buwa1243	0.217354068985	1.34069996853897	-2.46152375	2.8231935
bwat1240	-0.7366348712705	1.66543740696179	-4.29890125	2.28023675
byan1241	-1.10887467125	1.62906413633553	-4.541953	1.835456
caac1237	-0.6214870387275	1.67689193514751	-4.0652955	2.48664675
cahu1264	-0.75661178596	1.71737590972471	-4.3153445	2.51591075
cakf1236	-1.0797720552725	1.69215229853761	-4.671562	2.09443425
caml1239	0.797905609169	1.00228225893898	-1.1477975	2.8005325
camp1261	-0.00183306308	1.76660355083935	-3.7631665	3.38955275
cane1242	1.55453614406	1.60554195856352	-1.3922685	4.98053474999999
caom1238	-0.82198610615	1.79645320317861	-4.7438185	2.4389625
capa1241	0.154152005635	1.38749670391661	-2.627085	2.76799774999999
carn1240	-0.405097677855	1.88483215917485	-4.575594	2.98133725
caro1242	-0.19173554654	1.8034359943828	-3.761977	3.2852745
cash1251	1.34788910531	1.48670428816596	-1.395507	4.44737325
cavi1250	0.7149275095455	1.49886358609431	-2.19944825	3.69779
cemu1238	-0.724223183395	1.68928293011344	-4.3583845	2.4519695
cent1989	-0.533521248105	1.76274266649752	-4.18737975	2.75724549999999
cent1990	-0.3729662914115	1.80821154228596	-4.1220525	3.0513175
cent1992	-0.64097456826	1.74579039166514	-4.34354675	2.51305125
cent2004	-1.4423980844	1.62545073030165	-4.832072	1.54021425
cent2050	-0.499257317844	1.63712191947882	-3.825332	2.61890325
cent2090	-0.406675570015	1.76780494908361	-3.932798	2.950887
cent2127	-0.892017378285	1.65294775591863	-4.49431625	2.05344075
cent2131	-1.252328925065	1.63990866370405	-4.8715245	1.704266
cent2142	-0.284409860148	1.58252808869662	-3.598118	2.42711875
cent2150	-0.750829090997	1.60125438954676	-4.08356825	2.13464225
cent2314	-0.561668570107	1.74827808601695	-4.33720575	2.60190925
cent2322	-0.344865822315	1.78930646977808	-4.12375225	3.0893935
chac1251	-0.1324298079205	1.41089891032321	-3.02577225	2.59938375
chad1249	2.3097421893	1.65781916948817	-0.7320379	5.8669375
chak1270	0.295709897135	1.430053395649	-2.507589	3.002146
cham1309	-1.19872625368	1.63150879414961	-4.857757	1.7382
cham1312	-0.1929548487745	1.72459876468686	-3.68385975	3.03836075
chas1234	-1.4346373879895	1.63176263220478	-5.00029175	1.451418
chec1245	-0.380022981291	1.69680234372425	-4.0228995	2.88155525
chek1238	0.15163742546425	1.51960698177717	-2.894997	3.1454785
chen1255	-0.47199464992015	1.76883345355031	-4.070634	3.06728899999999
chep1245	0.83286443546	1.17387036470892	-1.416636	3.1251275
cher1273	-0.822549415735	1.72251635029119	-4.502954	2.35792125
chhi1245	2.209848637345	1.08112391246456	0.2702825	4.634133
chic1270	1.8627113959	1.66173546118893	-1.17623375	5.4513945
chil1280	-1.0863565232725	1.5965999772686	-4.60066675	1.76637524999999
chim1302	-0.32866502166	1.53324548850436	-3.63420075	2.4921215
chip1241	-0.8014208948665	1.57146551778017	-4.1229755	2.048439
chip1261	1.36033199483	1.60161391020549	-1.50017575	4.815714
chiq1248	-0.603313601875	1.62738853651334	-4.40566025	2.36075775
chir1283	0.426651990109	1.16660468104245	-2.00328125	2.70495525
choc1276	2.135487830035	1.69222720264633	-0.79435525	5.74650949999999
chon1284	-0.576459115035	1.72850210435719	-4.22732025	2.60278975
chot1239	2.4781320407425	1.31016059698416	0.119799725	5.28026025
chra1242	-0.453520216864	1.74620243826351	-3.982182	3.03165099999999
chuj1250	-1.47394565607	1.55328274344235	-4.73705775	1.2210355
chuk1273	-0.3645472071735	1.70913952078706	-3.9157885	2.69624725
chuv1255	-0.285267716975	1.80263111287394	-4.11892375	3.00326625
chuw1238	-0.26174347095	1.78217957177911	-4.04138375	3.019945
cici1237	-0.42866357014	1.80232698086464	-4.15323125	2.928411
coat1243	-1.68360748998	1.57108841123172	-4.98093775	1.1590595
coca1259	-1.2454976099335	1.65753500111957	-4.84048225	1.725955
cofa1242	2.019873046945	1.65364156523033	-0.954659725	5.33977474999999
colu1241	-0.780397031275	1.60039688730671	-4.16391525	2.168329
coma1245	-0.3724727253355	1.7028516086959	-4.02606325	2.7363105
como1259	-0.52739013331965	1.62910187662666	-3.867285	2.56719025
cori1240	-0.757571757605	1.74058709540198	-4.36773275	2.49589475
cors1241	2.24219594341	1.68797879192109	-0.860534275	5.8408595
cosa1234	-1.477310892375	1.74210132136087	-5.20329425	1.60592975
cree1270	1.973515459325	1.63420128870878	-0.962698425	5.58567175
crim1257	-0.283000781085	1.8647070151344	-4.347271	3.36614825
cros1244	-0.8152690614525	1.78812614671431	-4.3984615	2.560006
crow1244	1.2744652561065	1.58875338579925	-1.51977275	4.3771025
cube1242	1.050060506548	1.41136786635285	-1.60006875	4.03094075
culi1244	-0.384127457283	1.60265991210714	-3.89873725	2.61267525
cypr1248	-0.306683881905	1.73389661009002	-3.86038775	2.96099799999999
czec1258	-0.408734715615	1.74440564211427	-4.28278225	2.80068524999999
daai1236	-0.628815433299	1.48575091776954	-3.88802225	2.149128
daas1238	-0.621467235845	1.70833782451294	-4.25445725	2.5602495
dagb1246	-0.6877007233	1.8144245725696	-4.31590925	2.68646075
dagi1241	-0.4149651258465	1.80831884720408	-4.351161	3.01324424999999
daka1243	0.023848518968	1.25865413918063	-2.3802415	2.53002675
damp1237	-0.369154222261	1.74051654940206	-3.96253025	2.9423465
dana1252	1.91851596442	1.43520704836465	-0.824100425	4.78453175
dani1285	-0.537422911585	1.72289616961339	-4.21040725	2.51731975
dara1250	0.435176265676	1.28931642504502	-2.1243955	2.9475855
darg1241	-1.21511293285	1.73482582896094	-5.07196825	1.91322375
darm1243	-1.1001311645575	1.62241276854909	-4.64431475	1.838202
daur1238	-0.5557788831915	1.7191273420759	-4.197601	2.71103675
dawr1236	-0.9682043500695	1.67102519738061	-4.54181775	2.10009124999999
daww1239	0.1463349040475	1.61725076200045	-3.13466475	3.2009145
daza1242	0.186050654315	1.89784670381081	-3.51526575	3.83076975
defa1248	-0.8148389709795	1.68467776358525	-4.43260675	2.2845985
dege1246	-0.657156757646	1.74559434276971	-4.24540725	2.5969305
dehu1237	-0.6744424676	1.82964717628789	-4.3510935	2.6965685
dera1248	-0.965126805149	1.58985317755127	-4.348272	1.89356
desa1247	0.41264648296	1.16125138506063	-1.9467845	2.6747505
dhao1237	-0.4468379063845	1.88482708353233	-4.43522225	3.08333275
dhar1247	-0.289957236005	1.72766633068388	-3.8581415	2.8938615
dhim1246	0.7628026119145	1.34858290027922	-1.94257675	3.39967725
dibo1245	-0.360793084065	1.8104924739627	-4.12958375	2.994738
dido1241	-1.203171035265	1.65509920690863	-4.90175125	1.6887445
dier1241	-0.342478357506	1.79898026526088	-4.10255675	2.9687755
diga1241	-0.02618362358	1.46850130565364	-3.01927425	2.60348675
digo1243	-0.493591298777	1.84501303506461	-4.26509325	3.00502775
dima1251	0.3422555019345	1.30514212491996	-2.282636	2.873922
diri1252	-0.167191628967	1.82871638498354	-4.022632	3.20605925
djee1236	1.4369374766555	1.40845832813432	-1.20736	4.2990635
djin1251	-0.4178831053055	1.75001809748293	-4.07364625	2.78901925
djin1253	0.2568944111515	1.5156168153683	-2.73784425	3.22771775
domm1246	3.18485660735	1.48295241102885	0.49072305	6.35584049999999
dong1285	-0.680830133885	1.6654601779451	-4.23077725	2.382336
doro1266	0.659294161543	1.37475614275056	-2.22948075	3.363529
drun1238	-0.6208352588525	1.64314184396333	-4.017061	2.49933025
dumb1241	-0.62408116652885	1.75914936637427	-4.31786975	2.605605
dupa1235	1.112435718205	1.59196047489282	-2.03736875	4.2788825
dusn1237	1.808161137935	1.57461949316795	-1.114411	5.0063385
dutc1256	-0.4810498401535	1.90533922103433	-4.3836	2.98024625
dyir1250	1.685995226325	1.62823916670891	-1.24753	5.09312025
dzao1238	-0.7440099131335	1.64067976053554	-4.21364025	2.1813395
dzon1239	0.2251484789645	1.45721978642446	-2.69673025	2.99714
east2328	-0.4715911453005	1.69590324728768	-3.91889075	2.65956675
east2332	-0.68700535556	1.74598908695057	-4.30828375	2.47885699999999
east2342	0.327395562765	1.52877346619133	-2.737672	3.26882775
east2379	-0.529455604757	1.80569300537027	-4.25097975	2.7184545
east2443	-0.28226360545	1.48761129881635	-3.38472	2.631804
east2447	-0.243853374686	1.72383333078688	-3.613843	3.08514925
east2516	1.05438714876	1.29502416847365	-1.39091375	3.57077425
east2555	-0.74266237417	1.64449013771023	-4.33023325	2.3362055
east2773	0.396171800434	1.14751680557808	-1.920927	2.634556
east2782	-0.338843185741	1.88581984511598	-4.07774075	3.29432175
egyp1253	-0.34711406026	1.8406754492229	-4.170252	3.12998075
eipo1242	-1.053107496342	1.65843127361906	-4.3797995	1.9938795
elem1253	-0.7819555174155	1.71302157777039	-4.36587675	2.360526
emai1241	-0.59243013624	1.84552158087339	-4.349821	2.900749
embe1260	1.55024067286255	1.45728291262541	-1.224313	4.681943
embe1262	-0.26201163267515	1.53651062421304	-3.42639625	2.53582049999999
enuu1235	-1.3348191677863	1.63440429640835	-4.881781	1.612302
epen1239	1.3599667942225	1.51948129712534	-1.44787425	4.4655915
ersu1241	-0.4043465860565	1.67863303693428	-3.91501125	2.82058325
erzy1239	0.0134129101045	1.74012853245694	-3.57175	3.37053974999999
esee1248	0.6821899837995	1.39280631284462	-1.94015925	3.6442095
esto1258	-0.645804651842	1.7595900616933	-4.53778225	2.57077025
even1259	2.157156498095	1.78338841991418	-1.16482875	6.06932849999999
fala1243	0.66971994365	1.47768649086485	-2.325997	3.57194525
fare1241	-0.475869158906	1.76063791072348	-4.121555	2.714469
faro1244	-0.3127373846	1.75261302121243	-3.85127775	3.046365
fefe1239	-0.714567504725	1.66894110850629	-4.09233075	2.426443
fiji1243	-0.26307125942	1.76081630778562	-3.947047	3.027608
fina1242	1.6567137300895	1.34254322732618	-0.817827075	4.363173
finn1318	-0.457814445684	1.78764462461397	-4.10655375	2.77733675
fonn1241	-0.429517247659	1.69140480294848	-3.9136105	2.91669325
fore1265	-0.293166468294	1.74090152116077	-3.852187	2.78754875
fran1266	-1.260649648625	1.72527572835987	-4.82701775	1.97286375
fuln1247	-0.8276795303395	1.66921515402926	-4.214805	2.27159375
furr1244	-0.2480212520055	1.80178945480671	-4.05688275	3.18027175
furu1242	0.327840620807	1.73477893574522	-3.10061075	3.75705575
futu1245	-0.5366234859605	1.78041556899085	-4.34599275	2.6935375
fuyu1242	0.441548734695	1.40475223214091	-2.360516	3.027096
gaaa1244	-0.3623678648145	1.80004291291382	-4.1885525	2.9783175
gaan1243	-0.69070965095	1.56553529181962	-4.0488995	2.10783499999999
gade1242	-0.634617804065	1.80236935427089	-4.26403525	2.71458375
gaga1249	-0.297952922864	1.75780113077742	-3.8064325	3.011967
gahr1239	-0.44114074853735	1.64297737208108	-3.71859175	2.468794
gali1258	-0.39578401219	1.78472833954077	-4.02871275	2.93731425
gami1243	-0.269349148055	1.70508248070687	-3.734204	2.9605305
gamo1243	-0.8885208752505	1.59859106307145	-4.25732425	2.10228575
gang1266	2.335733223885	1.25999900330888	0.08136865	4.950399
gant1244	3.251950575335	1.35038263210905	0.738375	6.05609675
gapa1238	0.199950061515	1.44862508083682	-2.84215325	2.86594775
garo1247	-0.78467093179885	1.58208395217258	-4.13457725	2.05701575
gata1239	-0.902543030525	1.64731247036478	-4.423698	2.1863015
gayo1244	-0.34894986004435	1.88195248799815	-4.27691825	3.118286
geda1237	3.0369040628	1.31204688116268	0.605777075	5.739117
gela1263	-0.21418737596	1.46417087820807	-3.20525225	2.5502345
ghad1239	-0.3303137388545	1.76773782630365	-3.9763355	3.03881825
ghan1242	-0.325561234265	1.68042740841896	-3.902439	2.851334
ghar1239	0.143070589612	1.5429298559813	-2.974278	3.031614
gheg1238	-0.530410650585	1.72155488755347	-4.154129	2.80751475
ghod1238	-1.122353021245	1.66984840053725	-4.73634575	1.78701225
ghom1257	-0.27648847093	1.7425021755896	-4.019278	3.03579875
gilb1244	-0.2726500229185	1.76309274885914	-3.90345125	3.119546
glav1244	-0.3743991652655	1.3895650861764	-3.20805075	2.2102115
gofa1235	-0.9510616319735	1.63207237386347	-4.388778	2.133006
gola1255	-0.2315285677155	1.87272178246018	-4.28146625	3.383168
guah1255	-1.09298491734	1.61802899505847	-4.55239175	1.81154025
guan1266	2.4269758945	1.4079321353867	-0.019295585	5.41697825
guan1269	0.291527874471	1.23324269729869	-2.15548375	2.733426
gube1234	-0.3659291168634	1.81541935851398	-4.01155825	3.134563
gude1246	0.025608334845	1.43008527328659	-2.9367255	2.69735375
guer1243	-1.42222408268	1.59984334718368	-4.65818675	1.60893425
guiq1238	0.450187414595	1.43602351578414	-2.50145025	3.2299825
gulf1241	-0.394595028595	1.74010337086698	-4.07357375	2.815552
guma1254	1.610860421845	1.51628219002477	-1.2810095	4.71252775
gumu1244	1.673882891305	1.6201385101949	-1.48991475	5.17840799999999
gunw1252	2.358735422655	1.51301483570902	-0.4116081	5.481342
guny1241	-0.53379374661	1.72126763627585	-4.106783	2.783439
gura1251	-0.5175865408675	1.70008580173942	-4.15340925	2.58653475
guru1261	0.305166509485	1.07688924329967	-1.76719	2.39387575
guru1271	-1.175482465375	1.61114619717816	-4.5479595	1.764294
gusi1247	-0.634202877475	1.71664958616579	-4.2542785	2.4666705
gyel1242	-0.554302870057	1.8425101849075	-4.459772	2.89344025
haaa1252	-0.0783642534081	1.89953938041409	-4.24591625	3.551224
hadi1240	-0.9693421052503	1.58443502449671	-4.3123505	1.92975225
hadz1240	-0.6222015152895	1.79333884428946	-4.28396375	2.67153225
haka1240	2.7234240354045	1.44208794651758	0.122739425	5.88956175
hakk1236	-0.5622264803475	1.71965205864803	-4.4358155	2.57103425
halh1238	-0.425445531781	1.76439707572598	-4.252421	2.79013525
hali1244	-0.781116207193	1.72698178932131	-4.40853825	2.49808475
halk1245	1.1994875844365	1.50101047490528	-1.65210575	4.222857
hang1263	0.63439209760005	1.35349980432896	-1.907231	3.34752975
hani1248	-1.1331085034135	1.69481542307521	-4.57677375	1.9435505
hano1246	-0.291033174345	1.45288505211397	-3.3064745	2.43952975
haru1245	2.515949548415	1.25678447466454	0.162559175	5.15959325
hava1248	-0.640823887555	1.70201156416986	-4.2756675	2.6244985
hawa1245	-0.2008773159545	1.72160377839881	-3.6820565	3.0272185
hebr1245	-0.3354735638825	1.80481150759827	-4.198091	3.141228
hehe1240	0.01357060397475	1.71462231078499	-3.518747	3.46194575
hela1238	1.174101145745	1.18950584103493	-1.075669	3.47344975
here1253	-0.22340483011	1.77485657136637	-3.8183725	3.09935775
hida1246	1.398099089873	1.5637594714404	-1.437644	4.735778
high1243	-1.1690391208495	1.66603497364721	-4.75127975	1.83818525
high1276	-1.4862044256665	1.54335592403346	-4.85586125	1.19846975
hind1269	2.083616743815	1.62112095474409	-0.83712965	5.483967
hoaa1235	-0.40468838551	1.74822155048421	-4.0321755	2.89180025
hoav1238	-0.15419378004	1.59861327487968	-3.524334	2.68230124999999
holo1240	2.60410488804	1.78886794774918	-0.757757375	6.124617
hone1235	-1.077761771207	1.64815076303098	-4.44362775	2.03001775
hooo1248	0.6998488523885	1.59380525631505	-2.489163	3.737483
hopi1249	0.079083598115	1.62746873392205	-3.26717175	3.1799525
horp1239	1.219878829245	1.34180974964737	-1.3410035	3.9960785
huaa1248	-0.2645435905885	1.77416336662443	-3.864927	3.1754205
hual1241	-0.41264993876	1.5256638609843	-3.65721	2.4452995
huam1247	0.90687606681	1.51498746051097	-1.9603485	3.9867085
huar1255	-1.27108677789355	1.64624343920117	-4.68617475	1.667295
huas1242	-1.022685638258	1.68620661745405	-4.70840825	1.9999825
huba1236	-0.3083653417125	1.46027653804198	-3.29326075	2.43135275
hula1244	-0.30502028343685	1.8081339510179	-4.20566925	2.9466685
humb1243	1.021241522954	1.58858605806158	-2.24877925	4.27681725
hung1274	2.275194469375	1.61366777761935	-0.671771625	5.61726025
iaai1238	-0.71611362589	1.80997754385159	-4.46456275	2.574779
iatm1242	1.000204934525	1.38465735927436	-1.68473225	3.6829935
ibal1244	1.049496719046	1.30206470309987	-1.61408625	3.56511175
iban1264	-0.3363382196395	1.83073389172376	-4.166992	3.08586425
ibat1238	0.01505930177	1.7960707926728	-3.76944025	3.41322325
idom1241	-0.72879677387	1.85584781847322	-4.67837825	2.75393625
idum1241	2.70534821765485	1.57224136193164	-0.067125905	6.3515135
idun1242	0.768214018773	1.40416678894277	-2.07742225	3.511883
ikkk1242	-0.40764041439265	1.8517780030429	-4.09278475	3.2132935
ilaa1246	-0.177975180075	1.90681782330599	-3.971468	3.54853175
iliu1237	-0.532069568913	1.80356937651515	-4.40648375	2.72176775
ilon1239	1.7263772497255	1.36498564166332	-0.868979625	4.37980125
imba1240	1.826718596277	1.61658863291583	-1.134901	5.20074524999999
ingr1248	-0.64153049929	1.74699019664483	-4.3942015	2.3934605
ingu1240	-0.273659107751	1.64233579601905	-3.65791275	2.91686349999999
iqui1243	-0.9369165308525	1.66176113251057	-4.554334	2.05523325
irar1238	0.78682710248	1.51052803346287	-2.177104	3.76141525
iris1253	-0.381459430106	1.85936278705258	-4.257717	3.1033765
irul1243	-0.527759166445	1.77265502468046	-4.06917925	2.80085025
isco1239	2.070462700535	1.5389811418758	-0.632291875	5.41979775
isir1237	-1.0680802786665	1.65018437826518	-4.8321425	1.77809075
isna1241	0.332932156315	1.68987860444847	-3.03928775	3.48436575
isth1240	-1.524930598685	1.56186638190692	-4.95855625	1.2883515
isth1241	-1.4184483856825	1.57464027800335	-4.81573325	1.4997855
ital1282	-0.1265358444	1.75407448227081	-3.84657975	3.16994525
iton1250	-0.808462522761155	1.63915546845303	-4.44090725	2.03999025
itza1241	-0.9739107516175	1.78841629143775	-4.72233675	2.305839
iumi1238	-1.398945922562	1.72249882798358	-5.016618	1.7659805
ivat1242	-0.2554755893575	1.84231142668061	-4.1489685	3.10890975
iwal1237	-0.417899734753	1.43464139177494	-3.4037455	2.1608875
iwam1256	-0.460352505532	1.46135406976859	-3.29828975	2.30178575
jahh1242	-0.589189483585	1.6921156805121	-4.1669105	2.2759665
jalk1242	1.4991831842285	1.57394242910536	-1.32351125	4.7236595
jama1261	1.165937945788	1.51320608861177	-1.64101425	4.32784924999999
jamb1236	-0.21731012338	1.81207562902665	-3.9163775	3.260366
jams1239	3.92414847685	1.4317508012886	1.3650315	7.04388949999999
japh1234	2.67689151014	1.45249230631564	0.0910169	5.7592305
jaqa1244	-1.238354593645	1.7060719848011	-5.012026	1.7312485
jede1239	-0.597939902303	1.71748054370713	-4.0696445	2.559589
jeha1242	-0.6102917951634	1.72538241559587	-4.15148525	2.51862275
jehh1245	-0.7331654028095	1.77117743287942	-4.4389035	2.40111449999999
jina1244	-0.6409718966755	1.56381019132271	-3.9345345	2.25361899999999
jita1239	-0.4891916490581	1.81959064374256	-4.17118025	3.012446
juku1254	-0.5502793380995	1.57046100829254	-3.9878925	2.374674
jurm1239	-0.299451598433	1.78111700631423	-4.0562505	3.08529575
kaba1278	1.43140761655	1.61347389320245	-1.515563	4.68796399999999
kaba1281	-0.3898394906995	1.83080906425159	-4.2734635	3.02862475
kach1280	-0.9925551814445	1.68549578348963	-4.702041	1.966464
kach1284	-0.6610080032847	1.61664918327938	-4.0775905	2.35960024999999
kado1242	-1.411567980749	1.63596088398055	-4.85720425	1.5965515
kafa1242	-0.84236789368265	1.77032867728314	-4.5270085	2.54796
kaga1256	-0.46784706354	1.7276162642598	-3.9777975	2.73844725
kaik1246	-1.0375168581855	1.55866097918493	-4.23689025	1.8893405
kaki1249	0.006665516954	1.40041144680382	-2.8752985	2.7199685
kala1384	-0.143974186005	1.82040071996299	-3.88796725	3.35539125
kala1399	-0.52073679853	1.82784006424792	-4.453356	2.8285375
kamb1297	-0.459736551925	1.80739691314863	-4.28736925	2.92317
kamb1299	-0.44465897289	1.83581765553893	-4.209719	3.08430275
kamm1249	-0.63463882536	1.65779297340504	-4.149587	2.386058
kamu1260	-0.316251235643	1.62610430421323	-3.793453	2.699454
kana1286	0.089379455047	1.60220671715602	-3.4033385	3.110069
kana1291	1.825279608815	1.65116869386469	-1.199344	5.390086
kank1243	1.24004643438	1.35393459745562	-1.39619175	3.88547625
kaqc1270	-1.3758254244195	1.58840085214404	-4.74058325	1.45808925
kara1476	-0.693959001705	1.6902228120637	-4.34888725	2.237765
kara1486	-0.881600887156	1.76413687756496	-4.6817145	2.43755574999999
kara1487	1.559716645835	1.23954639293273	-0.8296342	3.97787825
kara1500	1.869976489466	1.65767246044036	-1.1113295	5.3848135
karb1241	0.0335274411945	1.33455415215247	-2.6040195	2.60730075
kare1335	-0.4451161439935	1.82234803717602	-4.52214225	2.87054775
kare1338	-0.326182279147	1.91505617208614	-4.53164375	3.315535
kari1311	1.308622464275	1.58245130361326	-1.63389025	4.52813925
karn1252	-0.2077876644575	1.47805851028794	-3.278186	2.43847525
kash1277	0.375563664155	1.55977263737377	-2.77893325	3.39776525
katb1237	-0.4417333875195	1.27229978113791	-2.970607	2.05110825
kats1235	-1.246682339733	1.67866036506362	-4.82687325	1.771567
kava1241	1.40973904085	1.52283772181876	-1.49406625	4.48033425
kaya1315	1.761077682475	1.44829697848422	-1.00325825	4.6453635
keda1252	-0.6369733573645	1.69011854364895	-4.2481835	2.580553
keig1242	-0.422375712881	1.81940719073781	-4.22191725	3.1122465
kele1258	-0.382256919382	1.67225699207241	-4.03986425	2.66657949999999
kele1259	1.805993723261	1.24904656956554	-0.459366575	4.30360425
kemb1249	-0.3700028367	1.79813229092262	-4.10796075	3.01884475
keme1240	-0.27309470629	1.49323616992405	-3.3168975	2.51120625
kens1248	-0.574165417065	1.82417167677602	-4.39905475	2.720383
kenu1236	-0.33414192053	1.79836303350018	-3.899286	3.01174
keoo1238	-0.5158590779175	1.80535289069732	-4.268002	2.88057725
kera1255	-0.5518768601455	1.71920920534255	-4.112379	2.6871035
kesa1244	3.12712154423	1.38314074098653	0.679562325	6.0268155
kett1243	-0.4299342781555	1.68072164472705	-3.8262145	2.792874
kgal1244	-0.3340024053	1.80086712751678	-3.96291375	2.97677875
khak1248	-0.58212126734	1.72742857128991	-4.219397	2.52467425
khal1275	1.14340624131	1.03799829006132	-0.85173255	3.28466675
kham1282	2.049060004515	1.67364000671957	-0.98426855	5.64161074999999
khan1278	-0.82464571693	1.6820901085307	-4.41235125	2.20901425
khar1287	0.153709010952	1.71339633285913	-3.48569525	3.319749
khas1269	-0.5389980668135	1.58290127949048	-3.833551	2.480136
khez1235	0.52880024551	1.12725725405057	-1.72057825	2.78395525
khin1240	-1.063940567347	1.67325091292641	-4.686698	2.02442675
khmu1256	-1.055716947245	1.76463884288128	-4.93271925	2.212645
khva1239	-1.264947020535	1.67180669248929	-5.00725525	1.68406825
kich1262	-1.396037552802	1.56578969813626	-4.73284225	1.37883825
kiku1240	-0.37476923559	1.81108479529229	-4.0587835	3.059391
kile1243	1.85607221942	1.68803260291345	-1.267082	5.31603375
kimm1245	-0.83590817193	1.6345018361639	-4.42771675	2.16157474999999
kina1250	-0.348576984085	1.7386100593897	-4.00054575	2.78175274999999
kinn1249	-0.593512542475	1.61643912847847	-3.94943675	2.4495735
kiow1266	1.665294647175	1.61016019547181	-1.2380155	5.31214525
kips1239	-0.6054976423275	1.77910405466956	-4.1833885	2.7263735
koda1255	-0.906545543025	1.65165010481388	-4.23434625	2.364349
koit1244	1.25431926711	1.32197158858742	-1.362548	3.899959
koko1269	0.352070683844	1.53425618605407	-2.63503675	3.34095925
kolb1240	-0.312454481165	1.78639497429835	-4.1120295	3.0860065
kolc1235	-0.49431823273	1.71993981927778	-4.14240975	2.72651775
kolu1245	1.08457424744	1.42427447165223	-1.78481925	3.92622625
komb1274	-0.8484887816775	1.72415398797616	-4.4124625	2.28303625
komc1235	-0.442136717571	1.483743879756	-3.4732445	2.24988175
komi1268	-0.2971952006785	1.68602846671158	-3.9354565	2.859863
komi1270	1.103392570435	1.21789704427541	-1.262304	3.451177
komo1260	-0.256972316425	1.82575217132426	-4.1747495	3.16472325
kona1242	-0.7884073892185	1.50558147434631	-3.92578025	1.91709625
konk1267	-0.44727521679	1.64203805613179	-3.9731185	2.6065015
kony1248	-0.1120229553955	1.33396093629958	-2.71395225	2.35277375
konz1239	0.913282773575	1.64557444301785	-2.3799715	4.3328765
koon1245	-0.370101897259	1.7764895478189	-3.88800725	2.991004
koor1239	-0.287705634798	1.6397693248953	-3.52028075	2.85710374999999
kore1280	2.08017939264	1.63781916650299	-1.048584	5.55058124999999
kore1283	-0.213407436455	1.57840393358271	-3.46642975	2.683646
kork1243	2.67307564815	1.68921968492661	-0.1684421	6.45509675
koro1298	2.221467071122	1.34229079874158	-0.22420855	4.94731624999999
korr1238	-0.82418602959	1.62366792671846	-4.2468095	2.05354149999999
kosa1249	-1.087586334056	1.73250709427489	-4.75793	2.1050825
kota1263	-0.917506151304	1.69894888108172	-4.42348525	2.29818525
koti1238	-0.23764899097	1.79998670988907	-4.07054075	3.10754899999999
kova1243	-0.1495957341025	1.46690203405815	-3.06074625	2.557662
kove1237	-0.78306004753	1.65918600058603	-4.3159465	2.324227
koyr1240	0.796172731895	1.64378358344726	-2.419827	3.97879
koyr1242	-0.093340584985	1.84644823399925	-4.01131725	3.38942575
koys1242	-0.491368349733	1.65863281019378	-3.87457425	2.74558225
kryt1240	-1.0205596832265	1.67401905528887	-4.57098825	2.08210075
kuan1248	-1.065737483385	1.74539699119004	-4.9948565	2.01233425
kuku1280	2.22466301473255	1.62898130450785	-0.756385175	5.5982875
kulu1253	1.62863409305	1.07901763080036	-0.404247	3.91223174999999
kuma1276	-0.605816704063	1.69788611336188	-4.1704065	2.4905845
kumb1268	-0.5768114944385	1.70298947757225	-4.30172325	2.56713525
kumz1235	2.226934768615	1.71675226862067	-0.887328775	5.9326505
kuna1268	-0.3151157650985	1.82026516189579	-4.10191825	3.2707945
kunb1251	2.052197525045	1.42375838411727	-0.6532035	4.9973455
kuni1267	0.07276573422	1.35879982290219	-2.74966375	2.59427275
kunj1245	0.0937884293125	1.68751956567138	-3.44121825	3.31207625
kuot1243	-0.97890723827	1.70771786874025	-4.74716825	2.00851525
kusa1251	-0.2537081292915	1.58027605546016	-3.574231	2.63476425
kusu1250	-1.10990660705	1.61283851873978	-4.5522885	1.76190425
kute1248	-0.641114199945	1.59037231369319	-4.0599755	2.22133675
kuyy1240	-0.723942589488	1.83423156213689	-4.4986025	2.837569
kwai1243	-0.456810215775	1.58610899469225	-3.89792975	2.381892
kwam1252	-0.721994802014	1.65726879746987	-4.295784	2.270975
kwar1239	-0.4676423735835	1.54514083386201	-3.65733975	2.4094915
kweg1241	-0.8189081231385	1.73167238565173	-4.4540635	2.3912695
kwin1241	-0.2666799236685	1.73366821366813	-3.9078705	3.02819525
kwom1262	0.719653617563	1.35155613915447	-1.92562	3.433843
kxoe1243	-0.1430513030035	1.80254228622056	-4.0924725	3.13434475
kyer1238	1.261276609736	1.20485124644645	-0.977343875	3.7792255
laal1242	-0.421773476959	1.79249993638403	-4.152762	2.8403115
labo1244	-0.341347402488	1.33589545021179	-3.093026	2.20164825
labu1248	-0.1229655811437	1.30610797177892	-2.838648	2.431183
lagw1237	-0.631510116415	1.59441369201066	-3.945239	2.4074495
lahu1253	-1.439249528207	1.60291438470651	-4.93696625	1.42595825
laiy1246	-0.1585751105555	1.77203869713185	-3.77773225	3.251964
lakk1252	-1.3478898537495	1.6806183765214	-4.828934	1.6580725
lala1268	1.15981024407	1.33007294577192	-1.414414	3.890133
lama1277	-0.582860187545	1.71547185388134	-4.05160775	2.48197875
lamb1272	0.9203796595795	1.68557995407015	-2.2465405	4.1961755
lame1260	0.556125993994	1.30305116640119	-1.93971075	3.11231875
land1256	-0.43650959788	1.73640712184339	-4.1317595	2.85115075
lang1320	-0.7433799576735	1.7145388468286	-4.16341625	2.371436
lash1243	-1.39656395886	1.65929005324293	-5.04454875	1.606547
latv1249	-0.698028657477	1.79608932101894	-4.52046	2.527821
lave1248	-0.76008920708	1.77357431940815	-4.5185715	2.5379865
lavu1241	1.2600129109085	1.46991048369471	-1.6274505	4.19253425
lazz1240	-0.39025485516595	1.71187970756697	-3.959642	2.71433
lega1250	0.3415534030155	1.76503684075552	-3.27201325	3.8259985
lele1267	-0.02699362813065	1.52342691202279	-3.2359915	2.78618
lele1270	-0.416052151055	1.67323346992599	-3.90487225	2.632348
lele1276	-0.58025526488	1.73755622981565	-4.2597635	2.5467145
lemb1266	1.4769949722505	1.25081856382076	-0.922239825	4.039219
lena1238	-0.735915078043	1.67343356546818	-4.395473	2.33367
leti1246	-0.5524907887595	1.73161958532121	-3.98204525	2.76051075
lewo1242	0.5467728708915	1.32778539214977	-2.016367	3.27420025
lewo1244	-0.6090433346565	1.73629302697481	-4.0574885	2.64632425
lezg1247	-1.1854103800415	1.66738853709795	-4.84264025	2.02377975
libi1244	-0.4291271122725	1.70047362064956	-4.0130635	2.7091405
liby1240	2.354339348425	1.73167105974953	-0.925937025	5.88421875
lika1243	0.2944235733895	1.6916247741331	-3.16786925	3.568745
lill1248	-0.43659857320445	1.62994141413661	-3.949891	2.60096225
ling1265	-0.4781251289	1.25654500071304	-3.02236775	1.96985675
lipo1242	-1.519734502315	1.61323435648129	-4.95633575	1.41557025
lish1245	-0.4965905622525	1.67220486434918	-4.063098	2.577271
lisu1250	-1.2574506516	1.59087198602832	-4.495212	1.71068525
lith1251	-0.7005649232655	1.74424814681309	-4.394837	2.46074099999999
litz1237	-0.549362686105	1.29886199210364	-3.24125225	1.969723
livv1243	-0.4298321290525	1.76747435508096	-4.0927795	2.95569374999999
loba1239	-0.451495001425	1.75809464501786	-4.29348425	2.732722
logo1259	-0.180659612075	1.8088482825901	-4.02929575	3.126655
loka1252	-0.828372881635	1.8006033988968	-4.72346125	2.44658975
lolo1259	-1.493315911635	1.6424525545235	-4.981078	1.38716575
lomb1257	-0.408000199139	1.68570196686554	-4.11187475	2.64375975
long1395	-0.156924948965	1.61675209822054	-3.501516	2.97423025
loni1238	-0.4262759532695	1.66019022963678	-4.04369775	2.660079
lote1237	-0.73078391184	1.73214729884095	-4.43796975	2.398213
louu1245	-0.384886521485	1.65659926372088	-4.0460925	2.64284725
lowl1260	-1.393574631533	1.62411357551273	-5.02662575	1.528954
lowl1265	-1.44832373228385	1.69100210569925	-5.0981705	1.493154
luan1263	-0.5058945232	1.70720673282145	-4.08578225	2.773459
luch1239	2.2148131588375	1.64813565372848	-1.058065	5.4456405
ludi1246	-0.4797052205075	1.88545734399997	-4.43520925	3.065815
lugb1240	-0.22226693434	1.85621312572094	-4.00864875	3.1630675
lugu1238	-0.290077150145	1.77543418076805	-3.86252975	3.12309025
lule1254	-0.54823542377	1.77805011024543	-4.488252	2.6247115
lumb1249	-0.255945366705	1.78695288473104	-3.99194525	3.077094
lumu1239	-0.391594513023	1.82432205619853	-4.428332	2.97302775
lund1266	-0.08950776397	1.88560063538269	-3.961486	3.57418275
luok1236	-0.63165423055	1.73577942864418	-4.3120595	2.5373835
lush1249	2.71780075485	1.41073243804998	0.2940553	5.73826225
lush1252	0.232676500888	1.54236937038799	-2.77952225	3.22923025
luva1239	1.56236828309	1.53376221897064	-1.4169185	4.525016
luya1241	0.828347084835	1.76379560805271	-2.81592425	4.223243
maan1238	-0.180697712037	1.76291007049039	-3.764344	3.15634575
maba1277	-0.23152503785	1.85910587486979	-4.05598475	3.24222575
mace1250	-0.4840196062745	1.71277878170724	-4.15041775	2.63141875
maco1239	-1.04368962099	1.66847595754886	-4.62604075	1.93846375
macu1259	-0.13170040081	1.53628455293989	-3.30464375	2.823671
macu1260	1.71188058457	1.36353665845497	-0.8527527	4.52583524999999
mada1285	-1.016763609359	1.71812613904288	-4.45362925	2.01957525
madi1260	-0.39578846524	1.77343115547592	-4.11501775	2.99832175
maee1241	-0.6410720475335	1.31932568178153	-3.50425675	1.80394424999999
mail1248	-0.071007400201	1.61558376311764	-3.58596975	2.9317915
mait1250	0.9939073906635	1.38080983266506	-1.74876325	3.718688
maja1242	-0.780814170616	1.75570666359204	-4.59601175	2.4622335
maka1304	-0.4226164777515	1.83022997038653	-4.2991735	3.02029724999999
makc1235	-0.65082308922915	1.7451094145117	-4.410665	2.66399874999999
makh1264	-0.369855828072	1.86254458842091	-4.17601075	3.18988275
makh1266	-0.4023030353445	1.87115232894778	-4.300914	3.0683255
mako1251	-0.2924634428725	1.8801841275457	-4.33752975	3.411975
mala1463	-0.58306577802	1.78818736917465	-4.4580005	2.743992
mala1464	-0.7564096608	1.72641391064041	-4.4107535	2.47375249999999
male1284	-0.859324114629	1.67516768550629	-4.46515975	2.23659325
male1289	-0.51906623595	1.57783127258626	-3.8163645	2.26088475
male1297	-0.357525834727	1.63741803310875	-3.8427095	2.669378
malg1251	-0.552537618495	1.58327625390716	-3.880771	2.45903775
mali1285	-1.1860217727795	1.66361648820673	-4.663719	1.954126
malo1243	-0.62201589087025	1.42901127277663	-3.82804075	1.95571725
malt1254	0.28855994947	1.68094873060979	-3.079828	3.370726
malu1245	-0.653557943725	1.35245499043766	-3.552156	1.89511125
mamb1294	0.007605093385	1.52522380975035	-3.1577705	2.939354
mamb1296	0.2916346515075	1.73062046554895	-3.429135	3.67553225
mamm1241	-1.4250688544255	1.58362859763355	-4.75146225	1.43894025
mana1288	-0.263760459525	1.38793992453753	-3.199127	2.3572455
mana1295	2.346087732485	1.21006386775268	-0.00492419049999996	4.6773185
mana1298	0.760473730729	1.3305805088541	-1.80658425	3.4411365
mand1415	-0.4583534616	1.68573346116307	-3.94416475	2.616623
mand1440	-0.8834677186832	1.73127478722012	-4.42143575	2.17192475
mang1381	-0.19075884271	1.74776618241356	-3.6617195	3.10825999999999
mang1401	-0.20604496411	1.74479307894295	-3.83684425	3.10493275
mang1403	-0.7901610296125	1.67039618126847	-4.3962555	2.27206449999999
mang1405	-0.363684641911	1.80567054599247	-4.23575575	3.01769125
mani1235	-0.06638773427	1.60636912381332	-3.26672275	2.90061874999999
maor1246	-0.167294477365	1.84624761495402	-3.95756675	3.32420675
mapo1242	-0.1926059776665	1.32194944682524	-2.9464425	2.227285
mapu1245	-0.7606045318833	1.6276405502221	-4.2345675	2.15654825
maqu1238	-0.98588049234	1.58695785808962	-4.35567575	1.86093299999999
mara1378	-0.3965053094385	1.71776396493953	-4.083372	2.930988
mara1379	0.619896940423	1.18241692183507	-1.76667225	2.9323585
mara1386	2.6446964587	1.50900557812376	-0.1837841	5.89370575
mara1399	-0.604498855375	1.32118451363382	-3.31399025	1.95239475
marg1265	-0.531717959686	1.51602665583777	-3.54693925	2.429318
mari1426	0.012760982737	1.52473625906039	-3.142427	2.896254
mari1440	-0.961542061925	1.66463058643908	-4.60886125	2.195944
mars1254	-0.2372232034165	1.8790638053035	-4.1317235	3.3252705
mart1255	-0.371813720615	1.6808030753177	-3.9266945	2.8251135
maru1249	-1.4006378185675	1.66944975457705	-4.96352	1.701255
maru1252	-0.606430017725	1.64247785089252	-4.12712125	2.3969495
masa1322	-0.650626049525	1.66974192050568	-4.03414575	2.5352195
masb1238	-0.2779212576315	1.845270896584	-4.22093325	3.056828
mask1242	0.1103007259	1.24855932414963	-2.36253225	2.5388435
mati1250	-0.36782873137	1.77918881650636	-4.068036	2.9836075
matu1259	-0.2606471912545	1.81112882214926	-4.10163825	3.150015
matu1261	3.14357654965	1.3630795197838	0.480813175	5.989809
maun1240	1.72938995566	1.4355123648807	-0.9970034	4.606831
maxa1247	-0.887801005403	1.61931366312945	-4.31997775	1.98760125
maya1285	1.9908506933555	1.63206147722003	-0.87939725	5.48651775
mayo1261	0.5035111890325	1.62819088407205	-2.77578825	3.67551175
mayo1264	-1.118983583085	1.64982715403728	-4.54415125	1.91346625
maza1304	0.3500131157225	1.43324251984285	-2.50855775	3.04818775
mbaa1245	-0.14337594069	1.82661573200125	-3.99478475	3.4232475
mban1263	-0.27342348544	1.85673080221244	-4.03896825	3.39473875
mbar1260	-0.6469567338825	1.69763209889708	-4.16157925	2.454226
mbay1241	-0.488763066215	1.73777593906282	-4.00910425	2.677074
mboc1235	-0.79470259466	1.6897898142127	-4.215761	2.27594724999999
mbul1263	-0.309176619914	1.50942085147533	-3.469812	2.446925
mbya1239	-0.800316393025	1.60905188103503	-4.23156675	2.05368625
meen1242	-0.8114703311965	1.76359139289355	-4.312322	2.50818
mehe1243	0.14461274193	1.37497602554721	-2.56566525	2.8411365
meke1243	0.4158644345505	1.34431918157095	-2.190948	3.005159
mele1250	-0.078347948451	1.52276983011806	-3.238768	2.7224225
mere1242	-0.2973935012915	1.62045652446166	-3.59194675	2.599568
mezq1235	-1.0486070750115	1.61997155535846	-4.476113	1.88377725
mids1243	3.254783460495	1.76239305865967	-0.05436913	6.88923275
miju1243	-0.191102548722	1.46554506757934	-3.306045	2.4120315
mikm1235	-0.778616862959	1.62379902011081	-4.31944725	2.13367875
mila1245	2.570783504475	1.5210305882957	-0.066244855	5.80571149999999
mina1276	0.49772375001	1.38534279401288	-2.255069	3.229227
mini1251	-1.058947516825	1.7622697364983	-4.94783875	2.0741925
mini1256	0.5611731171	1.44556993325811	-2.34609325	3.33177075
minn1241	-0.337741461305	1.78557600878902	-4.10264375	2.9425355
misk1235	2.01377728684	1.64429825682842	-0.989860975	5.449454
mixt1426	-1.633445981052	1.60090770732486	-5.03102475	1.19350775
miya1259	-0.26167013272	1.75795804661489	-3.9609465	3.06673125
miya1266	-0.9089555751059	1.7196351657112	-4.54920875	2.37995
mlab1235	-0.776444787295	1.69531057052568	-4.55183475	2.25811375
moba1244	-0.57998828496	1.84066706772482	-4.47820575	2.871425
moch1257	-1.45171087691	1.55234257951559	-4.6109625	1.32800625
moco1246	-0.576542451417	1.71932853945009	-4.08322025	2.55143525
mode1248	-0.3069004883092	1.73496689652598	-4.0342815	2.96109199999999
moha1258	1.856823962565	1.62362202292871	-1.276504	5.31696975
moke1242	-0.26251421866	1.89586578087677	-4.18371025	3.3826415
moki1238	-0.32718748996	1.79988260758963	-4.09614375	3.13754625
mokl1243	-0.45282204824825	1.81758204413009	-4.274878	3.017459
mokp1239	-0.81603006364	1.73612067865932	-4.396596	2.368832
moks1248	2.136388716765	1.71042029961164	-1.04116275	5.64725
molo1266	-0.1776628171515	1.37922880814152	-2.96683925	2.41769625
mono1273	-0.490619193355	1.79989787059584	-4.316605	2.89323125
mono1275	-0.726109275801	1.69990184029787	-4.372167	2.320284
mopa1243	-0.868076818277	1.78278476754347	-4.60894075	2.454205
morm1235	-0.089345516164	1.70555987649261	-3.60667425	3.04116075
mose1249	-0.650875963187	1.6765236862098	-4.440505	2.4775185
motl1237	1.3434811255	1.52049015510331	-1.68429275	4.341663
motu1246	1.545778674795	1.41223615460961	-1.03637875	4.44627125
movi1243	-0.3821470216963	1.57919894368454	-3.6351145	2.50377975
mpad1242	-0.29403965494	1.7425606243537	-3.8633885	3.01366
mpii1239	-0.65947923521	1.70011143926526	-4.233074	2.5250555
mpot1240	0.0913587383345	1.77271987711127	-3.421859	3.4736155
mpur1239	-0.564659079056	1.66600011046761	-4.077971	2.498055
mual1241	-0.3578451666675	1.78238580702658	-3.98252525	2.97447325
mudu1239	-0.9061097171875	1.68602743154255	-4.3973335	2.2452205
mudu1242	-0.7240659321	1.79569313399131	-4.55458025	2.51001775
mull1237	1.55390428052	1.46259872525892	-1.190779	4.5919835
munc1235	-0.557998596235	1.604318557487	-3.912818	2.38124025
mund1320	1.918069531145	1.59356994560404	-1.188628	5.21728375
mund1325	-0.137548913075	1.54501819036965	-3.2412495	2.8026
mund1326	-0.31759863189795	1.74016548298731	-4.1149515	2.82141025
mund1328	-0.539204764692	1.49615438434992	-3.77461625	2.2695395
murl1244	-0.539449043221	1.83369601670441	-4.4440015	2.90037925
muru1274	1.203994407559	1.4959479712226	-1.7015755	4.347604
muso1238	0.147992893865	1.25035972515886	-2.3654405	2.5705915
muyu1244	0.36115613218	1.7611352380571	-3.2481795	3.84821199999999
mwag1236	-1.05825823713	1.6765300538746	-4.60760525	2.056799
mwan1247	-0.32894311383	1.80858697187654	-3.9449805	3.11669875
nade1244	-0.687130231485	1.64692328937443	-4.3211315	2.279265
naka1262	-0.828484592435	1.79186256328685	-4.71240625	2.4230235
nali1244	-0.94376475354005	1.73651538715551	-4.78039275	2.15203
nama1268	0.368390291843	1.46350770496911	-2.502043	3.24567125
nana1257	0.2812210974635	1.63409297005157	-3.03677575	3.440987
nand1266	-0.50573315923	1.77754037666553	-4.1816615	2.7864275
nang1262	-0.352979302715	1.70322943835196	-3.837899	2.696335
nant1250	-1.033829123531	1.71559817042891	-4.8817135	1.9489575
nara1262	-0.3218888852775	1.77152588519664	-4.0432875	3.10149425
naue1237	-0.49911727228	1.77961200468735	-4.073985	2.8787955
naur1243	-0.215263876305	1.82732359557214	-4.06794875	3.27456225
nava1243	1.166544653615	1.52015786536683	-1.64268975	4.322486
nawu1242	-0.62121628777065	1.81165577977371	-4.29453525	2.74262624999999
naxi1245	-0.5918300555015	1.45923398966683	-3.6045175	2.28411125
ncan1245	-0.21382845445	1.47286788607586	-3.2991815	2.50784675
ndam1239	0.01059213094	1.78925459409268	-3.58392275	3.36816475
ndog1248	-0.1455742759745	1.89170554404331	-4.00429525	3.380194
ndun1249	-0.23454849088	1.81058818573966	-3.80001625	3.168753
neha1247	-0.707767625546	1.7984797939413	-4.34550925	2.764509
nend1239	3.14871535716	1.2181658305976	0.767536725	5.66788825
nene1249	-0.3361797773025	1.68625264362845	-3.90366025	2.80028775
neng1238	-0.537385583805	1.77163495188736	-4.23952225	2.76730025
nenn1238	0.69674388877	1.44615942640177	-2.177032	3.59784449999999
nese1235	-0.656193883735	1.34569335476068	-3.543704	1.87144675
newa1246	0.848240865555	1.14242566483951	-1.31019075	3.19190025
nezp1238	-0.8793071457107	1.60994686135122	-4.28030175	2.04840625
ngaa1240	-0.55035475432	1.68119303347169	-4.03727325	2.506626
ngam1268	-0.51296386973	1.64652198452085	-4.057379	2.63926575
ngan1291	-0.3249340985905	1.72358327349334	-3.89338125	2.89178075
ngar1235	0.096753579323	1.77039698724908	-3.741438	3.30268575
ngas1240	-1.13492984064	1.62862615513686	-4.4914315	1.79462525
ngba1284	-0.380900601745	1.82624062975084	-4.02798025	3.04028175
ngba1285	-0.450453162786	1.83283966490711	-4.3025195	3.15085325
ngit1239	0.866538140805	1.60714449523069	-2.351319	4.08821299999999
nhan1238	-0.43739310983	1.76972078941759	-4.39257475	2.856628
nhen1239	1.3012902730484	1.51907517834536	-1.61896925	4.4997745
niha1238	2.604827241352	1.69007972220201	-0.37458925	6.52371849999999
nila1242	-0.536159022522	1.76224349023123	-4.3194855	2.85937175
niua1240	-0.33623249044266	1.81983951388567	-4.224426	3.016355
niue1239	-0.12460926535	1.84184853891528	-4.00403875	3.35418875
niva1238	1.6957025684565	1.64440426515347	-1.415547	5.1638185
njan1240	1.4312099920938	1.59322382555969	-1.65621425	4.62419524999999
noct1238	-0.1891890343735	1.41322292862049	-3.28061025	2.5862395
noon1242	-0.260873221965	1.85872344439886	-4.228773	3.35264175
noon1243	-0.135722392192	1.49336220187261	-3.104322	2.676456
nopa1235	-1.645593827571	1.55471183378475	-4.991387	1.05575475
nort2671	-0.3304892194285	1.79780945480036	-3.9236635	3.13920575
nort2684	-0.579278456825	1.77277579324106	-4.321737	2.75298075
nort2690	-0.30907883998	1.71132533634252	-3.713229	2.92778175
nort2702	-0.61785400511	1.75423384265365	-4.345546	2.568034
nort2722	1.496384425695	1.37822144958193	-1.15918525	4.17589775
nort2723	-0.132152671148695	1.54809644549502	-3.39315475	2.86752725
nort2724	-1.203289834605	1.59483914678232	-4.680043	1.64615399999999
nort2732	-0.6676620820075	1.70862286067329	-4.25402575	2.52549
nort2745	-0.5887104332705	1.69209089982615	-4.267736	2.5505925
nort2747	-0.7693879791005	1.79390721845722	-4.64332125	2.561425
nort2839	-9.63035150000006e-05	1.30994142182294	-2.54968325	2.5571125
nort2845	2.6131585664142	1.74262000901202	-0.63634125	6.1659275
nort2885	-0.3575480899205	1.81228780352629	-4.04517025	3.0150845
nort2930	0.299514591744	1.45000345416021	-2.60091625	3.1423635
nort2938	2.258247928175	1.5732342544263	-0.626490125	5.5589475
nort2942	1.409650072822	1.64309703744995	-1.67866875	4.769282
nort2954	-0.603883807535	1.73428059125446	-4.311112	2.65951425
nort2959	-1.16437098033605	1.70701597822052	-4.74990925	1.97899825
nort2961	-0.8632095513065	1.73033741281948	-4.5194225	2.4046265
nort2972	1.7221567577365	1.52898227368869	-1.1757615	4.8215735
nort2980	-1.3746930826145	1.60801936466457	-4.744117	1.521976
nort3047	-0.04705674612	1.37186082892773	-2.822536	2.5585255
nort3139	-0.510707513575	1.74511313768269	-4.1973555	2.71715325
nots1237	-0.986666854654	1.68765466357869	-4.586709	2.0101525
nucl1235	-0.73289167293	1.75984200437935	-4.62287875	2.517352
nucl1301	-0.3294523234535	1.74016990775615	-3.85060175	2.962043
nucl1302	-0.460856271349	1.70400105442115	-4.1100655	2.642818
nucl1305	-0.7173121766	1.69694601866408	-4.2165035	2.405019
nucl1310	-0.58852180651	1.47899223107568	-3.80314325	2.0556315
nucl1417	-0.784345564866	1.71342346413999	-4.3692385	2.32458675
nucl1458	2.38427488965	1.15813638687861	0.0869962825	4.65365725
nucl1595	-1.160827753592	1.66766405073211	-4.808406	1.71820325
nucl1622	1.909253338685	1.5795633477928	-1.04346775	5.30104325
nucl1633	-0.972369179532	1.8677989299856	-5.07162025	2.576445
nucl1706	-0.324002702854	1.7296680542274	-3.83053325	3.137165
nuer1246	-0.4153887887925	1.96490057998654	-4.6034615	3.239824
nukn1238	1.0656376889895	1.24517777839085	-1.4691015	3.55788125
nupe1254	-0.5398800303	1.79156846018443	-4.26404125	2.65725374999999
nuuc1236	-0.69877962712	1.6891588072536	-4.225136	2.32776124999999
nyah1250	-0.366796802175	1.76246577775975	-3.98894225	2.91436875
nyal1254	-0.48561881003	1.75790685623414	-4.1410625	2.8654455
nyam1285	-0.94766166031	1.63196238009156	-4.32797925	2.184863
nyan1301	-0.320657686685	1.70870324177538	-3.7149225	2.7979495
nyan1307	0.731943551585	1.60602483544457	-2.508997	3.756017
nyat1246	-0.494211517225	1.78532510515798	-4.138882	2.74271849999999
nyor1246	0.97288736032	1.61118329268096	-2.2328735	4.15874475
nzak1247	3.27292805958	1.75682169144584	-0.0480417075	6.89740149999999
obok1239	-1.0205032203385	1.7825158656566	-4.8705575	2.191814
occi1239	-0.219646845962	1.72679018105576	-3.87627825	3.08327175
ocot1244	-1.852125915471	1.57093182168422	-5.16714825	1.00503975
okan1243	-0.775227795091	1.64138410253285	-4.3877345	2.29727975
oksa1245	-0.586626806004	1.46463002278057	-3.71955625	2.17302775
oloo1241	-0.478954618605	1.49341747225511	-3.57846	2.436318
olut1240	-1.54883029939	1.5826846196003	-4.9674975	1.2322075
omah1247	1.76771832697	1.62823692965614	-1.20254775	5.1864145
onto1237	2.50769025431	1.81183503032182	-0.7986127	6.290037
oriy1255	-0.4332705553615	1.70218040924321	-4.02771275	2.608832
orma1241	-0.417907985053	1.82784352571299	-4.06600275	3.10033775
oroh1237	0.195363235784	1.55267658881993	-2.97440675	3.11400775
orok1266	-0.848706150345	1.73109115138754	-4.29100825	2.36147225
orok1267	-0.083670590338	1.46732422213198	-3.068891	2.724019
orow1242	-0.78546274996	1.67529658367069	-4.185231	2.22771025
otta1242	-0.780968064989	1.63944548535785	-4.2880535	2.31653
owaa1237	2.3557743586265	1.74414777184795	-0.796695725	6.0336
paaa1242	-0.85316392113	1.74598218455754	-4.459552	2.45648975
paam1238	0.4286647463535	1.30878516272852	-2.0361645	3.00617575
paas1238	-0.41384845779	1.8124564630401	-4.134007	2.944674
paco1243	-0.690506318391	1.75610882774409	-4.40597625	2.57631375
pagi1243	0.28147517289765	1.74470478507532	-3.23750475	3.66453925
pahn1237	-0.78889709241	1.64577068449085	-4.410777	2.25423825
pala1344	-0.2306146345265	1.88201248732961	-4.12221	3.219333
pamb1243	2.580673571015	1.79142197209784	-0.674594875	6.27555625
pamp1243	-0.0840368503625	1.64491211038461	-3.50869775	2.943478
pang1287	0.63773633186915	1.74237740435892	-2.86485925	3.92349075
panj1256	1.9252761829	1.65387385411239	-1.07819225	5.44067925
pany1241	1.7661948256335	1.66371643776647	-1.22305375	5.31156774999999
papa1265	-0.7681855588235	1.77470931653419	-4.64133725	2.48010175
para1301	-0.996851871525	1.82902007421328	-4.8651845	2.304781
para1311	-0.83959432338	1.62754503459072	-4.23108725	2.072652
pare1266	-0.87071296093	1.70777354419467	-4.7178695	2.234158
pare1272	1.710980996161	1.58982765785478	-1.1243845	5.0507375
pate1247	-0.1547497915545	1.32463048793548	-2.99096225	2.30019425
patp1243	-0.98660851147	1.69214239848064	-4.523707	2.0876805
paul1238	2.54610167859	1.77420041762204	-0.793756775	6.1728465
payn1244	3.07976255485	1.17975570753485	0.82290685	5.50053525
pela1242	-1.030248368675	1.56445165100618	-4.5225625	1.754494
pemo1248	1.444773369457	1.5321548770033	-1.41105475	4.69149174999999
pend1242	-0.38076852875	1.79190731961477	-4.25800725	2.86725624999999
peng1244	-0.884963738935	1.72305148065013	-4.53651275	2.28072025
phai1238	-0.8582982727876	1.76209533504355	-4.704237	2.29480625
phom1236	0.278079271145	1.26362642125535	-2.118228	2.753736
piap1246	-1.0168935704345	1.72144368192937	-4.75554825	2.00416475
pila1245	-0.4505288580515	1.60831894063074	-3.839874	2.477272
pile1238	-0.409975342115	1.71649558639063	-4.14632925	2.73282624999999
pina1252	1.94949853549	1.21113891461893	-0.42367255	4.393267
ping1243	-0.284600958058	1.81170209839788	-4.17321075	3.1862695
pipi1250	-0.7691676477045	1.72658047578674	-4.26459325	2.5332825
pite1240	-0.5813954584545	1.71994153309826	-4.4279055	2.45230475
plai1258	1.6442324302962	1.58326896535749	-1.1149345	4.93929075
pnar1238	-0.23747570287	1.59398504471653	-3.6235165	2.94911525
pohn1238	-0.242335990465	1.8269223998372	-3.9695085	3.1898595
poko1263	-0.417134510701	1.79919189898566	-4.090867	3.03379225
poli1260	-0.5089118112785	1.79837903686384	-4.3593225	2.87090725
popt1235	-1.49247626276	1.57272227685317	-4.77202025	1.28566425
port1283	-0.34244298801	1.79156347313087	-4.1550465	2.94990125
port1285	0.04915112538505	1.24717331486889	-2.48648975	2.4837465
psik1239	-0.0162841993855	1.36318269382348	-2.74114375	2.66220375
puka1242	-0.331482110636	1.8125570134126	-4.2658635	3.023913
pulu1242	-0.2576556606185	1.84207605717428	-4.07498625	3.24151025
puma1239	1.5119747276495	1.01572751457639	-0.392125975	3.6165445
pume1238	-1.0049188255795	1.61149729648558	-4.331511	1.81402425
puoc1238	-0.675677507715	1.76933894601759	-4.36630575	2.69967824999999
pura1257	0.023800650544	1.42913425447789	-2.91449025	2.742907
puri1258	1.955383513865	1.57703553224408	-0.94100605	5.2443415
qawa1238	-0.764672371422	1.5846553288764	-4.037555	2.1464035
qima1242	-0.117273175741	1.78771406793567	-3.804732	3.35447525
quer1236	-0.862517512176	1.64409614311369	-4.3861885	2.12735625
quio1240	-1.7267003026135	1.64976828313226	-5.2766785	1.24362075
rabh1238	-0.986212462185	1.56614356693065	-4.4323355	1.84754175
raji1240	-1.120287869486	1.68931779397724	-4.66862575	1.9055495
rapa1244	-0.1875448168241	1.79898006260988	-3.98720075	3.29882875
rapa1245	-0.168211869224	1.81702663193031	-3.8554625	3.382747
raro1241	-0.1313600855745	1.83184540959262	-3.77944575	3.34462199999999
rata1244	-0.2571619216185	1.79506816851019	-3.89478875	3.03944575
raut1239	-1.12582011373	1.6977586398247	-4.828671	1.81304324999999
reja1241	-0.294750739347	1.87708266504278	-4.2179275	3.322754
reng1252	-0.708128259865	1.72389065230553	-4.2277925	2.42403275
renn1242	0.1677095202845	1.82697190699652	-3.44649825	3.7358965
roma1326	-0.408857011035	1.71930061168701	-3.920734	2.67190525
romb1245	-0.322439124062	1.84497924051064	-4.15884	3.18685525
rong1264	-0.8477012410875	1.62729108994537	-4.2852375	2.12853525
ronn1241	-1.077570223505	1.66297115902125	-4.70615825	1.87160175
roto1249	-0.78842065887	1.74304988848155	-4.52282775	2.4379945
rotu1241	-0.222122011905	1.88681250261823	-3.92946075	3.51566874999999
rovi1238	-0.23807817496	1.55445816874336	-3.47184475	2.576441
ruch1235	-0.070098219442	1.69306159321454	-3.632901	3.21279175
ruma1248	-0.596756258985	1.72386431194801	-4.16791775	2.57367775
rung1258	-0.235682074985	1.80658544603304	-3.934286	3.17793899999999
russ1263	-0.54711955174925	1.78298032144571	-4.352427	2.66934425
russ1264	-0.5780400097895	1.80070946485389	-4.27869	2.8098655
saaa1240	0.03711437645	1.5784005210268	-3.1372055	3.05095325
saaa1241	-0.170318559585	1.33716466458905	-2.84634125	2.38992975
saam1283	-0.5385729090254	1.7134483918471	-4.176176	2.708258
saar1237	0.027172265265	1.63761935673208	-3.557891	3.04716475
saba1268	-0.398832213465	1.63261297479087	-3.62324975	2.671424
sabu1255	-0.441413063412	1.810431703729	-4.15542025	2.98875825
saga1262	-0.5635354258992	1.85187546596143	-4.46204375	2.9613575
sais1237	1.262751332537	1.43895469550216	-1.587695	4.1863435
saka1289	-0.064202825281	1.62042150982364	-3.396227	2.99393675
saka1291	-0.235915453411	1.82077144174586	-4.0699235	3.08929325
samb1305	-0.4623207269125	1.6121795087652	-3.86656125	2.5053175
samb1311	-0.387293921662	1.60718753034972	-3.7607175	2.65507175
samo1305	-0.170523124335	1.77257790571991	-3.72822475	3.2391005
sana1295	-0.2326422752575	1.83240417355426	-4.07616975	3.2194495
sanb1241	-1.6262244579565	1.56369170018854	-4.97018975	1.23729975
sanb1242	1.7616018678155	1.64685158171771	-1.2477255	5.392636
sand1278	-1.2356214249405	1.72361340208387	-4.81718875	1.9831555
sang1331	0.0728695283545	1.74388470274615	-3.542621	3.433023
sanj1284	-1.85082595442	1.57265154328791	-5.4038915	0.9588846
sanm1295	-1.7063038037682	1.63365922415339	-5.3673445	1.23010575
sant1410	1.667025682838	1.41223818691563	-0.962577725	4.53391975
sant1451	-1.525879980045	1.60021360341347	-5.131901	1.28539375
sanu1240	-0.9978628082509	1.57791271694803	-4.3175255	1.77478175
sapo1253	-0.7793834362205	1.7192641884019	-4.4846055	2.3524615
sara1321	-0.273862896955	1.77609482958347	-3.97005275	3.14906475
sars1236	1.406850637746	1.64179909912756	-1.55368175	5.071911
sata1237	-0.2969509030895	1.79059214775434	-3.994478	3.00660275
sauk1252	0.597384771536	1.18258918080867	-1.7976735	2.9678335
saur1249	1.3562050101465	1.40768960186117	-1.3396685	4.17078025
savo1255	0.2010999807885	1.46520036118931	-2.622118	2.92743525
saya1246	-1.173146661191	1.58276476817389	-4.54791975	1.72208925
seda1262	-0.714395616203	1.74802442308784	-4.34943775	2.53914299999999
seim1238	-0.16355186192	1.77753204789779	-3.7833255	3.18539525
seke1241	-0.23451830911	1.34060962626517	-2.90894875	2.443187
sela1259	-0.25598292036	1.77454571470779	-3.9816405	2.99593975
selk1253	-0.36685310989	1.7309942342785	-3.83434075	2.7590735
sema1265	-0.558547385065	1.68206600898498	-4.19234275	2.592817
seme1247	-0.487355158933	1.72268618094033	-4.106769	2.77547074999999
seri1257	1.2038796840595	1.60720549721436	-1.8229175	4.60379625
seve1240	-0.8944999633165	1.64079522252562	-4.3616915	2.00500575
sgaw1245	-0.071198219134	1.64026981913307	-3.3079975	3.116204
shab1252	-0.814145604557	1.76159405306753	-4.513565	2.3672185
sham1280	-0.535397379885	1.85913337884272	-4.59450525	2.90976175
shan1283	1.5370054645	1.59000544284014	-1.437387	4.78091425
shaw1249	1.510037166405	1.55748568978002	-1.2490425	4.93802825
shil1265	-0.36389116043	1.76983858937317	-3.99400475	3.005834
ship1254	1.569503279	1.44500843848831	-1.0210125	4.54066275
shix1238	0.8373760513715	1.48302902917749	-1.92819425	3.843684
shor1247	-0.276203088576	1.78367491053165	-3.82324275	3.10377474999999
shos1248	1.61362215138	1.66181301595012	-1.48950975	5.14524099999999
siam1242	0.81704473991	1.48428141664533	-2.070843	3.74750075
sici1248	2.20287877635	1.63048158729508	-0.7358432	5.58832274999999
siee1239	-0.6252242853	1.74408146985506	-4.51526975	2.60023425
sier1250	-1.7836142052195	1.61591573555037	-5.1560695	1.1317865
sika1261	-0.104428456113	1.80251420854102	-3.72801825	3.29452625
siks1238	-0.48945732693505	1.55576709406669	-3.817531	2.4540985
sina1266	0.880359501878	1.38538238935655	-1.90958375	3.5810635
sing1264	-0.1476752634015	1.46272218019261	-3.173835	2.6750975
sioo1240	0.49125097161	1.29845149933767	-2.07133325	2.960936
siri1273	-1.13271318173	1.70666133543364	-4.76903875	1.94475925
situ1238	2.82990601155	1.42001255788208	0.22493765	5.89714475
siwi1239	-0.338434767892	1.7510421367796	-3.9839695	2.95851575
skol1241	-0.368516240638	1.79018122377372	-3.9803495	2.93096825
slov1268	2.2916819404945	1.74947460962162	-0.924839475	5.911781
sobe1238	-1.030620138105	1.65070204944574	-4.653667	1.97667975
soch1239	-1.628391624015	1.72789044989467	-5.44637425	1.36841675
soga1242	-0.3809147477365	1.74825766992793	-4.04361975	2.84077475
soli1239	-0.185773407037	1.91560122920075	-3.93834875	3.479913
sons1242	-0.229904132615	1.86851377801697	-4.068712	3.235431
sooo1254	-0.7258454311	1.74003007280204	-4.282061	2.432744
sout1528	-0.0718599683215	1.76850070831816	-3.837161	3.26150025
sout2649	-0.32516901266645	1.79793870675658	-4.005242	3.12835874999999
sout2674	-0.3567048160415	1.71053152239936	-3.94956775	2.68612
sout2679	-0.6775407659365	1.72508604350427	-4.25261475	2.4174785
sout2728	2.355545062345	1.45690802866643	-0.298710075	5.394677
sout2729	-0.16821353172	1.35749075299678	-2.846217	2.43666975
sout2730	-1.5295271931225	1.67716153529986	-5.16593275	1.582162
sout2807	-0.21981426096	1.84445432051484	-4.19404575	3.29907899999999
sout2856	-0.094539043355	1.54753134800025	-3.202105	2.7188045
sout2857	-0.246517926725	1.34367783756879	-3.084047	2.3526715
sout2869	-0.73180090627	1.66514940027858	-4.33940175	2.29913625
sout2954	-0.3376555064095	1.80559971848082	-4.10262075	2.9606875
sout2956	2.09482307425	1.61392758992258	-0.742972175	5.66460525
sout2959	1.374264743152	1.55561713258709	-1.319961	4.70300925
sout2976	-0.4273648610195	1.73333922342336	-3.97221275	2.7621245
sout2994	1.419983797685	1.59787976725607	-1.513328	4.812048
sout2996	1.3878646673255	1.57320399614466	-1.4806005	4.63671975
sout3236	0.051140691395	1.63037237514247	-3.11351675	3.22322325
sout3261	-1.2598009079605	1.68392030821227	-4.9826245	1.8864815
stan1289	2.255207222422	1.7419270990855	-0.88530685	5.8133915
stan1290	-0.350863999135	1.76643767548398	-3.9078645	2.93573
stan1293	-0.52433155563755	1.69892654332964	-4.04484025	2.7285395
stan1306	-0.477412249852	1.81819328145903	-4.27383675	2.89239975
stan1318	-0.32218442151	1.83112419403413	-4.20236225	2.97723975
suku1261	-0.39502280274	1.91456019486939	-4.4703585	3.163429
sumi1235	0.5804834236395	1.17453928189766	-1.67291875	2.92772625
sund1252	-0.132634744745	1.84695709522213	-3.93414	3.3195675
sunw1242	0.28464109781095	1.09647886615195	-1.90178625	2.4712965
supy1237	0.411725255876	1.6663879257775	-2.97237575	3.56812
surg1248	-0.374231596185	1.78914747123293	-4.1083365	2.92044625
surs1246	-0.9710316868665	1.73807635975922	-4.52256475	2.22946725
swed1254	-0.534367396134	1.78089708737784	-4.43015	2.70083675
taba1263	-0.662446706373145	1.67015123787185	-4.3486065	2.46035725
tabo1241	0.10666047366	1.61849326824284	-3.25946525	3.329357
taga1272	-0.4021453626755	1.80480555893791	-4.25695925	2.99461725
tagw1240	0.012801607365	1.72121057147904	-3.56881175	3.352742
taha1241	2.326453037179	1.71135435451728	-0.9281244	5.72284574999999
tahi1242	-0.2620179097555	1.8863504735439	-4.18377375	3.2866735
taia1239	1.798427705965	1.24132004272387	-0.569207525	4.284095
taji1246	-0.365132192385	1.78395798083562	-4.2535195	2.87255575
taku1257	-0.173418827583	1.81048818778773	-4.11029925	3.234045
tama1365	3.61885035855	1.35521425592779	1.206932	6.5308825
tami1289	-0.580120939995	1.78136441311973	-4.39097925	2.6959115
tane1237	-0.272970247812	1.66635759095663	-3.771538	2.655685
tang1336	0.8934555110955	1.17055772771461	-1.35773175	3.21286425
tang1347	-0.5396260383695	1.53562169206903	-3.75192	2.18731825
tang1348	-0.77409281183	1.81211810432418	-4.571587	2.72475149999999
tang1377	2.93675543915	1.57275413176323	0.240910975	6.370236
tani1257	1.51023107311	1.34398860093005	-0.9146202	4.41428575
tari1256	1.1374549962065	1.38218323098265	-1.41693	3.91726375
tata1255	-0.459261409816	1.6749499122116	-3.87572375	2.784338
tata1257	-0.4516877763976	1.76313931879744	-4.22139225	2.80339
taul1251	-1.0508485891515	1.75817201320663	-4.9270875	2.169116
taus1251	-0.296151797785	1.81278360295057	-4.01174725	3.066751
taya1257	-0.2286245024455	1.75907341669421	-3.9127915	3.1755745
tbol1240	-0.380172603527	1.79607054266075	-4.2622645	2.95675324999999
tean1237	-0.29477858822	1.6444737969061	-3.64323075	2.539167
teda1241	0.02134813323	1.9231004014747	-3.88030875	3.65511525
tedi1235	1.8207624544435	1.3188152080084	-0.64269255	4.51448175
tehu1242	1.593599494404	1.64909388985683	-1.344068	5.20348575
teke1275	-0.201474883185	1.79611368925128	-3.93428025	3.2111995
tekt1235	-1.4720403399875	1.54088883470367	-4.6313795	1.29563925
tene1248	3.9721990405	1.66793406109446	0.8263289	7.38828374999998
tenn1246	-0.485588385333	1.86618315500163	-4.2584835	3.221964
teop1238	-0.800698973703	1.70333771353568	-4.46656125	2.2424505
tera1251	-0.823862866495	1.68060772831107	-4.45835125	2.31319275
teri1250	2.35298751048	1.55566352394866	-0.491712225	5.66008675
tern1247	-0.7560316703935	1.66724059784879	-4.26322825	2.2504255
tete1251	-1.079814244095	1.66525740463797	-4.45290375	1.839199
thad1238	2.383029750135	1.33347199234623	-0.0241180775	5.190037
thak1245	-0.71586999021	1.48830597432225	-3.93381675	2.0636995
than1259	0.5872587477465	1.37835399183035	-2.17534775	3.298748
thao1240	0.54300862444	1.56366706430413	-2.73124475	3.5883185
thul1246	0.944007899933	1.14326309972092	-1.280099	3.169225
tibe1272	1.613140867638	1.55759112801077	-1.430256	4.82686225
tibe1274	-0.03485008607	1.62626508932273	-3.14710025	3.1293545
ticu1245	-0.536351699155	1.70763673389847	-4.18435125	2.533042
tief1242	0.53108067230975	1.41091605231126	-2.34200025	3.22064625
tief1244	0.42698547793	1.41959292674303	-2.38196825	3.046516
tien1242	-0.25652062992825	1.79957309617835	-4.02829425	3.16580225
tiga1245	-0.827056563501	1.75224019466451	-4.5642885	2.4512225
tigo1236	-0.0728936632415	1.51656529869235	-3.25872625	2.88667575
tika1246	0.7724450450855	1.56995689587614	-2.35966675	3.87908825
tiko1237	-0.0610373447225	1.80977677639757	-3.73640925	3.27566525
timn1235	-0.4259043005735	1.7843074617659	-4.085117	2.93751199999999
timu1262	-0.445906596425	1.79310237611495	-4.271232	2.93601899999999
tiri1258	-0.772719032812	1.68493736229415	-4.27449875	2.31196699999999
toab1237	-0.378020038645	1.63458967947548	-3.893317	2.7459735
toar1246	0.1436739240305	1.37107376214896	-2.6662775	2.830804
toba1268	-0.4251346708985	1.60172876162719	-3.77488025	2.50819775
tobe1252	-0.6911603416195	1.73137411669148	-4.51564425	2.56450024999999
toho1245	-0.62281976454	1.73338188184738	-4.4651345	2.49469575
tojo1241	-1.3263227686	1.63228233505446	-4.8648735	1.66507875
toke1240	-0.203168891175	1.8277113436635	-3.88783575	3.2038005
tomm1242	3.947413595088	1.5180656802165	1.23313025	7.150086
tond1249	2.4552664486	1.42236771911136	-0.193949375	5.2551685
tong1308	-0.5125503439945	1.81719444855851	-4.21161475	3.09866425
tong1325	-0.18262154593265	1.8264761853102	-4.062226	3.374392
toor1238	1.95459432464	1.63592468143776	-1.28975425	5.23687225
tote1238	-0.276607296569	1.89495440175563	-4.3615895	3.301837
toto1302	0.0751050758134	1.39534995706266	-2.85379275	2.68775375
trio1238	-0.842762240845	1.69445184821679	-4.45622575	2.26938925
trum1247	0.240155642199	1.39317446680007	-2.52318625	2.9326965
tsam1247	-0.68125715452	1.6370835907828	-4.1982085	2.31596925
tsat1238	-0.37249864273	1.83386382590918	-4.248691	3.05741375
tsha1245	-0.449616483305	1.58789374603978	-3.8002045	2.529125
tsis1238	-0.610219149013	1.7462817492182	-4.07568825	2.82504525
tsog1243	-0.230016980025	1.83909896505225	-3.81375325	3.35222399999999
tson1249	2.422942475178	1.72141883353311	-0.85333425	6.06212575
tswa1253	-0.3889778243909	1.78338775022477	-4.092093	2.93785725
tswa1255	1.245079796715	1.69205215125509	-1.990523	4.729978
tuca1252	0.405180277332	1.17320496785664	-2.0695825	2.64179175
tuge1241	-0.457511090431	1.79549295498747	-4.29753725	2.93103125
tugu1245	-0.5198465030935	1.72181132912819	-4.21202025	2.66514775
tuka1248	2.55954946667	1.75702730843773	-0.657681325	6.22965425
tuki1240	-0.3554575824535	1.62614425949011	-3.73482875	2.747614
tula1252	-1.008732019718	1.68173057037071	-4.39906	2.178436
tulu1258	-0.84146783347	1.62342218386073	-4.369778	2.01611525
tung1290	-0.574548389105	1.86121116493293	-4.399041	2.973453
tunn1238	-0.29348841799	1.78712481657383	-3.9813285	3.00532775
turk1303	-0.2511001079415	1.82157312011728	-3.958724	3.1012055
tusc1257	-0.814430735605	1.53142756194525	-4.14146475	2.07880625
tutu1241	-0.56730062941	1.44689366726326	-3.78996475	2.01980725
tuva1244	-0.191983316735	1.80263419750991	-3.832492	3.29229
tuwa1243	1.843320854319	1.24290868817519	-0.450690825	4.35907775
tuwu1238	-0.601098922812	1.76217833936979	-4.2843105	2.69119625
udih1248	1.8802582307895	1.67300045846612	-1.106767	5.65262375
udii1243	-1.026720912	1.74136069772081	-4.5975555	2.19768925
ughe1237	-0.1555022089	1.63187256257491	-3.51868575	2.86670774999999
ukra1253	-0.300344401155	1.7478745118394	-3.9179735	2.988081
ulit1238	-0.24162576683	1.91013469090618	-4.304067	3.38592275
umbu1257	-0.217761187291	1.90320966866681	-4.15686425	3.41660775
umbu1258	1.15177055705915	1.22340168562076	-1.13880725	3.574716
umes1235	-0.45887098087	1.7819147604522	-4.262875	2.718362
unua1237	-0.36362533462	1.22732828069355	-2.776119	2.03314075
uppe1275	-1.23752138480305	1.62084618806371	-4.8338485	1.52072549999999
uppe1427	-0.488473541415	1.74174398957693	-4.06493975	2.87502525
urak1238	-0.4903043037085	1.82589638387796	-4.37222375	2.993102
urar1246	-0.962490341982	1.62504648708858	-4.46879925	2.066715
urav1235	-0.5856084190855	1.73097186479448	-4.38307825	2.56369275
urim1252	0.152550854945	1.39948790663537	-2.64395325	2.994927
urip1239	-0.620275517625	1.31235684500344	-3.34190425	1.88688075
utes1238	-0.673775050147	1.72087561562394	-4.3264615	2.481484
uuuu1243	-1.371144673395	1.6212138411386	-4.74222425	1.54876275
vano1237	-0.33721612722	1.64386607861232	-3.657441	2.47315925
veps1250	-0.386390392827	1.84913960085698	-4.07856725	2.9532395
vera1241	1.64883428446	1.48650549183947	-1.2504915	4.68835925
viem1243	0.107866533249	1.6319269258852	-3.39996375	3.285453
vinm1237	-0.4956518480315	1.28786330713541	-3.10823025	1.96083225
voti1245	-0.68142942652	1.65425610575811	-4.18505125	2.34221875
vunj1238	-0.602173678755	1.8978511136714	-4.61007425	2.886415
vure1239	1.632792477025	1.48429578636283	-1.282522	4.6768745
vwan1235	2.1133322153	1.70125440930958	-1.17258475	5.5253405
waga1260	-0.5027123162515	1.77925498687879	-4.24336875	2.71703825
wage1238	0.376959685629	1.6317749933584	-2.8221365	3.64919775
waig1244	-0.3668023358685	1.73704484492623	-3.93799575	2.872266
waim1251	1.215314823323	1.43242511368187	-1.56304075	4.07696175
waja1257	-0.326717242616	1.70784068797489	-3.8565735	2.905793
waka1274	-0.318095845071	1.77830640042352	-3.95217075	2.99445325
wala1266	-0.46626873613	1.53181864589289	-3.5777285	2.33500525
wall1257	-0.345639434199	1.85254165856866	-4.19162225	2.9939995
wamb1257	0.7330749658065	1.05445836709022	-1.31501425	2.8403745
wand1267	0.7819492406075	1.49208881602316	-2.1172535	3.520044
wand1278	-0.4983950930201	1.42862410966612	-3.516846	2.235283
wang1291	1.8201204318035	1.6291459397806	-1.18448825	5.32068849999999
wara1294	0.5529592788995	1.52648138341983	-2.46168775	3.55558099999999
wara1303	1.4969822552	1.60918272292666	-1.57743175	4.872304
ware1253	-0.771190731977	1.73239420452958	-4.6303595	2.31884375
wari1268	-0.060438229125	1.56355119206142	-3.29003725	2.89509775
warj1242	-0.796345578353	1.59534486859009	-4.2622885	2.222837
warr1255	0.380848107195	1.70671470968909	-3.166046	3.843363
waru1265	-0.4643363881065	1.81872824852758	-4.0721085	2.92939725
wawa1246	1.0757439668605	1.58634268350443	-1.98842225	4.23084475
waya1269	-0.850902424785	1.64085931697892	-4.4149405	2.144477
wayu1241	0.363324646025	1.1237374122178	-1.824495	2.54866075
wayu1243	0.0249547647415	1.65033865566741	-3.51677875	3.12983875
wels1247	-0.4237299009895	1.81801379828866	-4.08728675	2.8813055
west2354	-0.46996739597	1.79147254008628	-4.12929475	2.86379375
west2369	-0.35615220176	1.76958368721754	-4.218259	3.0630975
west2396	-0.549759955495	1.73913663378026	-4.06630125	2.75118825
west2397	-0.7268501336025	1.72249325009285	-4.4013015	2.39708825
west2415	0.9562793504625	1.10877869308241	-1.182064	3.090668
west2418	-0.61261532056	1.46174508362293	-3.58348875	2.1849635
west2430	-0.777017716125	1.77749684248576	-4.57910025	2.4630875
west2441	-0.454586212211	1.7905695265002	-4.1879245	2.77081125
west2516	-0.700585493903	1.82657235553022	-4.46104575	2.62471825
west2519	-0.301837683015	1.81018390261872	-4.16289425	3.20717049999999
west2557	-0.4014649550275	1.79680419533317	-4.07293025	3.019622
west2560	-0.418501520595	1.74913313006504	-4.28946275	2.84832725
west2594	-0.9580098954	1.77078495057945	-4.74479025	2.241957
west2600	-0.703795121675	1.70477248582088	-4.18478375	2.36469949999999
west2618	-0.54266643256	1.73946409242924	-4.110582	2.629113
west2632	-0.2608049908775	1.71837234176091	-3.804629	2.94557325
west2635	-1.51413987485	1.53551764978741	-4.70347275	1.22522775
west2644	-1.6481120595365	1.54858303697542	-4.84193175	1.158204
west2650	-0.58371716958	1.89040892925297	-4.40501675	3.06858875
west2763	-0.457789133954	1.72741415763211	-4.0257865	2.74765375
whit1269	-0.731675059393	1.65082886379332	-4.223025	2.29944425
wiru1244	1.7757194280865	1.3246255168043	-0.7422325	4.520306
woii1237	-0.006104544265	1.6238082432768	-3.301597	3.02715675
wola1242	-0.71941057518	1.60469481253883	-4.06602525	2.203846
wola1253	-0.735432663425	1.7429905112099	-4.400249	2.64949
wole1240	-0.226997147211	1.8173979251392	-3.8907715	3.22530175
wood1236	-0.683754799308	1.59623446599729	-3.87807025	2.32909175
wotu1240	-0.1500579048425	1.85001706193953	-3.8644845	3.436669
wuch1236	-0.441961415935	1.7435062677646	-4.076647	2.74102675
wudi1238	-1.2903216676825	1.6302761219035	-4.8547725	1.5932745
wusa1235	-1.255737197502	1.59521525721882	-4.50509325	1.9014225
wutu1241	-0.2851662371735	1.4562431651051	-3.25633675	2.38127775
wuvu1239	-0.3185135093495	1.78337295172806	-4.0525255	2.996817
xamt1239	-0.4812931997295	1.76258016038458	-4.19513725	2.86818325
xara1244	-0.765943999907	1.71662938618896	-4.2855895	2.44322149999999
xhos1239	-0.19939410125255	1.91564252555401	-4.1695505	3.442011
xish1235	-1.494577730154	1.65384913244702	-5.08367975	1.57786875
yagu1244	-0.6027561003325	1.61968037540135	-3.860669	2.42332
yaka1269	-0.2736551817205	1.82477188780724	-4.04587625	3.1482185
yaka1277	-0.4309063451175	1.83043829672895	-4.250695	2.84453125
yakk1236	1.33982618662	1.23731081929245	-1.07529925	3.88467399999999
yaku1245	2.44589080085	1.8035017667987	-0.823746775	6.16979049999999
yale1246	-0.6970368216235	1.54592411446563	-3.98908975	2.191872
yami1254	-0.230502601245	1.79429390352358	-3.91745175	3.26740224999999
yami1256	0.76028327144	1.48060438308738	-2.02571225	3.80786649999999
yamp1242	0.5364344190115	1.16134593860924	-1.795638	2.85081575
yane1238	-1.337190047305	1.51289493683211	-4.644919	1.32248925
yank1247	-0.602362410937	1.72312710607267	-4.155534	2.66785425
yaoo1241	-0.174836414155	1.81214012533556	-3.9154895	3.34072599999999
yapu1240	-0.157660933325	1.4271479914063	-2.99426775	2.64467675
yaqu1251	-0.47827703941	1.60485682332249	-3.7773425	2.62287825
yasa1242	-0.49135937513	1.86842800673535	-4.45137525	2.99027875
yatz1235	-1.8180959262655	1.62881363928338	-5.3502445	0.945281925
yaum1237	1.014890921725	1.21333043757045	-1.5231545	3.40590775
yawu1244	-0.7499986227745	1.62661196528426	-4.44549725	2.231553
yele1255	2.03115792462	1.65374223887103	-1.15803825	5.35520825
yems1235	-0.904392553346	1.6506957223269	-4.390959	2.026629
yind1247	-0.1545088215595	1.66135080723765	-3.3699015	3.063554
yoga1237	2.148597103385	1.44766490124251	-0.601306175	5.049571
yong1270	-0.3603865298005	1.4379981790753	-3.271295	2.3230795
yong1280	-0.609365147518	1.63741060451948	-4.07002425	2.4670825
youl1235	-1.5107533734325	1.6563363267157	-5.20097725	1.42376125
youn1235	-0.87614507324	1.72493559536421	-4.4439445	2.143626
yuca1254	-0.581224892912	1.71138915427679	-4.21615225	2.58952475
yucu1253	0.4160565523075	1.31099981649552	-2.19522975	2.85382875
yuqu1240	-1.293284810265	1.65849555768296	-4.839427	1.608951
yura1255	-1.25980874969	1.63268333389623	-4.8373225	1.6398555
zaba1237	0.20115755884	1.64213796725793	-3.09157775	3.3880985
zaca1241	-1.244395156867	1.61989679518679	-4.78676775	1.5680625
zaca1242	-1.5864292004675	1.54479795146673	-4.83621325	1.0733295
zagh1240	-0.1515055563365	1.83573631080096	-3.8544985	3.31567875
zamb1245	-0.404047224075	1.79691013344354	-4.1009895	2.90790999999999
zarm1239	-0.2272993180355	1.83987532033802	-4.0828285	3.28164625
zaye1235	1.666202098178	1.35325291610459	-0.951700025	4.2756025
zays1235	-0.697051075675	1.63693749431317	-3.950414	2.32632075
zinz1238	-0.317860609097	1.8188635413151	-4.07532375	3.1532745
zoog1238	-1.821442114085	1.62252218096803	-5.46189525	0.968971049999994
zulg1242	-0.1152150795465	1.33201933415542	-2.89799925	2.41472725
