Estimate	Est.Error	Q2.5	Q97.5
abar1238	-0.64016081835	1.55636108987322	-3.96679075	2.232363
abee1242	-0.335450833697	1.84803137338806	-4.42438825	3.005815
abkh1244	-0.09121576174	1.74662633810688	-3.599274	3.29030625
abun1252	-0.56984095631965	1.65872176539081	-4.028529	2.4568115
acha1249	-1.15635243332215	1.75472740523376	-4.842325	1.874141
acha1250	-0.9143276512	1.63756247398506	-4.474929	2.09740975
achi1256	-1.43706371468	1.79976573454676	-5.34909625	1.80225875
achi1257	-0.355607606628	1.86450144777887	-4.2252595	2.98188775
achu1248	-0.480981368002	1.68226687286603	-4.013762	2.59416825
acol1236	-0.61332532204	1.8511038727192	-4.55216575	2.79640275
adan1251	-0.704083535825	1.70053536733408	-4.17296975	2.3436865
adon1237	-0.7197155251795	1.73725127265828	-4.451836	2.31285125
adze1240	0.9004409485665	1.3163831289264	-1.7755305	3.56317875
afar1241	-0.407349459565	1.86389977010889	-4.29467975	3.0834515
aghe1239	-0.733105686682	1.63436136345826	-4.15304525	2.2307405
aghu1255	-0.360370045656	1.76870733683185	-3.994218	2.992247
agob1244	1.81428599319	1.64341480608352	-1.24997	5.128427
agua1253	-0.354748894835	1.52220659081354	-3.48041625	2.55336
agut1237	-0.547638382165	1.8261340924275	-4.30972525	2.656259
aheu1239	-0.706348749749	1.89782078333189	-4.545407	2.683989
ahin1234	1.22615319799	1.31266838312853	-1.37942575	3.79875875
aime1238	-0.473537803645	1.68688297449553	-3.9808725	2.7058805
ajab1235	-0.54721604262975	1.85586366176879	-4.3853595	2.90757325
ajie1238	-0.925765193082	1.75276365884441	-4.6504375	2.18864649999999
ajyi1238	-0.584309972315	1.68280857184702	-4.11991025	2.56463374999999
akha1245	-1.575184007	1.69738463571509	-5.3186395	1.54348825
akoo1248	-0.986410470311	1.83378569611819	-4.82451575	2.32506075
alab1237	-0.82050332782	1.71304249412645	-4.50211425	2.20212225
alab1254	-0.862264599923	1.70477811346273	-4.411866	2.224977
alag1248	-0.75034529109	1.82800852124321	-4.61916875	2.57377475
aleu1260	-0.841199003171	1.65828648016858	-4.39113175	2.13956125
alor1247	-0.73182792947	1.68856659983493	-4.31382575	2.299864
aluk1238	-1.1387917219345	1.75213811459643	-4.70473175	2.0076835
alya1239	-0.59771949544	1.83392602994562	-4.419676	2.84854
amah1246	-0.162222019151	1.50003224789388	-3.190514	2.7858325
amar1274	-0.989946413613	1.723451548102	-4.72054575	2.14829975
amdo1237	1.96068466795	1.6389703419967	-1.15409975	5.41800325
amii1238	2.91908974317	1.52910267148504	0.2028338	6.05352325
amis1246	0.0197684426575	1.64304365269372	-3.47443675	3.15280975
anei1239	-0.64519471580655	1.78717276816924	-4.38926125	2.61268174999999
anfi1235	-0.59033595100575	1.85765043015695	-4.43187875	2.85483
anga1288	1.088042866675	1.28852849206861	-1.45192875	3.68444825
anta1255	-0.235458810218	1.91654851944173	-4.219303	3.217948
anuf1239	-0.635246638945	1.77040676689373	-4.34951075	2.5992755
anut1237	-0.20062233222	1.89587431393111	-4.1086305	3.349668
anuu1241	0.2464242462665	1.41115456064226	-2.68642375	2.86860525
aona1235	0.904600487175	1.30309991027678	-1.656567	3.4957535
aoua1234	-0.600604574782	1.89956818972685	-4.58717625	2.9127335
apat1240	0.02936482935165	1.56131837734288	-3.22342925	3.11325149999999
apin1244	1.7166010390085	1.69365213027591	-1.39122075	5.33822875
apma1240	-0.241678842887	1.44693609229172	-3.36030525	2.56791025
apur1254	0.33192430433	1.38501160130019	-2.4104375	3.02302674999999
arak1252	-0.6393173446765	1.55220045074694	-3.946581	2.1914925
arao1248	-0.07955260488915	1.43591100590643	-3.01752575	2.71471675
arap1274	-0.577396659033	1.65122045820464	-4.1355185	2.3943125
arbo1245	-0.42411511435	1.64382248510214	-3.850335	2.784012
arch1244	-1.538909512225	1.5702020480515	-4.88088675	1.3517775
area1240	-0.332270654	1.61051960227668	-3.6792935	2.784279
aree1239	0.3306022075985	1.45017436291097	-2.60991275	3.075872
argo1244	-0.454316317016	1.80950390794672	-4.25002525	2.78190375
arhu1242	1.855974798415	1.65141296037605	-1.23569875	5.35009375
arig1246	-0.661304685415	1.89809812425641	-4.72372675	2.85546725
arop1242	-0.516531043885	1.59487222600328	-3.7905385	2.5880215
arop1243	1.005056615504	1.47732553138244	-1.8351375	3.9589605
aros1241	0.557759804415	1.64712171644801	-2.76237625	3.740429
arta1239	1.8214048160985	1.32505683934574	-0.7777253	4.43548125
ashe1272	-1.442556059475	1.69856323247725	-5.068412	1.5306235
assi1247	1.7038783613945	1.68101332751867	-1.3582495	5.48590325
asur1254	-0.4870221336045	1.75695797689315	-4.1207575	2.7337575
asut1235	-0.6355739011146	1.8771320651999	-4.5456705	2.91337825
atay1247	1.69413503622	1.4700335453697	-1.21842675	4.5917645
athp1241	2.36307588905	1.13433542955859	0.257439075	4.69192674999999
aton1241	-0.97530206529	1.63677105161494	-4.7879015	1.803002
auuu1241	-0.307978840645	1.46855051860733	-3.40843575	2.51716775
auye1238	-0.299044519734	1.72480736433658	-3.72679375	2.94355
awad1243	-0.69831750585	1.66335363165653	-4.47064375	2.4441215
awar1248	1.21962074699	1.29259754883469	-1.30543575	3.8638745
awar1249	2.24384061405	1.17722356593197	0.0051910215	4.52608175
awet1244	1.07841615508	1.55631441196346	-1.915553	4.12684875
awji1241	-0.28996685302	1.83871349462078	-4.01244325	3.308161
axam1237	-0.08653331139	1.35481616902886	-2.9624855	2.47222575
ayac1239	-1.0756139391898	1.62064491934288	-4.5844185	1.985745
ayiw1239	-0.439377281479	1.79070606420456	-4.31850825	2.8892555
baba1264	-0.33730414462	1.5416212368717	-3.50097525	2.58127325
baba1266	-0.6151705648235	1.60009713001379	-4.0180005	2.37042925
bafi1243	-0.53077112564	1.75968863938029	-4.14799775	2.63066
bafu1246	-0.7155001850625	1.64165371514154	-4.20168475	2.275188
baga1272	-0.53221714568	1.82425665334727	-4.48059925	2.823031
bagi1246	-0.63198370315	1.61044284496772	-4.0395985	2.314986
bagv1239	-1.4857931929425	1.57264827247884	-4.970551	1.3676755
baim1244	0.037582430916	1.62223280287395	-3.30422325	3.1382885
bala1311	-0.3835036356255	1.78872867262651	-4.17103825	2.8806575
bala1315	-0.2521218798155	1.85930921585028	-4.12708325	3.208898
bala1316	-0.663877558115	1.76760028693259	-4.3906135	2.541595
bali1278	-0.221231277655	1.87377305100307	-4.04436525	3.20589675
balu1257	-0.350073596305	1.75994239489453	-4.040852	2.7299
bamu1253	-0.293518441195	1.6206056619476	-3.63553625	2.886343
band1344	0.721360720362	1.76864603008002	-2.79244725	4.10240275
bang1369	-0.0796144442995	1.67988873434704	-3.60839	3.106638
bank1256	-0.93126162206	1.84569246445918	-4.82889975	2.52062574999999
bant1281	1.694819737478	0.985542554835441	-0.2466252	3.70545825
bara1357	0.919431463326	1.17613353339591	-1.34050575	3.2984375
bara1380	0.374691393685	1.34393708934328	-2.2065835	3.02279475
bari1286	-0.651969142825	1.71052638596917	-4.14532975	2.44901575
baro1253	-1.09896334263	1.73347239464515	-4.5847765	2.0951585
bash1264	-0.304397468485	1.81005208256221	-4.1180945	2.91139999999999
basq1248	-0.157770238955	1.79632526674371	-3.89402425	3.2211325
bats1242	-1.18164197664825	1.61077152508019	-4.71893175	1.63606675
bawm1236	2.71925010738	1.39664389196533	0.203504925	5.731843
bebe1248	-0.280322775175	1.81641706538365	-3.911835	3.18139025
beka1241	-0.28773669030815	1.96983610516512	-4.57706	3.34024875
bela1254	-0.404155588133	1.78769685860983	-4.0527485	2.95273575
belh1239	2.2155238058	1.04007711276402	0.275799525	4.275062
beli1257	-0.3458320871785	1.80044849168406	-4.204025	3.10965
bell1243	-0.5649399606509	1.77047713466533	-4.1918185	2.7376155
bemb1257	2.732063444745	1.90521014747178	-0.6373381	6.74650525
beng1282	-0.4286454825685	1.92089877964372	-4.41454075	3.16565475
bent1238	3.79362346105	1.45642846253897	1.2129465	6.85462075
bert1248	0.168515699695	1.69782162880107	-3.2621635	3.35820074999999
bezh1248	-1.50243796709	1.58698310999956	-4.84880875	1.3508885
bhoj1244	2.034399274911	1.56519340037824	-0.87450005	5.34849575
biaf1240	-0.4414980158	1.94640933997079	-4.33400275	3.2766485
bian1252	-0.3621041222885	1.48293893399216	-3.42307575	2.35815725
biao1254	-0.89624668016	1.79435839259612	-4.8503085	2.37792375
biao1256	-0.672281889685	1.79199211067907	-4.37695675	2.6538695
bier1244	0.67046269391	1.34158574694118	-2.01582675	3.229487
bign1238	-0.6858518393235	1.45035043112869	-3.8656155	1.98903325
biha1246	-0.58428652649	1.89582078556447	-4.386568	2.8218035
bimi1240	-0.699443874943	1.66368439193597	-4.25602575	2.29371525
bini1246	-0.52610001022	1.91374990401932	-4.5930385	3.00886775
bira1253	-0.526838272968	1.60400285578707	-3.75021875	2.5232885
bisu1244	-1.25851991263	1.7047369307088	-4.919715	1.84414825
biwa1243	2.10903642958	1.3837488172339	-0.33209745	4.92477675
blan1242	-1.227814440967	1.7662703650373	-5.08100375	2.07965799999999
bodo1267	-0.88831890437	1.73500695735813	-4.66539275	2.215359
bodo1269	-0.9314995293365	1.74545762095243	-4.560969	2.31023775
bola1250	-0.851214910085	1.78610368573224	-4.72483775	2.24570975
bona1250	-0.282017641502	1.61015690112807	-3.5739575	2.61596075
bong1289	-0.415826407705	1.86446566395994	-4.405406	3.0804375
bora1263	1.123859047954	1.50733045434503	-1.5278205	4.24896525
bord1248	1.15239041535	1.41225933043079	-1.5789075	3.8810515
boro1277	0.7302241544075	1.61305035362891	-2.42361675	3.9167335
boro1282	-0.70116846201	1.70423631401757	-4.423351	2.35972475
boto1242	-0.063494682715	1.68579585154481	-3.53659325	3.045144
boun1243	-0.353430447584	1.96528435062291	-4.767528	3.27235925
boun1245	1.64430539877795	1.22926150209324	-0.74544595	4.00158525
bret1244	-0.313242487716	1.86292443966454	-4.21407175	3.2207105
brib1243	2.194086551795	1.59054323887797	-0.5519287	5.67383125
bube1242	-0.778391875171	1.87159411482785	-4.80834625	2.73327725
budu1248	-1.25225530264	1.65448038081026	-4.86790125	1.63946575
budz1238	-0.0508815808765	1.83025703974981	-3.84185	3.33669375
buga1247	-0.8395157436965	1.78378082775543	-4.53659375	2.49704825
buga1250	-0.15658404708	1.43444671211609	-3.06075225	2.526025
bugh1239	0.1403797120965	1.52905050782023	-2.95621525	2.901836
bugi1244	-0.2064316816755	1.89281432766917	-4.1893695	3.34976375
bugl1243	2.009893906857	1.75549956033888	-1.05953375	5.864175
bujh1238	0.95890752464	1.21432239044217	-1.3313785	3.28816175
bull1247	-0.453874621675	1.88527122960374	-4.5234855	3.09600675
bulo1242	-0.682713498212	1.85555743844996	-4.58220775	2.6919275
bulu1251	-0.618523844347	1.95414541421994	-4.722423	2.929948
bura1292	-0.821212682355	1.63767660087772	-4.23125375	2.216985
bure1242	-1.058114845335	1.82010540377813	-4.99752625	2.20750724999999
burj1242	2.01743681485	1.71514790313175	-1.0904195	5.81711925
burm1264	-1.1606793113245	1.7374182540726	-4.7995765	1.944945
buru1296	2.2567072318515	1.6917642836496	-1.0262175	5.5592275
buru1320	-0.6579534189445	1.8718331035635	-4.57678	2.813106
busa1253	-0.597858540497	1.79259354989341	-4.40137525	2.677285
bush1247	-0.184120910515	1.92038830745796	-4.01185225	3.5371215
buwa1243	0.3108305008205	1.36220266801083	-2.54021425	2.99981125
bwat1240	-0.8247121125675	1.74764786066409	-4.6187175	2.37387725
byan1241	-1.2288187890235	1.67254419528346	-4.94566875	1.6977585
caac1237	-0.74197249746495	1.79661950885861	-4.40670825	2.573966
cahu1264	-0.85134068253	1.73676548147248	-4.583437	2.251119
cakf1236	-1.1175742099125	1.81039862333088	-4.9572345	2.20949425
caml1239	0.773281137	1.02166552833632	-1.27910425	2.7127265
camp1261	0.098697158761	1.733965226846	-3.446472	3.46951175
cane1242	1.7154969644465	1.58400191471472	-1.13795075	5.1915975
caom1238	-0.800322595425	1.85400505406178	-4.515811	2.67435075
capa1241	0.1946324061115	1.44155068972716	-2.7257495	3.06114775
carn1240	-0.36876068732	1.85658515626833	-4.211537	2.9992835
caro1242	-0.24662094263975	1.90197126660716	-4.2304535	3.21765075
cash1251	1.451136450682	1.50384769495041	-1.3375045	4.67377
cavi1250	0.79994185843	1.53109196998897	-2.0304875	3.92111025
cemu1238	-0.84638324929105	1.78208183691181	-4.7642605	2.3275285
cent1989	-0.5531880504624	1.80936994851454	-4.26768225	2.77633125
cent1990	-0.3172681570965	1.83631273535719	-4.0994655	3.05447225
cent1992	-0.71980234809	1.86116382592771	-4.515288	2.70339725
cent2004	-1.589478894045	1.76878333800499	-5.424818	1.546446
cent2050	-0.504281373759	1.69333022888524	-4.1113165	2.73875025
cent2090	-0.471678961077	1.82696953931998	-4.309438	2.94281125
cent2127	-0.83875892567	1.70176997090507	-4.324809	2.20860599999999
cent2131	-1.44666195618	1.72027331507893	-5.14035325	1.575616
cent2142	-0.276196024198	1.74010749349101	-3.849655	2.93106475
cent2150	-0.956323002705	1.65211073281404	-4.4819925	1.9853555
cent2314	-0.57132881125	1.84723484087331	-4.55329825	2.81760975
cent2322	-0.398952134231	1.78612362535552	-4.32986975	2.81987625
chac1251	-0.075129301752	1.43914400930296	-3.03636825	2.71185325
chad1249	2.46722785566	1.78633605722638	-0.75534595	6.177572
chak1270	0.228984333798	1.5029189683967	-2.95952775	2.85632175
cham1309	-1.42346306717	1.58623046088073	-5.0429525	1.4456425
cham1312	-0.2445263017795	1.97421760233865	-4.514542	3.570327
chas1234	-1.555370988295	1.76345008776437	-5.53361375	1.66229675
chec1245	-0.48892469008	1.69048698205896	-4.08765225	2.7423355
chek1238	0.2416346939595	1.60346045142304	-3.11099275	3.11848875
chen1255	-0.4945456017885	1.90605361274268	-4.5832175	3.04990775
chep1245	0.9241452157825	1.13211952513955	-1.26953125	3.2275425
cher1273	-0.794485715596	1.76466940044113	-4.56487375	2.347402
chhi1245	2.25554223691	1.05836566446253	0.240509725	4.39380075
chic1270	1.9225695986375	1.67527248373809	-1.10489425	5.54589225
chil1280	-0.99317042205	1.71341834648561	-4.52438175	2.20518775
chim1302	-0.39340656854765	1.58939892499336	-3.80179025	2.45557075
chip1241	-0.7114844885655	1.69367296482377	-4.2318645	2.41575725
chip1261	1.58442895398	1.70451214985258	-1.57947775	5.261817
chiq1248	-0.6190465039285	1.79930289734255	-4.42585	2.72387875
chir1283	0.466138335651	1.15058935693584	-1.88396225	2.64243575
choc1276	2.1504886604	1.62371007463433	-0.7658019	5.6550415
chon1284	-0.584739326435	1.8403587715622	-4.5958375	2.85523124999999
chot1239	2.60252167365	1.27871292304854	0.19321795	5.2853865
chra1242	-0.51008732959	1.88604391943593	-4.5960735	2.9164765
chuj1250	-1.6629189817535	1.65067896145666	-5.098846	1.24525125
chuk1273	-0.35638155298	1.78903741165897	-4.017975	3.028206
chuv1255	-0.402460279741	1.79526224203221	-4.203695	3.06458675
chuw1238	-0.3049005645955	1.90666121792512	-4.31392525	3.230086
cici1237	-0.446867664177	1.86659631980209	-4.41476325	2.912778
coat1243	-1.88807204367	1.65928658986247	-5.6502835	0.971976225
coca1259	-1.28954988797309	1.68049915549289	-5.14542475	1.703002
cofa1242	2.13298132567	1.65066874288104	-0.828574875	5.64110675
colu1241	-0.7509759740015	1.78428964234702	-4.67133375	2.5304985
coma1245	-0.396948537855	1.69677083216308	-4.2221965	2.752646
como1259	-0.416378424283	1.75663679852789	-4.241736	2.75715075
cori1240	-0.86025354899	1.92592120542739	-4.6982285	2.60862675
cors1241	2.45477741467	1.77894498451716	-0.91938575	6.244382
cosa1234	-1.496440196225	1.73096515071881	-5.065695	1.57900575
cree1270	2.0272358670855	1.67860482983777	-1.259908	5.55983725
crim1257	-0.27542706771	1.89116885526648	-4.12572125	3.3850025
cros1244	-0.894169463765	1.86847510226103	-4.90914375	2.75828825
crow1244	1.48875458989755	1.70145475522274	-1.74857875	5.34244375
cube1242	0.9680482535745	1.43043780350143	-1.727668	4.048837
culi1244	-0.3643101983415	1.6717829946652	-3.88950425	2.6522415
cypr1248	-0.3738859330765	1.86168823831559	-4.20427175	2.98137275
czec1258	-0.306790799755	1.74799112860274	-4.133129	2.84934325
daai1236	-0.73139226222285	1.54017031093964	-4.02527775	2.0792175
daas1238	-0.576637743856	1.80612651665152	-4.27080325	2.785142
dagb1246	-0.642327226108	1.78385881061034	-4.26646825	2.6577915
dagi1241	-0.518341152915	1.76146635469331	-4.17272225	2.8098935
daka1243	0.0025522297195	1.2968839422672	-2.57418175	2.386556
damp1237	-0.3228369313405	1.88041300831906	-4.25406575	3.23308925
dana1252	1.9501194437295	1.42739679382362	-0.707210275	4.92171575
dani1285	-0.4549447743	1.78808798987017	-4.39273125	2.770623
dara1250	0.490101301775	1.29249184198228	-2.0186855	2.9299395
darg1241	-1.37797479596	1.67286426442482	-4.93135975	1.69622675
darm1243	-1.205953522645	1.66629933643848	-4.80538875	1.70302225
daur1238	-0.367006281242	1.83091561084684	-4.16908025	3.01836925
dawr1236	-1.115520060105	1.72650856978553	-4.729354	2.11443875
daww1239	0.10566025692	1.5426863757249	-3.17906025	3.105123
daza1242	-0.048481753985	1.86998681933799	-3.96688975	3.53604
defa1248	-0.93717446373	1.77704833095397	-4.918275	2.157272
dege1246	-0.7868448120425	1.80512436352359	-4.89023	2.52868875
dehu1237	-0.775421034235	1.80110165963037	-4.54299625	2.594582
dera1248	-0.8823756707435	1.6454943000279	-4.216514	2.08730625
desa1247	0.2405710719985	1.16312917031879	-2.02531975	2.4712235
dhao1237	-0.381821976643	1.81361543420225	-4.26785025	3.12616375
dhar1247	-0.36639808606	1.76020438582924	-4.04694575	2.8941005
dhim1246	0.778926984795	1.36912635574184	-1.8083475	3.52469675
dibo1245	-0.3880669061925	1.88959807323855	-4.35852	3.25638475
dido1241	-1.42181582729	1.58900569394169	-4.897381	1.473705
dier1241	-0.372085318435	1.8483944188927	-4.253701	3.02336125
diga1241	-0.11453282655	1.56121121984784	-3.3852635	2.7493005
digo1243	-0.49316859824	1.85982987372159	-4.3113975	3.07117025
dima1251	0.290512613187	1.37650953419201	-2.43461975	2.9557395
diri1252	-0.2829156108	1.88913702171158	-4.1567365	3.203119
djee1236	1.402519514483	1.42228097946223	-1.30124625	4.3159115
djin1251	-0.38083105877225	1.81462075678362	-4.13089775	3.10452625
djin1253	0.194248906894	1.60547150388296	-3.12890975	3.30937674999999
domm1246	3.45410228065	1.45807242818938	0.848257875	6.57600825
dong1285	-0.459981131499	1.70735049948823	-3.9125265	2.88978825
doro1266	0.7047333236035	1.45316371453186	-2.18211625	3.4760615
drun1238	-0.695442846865	1.66496619887539	-4.2326805	2.445147
dumb1241	-0.73942428334	1.833070173385	-4.59935925	2.67588525
dupa1235	1.1163292302905	1.60196636515657	-2.02286575	4.2111505
dusn1237	1.896101267395	1.66668341728261	-1.40311375	5.1132075
dutc1256	-0.37357337114	1.85610694517769	-4.31411425	3.07757675
dyir1250	1.804877854455	1.62477283692103	-1.12677325	4.9524135
dzao1238	-0.762734432835	1.78284517514384	-4.62907725	2.587292
dzon1239	0.21166876458	1.51480084815683	-2.91714925	3.033143
east2328	-0.6011595493615	1.73978503486336	-4.34895075	2.54872675
east2332	-0.741506031392	1.91388725287179	-4.7440655	2.87728675
east2342	0.326644124235	1.55380932074118	-2.91443825	3.29486849999999
east2379	-0.5608458006395	1.87259049032435	-4.345865	2.96682149999999
east2443	-0.32142383214	1.50624579084664	-3.2551595	2.54557175
east2447	-0.33080262681	1.97548332243729	-4.55553325	3.25496875
east2516	1.236937931373	1.30824483062441	-1.26957875	3.89354275
east2555	-0.6830848535	1.64580333660703	-4.16554725	2.31941825
east2773	0.410003805165	1.11477271172863	-1.923869	2.4692215
east2782	-0.278144288622	1.86593632804859	-4.13558175	3.282077
egyp1253	-0.2875355225115	1.87767107352513	-3.99615375	3.23885725
eipo1242	-1.02991125965	1.71014286662228	-4.59019725	2.0762575
elem1253	-0.92468945537	1.81243956446542	-4.94484175	2.31657725
emai1241	-0.662666185555	1.88996539078249	-4.53543275	2.70325725
embe1260	1.586706208373	1.46403174539434	-1.08568175	4.53761325
embe1262	-0.285235003205	1.54368544356154	-3.46773625	2.6194735
enuu1235	-1.500866542207	1.83595889793129	-5.47290175	1.7712405
epen1239	1.49941878368	1.61594610705638	-1.46916375	4.92459225
ersu1241	-0.4074613022095	1.70837581435439	-4.1555925	2.6319745
erzy1239	-0.066199625444	1.74874460610919	-3.78865325	3.1112495
esee1248	0.848894813436	1.46751071941823	-2.005419	3.8536075
esto1258	-0.76524058053	1.78266954175751	-4.448639	2.50649975
even1259	2.3592649196485	1.67674236368444	-0.763352225	5.87109975
fala1243	0.7757543800445	1.42988778738773	-2.26549175	3.660582
fare1241	-0.465272536755	1.77754111636672	-4.10525125	2.911668
faro1244	-0.284265304538	1.89698156180608	-4.19846175	3.40426675
fefe1239	-0.854251088819	1.70760117658518	-4.45599275	2.2569875
fiji1243	-0.39442071616	1.96112002527956	-4.69176075	3.18799975
fina1242	1.677391338528	1.36628143306843	-1.040969	4.30303275
finn1318	-0.56651030393	1.88833629908283	-4.493282	2.90606975
fonn1241	-0.54542928788	1.83730565586609	-4.40788475	2.79676599999999
fore1265	-0.441125830605	1.86520718244224	-4.48205075	2.99968825
fran1266	-1.398347956715	1.73484317110028	-5.1562705	1.762956
fuln1247	-0.82681437121765	1.69494394542392	-4.5780955	2.249551
furr1244	-0.413756134795	1.81904276371551	-4.08310875	3.0764035
furu1242	0.23529051408	1.81641389057921	-3.54703025	3.68998975
futu1245	-0.65063489063	1.80510992600207	-4.55636475	2.76924175
fuyu1242	0.5126836921005	1.39864055109411	-2.30254675	3.351966
gaaa1244	-0.417545037395	1.85622965286363	-4.215107	3.10153825
gaan1243	-0.6420209879265	1.61484007719589	-3.96488975	2.35667975
gade1242	-0.762515455641	1.98063546969862	-4.95524725	3.0480945
gaga1249	-0.26279408186	1.88226842533255	-4.10693725	3.17690325
gahr1239	-0.50292100294	1.79285007682703	-4.2984365	2.77622125
gali1258	-0.383660737865	1.8951340570495	-4.2082535	3.1520415
gami1243	-0.2906950728255	1.82978591500695	-3.96031425	3.17780174999999
gamo1243	-1.01987188522	1.72086934295458	-4.679817	2.28965975
gang1266	2.47176515525	1.24798966396034	0.210914525	5.0762095
gant1244	3.53226241215	1.30629886874343	1.11164	6.221115
gapa1238	0.1890834911845	1.50680597254918	-2.89455225	3.07022425
garo1247	-0.8603212328435	1.67208517349604	-4.6164355	2.1293445
gata1239	-0.90618776664735	1.73191148609091	-4.679537	2.104569
gayo1244	-0.384888249994	1.90047225456073	-4.3111505	3.13591425
geda1237	3.17396806725	1.29748618126951	0.851265475	5.83772025
gela1263	-0.16295166636	1.51936500375344	-3.322867	2.76347375
ghad1239	-0.30612795583555	1.87142815983867	-4.2890785	3.28597199999999
ghan1242	-0.425822042695	1.84987040397226	-4.20982925	3.00179275
ghar1239	0.1997433956165	1.58453095042835	-3.05579125	3.35779375
gheg1238	-0.3848213210815	1.85147056063142	-4.31923925	3.12082225
ghod1238	-1.342760511138	1.64742601631239	-5.0368695	1.58134625
ghom1257	-0.2586253249455	2.00075779722783	-4.2738705	3.682208
gilb1244	-0.2769881375465	1.86207885597291	-4.10412825	3.26629624999999
glav1244	-0.35856162703	1.46263979695296	-3.53611125	2.291725
gofa1235	-1.133314339595	1.75477593560496	-5.0561865	2.184516
gola1255	-0.160077439911	1.89907664154637	-3.99129175	3.38420575
guah1255	-1.203770168218	1.72719238630604	-4.9703345	1.88296475
guan1266	2.554293769285	1.3941404496312	-0.059015045	5.35975575
guan1269	0.1512970344915	1.25827514970401	-2.45410775	2.565513
gube1234	-0.40373289205005	1.93626591740105	-4.3237395	3.174918
gude1246	0.133871327776	1.44593205794364	-2.725281	2.975473
guer1243	-1.5347984890565	1.76887944946261	-5.30907325	1.4823155
guiq1238	0.48178881904	1.4072459945974	-2.42094125	3.171227
gulf1241	-0.3347999391785	1.79850791651041	-4.142081	3.111992
guma1254	1.6843996020345	1.58227890786715	-1.33710825	4.78731525
gumu1244	1.887464950715	1.65342098530559	-1.28401475	5.2378365
gunw1252	2.41742175824	1.52562511318253	-0.361985525	5.6184065
guny1241	-0.4798283183915	1.68177535523671	-4.02993525	2.65727524999999
gura1251	-0.572710048605	1.78836198164782	-4.54511625	2.7444875
guru1261	0.2800722422945	1.06637998721551	-1.9166545	2.205842
guru1271	-1.16955775570015	1.78799196902554	-5.007902	2.281683
gusi1247	-0.72423712934	1.87586455971611	-4.650912	2.674109
gyel1242	-0.649226087896	1.87775483767463	-4.72928175	2.93360125
haaa1252	-0.0173357400675	1.88188760805433	-3.8397645	3.422904
hadi1240	-0.968728582125	1.67771104401213	-4.564258	2.04404975
hadz1240	-0.653750559525	1.89047319581596	-4.566828	2.74937475
haka1240	2.85716522638	1.41068079118058	0.3102193	5.8195925
hakk1236	-0.57456166262	1.77541099851321	-4.288075	2.6408205
halh1238	-0.39845444806	1.86146714230117	-4.288404	3.034265
hali1244	-0.75114423126865	1.71332636966185	-4.359321	2.44539375
halk1245	1.4442082624955	1.57901024685883	-1.57626325	4.539266
hang1263	0.7028477119345	1.28532132849192	-1.803622	3.266121
hani1248	-1.2319089883475	1.77343922560119	-4.900835	1.96282625
hano1246	-0.29063019124	1.49728371723559	-3.429048	2.528133
haru1245	2.786734969995	1.20221496621307	0.51351765	5.177996
hava1248	-0.6242565085745	1.81324686635876	-4.333462	2.71731975
hawa1245	-0.172912591228	1.88694206510899	-4.165145	3.41341925
hebr1245	-0.3097468567795	1.82431416296446	-4.19183225	3.13501025
hehe1240	0.00913322819	1.82026859538591	-3.585715	3.6441335
hela1238	1.254764393011	1.18443239101394	-0.9854874	3.838795
here1253	-0.123154457205	1.86471665971874	-4.1215735	3.42958475
hida1246	1.6089438674565	1.70717785801561	-1.4741785	5.2657155
high1243	-1.2951299375425	1.71974246798954	-4.8180925	1.84714275
high1276	-1.62496222656	1.58527468608837	-5.00083325	1.2715635
hind1269	2.35385051384	1.71397343115687	-0.878065025	5.889648
hoaa1235	-0.4463857918985	1.94158284261139	-4.63201775	3.0504665
hoav1238	-0.226016863928	1.6328780205827	-3.581299	2.7485095
holo1240	2.671602105475	1.82598331785625	-0.5750434	6.43305025
hone1235	-1.14443248247	1.74284949906965	-4.91963925	2.06228225
hooo1248	0.7463080723045	1.57016710719741	-2.46355375	3.8308405
hopi1249	0.00882484547	1.72634194241899	-3.50731525	3.24142849999999
horp1239	1.308189559335	1.33887412439738	-1.3692595	3.9385315
huaa1248	-0.38502196542	1.89233050566916	-4.315573	3.2060475
hual1241	-0.41835156899	1.46758751130342	-3.539032	2.3155595
huam1247	1.0278904511245	1.49950773423663	-1.79875025	4.16966125
huar1255	-1.4247596582735	1.67834732887416	-5.00470125	1.54696025
huas1242	-1.132752360364	1.67271314269373	-4.561257	1.941928
huba1236	-0.21339697578	1.4883376624539	-3.21420825	2.62308224999999
hula1244	-0.27829468578	1.85849311994091	-4.17564	3.28419925
humb1243	0.748378885262	1.60861439355666	-2.632444	3.64596625
hung1274	2.37384851664	1.70945774509125	-0.86058965	5.695401
iaai1238	-0.857086025595	1.85251559170986	-4.766201	2.67155025
iatm1242	1.136515286094	1.38784415577443	-1.579372	3.90915325
ibal1244	1.082373013795	1.33348498689968	-1.462805	3.712853
iban1264	-0.3108511170905	1.8560414049321	-4.2124055	3.110076
ibat1238	-0.036569011218	1.85179423116116	-3.9482145	3.52209225
idom1241	-0.76373165566	1.91125203509509	-4.88482175	2.620138
idum1241	2.754526384815	1.56669415355553	-0.0516882175	6.21696
idun1242	0.793412903185	1.40137739645502	-2.07214	3.4999595
ikkk1242	-0.521634300055	1.82390109588887	-4.24313825	2.90888375
ilaa1246	-0.212501674875	1.88178403079369	-4.10899075	3.405787
iliu1237	-0.545009704849	1.8092889081308	-4.319212	2.89398099999999
ilon1239	1.7310205176458	1.32200256069432	-0.7681497	4.32175025
imba1240	1.9124189095	1.61910166783288	-1.0209455	5.38204025
ingr1248	-0.8660699672085	1.82812814767876	-4.763467	2.497563
ingu1240	-0.42161487481	1.56454818289904	-3.73145775	2.611126
iqui1243	-1.05028606516	1.66176451899607	-4.628697	1.81855575
irar1238	0.746430256098	1.67086297680769	-2.38253775	4.08067725
iris1253	-0.271976282985	1.86348324218988	-4.1058495	3.239338
irul1243	-0.556396524159	1.86177398577449	-4.27444925	2.973182
isco1239	2.19167927697	1.57832112173619	-0.637101225	5.75035125
isir1237	-1.068135846705	1.72575958161848	-4.900637	2.0480565
isna1241	0.3431220375603	1.76650301299406	-3.2644235	3.61451099999999
isth1240	-1.67389860267935	1.64874524812177	-5.23971325	1.2160995
isth1241	-1.5535059479175	1.61698091842774	-5.0495055	1.343585
ital1282	-0.003479320933	1.87969047138013	-3.905879	3.3997285
iton1250	-0.92719608514	1.61849063257846	-4.18918	2.05331425
itza1241	-1.046241554672	1.90356678122284	-5.08679025	2.45801375
iumi1238	-1.435973345941	1.69509084916601	-5.230143	1.6814805
ivat1242	-0.30517631196	1.80651335448084	-4.06964425	3.1744075
iwal1237	-0.413726219445	1.49139790711543	-3.5230305	2.37851025
iwam1256	-0.39214876944	1.52213824788576	-3.3180085	2.66416
jahh1242	-0.6757750258305	1.82055908812699	-4.57974025	2.47398
jalk1242	1.75864894997	1.59846906783568	-1.35236775	5.015013
jama1261	1.203430515874	1.4969715025966	-1.62802975	4.25590575
jamb1236	-0.257413582055	1.88999077633134	-4.1939795	3.37944975
jams1239	3.9559168804745	1.43852044138989	1.4034795	7.00606725
japh1234	2.772156925395	1.4591528607326	0.16216845	5.84447299999999
jaqa1244	-1.26393534916	1.74457602148966	-5.093283	1.83761575
jede1239	-0.63108933121	1.79220575978071	-4.56439025	2.7106115
jeha1242	-0.65262160678	1.8329278445551	-4.36172375	2.64961625
jehh1245	-0.812978420633	1.799640811747	-4.738838	2.5430285
jina1244	-0.65069613427	1.60279884283345	-4.2594435	2.2631725
jita1239	-0.510445788285	1.88394674533489	-4.478811	3.00056075
juku1254	-0.6055385790685	1.66387065448921	-4.08548	2.54305925
jurm1239	-0.3764001183405	1.80192674751851	-4.0985765	3.11771725
kaba1278	1.70453300452	1.66003770538921	-1.446532	5.15128525
kaba1281	-0.4073036920255	1.82846252350313	-4.1371175	3.06872675
kach1280	-1.142295401447	1.71898326849765	-4.82423625	2.043499
kach1284	-0.765079881345	1.74257864461787	-4.4829505	2.51443225
kado1242	-1.46066269421	1.7061198807653	-5.2076275	1.482566
kafa1242	-0.98323092484	1.75836659382366	-4.689903	2.2755505
kaga1256	-0.56455403247	1.8313068911423	-4.5364825	2.61823225
kaik1246	-1.052302645675	1.54937581878833	-4.30042625	1.7754135
kaki1249	-0.03955555670666	1.461179567459	-3.11922125	2.756316
kala1384	-0.145744336684	1.83752987221892	-4.0478875	3.486773
kala1399	-0.5326369780165	1.84649237237506	-4.527207	2.8884545
kamb1297	-0.506679560636	1.96785769697543	-4.7365565	3.2672175
kamb1299	-0.447901495138	1.94772029403614	-4.45794125	3.1468305
kamm1249	-0.748283327146	1.74435092091353	-4.395848	2.50680775
kamu1260	-0.30464240079	1.68346867407131	-3.9492255	2.7356295
kana1286	0.054125359945	1.57789144494715	-3.23854175	3.02544925
kana1291	1.973332227055	1.6634265461442	-1.15574475	5.61346625
kank1243	1.2537765133345	1.37479684722404	-1.457983	3.89610825
kaqc1270	-1.5052653435	1.67650564768175	-5.01686375	1.41558175
kara1476	-0.696750769795	1.77979581854034	-4.57986675	2.49059225
kara1486	-0.860622476155	1.72151637721574	-4.59323725	2.355368
kara1487	1.583842477375	1.21182629124902	-0.842945375	3.8587215
kara1500	2.0681219466395	1.69435333189796	-1.044138	5.5505195
karb1241	-0.0194430278545	1.43011859507331	-3.01037925	2.7124305
kare1335	-0.48257818695	1.80081433613154	-4.25565	3.00078125
kare1338	-0.42384791729	1.78756185483182	-3.950636	2.862533
kari1311	1.486838581615	1.61993473390312	-1.6071965	4.83871125
karn1252	-0.2230988958095	1.55070980491504	-3.42567475	2.62611625
kash1277	0.518652015515	1.66751622731278	-2.89351025	3.543574
katb1237	-0.480321940729	1.37289003233989	-3.33073025	2.08112975
kats1235	-1.3372941909125	1.72413727052227	-4.888225	1.771795
kava1241	1.494763043995	1.53909076566894	-1.4498875	4.51745025
kaya1315	1.846584381995	1.49621930789853	-1.12807425	4.85054175
keda1252	-0.721771080936	1.70508054653475	-4.4067655	2.40391
keig1242	-0.426288633201	1.80248500845342	-4.0846575	2.994436
kele1258	-0.39933126696	1.72865399456266	-4.02321525	2.774272
kele1259	1.8251129156327	1.24412959300394	-0.668284575	4.244111
kemb1249	-0.4453628312145	1.8693353179222	-4.305824	3.08809175
keme1240	-0.3475901272105	1.53713414605602	-3.44657175	2.488149
kens1248	-0.623625520889	1.89045688907	-4.6054505	2.77330575
kenu1236	-0.24985590891	1.83855242696203	-4.0994995	3.1548575
keoo1238	-0.5738317074075	1.87586280197831	-4.68442675	2.97069475
kera1255	-0.5219234709265	1.63049959078423	-3.919035	2.54598775
kesa1244	3.36834112369	1.43692333893849	0.773531975	6.43317125
kett1243	-0.2815954393885	1.79907460293206	-4.002042	2.9187885
kgal1244	-0.4329342396585	2.05237739803836	-4.713699	3.36496875
khak1248	-0.52796976875715	1.77363340229446	-4.423624	2.7713535
khal1275	1.13601624391	1.05035936713304	-0.971680975	3.1705155
kham1282	2.163815582785	1.6822446598819	-0.922236075	5.72296224999999
khan1278	-0.954587762382	1.77763133182455	-5.015815	2.20424625
khar1287	0.1104954176725	1.76457231435464	-3.5011225	3.39460125
khas1269	-0.63857248941	1.57925642437796	-4.03571625	2.237996
khez1235	0.5943121967765	1.14655023974391	-1.78296275	2.764267
khin1240	-1.307124371438	1.67655512858946	-4.86885525	1.640244
khmu1256	-1.0878265738895	1.80334128927043	-5.12322675	2.13923675
khva1239	-1.48513615068	1.56057018507067	-4.92619575	1.2747785
kich1262	-1.5387344437045	1.67433513672399	-5.1219425	1.44819224999999
kiku1240	-0.547906755643	1.88860864296103	-4.48024975	3.0962105
kile1243	2.14636868757	1.66561724281222	-0.96412615	5.7432555
kimm1245	-0.947562870805	1.71850495552016	-4.57899875	2.2247335
kina1250	-0.37154732838	1.85881300821562	-4.2135085	3.0776205
kinn1249	-0.67588155785365	1.76512307499464	-4.54766425	2.46269475
kiow1266	1.988316675415	1.71804520155493	-1.27771275	5.76901825
kips1239	-0.74159938526	1.8552745218467	-4.497391	2.7804135
koda1255	-1.02561247012	1.75305976096297	-4.72798675	2.26831224999999
koit1244	1.279441958837	1.38231061326066	-1.32589675	4.08544425
koko1269	0.418330255642	1.62226717366352	-2.98519525	3.46978
kolb1240	-0.3519372156675	1.88002068709806	-4.40143425	3.23732975
kolc1235	-0.533980711815	1.81387036952963	-4.39323325	2.74909099999999
kolu1245	1.1300231906	1.44338018820974	-1.85554	3.86566175
komb1274	-0.830416284365	1.8223848550131	-4.66970425	2.625157
komc1235	-0.5296899281465	1.51648969388965	-3.61369725	2.3937625
komi1268	-0.4705903246152	1.80355170267124	-4.22428825	2.99547775
komi1270	1.1464019157205	1.22400469285553	-1.282942	3.581753
komo1260	-0.14701516492	1.8491086595059	-3.8901385	3.2550915
kona1242	-0.720125758845	1.68028630749184	-4.3219595	2.29756025
konk1267	-0.3875186753525	1.76385460886786	-3.97495125	2.97426125
kony1248	-0.109287088935	1.36614615799086	-2.99882375	2.469578
konz1239	1.005834534948	1.62780668392354	-2.1343105	4.184359
koon1245	-0.461081905399	1.8569801617226	-4.31080825	3.11406649999999
koor1239	-0.3200683419445	1.70675900001465	-4.03172025	2.91076825
kore1280	2.11379043708	1.66390806846556	-0.9036674	5.53555475
kore1283	-0.280348411099	1.57343136356477	-3.6209275	2.6324
kork1243	2.78139689507	1.62343864361135	-0.195039375	6.23689849999999
koro1298	2.19119097301	1.40206297467665	-0.500021575	5.095821
korr1238	-0.879000318015485	1.65173523218281	-4.30638075	2.15221725
kosa1249	-1.0353886551005	1.71269190007578	-4.60515275	1.99162275
kota1263	-1.095152561395	1.79539668984735	-4.82873575	2.1409165
koti1238	-0.289223427885	1.84870913360694	-4.23191575	3.30711225
kova1243	-0.148165931945	1.56550661742068	-3.43979675	2.6473685
kove1237	-0.77756885773965	1.73856292266688	-4.52382325	2.31238275
koyr1240	0.510891604045	1.75470720091896	-2.9178965	3.98723199999999
koyr1242	-0.29996063015	1.87780283113979	-4.2852235	3.2729245
koys1242	-0.4946153129	1.80691899617276	-4.23161275	2.84279
kryt1240	-1.28542007399	1.65017542921859	-4.99945825	1.63700675
kuan1248	-1.07995633917	1.70108543516689	-4.65383275	1.90394825
kuku1280	2.327628360725	1.71530837880527	-0.966090675	5.788423
kulu1253	1.63459178766	1.05509739430392	-0.405394075	3.7796235
kuma1276	-0.672318680205	1.78068623931833	-4.523786	2.5454245
kumb1268	-0.650635209855	1.79799652550117	-4.39956875	2.565862
kumz1235	2.530813970488	1.78564270100739	-0.69843175	6.33565975
kuna1268	-0.4318786101685	1.79393154882457	-4.039196	2.91866925
kunb1251	2.06855119503295	1.38534344895554	-0.6049238	4.94021225
kuni1267	0.132502306391	1.44494522708449	-2.883309	2.82095
kunj1245	0.06792978896	1.79412577672953	-3.6014485	3.37868175
kuot1243	-1.035712933165	1.65970493093289	-4.7096305	1.8985005
kusa1251	-0.317742112885	1.65530202160633	-3.58999825	2.74462875
kusu1250	-1.08554221829	1.62736865258436	-4.55934575	1.80059325
kute1248	-0.69357406156025	1.64802619701067	-4.13160375	2.394912
kuyy1240	-0.658365163975	1.84995679886481	-4.579492	2.70164325
kwai1243	-0.44868409127	1.55832807327993	-3.782001	2.4618975
kwam1252	-0.767885506222	1.69815624978044	-4.4021735	2.2174165
kwar1239	-0.448865990729	1.56821422560353	-3.98392	2.349849
kweg1241	-0.85039124095095	1.71998190513857	-4.4742915	2.31806225
kwin1241	-0.24476944024085	1.76282577405721	-3.95343925	3.1285705
kwom1262	0.82579883766	1.28931747158114	-1.69006625	3.37886575
kxoe1243	-0.1464154597175	1.82046416124389	-3.81080875	3.30863324999999
kyer1238	1.308322489886	1.22664555420598	-0.93151285	3.90665325
laal1242	-0.44200220457	1.86463579716896	-4.269524	3.00714325
labo1244	-0.3785490522655	1.42432564309015	-3.2836145	2.272542
labu1248	-0.105910888556	1.3311059875806	-2.8339355	2.34162025
lagw1237	-0.65343220192	1.60557050012811	-4.1972665	2.29045875
lahu1253	-1.48779038856822	1.62812814860544	-5.02074175	1.2463755
laiy1246	-0.1998330316695	1.92114405036643	-4.13979275	3.473763
lakk1252	-1.549882268335	1.54985526902386	-4.87951475	1.31497775
lala1268	1.220240804355	1.38546296249986	-1.4388015	3.92808075
lama1277	-0.70115038443	1.72987818755821	-4.3345775	2.474732
lamb1272	0.972557432413	1.75843499529809	-2.63821475	4.17084875
lame1260	0.627325676006	1.33102301861844	-2.15169075	3.09380325
land1256	-0.510000864575	1.80022515688111	-4.25869625	2.8644245
lang1320	-0.72544251608	1.79914414673457	-4.47727	2.592223
lash1243	-1.5221082735885	1.7511051661616	-5.42847625	1.498397
latv1249	-0.702042715075	1.82359480831499	-4.61619175	2.55159575
lave1248	-0.827066943105	1.89046061011643	-4.82684825	2.63314575
lavu1241	1.447577089885	1.61429845409863	-1.66471925	4.69127775
lazz1240	-0.44448487533	1.76952584172499	-4.06617525	2.890401
lega1250	0.349433767245	1.84953378723194	-3.402201	3.98084774999999
lele1267	-0.055734878265	1.62928092947999	-3.41061075	2.94994875
lele1270	-0.4353041828865	1.68799860781764	-3.92033925	2.5356405
lele1276	-0.632497921805	1.83436000892086	-4.577292	2.75767775
lemb1266	1.694676566725	1.2912790928035	-0.946907275	4.28644275
lena1238	-0.7861373111155	1.71674073494223	-4.52979475	2.32493825
leti1246	-0.5567689592319	1.81057667857471	-4.63977675	2.71188475
lewo1242	0.6405718236465	1.39544376071131	-2.17534425	3.318873
lewo1244	-0.7111252015325	1.7609364565602	-4.34378775	2.6094265
lezg1247	-1.393183019825	1.59999340054851	-4.84516575	1.360725
libi1244	-0.5345588566835	1.9141094086833	-4.415568	2.9677645
liby1240	2.544772140535	1.75691886590496	-0.587083	6.16714475
lika1243	0.215406052385	1.85799096131641	-3.74183725	3.70983425
lill1248	-0.311172809479	1.73963769399362	-3.87339675	2.88400449999999
ling1265	-0.52416459204	1.37033256147432	-3.37127775	1.93619324999999
lipo1242	-1.637570435907	1.74597615270083	-5.5775275	1.42035174999999
lish1245	-0.5665262468505	1.8391006152602	-4.4920575	2.92887925
lisu1250	-1.301903553975	1.75510725258816	-4.7982445	1.9377675
lith1251	-0.623693185035	1.8997661498688	-4.69707875	2.69406825
litz1237	-0.623774510335	1.39941870435576	-3.6569865	1.869621
livv1243	-0.591899554465	1.74257226061629	-4.42096675	2.57826925
loba1239	-0.553628133485	1.88643903319683	-4.4620535	2.97178075
logo1259	-0.3416498004475	1.8194148239622	-4.03304825	3.10028675
loka1252	-0.892563147865	1.83977399305471	-4.77515775	2.43754225
lolo1259	-1.579223454765	1.73340918745843	-5.6562785	1.45999425
lomb1257	-0.3579283	1.92584555913724	-4.49166475	3.20123825
long1395	-0.141844050363	1.57278088782971	-3.3664005	2.78631599999999
loni1238	-0.444449017568	1.67726205710137	-3.92569325	2.50293175
lote1237	-0.79237438958	1.84412072217381	-4.635871	2.4942755
louu1245	-0.4126936054895	1.70638554656376	-4.0672365	2.64106375
lowl1260	-1.62315842554	1.76524890414748	-5.4645035	1.4616055
lowl1265	-1.59173815558	1.65339232248442	-5.29360725	1.29759875
luan1263	-0.507597463705	1.81771340923914	-4.50986925	2.9134165
luch1239	2.3323111255105	1.6663936502705	-0.818456375	5.8273245
ludi1246	-0.60944911824	1.85692580085417	-4.6629075	2.798162
lugb1240	-0.375898044045	1.91288263898334	-4.25647325	3.16982675
lugu1238	-0.390802819352	1.87692129797198	-4.204816	3.10012225
lule1254	-0.645013382809	1.73884167784866	-4.24386	2.51380725
lumb1249	-0.2358052794075	1.87957786905675	-4.09765675	3.38896925
lumu1239	-0.4829022413215	1.83169324346579	-4.37511325	2.88854349999999
lund1266	-0.0930616418205	1.80275603193537	-3.7260175	3.416217
luok1236	-0.6869271590605	1.79991731209273	-4.4493485	2.64557375
lush1249	2.84204828287	1.38308201634525	0.3046725	5.80383149999999
lush1252	0.384418888616	1.55112565423848	-2.74230025	3.46814825
luva1239	1.63677927557835	1.63051994966418	-1.57166375	4.969888
luya1241	0.90502138331	1.66649727272942	-2.42993625	4.072383
maan1238	-0.25994903975	1.89720985083537	-4.1534675	3.17343499999999
maba1277	-0.4009600608205	1.85752218603529	-4.200398	3.2590865
mace1250	-0.419141558775	1.87302224284008	-4.192128	2.948081
maco1239	-1.143897020765	1.75721116970614	-5.0545375	1.980352
macu1259	-0.242222935672	1.57879123231862	-3.6026935	2.7469075
macu1260	1.63917848275	1.35055581787226	-0.8659103	4.38951575
mada1285	-1.11780724461735	1.68818486384667	-4.677211	2.03430475
madi1260	-0.5816557115205	1.84191604898312	-4.54673725	2.90348225
maee1241	-0.7120278108275	1.43535551481257	-3.810936	1.895777
mail1248	-0.0840765513645	1.65912671214882	-3.58992825	3.22107374999999
mait1250	1.11194880067	1.36957666016317	-1.67064675	3.82097375
maja1242	-0.89795331655	1.8023149417953	-4.534925	2.5787465
maka1304	-0.47685429032835	1.85156664398385	-4.233909	2.95113175
makc1235	-0.786652658985	1.76602686647009	-4.55766475	2.48751075
makh1264	-0.347784540628	1.77411502998906	-4.098546	3.11795725
makh1266	-0.3031538480415	1.92834523864	-4.23377425	3.28182675
mako1251	-0.2846042248345	1.87103182464969	-4.16262475	3.20727475
mala1463	-0.6941515280625	1.76070371591449	-4.2701545	2.6972225
mala1464	-0.8207764436345	1.85637112884471	-4.7357505	2.56730125
male1284	-0.937115602419	1.68615223326275	-4.58662375	2.279737
male1289	-0.5834046676295	1.63696689122132	-3.8809585	2.433228
male1297	-0.577253233791	1.64870509256653	-3.99196275	2.4853545
malg1251	-0.5302783088725	1.65958903153709	-3.9031265	2.47186625
mali1285	-1.309489889647	1.74614878622178	-5.07924225	1.8743165
malo1243	-0.691743434492	1.50507023831171	-3.93094275	2.0262675
malt1254	0.337618243565	1.70868924162598	-3.0924225	3.60013175
malu1245	-0.71548822086	1.47248656429738	-3.949161	1.9391875
mamb1294	0.02878468847	1.55940301468633	-3.0306825	3.10125425
mamb1296	0.3180450951623	1.82686481377741	-3.50284375	3.726614
mamm1241	-1.515126948755	1.79780114416703	-5.41335625	1.76765849999999
mana1288	-0.317640046625	1.40890457758566	-3.22772125	2.4108185
mana1295	2.444783948795	1.24536720138882	0.12561765	4.8245185
mana1298	0.8601687285665	1.27783833894858	-1.6482375	3.387414
mand1415	-0.5422245744275	1.75772003009662	-4.2858965	2.71119175
mand1440	-0.91256037931	1.72511557892911	-4.55445225	2.3692935
mang1381	-0.20395855249	1.73300504593573	-3.76939025	3.10518825
mang1401	-0.191763774722	1.89847808866927	-4.11655975	3.345501
mang1403	-0.840490383229	1.83026489042307	-4.66941025	2.3125345
mang1405	-0.496319928975	1.84921187561152	-4.46681325	2.993099
mani1235	-0.03685502125	1.65767580719818	-3.42033875	3.09371325
maor1246	-0.219790604102	1.85562967760255	-3.8951685	3.222997
mapo1242	-0.170852670361	1.36562011373098	-2.9726725	2.2943985
mapu1245	-0.773163223581	1.70461321047689	-4.439098	2.4603985
maqu1238	-1.2378070847745	1.66361395864582	-5.03426075	1.70915175
mara1378	-0.372816031475	1.81571745995331	-4.14304575	3.054214
mara1379	0.6726961128505	1.13737417131595	-1.67156175	2.79227825
mara1386	2.8817157556425	1.53011797138926	0.222805225	6.12071025
mara1399	-0.68795609225	1.4237933286191	-3.78118325	1.827438
marg1265	-0.4808826265155	1.58455510119516	-3.72722475	2.42401575
mari1426	-0.005674273974	1.6220149712012	-3.36046425	2.9824165
mari1440	-0.9109725615615	1.64684785649613	-4.437104	2.1613365
mars1254	-0.1913369307915	1.84453405332998	-4.1308235	3.34269
mart1255	-0.32326507224	1.68981857073894	-3.88630875	2.645893
maru1249	-1.542933312915	1.69841058584193	-5.241791	1.3999685
maru1252	-0.64164067584	1.76367129695698	-4.37072625	2.54844924999999
masa1322	-0.6165348798105	1.69352908173747	-4.113647	2.7039135
masb1238	-0.35736521726	1.93270600408672	-4.36554375	3.220721
mask1242	0.08040692344	1.32999872599683	-2.75218575	2.55989775
mati1250	-0.4529952279515	1.88371775317836	-4.426454	2.960104
matu1259	-0.269391795884	1.8989438672719	-4.213748	3.30116275
matu1261	3.27956599526	1.3619625137042	0.72855155	6.19630225
maun1240	1.69898628119	1.42096780281578	-1.10368725	4.4293095
maxa1247	-0.87826599602	1.67502586247581	-4.42592175	2.201719
maya1285	1.97780515121	1.61423831751712	-0.873112475	5.39731425
mayo1261	0.472224383267	1.81079148430267	-3.2348425	3.944129
mayo1264	-1.149771843315	1.69760533396837	-4.781634	1.9220205
maza1304	0.44901842254	1.42131443248669	-2.2472245	3.246483
mbaa1245	-0.1368556369225	1.81138746039492	-3.72491575	3.15543174999999
mban1263	-0.3587008645055	1.87358350315651	-4.263497	3.18318325
mbar1260	-0.66830974415	1.73180196051041	-4.3346755	2.5668465
mbay1241	-0.576052521735	1.88360517494793	-4.49925725	2.8451595
mboc1235	-0.9217960282085	1.7595425171539	-4.62344675	2.26417125
mbul1263	-0.33550410717	1.57229759337068	-3.55792675	2.446704
mbya1239	-0.832386941795	1.64636110070487	-4.3481245	2.0994075
meen1242	-0.951223612955	1.82395133573362	-4.97244	2.41479325
mehe1243	0.2278331154765	1.3299495137241	-2.51946375	2.740781
meke1243	0.50228697829	1.34407736153229	-2.10865225	3.0820655
mele1250	-0.134251465975	1.63462705492021	-3.58160625	2.78996025
mere1242	-0.389749012792	1.61787425563102	-3.803594	2.54517075
mezq1235	-1.18824027241	1.76514982276916	-4.95188475	2.15608925
mids1243	3.3611852315	1.78783877398415	0.069209455	7.05609025
miju1243	-0.294829595865	1.57252093150255	-3.60869275	2.57208425
mikm1235	-0.776292835245	1.70020102688509	-4.629907	2.175941
mila1245	2.669159969265	1.57110631020559	-0.110751425	6.034488
mina1276	0.621335078755	1.40037961252663	-2.1034725	3.40417149999999
mini1251	-1.09926389369	1.70161132814026	-4.56693325	1.88175125
mini1256	0.645055013685	1.51294044602145	-2.33252525	3.73817525
minn1241	-0.3779920969725	1.77744040534249	-3.97288675	2.97014225
misk1235	1.98041508331	1.56384757056376	-0.868403075	5.52747125
mixt1426	-1.854535374685	1.6856913116804	-5.57473275	1.13464
miya1259	-0.4780443985285	1.82122164704885	-4.38209325	2.83509775
miya1266	-0.9341269248312	1.81485512853795	-4.64709575	2.36976049999999
mlab1235	-0.8606093630335	1.74774407273546	-4.73626825	2.373069
moba1244	-0.510737232019	1.73931621609619	-4.2589415	2.70566575
moch1257	-1.61142849508	1.7192407005356	-5.27672	1.53406425
moco1246	-0.601866457965	1.72261639566546	-4.308812	2.625137
mode1248	-0.31275597461	1.94169466707893	-4.35207225	3.3735645
moha1258	2.10175148183	1.64751136019368	-1.064148	5.596337
moke1242	-0.3121509255	1.88494105049544	-4.14657175	3.220889
moki1238	-0.346667732745	1.84706630929682	-4.1669185	3.0914095
mokl1243	-0.5351534283925	1.87806011274194	-4.4098385	3.07334475
mokp1239	-0.956568646565	1.85159097494177	-4.8206715	2.50528725
moks1248	2.220700453025	1.70743310133416	-0.88703305	5.6497285
molo1266	-0.08162832719075	1.44100139257316	-2.908523	2.80032275
mono1273	-0.6470467961325	1.87000672988912	-4.52028425	2.967375
mono1275	-0.8210225188304	1.74285976621738	-4.482225	2.26187499999999
mopa1243	-0.97628944299	1.79804659524249	-4.81518	2.25132325
morm1235	-0.1040528055615	1.71704306195288	-3.49638675	3.13616775
mose1249	-0.7111962571015	1.65630397237651	-4.0698875	2.366324
motl1237	1.37697437538	1.56672075777113	-1.84718075	4.40484799999999
motu1246	1.605712575425	1.4465830690102	-1.0654295	4.36848475
movi1243	-0.347487665592	1.68750098367001	-3.8096315	2.87738075
mpad1242	-0.30109714124	1.760119910359	-4.1617355	3.0424645
mpii1239	-0.7201391435075	1.80762279829223	-4.540894	2.54840275
mpot1240	0.003090857745	1.79212056831256	-3.7005295	3.26680925
mpur1239	-0.525296276445	1.69178428981384	-4.17577	2.68280725
mual1241	-0.420963641352	1.9172219578492	-4.4571435	3.296409
mudu1239	-1.0595647951895	1.7119987308329	-4.951381	1.989036
mudu1242	-0.7063683533445	1.84839430977654	-4.59619075	2.804932
mull1237	1.69768619626	1.48807022439612	-1.0900765	4.60137075
munc1235	-0.605672342061	1.67797104238838	-4.3680595	2.48072625
mund1320	2.05475417244	1.76077837925554	-1.24110475	5.71919374999999
mund1325	-0.07247378148	1.57277812807958	-3.133014	2.98783475
mund1326	-0.414173775415	1.95916723984893	-4.38166	3.17916625
mund1328	-0.6023296359465	1.54915382232361	-3.91482675	2.19461675
murl1244	-0.62679543259	1.87458695101033	-4.43892525	2.69563325
muru1274	1.252932280202	1.48090775873823	-1.618876	4.36482275
muso1238	0.1896520370755	1.27757620317209	-2.39493225	2.73706625
muyu1244	0.39857502609	1.86166676317148	-3.39762925	3.90947675
mwag1236	-1.089387881795	1.78431956129723	-4.94042025	2.09707474999999
mwan1247	-0.288981952742	1.91964627003929	-4.27105375	3.4846685
nade1244	-0.73804916928	1.64338300333169	-4.290214	2.38697325
naka1262	-0.890192915935	1.84922328024469	-4.8353595	2.44412325
nali1244	-0.9615121525695	1.68504687834683	-4.5945685	2.13578425
nama1268	0.4653177002745	1.49729606467678	-2.5537865	3.3224575
nana1257	0.51430717756	1.59767361435388	-2.73204425	3.5761935
nand1266	-0.6321024248345	1.79324478029835	-4.2834355	2.79122175
nang1262	-0.332029421262	1.75375071674816	-3.95522475	2.9739525
nant1250	-1.049655378245	1.68509575518277	-4.668423	1.98770074999999
nara1262	-0.45021310439	1.88576893475562	-4.221862	3.108856
naue1237	-0.553376280675	1.77189920894397	-4.11629825	2.7672425
naur1243	-0.134615802525	1.86644871479478	-4.01108575	3.38560499999999
nava1243	1.33734053587	1.56452589556625	-1.6961815	4.45099025
nawu1242	-0.603518134053	1.83467062252114	-4.60519825	2.83517475
naxi1245	-0.6519034900965	1.55970419201388	-3.83597275	2.221629
ncan1245	-0.2859980207215	1.49757335271651	-3.39667975	2.41986375
ndam1239	0.02027754942	1.81782489573679	-3.77345175	3.57756175
ndog1248	-0.144270185617	1.87181623547757	-4.0458975	3.30343575
ndun1249	-0.1799449850065	1.83784563643661	-4.03710225	3.34924025
neha1247	-0.684346858475	1.85164959014379	-4.4334695	2.74486075
nend1239	3.42358020865	1.2202826470436	1.1850885	5.86618875
nene1249	-0.43981601302	1.83836586276724	-4.38890875	2.89027825
neng1238	-0.58004460599	1.87694415571514	-4.532287	2.952116
nenn1238	0.7598846307835	1.48843479133331	-2.22465675	3.610464
nese1235	-0.718004211861	1.46478507336711	-3.86161425	2.007422
newa1246	0.93941227889	1.16698409101368	-1.352626	3.237845
nezp1238	-0.904523279898	1.68042625897865	-4.3083885	2.27714125
ngaa1240	-0.55209113498	1.75080463210977	-4.13102775	2.77526375
ngam1268	-0.595316831688	1.8662223784695	-4.34206625	2.8705525
ngan1291	-0.455164664965	1.81688428474948	-4.16069375	2.900863
ngar1235	0.144964698004	1.76997465560157	-3.483863	3.5521925
ngas1240	-1.13860996397705	1.75091649841624	-5.02895075	1.90210925
ngba1284	-0.360320898315	1.85434596444945	-4.13096125	3.187425
ngba1285	-0.544927825335	1.86859189051025	-4.49175725	2.98818425
ngit1239	0.8726160011627	1.67779646977411	-2.413024	4.13729625
nhan1238	-0.4642151379005	1.81743932885114	-4.38732825	2.880276
nhen1239	1.407493474491	1.5781671719755	-1.54593825	4.81080325
niha1238	2.83266932475	1.68038941659949	-0.1360653	6.39030775
nila1242	-0.5739190796995	1.87866378282604	-4.68080525	2.8098385
niua1240	-0.3757855104725	1.82039896467556	-4.41155025	3.09348975
niue1239	-0.1917939360365	1.96304149162662	-4.30784475	3.786632
niva1238	1.93913957303	1.68332332634735	-1.2587015	5.53590975
njan1240	1.4977498120537	1.59119608456182	-1.58148725	4.82628825
noct1238	-0.237269039815	1.48455820397458	-3.3022015	2.47177825
noon1242	-0.27331925832008	1.85934999179136	-4.02975	3.18257724999999
noon1243	-0.235066412815	1.4862379715989	-3.31563275	2.561587
nopa1235	-1.783064814114	1.67042335042336	-5.494198	1.05408225
nort2671	-0.429869258209	1.858428323131	-4.22460975	2.9904995
nort2684	-0.610274805385	1.81195054781704	-4.43878425	2.93235325
nort2690	-0.411135084355	1.79802722542939	-4.1399555	2.8479575
nort2702	-0.5815947516545	1.82604871419577	-4.4015715	2.819801
nort2722	1.541690434502	1.38967211180611	-1.12374775	4.32304975
nort2723	-0.0864511408725	1.54657136127044	-3.27257975	2.78900275
nort2724	-1.30816174601	1.69739418409485	-4.88794775	1.693368
nort2732	-0.78364376203	1.74935017858117	-4.44952075	2.355864
nort2745	-0.594006191035	1.80012888203613	-4.45699525	2.61823925
nort2747	-0.8194530943785	1.85860240017007	-4.97575625	2.5018815
nort2839	-0.0193523329266	1.33551913711751	-2.7915565	2.5399745
nort2845	2.73223592269	1.77945161829633	-0.56957025	6.5459005
nort2885	-0.487673760742	1.8150279698049	-4.147531	2.97029725
nort2930	0.354215082115	1.55344818465514	-2.815811	3.43654975
nort2938	2.4949587243	1.60646336342779	-0.4852587	5.90263
nort2942	1.57884325452	1.65831639465239	-1.510866	5.1046295
nort2954	-0.692711465355	1.78269936475285	-4.4484115	2.606293
nort2959	-1.317703433425	1.71825589905756	-5.0736975	1.8112345
nort2961	-0.84168008502	1.69211549992674	-4.4210045	2.2427125
nort2972	1.880030512715	1.51291631840528	-0.764364325	5.0682865
nort2980	-1.4345606627575	1.62812280071926	-4.93760875	1.615035
nort3047	0.0502749850815	1.41779029795594	-2.73020425	2.82669
nort3139	-0.457805453376	1.8171423329495	-4.2324885	2.84636425
nots1237	-1.034505584715	1.67724733012428	-4.78743525	1.99615725
nucl1235	-0.792838949634	1.85184636769975	-4.61938375	2.6448555
nucl1301	-0.41224877788	1.77421744498249	-3.9890235	2.84983925
nucl1302	-0.46737580173	1.76130220444018	-4.0422005	2.84715
nucl1305	-0.7417421444835	1.74941129764619	-4.3780055	2.656828
nucl1310	-0.6850326558	1.54252847565898	-3.916324	2.11303375
nucl1417	-0.89317340997	1.80362732928974	-4.89226525	2.31382625
nucl1458	2.511540415475	1.18687906861223	0.26078265	4.81377125
nucl1595	-1.176098605555	1.74515770263333	-5.173787	1.966076
nucl1622	2.03063878816275	1.73469279063223	-1.24047525	5.65107375
nucl1633	-0.865836536989	1.80022223940843	-4.5595205	2.47801875
nucl1706	-0.419516082362	1.89557898521021	-4.18470525	3.04257975
nuer1246	-0.46721777814	1.84295111744331	-4.4223065	2.9703605
nukn1238	1.18367341064	1.28963834251088	-1.28921475	3.826478
nupe1254	-0.588862531045	1.85381167701004	-4.51825475	2.8295215
nuuc1236	-0.63513378979	1.73992936797463	-4.2192925	2.637611
nyah1250	-0.409554044715	1.82723974593502	-4.22948875	3.052268
nyal1254	-0.49172298435	1.88306313367684	-4.52231	3.05184275
nyam1285	-1.0884311526635	1.79152274452865	-4.8277405	2.2423605
nyan1301	-0.31863741574	1.77818792827528	-3.9268965	3.11775525
nyan1307	0.758146529515	1.71985321243853	-2.53813875	4.053432
nyat1246	-0.546804568955	1.86884607349238	-4.41332925	3.153535
nyor1246	0.9856697894825	1.70131893356787	-2.252904	4.37429025
nzak1247	3.3659794703	1.77585970913063	0.053386495	6.964582
obok1239	-1.03813364892	1.69494415409805	-4.67642475	2.00354149999999
occi1239	-0.100572803965	1.79338476438235	-3.95044	3.22228475
ocot1244	-2.054816019985	1.63111109998709	-5.73066625	0.895101124999999
okan1243	-0.6675411676	1.67349405254082	-4.11746	2.4642945
oksa1245	-0.556029429505	1.65424401556595	-3.98767775	2.5511635
oloo1241	-0.430066288397	1.47583921671323	-3.428683	2.3470695
olut1240	-1.70020765916	1.6595319086203	-5.24263475	1.265759
omah1247	2.03031304884	1.66892277242948	-1.0030075	5.5445115
onto1237	2.666765744643	1.81121801142063	-0.61558055	6.47788725
oriy1255	-0.47350055915	1.7891940384105	-4.155155	2.8818415
orma1241	-0.4823470972815	1.94406672513853	-4.470648	3.1944675
oroh1237	0.1325207930635	1.58931851477543	-3.1794215	3.1153455
orok1266	-1.01352727794	1.80615698781951	-4.6649105	2.25231874999999
orok1267	-0.07625501487	1.55152402423907	-3.406295	2.845988
orow1242	-0.8662474295295	1.7435175335084	-4.58228925	2.37726025
otta1242	-0.807329482395	1.74474041586856	-4.56794525	2.37339175
owaa1237	2.42904312391	1.75619982563004	-0.9335202	5.97880075
paaa1242	-0.82207772398	1.80925878157711	-4.71552525	2.482367
paam1238	0.458797309395	1.3215616000856	-2.1965565	2.98887875
paas1238	-0.526644128105	1.8384313079716	-4.1796775	3.116379
paco1243	-0.695362862779	1.90379177845916	-4.66092125	2.83850675
pagi1243	0.36777068925	1.79696324359121	-3.436213	3.9207415
pahn1237	-0.908184858385	1.73230434715135	-4.47412575	2.32710375
pala1344	-0.22054080673	1.90912012256113	-3.97806775	3.3577235
pamb1243	2.6823727421	1.85076313740405	-0.743548475	6.54281949999999
pamp1243	-0.0902217581885	1.70717182693003	-3.5824795	2.92845475
pang1287	0.66604023733	1.71845555687481	-2.8208225	4.010891
panj1256	2.21642819519165	1.74183681752686	-1.0797255	5.94620825
pany1241	1.8952602153	1.70888921849122	-1.1371235	5.52487175
papa1265	-0.760073549995	1.70214273308876	-4.410697	2.36314625
para1301	-1.074872695005	1.77734928998321	-4.8394915	2.1491895
para1311	-0.920797607935	1.72260110134858	-4.71003525	2.20787
pare1266	-0.8880935128395	1.7776934826455	-4.681197	2.2681195
pare1272	1.8063237484175	1.67899599901676	-1.15616325	5.4734625
pate1247	-0.125623845164	1.38563817815235	-3.06041825	2.3620015
patp1243	-1.042479207909	1.73153642178062	-4.7136465	2.129569
paul1238	2.70969908952	1.83626331688916	-0.736251525	6.5085635
payn1244	3.35279160475	1.2099422243596	1.06132125	5.8659105
pela1242	-1.181407911715	1.71907749888186	-4.83357875	1.7627805
pemo1248	1.373424912605	1.52603127989273	-1.56252025	4.508188
pend1242	-0.4345174663	1.82012799143801	-4.26846775	2.926133
peng1244	-0.871375989095	1.74005681981631	-4.540405	2.20476525
phai1238	-0.940103498959	1.77807840692492	-4.81201375	2.364582
phom1236	0.34614912582	1.25985274328989	-2.25325	2.7425045
piap1246	-1.1398171835516	1.74628024978892	-4.899332	2.12045375
pila1245	-0.41391622432	1.78133476681935	-4.120866	2.921068
pile1238	-0.4203284849352	1.77819064085826	-4.155106	2.89225925
pina1252	2.2066530910875	1.19046958932651	-0.0736769775	4.62003775
ping1243	-0.27160495411	1.83333458131697	-3.9791255	3.31152875
pipi1250	-0.87167226777	1.79688592607043	-4.667866	2.3972715
pite1240	-0.659098565937	1.70980936442402	-4.04999525	2.4514825
plai1258	1.82026912424	1.60504959793326	-1.09876275	5.29537375
pnar1238	-0.30321324789	1.54737504083342	-3.525616	2.46872575
pohn1238	-0.295864981555	1.91066459412833	-4.245922	3.2996105
poko1263	-0.4711330716465	1.80932499440899	-4.13232325	2.942942
poli1260	-0.456079900295	1.83326445712627	-4.6248385	2.955013
popt1235	-1.691999523355	1.63478879638181	-5.20720275	1.18286175
port1283	-0.3507582095115	1.93113221295365	-4.522229	3.082912
port1285	0.016634343305	1.33022950219174	-2.77346925	2.50982875
psik1239	0.0949592025666	1.44500610364643	-2.7728125	2.8263705
puka1242	-0.296010269845	1.8972253372167	-4.31732325	3.234994
pulu1242	-0.2449121581965	1.90848581269462	-3.94799375	3.2674305
puma1239	1.5455865798	0.995831784781518	-0.38376195	3.63330925
pume1238	-1.100829904883	1.81366508544155	-5.2451215	2.09772025
puoc1238	-0.6201441187305	1.84139500165439	-4.35152475	2.76752875
pura1257	0.04884867652195	1.56773772245854	-3.200128	3.01092625
puri1258	2.12418968545	1.67233467803202	-0.972863775	5.656365
qawa1238	-0.829060640724	1.69760784128761	-4.5469515	1.98309575
qima1242	-0.0344246866245	1.80256014857544	-4.029301	3.43059
quer1236	-0.98680401091	1.76495103451156	-4.605396	2.284846
quio1240	-1.964007157395	1.70417358247682	-5.569017	0.999347299999999
rabh1238	-1.11203601557	1.74302742661732	-5.1755225	1.89610075
raji1240	-1.12959168189	1.72700567498638	-4.7615345	2.055993
rapa1244	-0.22556958535	1.97370334307023	-4.2064725	3.45211525
rapa1245	-0.2420526470865	1.88967529545944	-3.9923245	3.49177925
raro1241	-0.187328548532	1.91564319407265	-4.0427045	3.50473125
rata1244	-0.353530334932	1.88018479643129	-4.3674325	3.2307165
raut1239	-1.163878607705	1.74744995972135	-4.77740825	2.01218775
reja1241	-0.30053245272	1.83890172514029	-3.96510075	3.03435375
reng1252	-0.801294458485	1.79707557362169	-4.57548075	2.45532725
renn1242	0.13963285276	1.83705599408494	-3.54926575	3.70561725
roma1326	-0.34909008092525	1.8716202890451	-4.402044	3.1175385
romb1245	-0.38370985601	1.87131003753707	-4.3693445	3.11747999999999
rong1264	-0.95673971615	1.76316757739931	-4.76969625	2.22858875
ronn1241	-1.10910968683	1.77504859096602	-4.99093175	2.142185
roto1249	-0.7761009513387	1.70186055273873	-4.42653975	2.29922825
rotu1241	-0.1736218631045	1.86845247417639	-4.10112225	3.297837
rovi1238	-0.3004206071435	1.63527625628546	-3.59007125	2.75868225
ruch1235	-0.016756855685	1.67131596600605	-3.5266615	3.17660325
ruma1248	-0.6485178470795	1.81135566627881	-4.41314375	2.58333975
rung1258	-0.35674346768	1.82438235682649	-4.04339775	3.04652625
russ1263	-0.47034074036635	1.78627086355079	-4.19462125	2.83040374999999
russ1264	-0.485213718295	1.80192459201433	-4.3147735	2.74597175
saaa1240	-0.0027798687905	1.60293252020303	-3.2818135	3.09800875
saaa1241	-0.16651444808745	1.42333960837794	-3.19208175	2.61251525
saam1283	-0.5928661002685	1.85012144523881	-4.58230325	2.82305875
saar1237	-0.0148202584095	1.61768036830543	-3.43744375	2.973575
saba1268	-0.39146653424	1.66205356981327	-3.996748	2.76171525
sabu1255	-0.4208200114625	1.78342339671685	-4.16943175	2.99656225
saga1262	-0.615014315412	1.87977211964129	-4.4760105	2.861673
sais1237	1.348799262885	1.44249574329962	-1.47084325	4.22174625
saka1289	-0.149107191264	1.60419619871518	-3.5968415	2.79302225
saka1291	-0.1868766397465	1.86037893849846	-4.0628875	3.47047599999999
samb1305	-0.550669051071	1.71918507705201	-4.35001975	2.587394
samb1311	-0.44888736965	1.71485032696623	-4.10723275	2.72943375
samo1305	-0.1828433651915	1.94530378960544	-4.0936265	3.5062235
sana1295	-0.2830596309	1.84707477214445	-4.19579975	3.1319805
sanb1241	-1.83962358514	1.67595784523004	-5.57471975	1.0666025
sanb1242	1.7887552119835	1.65407376149779	-1.1812395	5.44174625
sand1278	-1.4417931199065	1.79497360345412	-5.37106075	1.79770325
sang1331	0.0994580939135	1.74366692293159	-3.43242925	3.23826799999999
sanj1284	-2.08302026317	1.65357151845982	-5.912149	0.714811949999999
sanm1295	-1.840144043782	1.71730732985134	-5.48408625	1.178116
sant1410	1.78159785429	1.35404959147146	-0.767283775	4.49205375
sant1451	-1.74367420277	1.70368012299838	-5.34072525	1.243335
sanu1240	-1.261866150066	1.63395750768507	-4.9196425	1.59371525
sapo1253	-0.7635465012235	1.73390077734999	-4.40629525	2.3715855
sara1321	-0.379420436903	1.87172219662274	-4.23561275	3.0105275
sars1236	1.59613919638	1.57292686473621	-1.31496975	4.827182
sata1237	-0.375484211489	1.82401356024538	-4.07720225	2.9782495
sauk1252	0.661786225935	1.25130292429109	-1.75808225	3.061871
saur1249	1.4571117632415	1.31228989784906	-1.0406285	4.12497925
savo1255	0.28297035446	1.50376893844541	-2.85320425	3.13831125
saya1246	-1.177346304672	1.76805539931587	-5.082995	2.01508325
seda1262	-0.784223935038	1.8294416541047	-4.821291	2.47624175
seim1238	-0.1890759315965	1.90102717317588	-4.0636225	3.4644875
seke1241	-0.2255807272895	1.43922214449046	-3.31189525	2.50912175
sela1259	-0.193936917085	1.82059427352473	-4.0630405	3.24328325
selk1253	-0.395936989303	1.8141458524239	-4.238815	2.86133075
sema1265	-0.6488381657125	1.85033144402802	-4.647423	2.87451225
seme1247	-0.5782557413705	1.90588188397532	-4.42528525	2.98617074999999
seri1257	1.425132153607	1.6454032658562	-1.6859165	4.786909
seve1240	-0.910726522545	1.7564745132413	-4.6368895	2.306371
sgaw1245	-0.0803889916515	1.68745778102145	-3.4402575	3.01525675
shab1252	-0.9317013385	1.76032140412781	-4.65264625	2.2750695
sham1280	-0.5988294176	1.86270016722255	-4.629315	2.93609175
shan1283	1.68023153049	1.59691087928093	-1.36676	4.9968875
shaw1249	1.6603969475	1.61725165625627	-1.29696925	5.02163175
shil1265	-0.379299634822	1.91891854353261	-4.309044	3.1828635
ship1254	1.671886536815	1.45803657190758	-0.892444675	4.74029075
shix1238	0.9400465876735	1.538112475634	-2.0548185	3.907339
shor1247	-0.2561516692155	1.78581821380735	-3.89180825	3.193024
shos1248	1.705061830694	1.64955507589352	-1.3948085	5.1864775
siam1242	0.920528536015	1.50549842209619	-2.0941975	3.91321375
sici1248	2.481317657215	1.76853891822836	-0.661091375	6.27283275
siee1239	-0.71040862682	1.7101689352728	-4.35367975	2.45271975
sier1250	-2.01659301785	1.68949997286303	-5.54105125	0.892146124999998
sika1261	-0.07543049582	1.84874717516538	-3.83661225	3.58482375
siks1238	-0.3949935128925	1.68911644091752	-4.01703975	2.71271925
sina1266	0.926946443381	1.44426358652713	-1.878645	3.78559925
sing1264	-0.205748788425	1.526723516394	-3.3154415	2.5549095
sioo1240	0.546587823938	1.36477260004484	-2.12997625	3.286386
siri1273	-1.151629670035	1.74011679924205	-4.94550125	1.9143785
situ1238	2.9583345498375	1.41364719083524	0.326035725	5.96484524999999
siwi1239	-0.30422102623	1.90988866093991	-4.2640295	3.106684
skol1241	-0.4642728098605	1.79831928864258	-4.207754	2.89385825
slov1268	2.57061317386	1.77620738199471	-0.7741858	6.19662025
sobe1238	-1.02751715471	1.74826943140249	-4.6851935	2.16974949999999
soch1239	-1.84232787463	1.77263925460517	-5.6847575	1.2411875
soga1242	-0.360091758039	1.80562378699208	-3.916022	3.1436
soli1239	-0.1808983801943	1.94622114057782	-4.17412225	3.47943449999999
sons1242	-0.25046680015	1.93346754515157	-4.3016705	3.39726974999999
sooo1254	-0.82919295692	1.87000896845838	-4.8693585	2.43245475
sout1528	-0.0434941671605	1.9439825858993	-4.0869285	3.61883925
sout2649	-0.27701204761	1.82450174775369	-4.0400415	3.00904725
sout2674	-0.51893295038	1.80022219277085	-4.41932425	2.82053599999999
sout2679	-0.771749488912	1.85956684032829	-4.72347225	2.6036405
sout2728	2.48628338946	1.49585668178275	-0.23090385	5.69272775
sout2729	-0.1555236634285	1.40205840497122	-3.051545	2.39505275
sout2730	-1.63648318447645	1.7071520661955	-5.24065325	1.431687
sout2807	-0.213696493808	1.93502386630975	-4.12755525	3.369916
sout2856	-0.1506651559	1.64574587234067	-3.5963165	2.81556475
sout2857	-0.2691292046316	1.43833957823407	-3.19035725	2.4605885
sout2869	-0.773815139115	1.69476065129911	-4.369909	2.1424835
sout2954	-0.468798188107	1.74679191559398	-4.27586475	2.9054365
sout2956	2.302050300555	1.67241891897212	-0.652376325	6.00627775
sout2959	1.633379767692	1.53305825106105	-1.1829165	4.90225775
sout2976	-0.528747754667	1.86351771671223	-4.59509875	2.861726
sout2994	1.6040997334405	1.6611723721643	-1.43937725	5.13975274999999
sout2996	1.49583546023	1.52326378494936	-1.27834825	4.69133925
sout3236	0.077012609376	1.65916941382822	-3.286949	3.366722
sout3261	-1.44814783223	1.61974305720402	-5.021275	1.35849
stan1289	2.47983750771	1.81692522248964	-0.7817498	6.30437175
stan1290	-0.32907603239	1.81391767108376	-4.14024525	3.09338199999999
stan1293	-0.5251711285955	1.77679364498107	-4.29041575	2.6580875
stan1306	-0.586705357712	1.89065935552544	-4.64622575	2.9233665
stan1318	-0.2751250018335	1.79179468806318	-3.9654245	3.11250425
suku1261	-0.433945635665	1.83589599325908	-4.241463	2.97678574999999
sumi1235	0.6595057648325	1.23574803882523	-1.777443	3.060917
sund1252	-0.225171452475	1.81359985025048	-3.89417475	3.40012975
sunw1242	0.2508445018195	1.08620671003282	-1.97748	2.28026449999999
supy1237	0.479626222047	1.70116816010807	-3.02814375	3.720871
surg1248	-0.4376808557652	1.83458592584653	-4.29728475	3.001666
surs1246	-0.9869606615335	1.76328551374971	-4.64658575	2.32196025
swed1254	-0.54849068562	1.81156303664698	-4.37366325	2.78000825
taba1263	-0.809053893599	1.7345696055892	-4.522572	2.4155265
tabo1241	0.17194991942	1.58286925673973	-3.069912	3.38656675
taga1272	-0.470513663405	1.86372553639512	-4.4822275	3.00213475
tagw1240	0.08437654781	1.80570297759536	-3.41570925	3.54619624999999
taha1241	2.551588041215	1.73394385899287	-0.6388232	6.10105024999999
tahi1242	-0.31759519492	1.91476169016019	-4.215974	3.17902525
taia1239	1.89991449325	1.30701653788456	-0.58337	4.449347
taji1246	-0.4450590671715	1.79424926745705	-4.1623395	2.911333
taku1257	-0.200644440104	1.77405391043808	-3.99578625	3.219439
tama1365	3.6325047898	1.38990896899813	1.13923325	6.513542
tami1289	-0.6528209232275	1.82755710032704	-4.624063	2.722039
tane1237	-0.304965137218	1.70926077498957	-3.8836605	2.92339525
tang1336	0.942040620275	1.17817213940844	-1.3330005	3.2162495
tang1347	-0.61293210397	1.54982351091501	-3.84062775	2.1989615
tang1348	-0.73926638453	1.80376546434562	-4.43222075	2.6765975
tang1377	3.053506770655	1.57817195530237	0.419133475	6.55088875
tani1257	1.473588818675	1.30139165490891	-0.98276785	4.20191625
tari1256	1.1251322736145	1.39938979216374	-1.4191995	4.0584715
tata1255	-0.546170190005	1.80552329898536	-4.52932325	2.766121
tata1257	-0.4829823577925	1.82465060119906	-4.41703825	2.9789985
taul1251	-1.0578080141475	1.70535388973398	-4.697323	1.96469175
taus1251	-0.3172796872465	1.91124119817439	-4.1739805	3.28091475
taya1257	-0.29184392128	1.8392008724371	-4.1363755	3.061949
tbol1240	-0.3644827626245	1.90571942373511	-4.53424075	3.0603215
tean1237	-0.3153002468054	1.72073870162995	-3.8985675	2.8512175
teda1241	-0.08293756108	1.7984203358161	-3.7129645	3.3195065
tedi1235	1.87007834674	1.34729353084897	-0.7030349	4.69284175
tehu1242	1.5928367959985	1.63283992237704	-1.37074975	4.9793425
teke1275	-0.3037314404635	1.85530342627601	-4.09898125	3.23121225
tekt1235	-1.642247340793	1.70619629594752	-5.37645775	1.51145775
tene1248	4.04901998825	1.61674475734421	1.150421	7.528639
tenn1246	-0.5776834524805	1.91399505689183	-4.861834	2.95528475
teop1238	-0.78603398818665	1.71651597077232	-4.5417615	2.2750265
tera1251	-0.8110864689	1.81984466079386	-4.5126705	2.69126449999999
teri1250	2.317724629086	1.58635428818144	-0.2794214	5.924029
tern1247	-0.8645201181895	1.77341136766669	-4.55290075	2.3934795
tete1251	-1.161719513015	1.89971765555633	-5.1843455	2.345626
thad1238	2.463134529	1.35324862371902	-0.0670591475	5.2816755
thak1245	-0.7670460259775	1.49044036460156	-3.8208935	1.9848685
than1259	0.5750307710625	1.40358379648229	-2.1816885	3.3661145
thao1240	0.5859418435892	1.50787638669511	-2.411391	3.5652375
thul1246	0.945287705915	1.17519980176602	-1.4486025	3.1990235
tibe1272	1.763146788155	1.54160971808903	-1.07937225	4.9158755
tibe1274	-0.080686296055	1.7146749230832	-3.4423755	3.1839245
ticu1245	-0.7032102064095	1.68439800357611	-4.25544725	2.44666525
tief1242	0.629403380415	1.43696556398726	-2.1746575	3.477712
tief1244	0.49998368572295	1.47434171996763	-2.43369325	3.3957625
tien1242	-0.305486088254	1.93021067931326	-4.535128	3.296459
tiga1245	-0.780467649803	1.72462739981908	-4.48095075	2.46336225
tigo1236	-0.142293765543495	1.59475972018644	-3.31195575	2.86619075
tika1246	0.8012122154275	1.63290796717485	-2.41640925	4.01371899999999
tiko1237	-0.0318984905215	1.82944212187306	-3.63059925	3.46884075
timn1235	-0.46073731529135	1.82822040069705	-4.236378	2.8614035
timu1262	-0.510614317585	1.84572944540658	-4.365027	2.97821975
tiri1258	-0.855561434947	1.77370019417281	-4.590726	2.29693225
toab1237	-0.3231749678715	1.6826441853855	-3.63450675	2.822058
toar1246	0.14588692493	1.38432238974144	-2.66678125	2.8787715
toba1268	-0.4739345353085	1.76884483148247	-3.97677525	2.81978125
tobe1252	-0.82800999635	1.78877104991848	-4.71082625	2.49084
toho1245	-0.6028529787685	1.72584090980258	-4.36469625	2.60346725
tojo1241	-1.4729766920475	1.6941438171368	-5.235652	1.5156635
toke1240	-0.16670781409	1.84625930941436	-3.89077325	3.303638
tomm1242	3.8691294576	1.52351531576095	1.1239065	7.1720655
tond1249	2.147817805545	1.41002756525317	-0.626339875	4.96693575
tong1308	-0.5732681741365	1.75931878390755	-4.20830575	2.6777105
tong1325	-0.276902785862	1.94225757111198	-4.2668135	3.2133235
toor1238	2.049531075495	1.58863600763737	-0.840873125	5.32245575
tote1238	-0.23595142527	1.9014684890644	-4.14576975	3.39357975
toto1302	0.0255603722276	1.51890776935426	-3.0288785	2.849584
trio1238	-1.0521087750535	1.70707604702544	-4.58399225	1.99523925
trum1247	0.225012153754	1.41519297312904	-2.556427	3.02825975
tsam1247	-0.60162830099	1.61039425902898	-3.8461455	2.536013
tsat1238	-0.4039084720265	1.85081245446064	-4.30777825	2.8707585
tsha1245	-0.4882928178165	1.71236060932019	-4.0318515	2.582873
tsis1238	-0.578265274295	1.83495874878518	-4.44090275	2.7750575
tsog1243	-0.2630458445055	1.88736482298633	-4.04005075	3.28838325
tson1249	2.53618190292	1.77855782297211	-0.85900995	6.310311
tswa1253	-0.416940326155	1.86753441946332	-4.31945875	3.00938225
tswa1255	1.297039057345	1.6453617757261	-1.9491005	4.64411525
tuca1252	0.234605861368	1.17270765038588	-2.1031465	2.5091895
tuge1241	-0.59992037037	1.76567724738992	-4.18326375	2.63065025
tugu1245	-0.53932765568	1.71193725716544	-4.03858675	2.7296595
tuka1248	2.6831194155713	1.79349007101026	-0.539968075	6.49155724999999
tuki1240	-0.4022302377375	1.80879395814253	-4.116167	2.77306975
tula1252	-1.003457435622	1.72265666625646	-4.590019	2.16609625
tulu1258	-0.90407804573705	1.66672987595097	-4.50181775	2.05113675
tung1290	-0.601609980942	1.84401186992025	-4.3940105	2.87634275
tunn1238	-0.2344680887875	1.84986656851347	-3.8981705	3.21494675
turk1303	-0.383413084345	1.91894429098641	-4.2092165	3.30589825
tusc1257	-0.761717360125	1.64536205647965	-4.26025525	2.2736745
tutu1241	-0.63315900382	1.4883027567442	-3.867469	2.016782
tuva1244	-0.1548563064725	1.8782393948158	-3.97078675	3.283528
tuwa1243	1.866005690856	1.24037641489391	-0.579462175	4.31589675
tuwu1238	-0.612500596745	1.8186088637315	-4.478524	2.7659525
udih1248	2.1598122499565	1.60301425861411	-0.82670105	5.553889
udii1243	-1.17700411414	1.79265869806323	-5.0767685	2.04621174999999
ughe1237	-0.21702827558	1.65385755558803	-3.5928645	2.89138025
ukra1253	-0.27243189941	1.85177086488264	-4.181525	3.2201375
ulit1238	-0.233313153904	1.86004927266647	-3.984866	3.301973
umbu1257	-0.257736814655	1.83247990732271	-4.24808225	3.22892399999999
umbu1258	1.3459841693655	1.2292830794376	-1.0229975	3.69147175
umes1235	-0.61219822609087	1.85158837447846	-4.387844	2.8160185
unua1237	-0.3885299938975	1.34949492383026	-3.17988625	2.083393
uppe1275	-1.368077741662	1.68482464209315	-4.83606225	1.61154875
uppe1427	-0.52999280986	1.91783468346388	-4.41942	2.9943185
urak1238	-0.5459700102785	1.85052004193352	-4.27254675	2.79042925
urar1246	-1.066183804005	1.69225926191911	-4.78491225	1.884412
urav1235	-0.644722710474	1.68631334849669	-4.22611275	2.60405475
urim1252	0.19927752215	1.33618455667916	-2.5860395	2.60589775
urip1239	-0.69995560179	1.41660288450929	-3.740917	1.8732675
utes1238	-0.6580020507685	1.73247291599075	-4.35187175	2.47285375
uuuu1243	-1.51197007198305	1.82530633277652	-5.77810325	1.8406725
vano1237	-0.3386288770715	1.73876502701374	-4.0486625	2.8714125
veps1250	-0.374980724169	1.88585463306844	-4.3316785	3.23879625
vera1241	1.70452900255	1.56967116644049	-1.322916	4.73457325
viem1243	0.189486726554	1.66506243027861	-3.30919225	3.2446025
vinm1237	-0.5502010064885	1.3861059038786	-3.54682425	1.9878555
voti1245	-0.8564211315395	1.84215205871422	-4.712812	2.43052874999999
vunj1238	-0.593630646636	1.92591484136793	-4.63672125	3.0698645
vure1239	1.692321083455	1.56848284899572	-1.3483375	4.709322
vwan1235	2.266980440895	1.64170591905287	-0.75767075	5.508238
waga1260	-0.51776117904	1.76437493100456	-4.14927	2.79327175
wage1238	0.383420810565	1.72486065800417	-3.09805025	3.814727
waig1244	-0.3833529514	1.89725329734708	-4.372298	3.2083875
waim1251	1.3136523012755	1.42404992381453	-1.3551815	4.2122855
waja1257	-0.404500707385	1.8410244452606	-4.32606575	3.18496525
waka1274	-0.3644574704135	1.90828483412033	-4.57762025	3.2777075
wala1266	-0.451124524365	1.53809961767713	-3.81423575	2.270416
wall1257	-0.3601967982615	1.89434552230492	-4.146126	3.15898275
wamb1257	0.738349068786	1.05051945713975	-1.29108075	2.80506425
wand1267	0.81400196922	1.56106918222373	-2.31696525	3.767684
wand1278	-0.51132753543095	1.53732480518917	-3.83454825	2.22261175
wang1291	1.964874625285	1.70579694244808	-1.16404075	5.48893525
wara1294	0.614822993397	1.51601700945129	-2.358753	3.53759375
wara1303	1.60105356063	1.64367651707338	-1.342694	5.3335515
ware1253	-0.8125088612155	1.79951709101227	-4.58834725	2.57216275
wari1268	-0.168139919266	1.69068676937623	-3.72991425	3.03677299999999
warj1242	-0.8734381527065	1.63839265847719	-4.25464475	2.11985275
warr1255	0.4006402395494	1.67222325463786	-2.97216025	3.60579125
waru1265	-0.5032103575585	1.8220409705623	-4.4447185	2.93653725
wawa1246	1.148980608045	1.6338194877939	-2.07766525	4.3899725
waya1269	-1.017676504265	1.73429366537253	-4.75713725	2.15646325
wayu1241	0.3776840262058	1.10556934751164	-1.83306525	2.45045625
wayu1243	-0.068915000179	1.76095752285151	-3.81252475	3.09228325
wels1247	-0.341184869283	1.85844915369144	-4.1655555	3.0674455
west2354	-0.43448897313	1.74743095245552	-4.11165675	2.72164374999999
west2369	-0.37678728396	1.84725503076249	-4.2467235	2.93257925
west2396	-0.5480469201055	1.71313042809853	-4.1367225	2.597279
west2397	-0.79147733511	1.82289063317118	-4.812384	2.60113249999999
west2415	1.028393798195	1.04757685500565	-1.0116625	3.1276925
west2418	-0.640863985444	1.41569190684312	-3.57835975	1.983583
west2430	-0.781623474855	1.76587783097866	-4.64641875	2.45755199999999
west2441	-0.5917294458885	1.89126855564649	-4.59465475	2.85575175
west2516	-0.797818874735	1.82527738485041	-4.662493	2.61889975
west2519	-0.397554445765	1.89157675222084	-4.25163375	3.005802
west2557	-0.4181361122415	1.79821266490588	-4.2713925	2.9673565
west2560	-0.52025997687	1.73935125795531	-3.960626	2.65379925
west2594	-0.923005534595	1.8176797259954	-4.6921995	2.3644085
west2600	-0.8123321659915	1.80816074142433	-4.6186085	2.54246175
west2618	-0.501042004226	1.79661411440462	-4.3968505	2.90623675
west2632	-0.2767807175988	1.77919574878184	-3.97474975	3.05214325
west2635	-1.70596498926	1.62040141475028	-5.068573	1.21504175
west2644	-1.781839283545	1.71627031748403	-5.6406495	1.20883
west2650	-0.5575960644595	1.83882249035264	-4.52081875	2.89111325
west2763	-0.4804451864025	1.81764743180852	-4.37356625	2.741272
whit1269	-0.781685081335	1.68960681942988	-4.409355	2.1757245
wiru1244	1.977679689495	1.3697496866776	-0.591218325	4.85875175
woii1237	0.005006966285	1.78915548110433	-3.6256535	3.4084435
wola1242	-0.825912545743	1.7361425181953	-4.375032	2.35793675
wola1253	-0.70207555727	1.76974785169515	-4.48769675	2.6420195
wole1240	-0.2260350833275	1.91394184161655	-4.28143825	3.3404325
wood1236	-0.709550445625	1.72035030455042	-4.4691925	2.51484
wotu1240	-0.21821654454	1.86586213757335	-4.2123175	3.38156575
wuch1236	-0.435379860775	1.73069374260057	-4.022131	2.7156645
wudi1238	-1.346304469525	1.69170653377316	-4.7675465	1.7640985
wusa1235	-1.2811616780336	1.70723898929126	-4.8713015	1.75704225
wutu1241	-0.1479497389645	1.58575555486287	-3.32964925	2.7856725
wuvu1239	-0.34958700077	1.76832378482902	-4.043037	2.971359
xamt1239	-0.464940248135	1.78429421892686	-4.23996825	2.77840899999999
xara1244	-0.8955603336265	1.7933064684809	-4.59099725	2.23274325
xhos1239	-0.270166193308	1.88819910017507	-4.14935075	3.13851375
xish1235	-1.608358772328	1.76351571422482	-5.3706765	1.56480275
yagu1244	-0.739906936562	1.64236098857764	-4.369835	2.17497075
yaka1269	-0.355132860075	1.78579305473918	-4.10379	3.01982675
yaka1277	-0.446243601935	1.77606437395172	-4.15034575	2.78882824999999
yakk1236	1.392396525605	1.24364393694803	-0.934147225	3.96004775
yaku1245	2.579411448815	1.70007663164248	-0.67077285	6.10061749999999
yale1246	-0.573226331305	1.63878825791792	-4.08884475	2.51809225
yami1254	-0.262698510538	1.80222432076435	-3.915867	3.277809
yami1256	0.9096318690195	1.49936336560778	-2.004084	3.9354475
yamp1242	0.4947467742124	1.2191168755236	-2.026277	2.83187375
yane1238	-1.42667019991	1.63648716572456	-4.995588	1.33202925
yank1247	-0.6309608228	1.84077233443818	-4.397515	2.87890175
yaoo1241	-0.1904948301175	1.88862815355239	-3.94905775	3.39987999999999
yapu1240	-0.077254171645	1.35692155524323	-2.78740675	2.49457324999999
yaqu1251	-0.538902411595	1.60637627212512	-4.0331265	2.46408425
yasa1242	-0.577761195004	1.85216816870656	-4.41985475	2.880533
yatz1235	-2.04094474046	1.64872031264125	-5.6973285	0.706697374999998
yaum1237	1.1185890063415	1.26069680668409	-1.31037475	3.61808
yawu1244	-0.6904479031315	1.70946841062204	-4.20046625	2.4515115
yele1255	2.34339630175	1.71172034687968	-0.89607555	5.949909
yems1235	-0.93914819831	1.72908260060174	-4.555352	2.27246625
yind1247	-0.170447546558	1.74146480113943	-3.789877	2.92055475
yoga1237	2.1973921848	1.3811785483661	-0.38541935	4.9689995
yong1270	-0.360027333454	1.46385664500249	-3.482087	2.32015625
yong1280	-0.61310035104	1.75083709401293	-4.20988125	2.697121
youl1235	-1.581887413195	1.76396685102398	-5.296645	1.6931115
youn1235	-0.8710722004835	1.8446207139982	-4.8719965	2.387296
yuca1254	-0.670470980478	1.86365694231173	-4.6596705	2.80718375
yucu1253	0.33987028613	1.39496033696247	-2.486101	3.06561675
yuqu1240	-1.2643268699485	1.65630804900667	-4.71099425	1.76007875
yura1255	-1.241842637487	1.68924885578277	-4.83016475	1.8698125
zaba1237	0.247054820675	1.69158742644148	-3.2573465	3.468936
zaca1241	-1.4000165040965	1.70607283693751	-5.00458125	1.56960075
zaca1242	-1.70973782829	1.69455368459722	-5.3524375	1.285346
zagh1240	-0.334191702685	1.86815392715447	-4.1618845	3.0985805
zamb1245	-0.49312063903	1.87974542306818	-4.38052725	3.07057974999999
zarm1239	-0.3692291659535	1.89075942710603	-4.2654915	3.18356525
zaye1235	1.676646707706	1.35109911815095	-0.8065527	4.45383775
zays1235	-0.748785037365	1.65506441489083	-4.2191285	2.36130125
zinz1238	-0.3237997932935	1.89435384872891	-4.185159	3.1384955
zoog1238	-2.0521268344385	1.64120510911523	-5.726678	0.687951225
zulg1242	-0.0467419327555	1.39579382077294	-2.93828025	2.61119375
