Estimate	Est.Error	Q2.5	Q97.5
abad1241	-3.415670414555	2.25869131547025	-8.1264165	0.701180024999999
abar1238	1.155417220855	2.26166395327664	-3.13083	5.81788075
abee1242	-1.06685256661	2.42150504818215	-5.75823225	3.703006
aben1249	-2.2116349636535	2.3584362853507	-7.14930625	1.9634375
abkh1244	-1.415316422744	2.55037935291699	-6.570849	3.27002574999999
abua1245	-0.6202730950935	2.0926116630605	-4.79122125	3.84916175
abun1252	4.750032444055	2.51129134682051	0.3136425	10.1617275
acha1249	-0.462451380645	2.30714205246626	-5.37862575	3.8949005
ache1245	3.34238007624	2.31033005617157	-0.92200305	7.998773
achi1256	2.19138009199	2.40497911288592	-2.32654625	7.04747974999999
achi1257	1.35862266651	2.15971846605787	-2.88585175	5.72533275
achu1247	-0.7584394888985	2.70165160788741	-6.23215925	4.28394024999999
achu1248	-0.070595223245	2.65895367055362	-5.51368125	5.11798999999999
acol1236	-0.212392356425	2.19548395057112	-4.39351025	4.35973825
adan1251	1.2188665359817	2.15931366513282	-2.86992925	5.75899449999999
adon1237	1.786255204785	2.35143655625658	-2.52739025	6.908229
adze1240	0.19717094346	1.82732360779764	-3.34385575	3.83850825
aeky1238	-1.96142035634	2.53196677234066	-7.46881975	2.854904
afar1241	-0.9949624655	2.53788110405913	-6.3628935	3.636541
aghe1239	0.920451969685	2.26759037851155	-3.29262425	5.64683075
aghu1255	-1.2085318642515	2.72960711188638	-6.7093935	4.051991
agob1244	-1.339839585795	2.54125882414641	-6.40399525	3.408684
agua1253	-0.397161287775	2.63135415207908	-5.79580425	4.737769
agus1235	-1.31563850518	2.43760199242829	-6.229001	3.40410599999999
agut1237	-1.23446808827	2.43101374083585	-6.35467025	3.38093975
aheu1239	1.427434476494	2.53673760402989	-3.084003	6.71577574999999
ahin1234	-1.711980997699	2.16435105270276	-6.16777325	2.67905325
aime1238	-2.002186113694	2.58116135441244	-7.120872	2.9210745
ainu1240	-0.687459653605	2.64781611559954	-5.80103225	4.49970175
ajab1235	0.84116354172	2.47906359295848	-3.9543425	5.99872475
ajie1238	-1.6034725238675	1.8108984532141	-5.2991455	1.84457599999999
akei1237	3.833778332965	2.31137611817335	-0.2976206	8.87269449999999
akha1245	0.706372561375	2.03695315322766	-3.419832	4.75510725
akoo1248	-1.181479792775	2.30603970508989	-5.630164	3.346829
akun1241	-0.964184244365	2.6428295358607	-6.2711825	4.036769
alab1237	-0.3116172208125	2.60172361624636	-5.6105765	4.4854975
alab1254	-1.5807766004595	2.42696900773856	-6.6446515	2.766169
alac1244	-1.139439890085	2.54636942189084	-6.4215755	3.5534355
alag1248	0.817302744095	2.20632417076449	-3.56090875	5.302041
alba1269	-1.6366471820885	2.45330097377255	-6.76638375	2.968707
aleu1260	-0.422701856355	2.74197883376008	-5.9339645	5.05667275
alor1247	1.2950453831915	2.17333806262537	-2.750404	5.98617825
aluk1238	2.16887349031	2.1907397614532	-2.048606	6.61378699999999
alya1239	-0.578642730915	2.61202038290586	-6.06036475	4.469448
amah1246	-0.516469750911	2.68895925788569	-6.02419325	4.60180975
amam1246	-2.51090389833	2.33538661937094	-7.5004065	1.67990875
amap1240	-1.95186760691	2.33533533858408	-6.876324	2.32719025
amar1272	3.70477881241	2.24520915162994	-0.243048175	8.35537975
amas1236	1.32848060952	2.4884862682383	-3.20466375	6.22483774999999
amdo1237	3.652372450185	2.36007922021115	-0.7239501	8.6769795
amii1238	-1.620372676865	2.40261832854792	-6.6522255	2.872797
amis1246	-2.85701721164	2.32854241712862	-7.66170225	1.22724475
anei1239	-1.402411319635	2.08020460741268	-5.5814595	2.707815
anfi1235	-1.3628041681	2.51647982795206	-6.701162	3.26033625
anga1288	-3.316255968825	2.40581757107217	-8.4348005	1.01684625
anga1290	-1.30365923102	1.92993690341216	-5.14111525	2.35578174999999
ango1257	-0.3111927497595	2.80516742688719	-6.2938945	5.09146325
anuf1239	0.794868732455	2.62491286655395	-4.2268975	6.35135274999999
anut1237	3.22971032889	2.26304775045353	-0.95598515	7.8235345
anuu1241	1.06356197372	1.9696799127053	-2.83931225	4.90580475
aona1235	-3.154658358	2.44991767552469	-8.44831175	1.46072375
aoua1234	0.853433547345	2.68440208932077	-4.4059055	6.33202049999999
apat1240	-3.233689382715	2.45220362340325	-8.3733875	1.27468025
apin1244	-0.448693339115	2.76107484190896	-6.12921925	4.61126025
apma1240	4.39683841235	2.25413326446983	0.528466025	9.208454
apma1241	-3.166562152635	2.23476069025248	-8.03932075	0.901103699999994
arak1252	4.127340391635	2.26542269996215	0.00636771975000002	9.26874725
arao1248	0.069652844255	2.74922190387184	-5.356369	5.54292825
arap1274	-0.6901328680925	2.55655077587424	-5.8009305	4.02166325
araw1273	-0.631279623505	2.65407817401714	-6.25193175	4.3667135
arbo1245	1.504764087707	1.90890874768123	-2.06742175	5.19371175
area1240	1.07305276154	2.00169107705813	-2.72440925	5.1922675
aree1239	-3.00313960235	1.92076306647913	-7.0419405	0.580692775
argo1244	-0.814347511686	2.43196253822358	-5.772313	3.86907175
arig1246	-0.7599769637544	2.28487408564111	-5.2689875	3.84933424999999
arom1237	0.6058657596785	2.34061768726199	-3.598577	5.414664
arop1242	-0.245757474965	1.82034391012174	-3.76283	3.46869175
arop1243	2.20884407639	2.18640379517926	-1.766879	6.586329
aros1241	0.11038479881	2.03012244897412	-3.78279825	4.12472299999999
arta1239	-1.859706618255	2.15207491337795	-6.53637925	2.07755975
ashe1272	-1.403762687595	2.38097577343286	-6.318429	3.093223
assi1247	-0.2461584203455	2.75413691443761	-5.61858225	5.05399675
asur1254	-2.795666226265	2.29587296913098	-7.562838	1.41074775
atam1240	-1.38440149684	2.41076562092863	-6.315794	3.2105505
atay1247	-1.711613614845	1.88924316435654	-5.5090775	1.79798075
athp1241	-2.286539722004	2.42791203361779	-7.3275705	2.1339785
aton1241	-1.561434775825	2.19984710101747	-5.98495525	2.51407075
aulu1238	4.79299650825	2.11808316165956	1.16649	9.50461025
auuu1241	-0.739952807858	1.83617521198352	-4.26516475	2.713777
auye1238	1.21744735029	2.446201096714	-3.382054	6.005673
avac1239	-0.5408439835595	2.41075463238535	-5.42566025	3.943804
awad1243	-1.7107227846	2.42800291377244	-6.9271245	2.66480199999999
awad1244	-0.311087509388	1.857397678709	-4.07091425	3.40908675
awar1248	0.4297690347135	1.90052894743171	-3.217991	4.2395785
awar1249	-3.231500196904	2.15462119586276	-7.77766975	0.762071249999997
awet1244	0.9985414676415	1.93172707721294	-2.77821725	4.612647
awji1241	-0.83630358028905	2.55463345126338	-5.9900975	3.857042
awtu1239	-0.94875178224	1.87068744611697	-4.63739975	2.60435075
axam1237	4.708988789555	2.16686563270527	1.015218675	9.593899
axiy1235	0.649990444879	2.34909381538124	-4.1667005	5.045395
ayac1239	-0.574184211084	2.63952460499701	-5.9750745	4.4088935
ayiw1239	2.9872411642	1.90517342118567	-0.301507425	6.9962105
azha1235	0.5414923943295	2.34946116404667	-4.131086	5.205394
baba1264	0.7837071477	2.29021449842729	-3.54751075	5.64092325
baba1266	0.506809163515	2.32985782779162	-3.8265795	5.21796824999999
baba1268	-0.514228848364	2.12307452824093	-4.49969975	3.85197075
babi1235	-0.373850936613	2.59615076841464	-5.39723	4.54390675
bada1257	1.902070635345	2.16953295431824	-2.1532325	6.37636675
bafa1247	-1.59471496185	2.36504738796755	-6.26558075	3.09340525
bafi1243	-1.12573950412435	2.01995231461702	-5.11739775	2.79855175
bafu1246	0.685949015518	2.30561981213003	-3.62155425	5.47073324999999
baga1272	0.103419328769	2.25654383488503	-4.152988	4.65287725
baga1273	0.08879656488	2.31863277998786	-4.333058	4.719375
bahi1252	-2.48657091599	2.34356298242116	-7.2999625	1.553222
bahn1262	1.96022062729705	2.4956689528059	-2.565899	7.1542565
baim1244	-1.33881430565995	2.39324688076177	-6.4799415	3.15683775
baki1244	4.53103933695	2.16371499675562	0.833024475	9.11683075
bala1311	-1.5498395689825	2.48301963452108	-6.9712675	2.96349525
bala1316	-2.39479345788	2.19275922778731	-6.8152255	1.87998549999999
balo1261	0.5644114541555	2.55516532435786	-4.15354225	5.75414775
balu1257	2.345079638622	2.23332758363097	-1.708556	6.92415175
bamb1270	2.597439754099	2.23557049449191	-1.577414	7.32384774999999
bamu1253	-0.3373555676	2.35525132902053	-4.98019525	4.45184349999999
band1344	0.53040441569	2.53558643488399	-4.302255	5.501996
bang1369	-2.80780338942	2.3924601962838	-7.755908	1.7330105
bant1281	-2.3756486207035	2.40341114697222	-7.48196825	2.130973
bant1288	-1.68358290113	2.45313640146449	-6.772318	2.8886995
bara1357	-2.149876548649	2.38110846464301	-7.12135425	2.38327025
bara1369	-1.5151747916	2.42607334567561	-6.63031125	2.7368315
barg1252	-2.239761029654	1.89535198708231	-6.0842085	1.30587749999999
bari1286	3.697586309729	2.25316784971516	-0.28470415	8.31457749999999
baro1253	4.01886311504	2.31040441151264	-0.199112025	8.87855949999999
basa1282	-3.1245866861	2.42897126192839	-7.959165	1.58606725
basq1248	-0.2605848843245	2.69008368564723	-5.67283575	5.2015125
bata1289	-1.42077727334	2.18795950880816	-6.1692495	2.55919575
bawm1236	-0.5826576439845	2.27623820385343	-5.29837225	3.74182225
bayb1234	-1.053553865575	2.64619195225205	-6.49757975	3.948745
bebe1248	0.5424024304155	2.54093588891997	-4.52380625	5.889984
beel1236	1.98930758295	2.15969504795807	-2.0025815	6.5528825
beem1239	0.290133323525	2.75213954654195	-5.02842475	5.82588775
beka1241	1.88444498173	2.30970034117049	-2.37986	6.645728
bekw1241	-0.551483314232	2.44172823350082	-5.3205025	4.25223775
bekw1242	0.3676477873915	2.73027834407566	-4.9776875	5.8904775
bela1254	0.752383695593	2.31546170764445	-3.58925625	5.5614815
belh1239	-2.324289061735	2.39822199596841	-7.3839575	2.15570825
bell1243	-0.93642338783	2.54623593613978	-6.368842	3.87337375
belu1239	1.2362923730295	2.61215061068306	-3.727653	6.56063775
bemb1257	0.19749092788565	2.59460487420375	-4.60884425	5.55249025
bert1248	-0.2923383546835	2.6532727504459	-5.512098	4.7159455
bhoj1244	-1.97131473369294	2.59006762215723	-7.719127	2.9855075
biaf1240	-2.07103995946	2.32357589472066	-6.806053	2.25821525
bian1252	-1.772298697527	1.93324459206291	-5.6331075	1.82844525
biao1253	2.44108749163	2.51993816072344	-2.10778675	7.6590275
biao1254	1.9216286926335	2.42928086342306	-2.628164	7.10099675
biao1256	2.0969882309592	2.53144677085969	-2.6926305	7.47722649999999
bier1244	4.5679967937	2.13764471987487	0.932941875	9.1015265
bign1238	4.523749926685	2.19378801908738	0.7088462	9.324557
biha1246	1.985064171355	2.51621673674766	-2.71166325	7.44658325
bila1255	1.21315538827	2.59802551656554	-3.7622785	6.28865075
bilb1241	-1.65249020615	1.76270714403579	-5.1941725	1.67545375
bili1260	-0.7624711414955	2.51675962029746	-5.92971	3.72888975
bimi1240	-2.23045959245	2.49982475700627	-7.5127585	2.29859374999999
bina1277	-2.20513341377	2.53674999189729	-7.53853925	2.6190255
bini1246	-3.35349864711	2.41467164570992	-8.534287	1.1784675
binu1244	-1.360731490755	2.47568313439644	-6.4846445	3.2049045
bira1253	0.272097830845	1.97673501081321	-3.796347	4.089609
bitt1240	1.37265962983	2.0785268479043	-2.334551	5.62587949999997
biwa1243	-3.03042826647	2.22853886959393	-7.8912315	0.968045249999998
blab1237	-2.1024289455	1.82171207280851	-5.81498375	1.32971725
blan1242	-0.305512942025	2.07724687221025	-4.37481625	3.637095
bodo1269	-2.306081073967	2.30941301165142	-7.421352	1.91387675
boht1238	-1.30529090661925	2.53106406363252	-6.447139	3.29291425
boka1249	-2.801863520005	2.6049974077286	-8.25014675	1.94433024999999
bola1250	3.6441841124	2.27879496699261	-0.2678642	8.5051515
boly1239	0.97788719035	2.45213490073434	-3.72329775	5.9243085
bomb1262	0.9398639972865	2.47967560688335	-3.7413605	6.01775325
bomk1234	-2.4312693917095	2.25343361721687	-7.09426525	1.86674249999999
bona1250	-1.12194265407595	2.13032067173825	-5.7942755	2.8447385
bond1247	0.645840507695	2.62173010278629	-4.44300175	5.90809524999999
bong1289	0.680477050102	2.15906914100876	-3.43448875	4.94934275
bora1263	-1.0927963409725	2.70010942164912	-6.680871	3.897514
bori1243	-3.2682696696795	2.45576071749939	-8.4549195	1.14747575
boro1277	-0.6636924680405	2.60902741731073	-5.96464075	4.173068
boro1282	-0.82273516917	2.66844907394919	-6.306029	4.19747225
boto1242	-2.163788637775	2.35895025690703	-7.13910125	2.0599775
boun1243	0.123853369083	2.50014940532463	-4.730351	5.12045099999999
boun1245	-2.6850855395275	2.53539610487978	-8.11789675	2.13192
bret1244	-1.6685504096	2.31207662608636	-6.3987735	2.6483975
bube1242	-3.61091358753	2.38756217189479	-8.69036125	0.681697525
budu1265	2.1860346586515	2.35908296512762	-2.10289875	7.11665624999999
budz1238	0.4615339007885	2.53111312643288	-4.14592525	5.64732374999999
buga1247	1.317926905715	2.2350627907626	-2.7774695	5.847305
buga1250	1.52472798751	1.92179856663087	-2.0927095	5.53375
bugh1239	-1.549048296831	1.74833985776126	-5.03857475	1.68101375
bugi1244	-0.16659371282	2.2965626966551	-4.8061405	4.38291925
bugu1246	-2.88726313138	2.48740855379809	-8.3052545	1.5737765
buhu1237	-1.71734175705	2.06854990633211	-6.20459175	2.038338
bujh1238	-2.20212548621	2.37264074808687	-7.25779175	2.16058225
bull1247	-2.25491343216	2.27156759743028	-6.9373135	2.09596925
bulo1242	1.6271927616725	2.58017998270328	-2.93949875	7.0232625
bulu1251	0.002871407935	2.49946602551175	-4.81427975	5.212862
bumt1240	-1.756011296435	2.69974243564003	-7.3255945	3.14257775
buna1276	-3.11127180124	2.29673084498615	-7.898326	1.23024
bund1253	-0.3864414350445	2.5995714822759	-5.6589275	4.5804785
buol1237	-0.771421689225	2.31491801515476	-5.583563	3.53584175
bura1292	1.0142844200945	2.13036392607825	-2.96881775	5.387885
bure1242	1.9478908475605	2.19552749398851	-2.142736	6.39485775
burj1242	-0.54278119066	2.42037184163493	-5.51441	3.98867025
buru1320	2.3474598759405	2.30549122598613	-2.0099405	6.8808615
busa1253	0.3893700985115	2.6076270033077	-4.6857505	5.626114
bush1247	0.03665829508	2.7293602545287	-5.10737225	5.604292
buwa1243	0.81030982298	1.88405160020821	-2.73536175	4.713981
bwai1242	-3.586513811995	2.03891389273573	-7.735666	0.113009974999999
bwat1240	-2.09787512769865	1.90091011735433	-6.05081175	1.455587
byan1241	-0.898276692525	2.60167579319392	-6.17110275	4.003486
caac1237	-2.526067672866	2.12536975140665	-6.9597835	1.44511075
cacu1241	-0.429411139661	2.30103490412369	-5.1254735	3.92318675
cahu1264	0.04119630134	2.48990500715337	-4.9764305	4.90573674999999
cakf1236	0.465842495676	2.02760668818285	-3.537323	4.42812675
cald1236	-0.53331123132	2.49577514182959	-5.88292425	4.22369174999999
caml1239	-2.40131186755	2.32997677615002	-7.20570025	1.834762
camp1261	0.705944535405	2.60002383821702	-4.11734275	6.29651675
cams1241	-1.03225994837015	2.51819229976343	-6.13139325	3.7411585
cane1242	-0.8998410717667	2.48920892044344	-6.11065925	3.78250825
caom1238	1.609479260125	2.51740136135656	-2.94478	6.7579065
capa1241	0.416248464245	2.69244410801132	-5.03786225	5.84715949999999
carn1240	-3.18662668655	2.29470321329206	-7.95590875	1.10875375
caro1242	0.1529417134235	2.48927677055806	-4.63102675	5.68153974999999
cash1251	-0.5932435803605	2.62273454930191	-6.06589475	4.60758624999999
casi1235	-1.83433837736	2.2720145833227	-6.628078	2.32478675
cayu1262	-0.6943035123845	2.43719475237324	-5.61553425	3.830969
cemu1238	-2.068904237989	2.07522099091167	-6.39762775	1.77771875
cent1989	1.3307830071135	2.51208734285592	-3.59010975	6.59931324999999
cent1990	-3.14475312134	2.20881068153478	-8.02296575	0.860466224999994
cent1992	1.9400326243936	2.48671766519931	-2.662227	7.18228724999999
cent2004	1.597354661225	2.17636596295737	-2.43646175	6.18961699999999
cent2050	0.4574565520759	2.17184940188949	-3.98991325	4.572096
cent2084	-1.917409769515	2.32753083926219	-6.984351	2.33719875
cent2100	-2.551717434835	2.14827160637449	-6.9744305	1.39412174999999
cent2126	-0.889765137775	2.5924837686395	-6.36995975	3.826605
cent2127	3.631137444675	2.49540911784895	-1.192672	8.90413325
cent2131	-0.266793595715	2.30459945401183	-5.064531	4.032492
cent2140	-0.93515830266	2.41393528069935	-5.7552885	3.66672599999999
cent2292	-0.5108945293755	1.95107849087988	-4.35360675	3.294974
cent2322	-0.87596018855	2.42899150908654	-5.8331365	3.84590525
chac1251	-0.266934888525	2.7765151989035	-6.003286	5.1230185
chak1270	0.453127107887	2.11895914918473	-3.836908	4.28728475
chak1271	0.24545467571	2.51758085434343	-4.49590175	5.456389
cham1312	-1.6295718821785	2.34560417705518	-6.68224225	2.60255174999999
cham1315	-1.04574693344	2.63497046342131	-6.630639	4.02576825
chan1313	-2.857256154035	2.45737071229183	-7.9509635	1.415495
char1269	-0.530748835635	2.31121988647449	-5.27292225	3.6455265
chas1234	-0.051157595495	2.27724867170998	-4.82390575	4.1445715
chek1238	-1.530940677085	1.74232496239058	-5.019716	1.70748025
chen1255	-0.5523679837865	2.69231540753813	-5.97523175	4.58239674999999
chep1245	-2.34540619849	2.3932459460499	-7.6034935	1.9732655
cher1273	-0.483845413203	2.49356045384587	-5.42925675	4.2430505
chey1247	-0.761664532648	2.61689386073639	-5.9424005	4.27023725
chic1270	-0.42946995509	2.5470483315771	-5.6896895	4.40253224999999
chil1280	-0.494868163857	2.64647363301096	-5.9658895	4.50435425
chim1302	-0.39406565172	2.64153337664902	-5.644641	4.69712975
chim1312	-0.62820788933	2.40709015868865	-5.6812485	3.885328
chin1286	-0.552316012195	2.54342121792926	-6.00577925	4.2107655
chip1241	-0.3676358209615	2.78324239950149	-6.26344475	4.94044825
chip1261	-0.0970284764375	2.76712025569353	-5.5985365	5.5198585
chiq1248	1.996704236905	2.50550211116646	-2.6712015	7.13960325
chir1283	-3.065207901005	2.38073306980409	-8.21338975	1.32216275
choc1275	-1.9501265211	2.71156439098784	-7.530597	2.9114995
choc1276	-0.353781036195	2.6310495866267	-5.59297225	4.869451
chon1284	1.142576428775	2.52249343089722	-3.43869275	6.41555875
chot1239	-2.50915520218	2.32905129033652	-7.35824375	1.89196125
chra1242	1.1266577088	2.50365247624762	-3.81915575	6.38061475
chug1252	-2.65060051165	2.5372207701957	-8.21653425	1.90693024999999
chuj1250	-1.0454494653765	2.39060570710766	-5.912619	3.48918775
chuk1273	-0.169477788555	2.63575555362271	-5.587717	4.8094645
chuu1238	0.54746124367935	2.37535393723463	-3.9233855	5.61356575
chuv1255	-0.1088530693745	2.44705919102477	-5.011368	4.47660625
chuw1238	0.23779712752	2.50116503697222	-4.45147925	5.43549625
cici1237	0.8167217359135	2.54987827261337	-3.851215	6.04001525
coat1243	-1.5745307436714	2.53687238678759	-7.1129605	3.12964125
coca1259	3.462557636926	2.28659238039319	-0.73635405	8.269593
coeu1236	-0.041005670015	2.56691326933303	-5.148288	4.8465215
cofa1242	-0.67180421487	2.26350792392067	-5.06703625	3.531022
colu1241	1.010360507275	2.65092617223161	-4.233164	6.23093075
coma1245	-0.5238121001055	2.6651164076673	-6.0613405	4.5038425
como1259	-0.8189037937259	2.53084150982825	-6.006683	3.95826
cori1240	0.843573599925	2.32027499425977	-3.584859	5.75024
cors1241	0.78394878715	2.40421716903619	-3.6501175	5.82239399999999
cosa1234	0.97968282227	2.12613754957579	-3.12791025	5.24397075
cree1270	-0.34528992644	2.63189171515701	-5.691045	4.506953
crim1257	-0.162565956435	2.58899848050782	-5.44712975	4.65181025
crow1244	-0.6808901085691	2.60224080789587	-5.97163075	4.37146049999999
cube1242	1.49014058899	2.2773487348567	-3.06710975	6.04492775
culi1244	-0.4850383628215	2.55417389199251	-5.652999	4.250077
cusc1236	-0.3975516765	2.663865768879	-5.76339975	4.57803775
czec1258	1.128061205458	2.49758197419692	-3.333068	6.30773275
daai1236	0.44343949412	2.27615691285986	-4.23736725	4.624035
daas1238	0.523180285125	2.1103575827899	-3.76956625	4.59366
dadi1250	-2.246021011255	2.48892456943498	-7.19717825	2.46132375
dagb1246	0.83134340859	2.63961681340728	-4.25688425	6.20920849999999
dagi1241	3.126439884625	2.3724025042435	-1.36077975	8.139917
daka1243	4.7886165927	2.14566302037446	1.038887	9.413815
damp1237	1.213637757412	2.27335505343754	-3.09381325	5.6328755
dana1252	3.310393410005	2.32472810437312	-1.03850575	8.40084375
dand1238	-0.7912559089385	2.51054338450549	-5.909128	3.96220925
dani1285	0.805775229331	2.45291310938444	-3.7574385	5.79606325
dara1250	-2.059411788345	2.39902810523383	-6.89806875	2.63047325
dard1243	2.760554048674	2.29583457318071	-1.285306	7.801925
darm1243	-0.901279117105	2.59463025335352	-6.1218115	3.81658625
dawr1236	-1.508585592445	2.36706783897646	-6.24498425	2.87504325
daza1242	-0.5489669960255	2.56904541978588	-5.8081375	4.4443235
defa1248	-1.504721626795	2.28164510348019	-6.100836	3.02957875
dege1246	-1.09349888795	2.31989967354946	-5.614323	3.4594575
dehu1237	-2.200286182405	2.2608061870497	-6.91127075	2.0554065
dera1248	1.867511992135	2.080498966513	-2.04042075	6.144632
desa1247	-0.8168031837685	2.38513273592493	-5.81388375	3.63017425
dhao1237	0.97873211201	2.27558597933782	-3.23568675	5.9120865
dhar1247	-0.37725915004	2.66822531859087	-5.83449575	4.68587949999999
dhim1246	-2.1035289199227	2.37088392232551	-7.4008755	2.35255624999999
dibo1245	0.4856782023015	2.70350424556201	-4.5651525	6.076064
dier1241	-0.32822035023	2.67709039643144	-5.62147675	4.7790335
diga1241	-2.6074796602	2.393595909863	-7.77693075	1.705725
digo1243	0.446039902425	2.62587678279458	-4.59981475	5.46984674999999
dima1251	-3.12017101802	2.26933682476828	-8.1272535	1.02030925
djam1255	-0.706529733794	2.61620895068762	-6.082733	4.4645055
djee1236	0.7172756265665	2.29796063956255	-3.7395565	5.13675775
djeo1235	-0.79401521083	2.45828607268212	-5.7912745	3.7433505
djin1251	0.322489599145	2.57519785940881	-4.76782025	5.357906
dobe1238	1.111399990025	2.42890489448929	-3.48802925	6.43456724999999
dobu1241	-3.66216207697	2.22470038354833	-8.4888415	0.262819474999997
doma1260	0.03894221166223	2.56863769665154	-5.42114225	4.93272799999999
domm1246	-2.4234574579	2.34514425754032	-7.145545	1.8412815
doro1266	-2.64644995318435	2.24187037578343	-7.37643275	1.42043
drun1238	-1.28910414727	2.54780830066146	-6.56662175	3.70764224999999
dumb1241	-2.228893124215	2.08728380815668	-6.477585	1.57738725
dumi1241	-2.3475819540205	2.35527243766267	-7.302716	1.88237075
dusn1237	2.84928654068755	2.38485053879742	-1.5671955	7.93050349999999
dutc1256	0.9056925174715	2.42941874784189	-3.59851725	5.97553325
dyir1250	-0.7921202538	2.53233913875702	-5.8708	4.079122
dyul1238	-3.323416009215	2.22064443769421	-7.652417	0.851836599999999
dzao1238	2.001327468735	2.47646879566496	-2.692727	7.09325349999999
dzon1239	-1.738163865403	2.65637142693777	-7.168093	3.2047705
east1236	1.848399645255	2.4462629875402	-2.57541	7.16511099999999
east2328	-1.311123518515	2.2496223979659	-6.02967925	2.9489185
east2342	3.591036738254	2.36231904799232	-0.708181925	8.61762325
east2379	-0.3852138827	2.62271418636376	-5.505263	4.67494975
east2443	4.18632377175	2.31801912551781	0.027089285	8.9351655
east2447	2.471401689775	2.10096647703149	-1.44752575	6.9615335
east2485	1.185862631865	2.16442338511147	-2.89164275	5.64016749999999
east2516	-2.370715184364	2.53191027501143	-7.69436625	2.3520825
east2555	-0.69599112727	2.53370408783409	-5.77975025	4.228806
east2556	2.6466092420755	2.00448294622958	-1.24788125	6.72510525
east2690	-0.621515121367	2.66516829408938	-6.25895775	4.63760999999999
east2694	-1.20209940368	2.53196943508695	-6.286323	3.47625625
east2773	-2.422843421895	2.46465431782358	-7.419582	2.09200125
egaa1242	-2.781171218841	2.41481318754424	-7.638309	1.8046205
eipo1242	-1.7120321434145	2.59404473605422	-6.97433425	2.98424775
elip1238	-0.86365213108	2.03206203569735	-4.7944985	3.139669
elna1235	-1.155314334435	2.3826974534479	-6.0811915	3.4478175
emae1237	4.08303382245	2.21091204396042	0.27928185	9.031806
emai1241	-1.226070607154	2.21116099576709	-5.637916	3.18127825
enuu1235	0.44060395625	2.28705139902729	-4.044788	4.99094075
ersu1241	-0.84150183615	2.63812762796345	-6.08034625	4.4133825
erzy1239	1.442119855625	2.45736869271163	-3.1749535	6.6749425
esee1248	-0.11212583404	2.85362998989796	-5.7729735	5.480591
esim1238	0.82215495337125	2.35647565181559	-3.61514375	5.7958835
esto1258	1.8209809458405	2.40115318561914	-2.5631255	6.79496474999999
even1259	-0.46166436234	2.64069955435454	-5.928132	4.45845649999999
even1260	-0.374111102499	2.48598786164233	-5.36393525	4.4422255
fait1240	-2.3345687978575	2.09470043616793	-6.553669	1.576969
fala1243	-1.653194433911	2.53451162633752	-6.90297575	2.8493755
fare1241	0.5135666760605	2.4683149502717	-4.27122525	5.43108425
faro1244	0.62097641993	2.49429739201323	-3.97581875	5.93296375
fass1245	-0.90153844723	2.02591235027017	-4.94977725	2.893054
fasu1242	-2.127171509455	2.57560333410704	-7.58382675	2.56775499999999
fiji1243	0.305041325075	1.98272566399565	-3.46265675	4.33850875
fili1244	-1.7773661833	2.46846199344398	-7.0996455	2.5788815
filo1235	3.350465554585	2.05802332206891	-0.586414825	7.66306275
fina1242	-0.8929630429405	1.95689923537389	-4.70411075	2.83263025
finn1318	1.11879385527475	2.49188899850998	-3.644844	6.50199025
fipa1238	0.327536867005	2.61911117959269	-4.678748	5.62125024999999
fonn1241	0.847614816545	2.49645474102342	-3.95892325	6.1046135
fore1265	-0.809498335285	2.47746348122125	-5.99073525	3.93877775
fran1266	0.70589048294235	2.52305979882896	-4.168352	5.5936225
fuln1247	-0.3949079128735	2.73824559231455	-6.1953975	4.72289374999999
furr1244	-1.14606999343	2.60941320955042	-6.395004	3.80985224999999
futu1245	-0.52828847855	2.03696305446371	-4.691841	3.29192675
fuyu1242	-3.0634313830805	2.36322059870712	-8.1474515	1.35634
gaaa1244	0.636574119135	2.52527898881744	-4.16424425	5.6962385
gaaa1245	1.73512943915	2.47803563618471	-2.70836175	7.0889685
gaan1243	-0.0285307862255	1.99748647838621	-4.01381925	4.04330225
gada1258	-1.433396125935	2.13277277821673	-5.951018	2.44927325
gade1242	-0.8659923423755	2.22752865371573	-5.42696275	3.572807
gaga1249	-0.150626373325	2.61969207821793	-5.558989	4.95360975
gahr1239	-0.513945638718	2.68554664066654	-5.92036975	4.54628825
gala1264	1.7058041698	2.11267907745318	-2.20206575	6.0176975
gale1259	-1.145934845975	2.50961061404299	-6.361007	3.70035125
gali1258	0.52883242937	2.61674329369369	-4.35318375	5.95354549999999
gali1262	-0.68653450794	2.41992185355598	-5.838259	3.83691275
galo1242	-3.24357597765	2.47549774166314	-8.3345815	1.0129105
gami1243	-0.305169726375	2.60379036341392	-5.420088	4.65799225
gamo1243	-1.36616679243	2.35865809483045	-6.28824225	3.06173849999999
gang1266	-2.6820685547535	2.31652364404769	-7.4847875	1.601949
gant1244	-3.048445922005	2.25446199447369	-7.59999775	1.1276065
gapa1238	-2.60850212844	1.90472456712682	-6.72898175	1.06917775
garo1247	-1.55964866794	2.2369706560786	-6.127039	2.57313924999999
gayo1244	0.103392703115	2.26341151596083	-4.33668025	4.51352399999999
geba1237	3.991909891627	2.25073188837363	-0.0191818275	8.580893
gebe1237	1.923989256131	2.50100826747362	-2.704603	7.23124425
geda1237	-1.76609748685	1.76757698000707	-5.459081	1.59453225
gela1263	-1.530086538405	1.8727024235845	-5.3467715	2.16285
geru1240	0.89273582818	2.06894928431895	-3.0236335	5.23347575
ghar1239	-2.00209676687	1.87544199701491	-5.8936185	1.599403
gheg1238	2.162581694655	2.25628415934582	-2.0509115	6.89485299999999
giiw1236	2.019947948164	2.16383235027714	-2.00038525	6.53557874999999
gilb1244	0.725754970395	2.45563745121944	-4.00200475	5.86927
gira1247	-2.3601952978	1.90483129808444	-6.172004	1.41819125
glav1244	-0.092424893615	1.85503642709872	-3.85993475	3.4373305
gofa1235	-1.39549631498	2.39077954649472	-6.2899045	3.02701924999999
gogo1265	-1.567946264465	2.68096296942073	-7.03778475	3.55018499999999
gola1255	0.5745154613565	2.47698671250142	-4.16307925	5.74589025
guah1255	-0.50507504683	2.63534019951762	-5.7728975	4.76379575
guam1248	-0.89441083549	2.57334796386379	-6.1873575	4.04190875
guan1266	-0.698712439095	2.63905060885803	-5.90416925	4.45643275
guan1269	-0.130803427508	2.31341790730225	-4.81941075	4.23723325
guat1253	-0.968154271595	2.64378237207174	-6.17210625	4.0915535
gube1234	0.5590029803185	2.60932523568815	-4.53323975	6.0225175
gude1246	-0.079367407735	1.93511828467399	-3.7996005	3.726748
guer1243	-1.586931487315	2.54230912292723	-6.97168175	3.1482745
gugu1255	-0.5666466394945	2.54548653499932	-5.53150375	4.37578325
guhu1244	-2.399432602375	2.41850536623145	-7.53885775	2.04410225
guiq1238	-0.8086774189315	2.60772946717442	-6.17053375	4.0746465
guma1254	-3.73081048315	2.19033210084023	-8.36650675	0.166890999999997
gunw1252	-0.2849441257245	2.20332864998844	-4.609442	4.09004725
guny1241	3.27417182747	2.41423132439467	-1.220615	8.31199025
guri1248	-1.5296476403285	1.97955830869144	-5.49380175	2.0026635
guru1261	-2.47131076217	2.34546287451698	-7.48005825	1.773456
guru1271	1.30306885161	2.09418919348822	-2.56945375	5.51025824999999
gusi1247	1.37769875661	2.4635314595851	-3.13415775	6.80537225
gwen1239	0.639707635655	2.70302516568231	-4.66037775	6.0811845
gyel1242	-0.58079674048055	2.64159500982627	-5.8486725	4.7294375
haaa1252	0.238834400315	2.76764350462801	-5.24165075	5.927383
hadi1240	-1.730549637175	2.29719725821374	-6.47456875	2.42061875
hadz1240	-0.202476976555	2.64783165712924	-5.492745	4.83888449999999
haka1240	-1.109586245713	2.39528295317512	-6.12223575	3.61225675
hakk1236	2.30772924906	2.37367386319681	-2.1030045	7.14320725
hala1252	2.185541644096	2.54298241881429	-2.3989145	7.7428385
hali1244	1.8441862583505	2.03594144275891	-1.9377285	6.14648175
halk1245	-0.1557782242055	2.49320737454569	-5.23006525	4.8565905
hame1242	1.329618806375	1.91912314486037	-2.41228175	5.119508
hang1263	-1.45570104117	2.10766757309935	-5.73006425	2.60075425
hani1248	0.636086644657	2.40173827176252	-4.074603	5.34700075
hano1246	4.13816872885	2.31289242589249	-0.02268411	9.1541555
haro1237	1.71143949036	2.49300548701015	-2.884389	7.24797425
haru1245	-3.23461483132	2.29001035859939	-8.1197795	0.868386824999999
hava1248	-0.15322551954805	2.62442308653072	-5.463037	5.16483925
hawa1245	-1.479642834291	2.27345409838755	-6.43421575	2.67360575
hehe1240	0.74669501327	2.74701487439208	-4.7747805	6.36797624999999
heil1246	-0.980107829925	2.60165966231491	-6.31554325	3.9962635
hela1238	-2.324572717385	2.41491730897988	-7.5695	2.09570625
here1253	0.185666216	2.69256790012929	-5.345468	5.63262425
hida1246	-0.098614596645	2.85064010135769	-5.8701605	5.52085125
high1276	3.1055180656045	2.00696447571411	-0.700483225	7.17191449999999
high1278	3.281436808985	2.07672905383157	-0.755991825	7.5658215
hind1269	-0.28165320773	2.71296695337977	-5.69681475	4.9279755
hixk1239	2.334570762115	2.34299219068553	-1.982119	7.236757
hoaa1235	0.818909101195	2.65468091851028	-4.26380275	6.19758199999999
hone1235	2.16829933833	2.3363877393331	-2.10939025	7.16291575
hopi1249	-0.9296368135405	2.48316513688947	-6.05196225	3.6044455
horp1239	-0.685236228602	2.60513463651445	-5.8800025	4.280331
hote1245	-0.976199181111	1.77051163647149	-4.58305025	2.44791375
hozo1236	-0.428273240355	2.11732264288973	-4.718752	3.6737225
huaa1248	2.183058566455	2.62718881339003	-2.817492	7.67429324999999
hual1241	-0.887659595982	2.61381257419543	-6.22660575	4.01503875
huam1247	-0.55098459439	2.60698128679245	-5.8043455	4.38637375
huar1255	1.85573945758	2.17834939298155	-2.0537025	6.65473075
huas1242	2.55313638091	2.11320642471273	-1.50566775	6.82516875
huba1236	-0.340715788255	1.99937021169921	-4.224481	3.721673
huic1243	-1.138013275605	2.48875251742676	-6.2889635	3.55769025
hula1239	-2.350276644585	2.27788997971422	-7.4629855	1.72832024999999
hula1244	-0.501299708178	2.56439574729918	-5.619996	4.5029135
huli1244	-2.300971080775	2.54346725455067	-7.42483375	2.657954
hung1274	-1.557425022575	2.22996296923085	-6.33658375	2.620001
hung1275	1.282799451835	2.67985845498694	-3.576123	7.249621
hunz1247	-0.9714778913995	2.60055922042617	-6.231624	4.0268615
huuu1240	0.4871514650485	1.98810562659975	-3.30446025	4.427638
hyam1245	0.7709613196745	2.36060608485634	-3.673791	5.70805075
iaai1238	-2.024969899848	2.14037315993375	-6.6331595	1.86672375
iama1237	-3.781152909575	2.10535140236321	-8.28052175	0.0456268649999987
iatm1242	-2.439753148594	2.27563542552029	-7.1223445	1.786983
ibal1244	-1.4871613924755	2.14839868198263	-5.911015	2.58545675
iban1264	1.567661926045	2.5163530356585	-3.03228025	6.86604625
iban1267	-1.73814534205	2.33641080189347	-6.65329375	2.6601615
ibat1238	-1.77709609052	2.37166799672591	-6.90533175	2.570726
ibib1240	-1.018004656298	2.36378849154575	-5.680619	3.564433
icel1247	0.6021616807795	2.64540128875568	-4.17722025	6.14743249999999
idii1243	-1.458256134795	2.53385415686752	-6.53725275	3.100852
idom1241	-3.502957406	2.38009263462693	-8.558686	0.774734624999998
idum1241	-2.4503627569065	2.49520018057578	-7.835286	2.04227675
idun1242	-3.536493154435	2.04416658718933	-7.872472	0.268521349999999
iliu1237	1.69508842888	2.43992679955108	-2.91902575	6.85364925
ilon1239	-1.87325257698	2.15172568315084	-6.55013675	2.1892195
imba1240	-0.736376732402	2.62834505510938	-6.04979675	4.29192449999999
ingr1248	1.48146221367	2.47729428009852	-3.006674	6.793822
irar1238	2.599751442039	2.26769593687951	-1.634108	7.419796
iris1253	-1.905681337005	2.37313589123592	-6.8119185	2.46942725
irul1243	-0.21916624537	2.71884926615446	-5.57707575	4.962776
isco1239	-0.288252445295	2.64064076367274	-5.63586125	4.90121225
isin1239	-1.79871353543	2.16989600697093	-6.42685075	2.33785625
isir1237	0.301842514113	2.09978961977727	-3.8083555	4.43074
isna1241	-1.6873985607835	2.31974511621853	-6.355404	2.49341175
isth1240	3.59339696441	2.09072182307043	-0.3353998	8.02300725
isth1241	3.324538773885	2.06109210484653	-0.5751855	7.55151525
ital1282	0.658281415665	2.53795651960773	-4.3016785	5.61783725
iton1250	-0.932407149	2.47846298187107	-6.11797225	3.71523349999999
itza1241	-0.451991329335	2.61633632578071	-5.76404875	4.596911
iumi1238	1.22526203975	2.10178445310271	-2.7216365	5.6292115
ivat1242	-1.605906629308	2.44394332953914	-6.664292	2.93051325
iwal1237	-1.314765627555	1.88954986328327	-5.238547	2.36989375
iwam1256	-1.88999703635	2.36814222492723	-6.93077425	2.56069625
iyoo1238	-0.7165832977365	1.88760241236704	-4.6408485	2.86770925
jahh1242	0.9090894767445	2.06514218066222	-2.9534305	5.21747675
jama1261	-0.0221869448285	2.49369749150641	-5.03796175	4.68233299999999
jamb1236	0.87926331425	2.34812675466603	-3.3573585	5.8082185
japh1234	-0.793892989365	2.57796132069495	-6.09135025	4.05622275
jara1266	2.151059899635	2.51216832171296	-2.51414825	7.27627625
jeha1242	1.2349570292155	2.46530432214663	-3.41737275	6.52203924999999
jehh1245	2.055304349235	2.50972657924577	-2.42787575	7.36577074999999
jenn1240	1.7333611708932	2.19364791141225	-2.4312255	6.28785324999999
jeru1240	-2.503973427593	2.41138578822157	-7.4194945	1.74025274999999
jiba1237	2.058621058201	2.39782108379773	-2.41565975	6.99568975
jina1244	3.09581440232	2.25171246573749	-1.04777825	7.77260475
juku1254	1.24157774735	2.40810401079377	-3.43591075	6.20924724999998
kaba1278	-1.076511211368	2.55472865378939	-6.2689625	3.7540945
kach1280	-1.22626497678	2.43906211292999	-6.30856275	3.26992675
kach1284	-1.59729543344	2.48797572811813	-6.810613	3.2143115
kada1242	1.85282172551535	2.28903583648994	-2.47804575	6.68132325
kado1242	0.058664998837	1.99816661574229	-3.865148	3.9196075
kafa1242	-1.0238063074255	2.37251888854951	-5.95791525	3.49055425
kaga1256	-1.23475011419	2.43203575125652	-6.480762	3.32619625
kagu1239	1.1068831552735	2.72833521039093	-4.0679435	6.59896374999999
kaik1246	-1.5815298744495	2.52050371266341	-6.82429775	3.1463835
kaki1249	-2.332962401575	2.43920332977851	-7.30564	2.1659395
kala1384	0.16132617453	2.7398937693579	-5.07583925	5.72490274999999
kala1399	-0.3948669597	2.63820928421816	-5.59837175	4.85260599999999
kalm1243	-0.74975481356818	2.48849343166056	-5.7115075	3.88132025
kama1370	-1.2216592569605	2.07692138377414	-5.43883875	2.78338275
kamb1297	0.74455918736	2.66369913675574	-4.31701125	6.087661
kamb1299	1.56587580653	2.1889856087289	-2.54140025	6.10933825
kamm1249	1.65050833189	2.43559109110737	-2.8164805	6.57644899999999
kana1286	-2.862543373225	2.16553515480337	-7.58420225	0.961170424999999
kana1291	2.600273420575	2.51424651948353	-1.998896	7.62832749999999
kani1286	-1.497311463365	2.14648933530576	-5.7094495	2.81760225
kank1243	-0.777197260439	2.02785887852969	-4.813337	3.13341425
kaon1241	0.196469002005	2.68011720593926	-4.77245375	5.80687775
kaqc1270	-0.044344093615	2.28426175189887	-4.630586	4.518265
kara1476	1.089402204075	2.38910694753669	-3.51847725	5.73915725
kara1486	3.020285934915	2.18053613279208	-1.06432375	7.47700724999999
kara1487	-1.436680667205	2.01561952480679	-5.392544	2.44865025
kara1499	1.231161413596	2.51367935437539	-3.96033875	6.14484624999999
kara1500	0.06861712527	2.54226424291931	-5.16819375	4.748801
karb1241	-3.03084366131	2.37754876096669	-8.0162985	1.12554025
kare1335	1.09222787561	2.3847851542217	-3.2894605	5.84619825
kare1338	0.530049737927	2.52706355597638	-4.1472145	5.84677549999999
kari1311	3.669928609295	2.45439084528896	-0.769481425	8.89429125
kark1258	-2.06476979539	2.32240143021558	-7.01908025	2.146152
karn1252	3.51493308685	2.23277393387593	-0.51779785	8.27562725
karo1304	-0.594476333126	2.54521165451299	-5.636697	4.27766149999999
kash1277	2.345052583005	2.33635202592116	-2.2369165	7.13667325
kask1239	-0.18218267561	2.60172923763945	-5.60700475	4.9740205
katb1237	4.7179542084	2.15247300579159	1.16836325	9.45135825
kats1235	1.1510646920605	2.33178309451488	-3.62069525	6.01611974999999
kaur1271	-1.887212309465	2.53405395696022	-7.1720045	2.845994
kava1241	-1.7455154484435	2.02133568044642	-5.94142125	2.03627574999999
kaya1315	4.22528402785	2.25511379850354	0.11965905	8.93640324999999
keap1239	-1.957542818455	2.26156928720037	-6.77977875	2.11456625
keig1242	1.8855611993535	2.44953817593514	-2.8740445	6.85959675
kele1258	2.40325926403	2.24508156413066	-1.6074495	7.1532585
kele1259	-1.271904415955	1.97406628840431	-5.20803	2.5166745
kemb1249	2.110205775541	2.33863036793538	-2.33060725	6.8554135
keme1240	1.338582976604	2.25631979661157	-2.911846	6.233929
kens1248	1.2893735547495	2.36449108235349	-3.017589	6.1582585
kenu1236	-0.83944144645	2.74658725075045	-6.360295	4.48730125
keoo1238	1.222889864435	2.18493287006572	-2.83534975	5.59319625
kera1255	2.519981757295	2.28628450557199	-1.67543125	7.290079
kesa1244	-1.77566396309	2.01184487717321	-5.893305	2.07229225
kett1243	-1.105791187755	2.70691904908822	-6.7008465	4.143477
kgal1244	0.85668058543	2.73942608362	-4.33231325	6.40511775
khak1248	-0.191315855205	2.65929104346939	-5.43911225	4.73542349999999
khal1275	-2.20995049423	2.45192566170764	-7.37946425	2.3560065
kham1282	-0.5537895162475	2.64716458049262	-6.2565995	4.27289175
khan1274	1.464666709835	2.33911530965292	-2.851243	6.378822
khan1277	-3.218591809775	2.39334771146798	-8.2939345	1.09832475
khan1278	-1.3616611325855	2.29484223932601	-5.94576375	3.04321575
khar1288	-3.2140229645	2.27667536413705	-7.85770775	0.910655349999998
khas1269	-1.5234381742055	1.91692671695661	-5.37041825	2.15862325
khez1235	-3.17979104342	2.3907226103912	-8.19596425	1.16653775
khmu1256	1.53678261574	2.43639635407983	-2.9886555	6.411377
khum1248	-1.11937963709	2.39920199202133	-6.06980575	3.41795225
kich1262	-0.3554927395775	2.27812414186518	-4.92462775	4.10386099999999
kiku1240	2.0973153704585	2.60904927694475	-2.84119025	7.51546274999999
kile1243	-0.47085360856	2.55400548687078	-5.7118125	4.348834
kili1267	-2.92232387376	2.25760036761458	-7.67138225	1.3340335
kimm1245	1.81111251552	2.21452376550419	-2.05890925	6.6382625
kina1250	-1.12960449927	2.73834553800637	-6.6993915	4.01570225
kinn1249	-0.6050501746025	2.5765642268499	-5.916271	4.3157055
kiow1266	-0.42137406702	2.65424803491055	-5.9974565	5.04942375
koda1255	0.24120362082	2.56098601310987	-4.8843245	5.22426275
koho1244	1.568390968315	2.58800002174504	-2.91806575	7.19321574999999
koir1240	-3.147355520615	2.31945117922325	-7.968974	1.01458475
koit1244	-3.184643495095	2.33895018650032	-7.98335175	1.054109
koka1244	-0.3123736848075	2.77864115727239	-5.73548625	5.10174625
koko1269	-2.58936274388	1.9516417435474	-6.739349	0.960872574999999
kolb1240	1.152146890376	2.46219489664319	-3.599278	6.05224174999999
kolc1235	0.45920427176	2.52131876980458	-4.249601	5.67934225
kolu1245	-3.7413525439765	2.06579207416731	-8.0882955	0.0357376149999976
komb1274	-1.278263887135	2.72198458886246	-6.8688945	3.88323275
komc1235	0.912186532035	2.24768160045775	-3.36808925	5.50931625
komi1268	1.46109654861	2.40562874019093	-3.09207075	6.40051724999999
komi1269	1.2381722104955	2.3517948309634	-3.1098175	6.33739524999999
komi1270	-2.63932695427	2.41553972025368	-7.59937525	1.76870025
komo1260	0.45202621137	2.75121864037975	-4.942402	5.91510025
kona1242	-2.229160391725	2.46809672864708	-7.48835025	2.408306
konk1267	-0.4427208852	2.59637623920838	-5.611976	4.458558
kony1248	-2.8862721021135	2.46355685156143	-7.9635165	1.45560575
konz1239	1.06485798757	2.59494559859722	-3.92340475	6.26883925
koon1245	0.44622190836475	2.77128530035194	-4.7577025	6.07362949999999
koor1239	-1.19698345753	2.32952262154876	-5.953755	3.1939905
koro1298	-0.326265652725	2.31769938562179	-5.029323	4.2619745
koro1313	-2.10488662391	2.09428424156913	-6.3069495	1.90708175
korr1238	-0.44736874355	2.53412955406977	-5.8674945	4.253712
kosa1249	-1.510639563495	2.69462769456802	-6.9706995	3.5247855
kosr1238	0.8624256608904	2.44248525672887	-3.62373675	5.8622185
kota1263	1.8711879512915	2.23227705324044	-2.35294175	6.39100724999999
koti1238	0.2326961121585	2.69175164920748	-5.12025025	5.66439075
kove1237	3.71852096563	2.29596601494603	-0.301082225	8.6328645
koya1251	-0.645074839949	2.58927900793553	-5.89261425	4.2942875
kren1239	-0.536156997605	2.47266379403166	-5.6332535	4.05437474999999
kuan1247	0.1949096538815	2.88097111312456	-5.09893725	5.90865124999999
kuan1248	4.4695844989685	2.4076185464266	0.28214765	9.78199074999999
kuii1252	-0.916359860918	2.70228337641812	-6.48838725	4.16675224999999
kuik1246	0.947220714455	2.00881381766106	-3.03453925	4.77373325
kuku1273	-0.6515454931245	2.58188464242283	-5.8698775	4.119986
kulo1237	-2.64261784922	2.08818838864444	-7.05638025	1.04097274999999
kulu1253	-2.27004560799	2.36275143343922	-7.2173445	2.2084215
kuma1276	-2.428060256892	2.17971349322845	-6.915978	1.78065299999999
kuma1280	-2.4546620121665	2.29273277085937	-7.12187175	1.60779325
kumb1268	-0.369659974998	2.67940870914884	-5.95239725	4.60048475
kunb1251	0.8833488139	2.20051751576825	-3.18183825	5.18074225
kuni1267	-2.734923391835	2.37251517165758	-7.850971	1.42676949999999
kunj1245	-0.652748531075	2.70119522969594	-6.303096	4.48800924999999
kuot1243	3.27136561571	2.14704247305567	-0.66625255	7.9141765
kurr1243	-0.053806953025	2.30154107476794	-4.75765375	4.36247925
kusa1251	-2.466162084856	2.18925917853964	-7.15652825	1.4878265
kusu1250	-1.78074107048	2.53669774663315	-6.88461625	3.07997299999999
kute1249	1.3584370201955	2.56144223185762	-3.8440875	6.37326374999999
kuyy1240	1.59572517405	2.62713080013832	-3.22474225	7.21299075
kwai1243	1.105534646535	1.9598219505195	-2.6176145	5.02552725
kwam1249	0.190282023105	2.12642269091742	-3.9817635	4.408449
kwam1252	0.98338270322	1.97895173755053	-2.923742	5.01512525
kwar1239	0.975966899005	1.93219966318733	-2.673241	4.95844274999999
kweg1241	1.258603184197	2.12340599820672	-2.756671	5.70204525
kwin1241	2.065552075989	2.43389593447073	-2.3648315	7.14819649999999
kwom1262	-1.63761592036	2.18835327843182	-6.26592275	2.34335275
kxoe1243	-1.343655426705	2.5423061510357	-6.97831475	3.37888399999999
kyer1238	-2.18240865595	2.35266874960665	-7.00466575	2.24144125
laal1242	1.87497996025	2.51678054156011	-2.80411575	7.16797024999999
labo1244	4.5519406476	2.18938236861314	0.8976796	9.25971675
labu1248	0.3665769140255	1.68133565488706	-2.78891525	3.65189825
lach1248	1.717434186482	2.28906478222658	-2.44247375	6.5703935
lafo1243	2.982828733065	2.4605483861859	-1.4438955	8.03211374999999
lagw1237	3.02633497332	2.25920820554627	-1.17948075	7.55322725
lahu1252	0.7294006464665	2.04417802326374	-3.3911945	4.873522
lahu1253	0.2469262082305	2.09551899285081	-3.75504425	4.303835
laiy1246	0.3650835293545	2.07143724039436	-3.648102	4.5351525
lala1264	0.1622999534	2.60536649327831	-4.85413025	5.54914125
lala1268	-3.381323523305	2.2686156743839	-8.01826375	0.566832949999993
lama1277	1.77582314428	2.31626145348936	-2.5304365	6.71937274999999
lama1288	-0.48274258194	1.85663826889463	-4.336095	3.00443924999999
lamb1269	-1.025793245615	2.49023835067188	-6.1304955	3.4898075
lamb1272	0.4491081900675	2.57110839964007	-4.539174	5.7190055
lamb1273	1.17839028982	2.29328665746551	-3.12738375	5.96057074999999
lame1260	4.59500925885	2.13374357309202	0.886504025	9.0967545
lamk1238	-2.222096346237	2.31620220973535	-6.809577	2.14810975
lamo1244	3.5534527855905	2.19821186556627	-0.296904	8.22343625
land1256	0.075792478265	2.2745969105835	-4.2204145	4.6756075
lang1320	1.213567552345	2.24245103742502	-3.0922685	5.86526775
lara1258	-1.2731765601785	2.6375785823339	-6.88424225	3.727928
lash1243	-0.34068620992	2.32370378020095	-5.34563975	4.06081525
latv1249	1.255705942515	2.39610046202494	-3.109395	6.4099025
lave1249	2.08329776291	2.56634204828685	-2.8733215	7.3511245
lavu1241	-2.4976939278385	2.31480960045817	-7.40572125	1.76018575
lega1249	0.16007565476	2.69145481018471	-4.915389	5.5991515
lele1267	3.553042471215	2.33668256303705	-0.570249975	8.58637024999998
lele1270	2.465831311135	2.2386857609696	-1.6471735	7.1078045
lele1276	-0.150911072369	2.16837788866813	-4.36931025	4.0194695
lemb1266	-3.078640533465	2.35564799517193	-8.02349325	1.317657
leme1238	3.038591081706	2.25517632823028	-1.09821625	7.92238675
lena1238	1.492514258817	2.02701379417963	-2.51679125	5.6367015
lend1245	-0.37488475987	2.3097896276217	-4.9741205	3.93012025
leng1259	-1.28970966873	1.71270251394557	-4.67065075	2.02936125
lepc1244	-2.0574490825	2.45957412604334	-7.40468725	2.5131425
leti1246	1.218484784867	2.24489336238035	-2.93587925	5.7925495
lewo1242	4.3732544496	2.16740956701617	0.58114305	9.08093325
lewo1244	1.80258532034	2.28736423082077	-2.39519875	6.64867825
lezg1247	-0.7297755157815	2.57453665205176	-5.8348395	4.1051095
lian1251	-3.2113047935815	2.25677350970766	-8.20538375	0.762865499999995
lihi1237	3.652104291535	2.37268729832865	-0.587987225	8.787932
liji1238	0.05721663737	2.26295097373473	-4.46663125	4.68694024999999
lill1248	-0.38006099370015	2.43817320446057	-5.25510675	4.39198099999999
limb1266	-2.16240606150175	2.40920380937711	-7.153501	2.33407375
limo1248	-1.5441397004365	2.20074764368096	-6.1643795	2.53756
ling1265	4.75301544615	2.14472609411289	1.1456485	9.4469325
lipo1242	1.172690515885	2.30528940196359	-3.43867225	5.9236545
lish1245	-0.53380982619	2.59800288939979	-5.924249	4.34506575
lisu1250	-0.1293401068965	2.23474727950011	-4.78032775	4.193787
lith1251	-1.71178617536905	2.35139289219759	-6.62691125	2.66230625
litz1237	4.7024771463	2.15039546722336	1.05438	9.38159324999999
livv1243	1.364273733582	2.53874868910065	-3.470902	6.43855225
logo1259	1.59526459877	2.33444630393539	-2.68689375	6.454143
loka1252	-1.039393228895	2.44238684351755	-6.0296015	3.58614675
lolo1259	1.31128302011	2.32843443648754	-3.178187	5.7475655
lomb1257	0.908269389325	2.5557718121643	-3.9382165	6.32582525
long1395	-0.93294182364	1.77803452568116	-4.297393	2.40736875
loni1238	2.466663632025	2.25089914769123	-1.59345025	7.069956
lote1237	3.02163208782	2.26805866551289	-0.8289756	7.8737285
loth1237	-3.29048451617	2.49361405577957	-8.64443825	1.16661299999999
louu1245	2.463322046218	2.21480460772006	-1.67128525	6.96596575
lowl1260	-0.819883180849	2.50014046249541	-6.05774	4.0474795
lowl1265	0.43709289001	2.20728471142286	-3.74620075	4.797074
lozi1239	-4.458883453665	2.43255963738617	-9.4811095	0.0925066674999998
luan1263	0.883408086841	2.27830287063918	-3.50689725	5.5228715
ludi1246	1.30023447386145	2.43486469980877	-3.17116425	6.53697725
lugb1240	0.69591035526	2.41964183946257	-4.03936575	5.3746945
lugu1238	0.761581476081	2.70098200348232	-4.4180925	6.0385135
lule1254	2.148331476975	2.24213190058926	-1.937147	6.8594435
lumb1249	0.2516112108135	2.61604497927525	-4.66003075	5.5127495
lumu1239	3.380783063235	2.29808810427751	-0.821411475	8.210695
luok1236	1.38429808562	2.36412161542529	-2.94019325	6.51811225
lush1249	-0.80647114655	2.37335153481107	-5.6263375	3.64321325
lush1252	-0.121234606973	2.63682634022957	-5.37892075	4.920513
lusi1240	3.76963276086	2.26768960529614	-0.2490278	8.5005985
luva1239	0.1240340104975	2.65761674249365	-5.02565275	5.64566749999999
luya1241	-0.2231278544352	2.53318024446043	-5.15445575	5.012446
maan1238	1.91115253068	2.34746852172403	-2.510915	6.62069925
mace1250	1.70995277542	2.38300193117497	-2.75777575	6.55634075
macu1260	-1.1836833849	2.54567673029142	-6.35443225	3.63388199999999
mada1285	3.79132018966	2.26073928909808	-0.38430915	8.7434625
madi1260	-1.007964431102	2.16537372009795	-5.32001525	3.344546
madn1237	-1.555849055345	2.42476137794328	-6.77689025	2.94439025
maee1241	4.5857879022	2.16861076643267	0.784889125	9.23757775
mafe1237	4.295365150895	2.26332583104743	0.242533775	8.98755299999999
maga1260	-1.45677658552	2.55657264689943	-6.8525175	3.2304735
maga1263	-2.210726020283	2.41588634810931	-7.182946	2.28078325
magd1235	-1.796023121875	2.54085724036714	-6.82651975	3.068832
magu1243	-0.01696206477225	1.93061219038917	-3.722509	3.76867575
maib1239	4.81487410079	2.48934545177013	0.016593197	9.88379625
mail1248	0.123260037374	2.04242579689369	-3.827497	4.171786
mais1250	-2.290115747965	2.20943017675847	-6.99051275	1.6611025
mait1250	-2.20115204369	2.4768079379094	-7.42022775	2.3988735
maja1242	-1.86430981568	2.29361688100902	-6.69122275	2.510079
maka1304	0.579029235675	2.54900594007109	-4.195174	5.57788749999999
makc1235	1.229820092855	2.51663448518982	-3.49859875	6.56490475
makh1264	0.373281088365	2.72479524845946	-4.845293	6.03556825
makh1266	0.415806579317	2.63242866019157	-4.419018	5.83081225
mako1251	0.3260687863165	2.70971531703342	-4.902144	5.87013674999999
mala1463	-0.0887514336345	2.49277429958191	-5.0229585	4.58853624999999
mala1464	0.193829484595	2.62787902741562	-4.9024	5.4549265
mala1479	0.2232805862057	2.30430505244469	-4.07915175	5.10357074999999
mala1534	-1.733398887125	2.27178972572904	-6.46332075	2.361894
male1284	-0.6710940232145	2.28110156482581	-5.32126125	3.7341255
male1289	3.638159532555	2.24630849379258	-0.344236725	8.42392075
male1297	-0.517247921615	2.65774363872038	-5.75135975	4.570465
malg1251	0.96992817349	2.1524492159257	-3.122328	5.41577725
mali1285	-1.122022488074	2.52826601056404	-6.4432265	3.65431124999999
malo1243	4.383998978025	2.20790627341924	0.561046	9.30545225
malu1245	4.49646009483	2.18731481233829	0.700515975	9.26675525
mama1275	-1.32646302045	2.42924247503028	-6.246448	3.20476724999999
mamb1294	1.5446419853525	2.25231422019227	-2.68830775	6.22019375
mamb1296	0.27714372666	2.59178494893528	-4.67088575	5.64866925
mamb1306	1.8682007899735	2.33209702398185	-2.5405225	6.9608195
mamm1241	-0.94735300811	2.41683834020473	-5.96968575	3.70152975
mana1288	-1.7833947203275	2.52367273014457	-7.08459775	3.027327
mana1295	-3.0791456642	2.13973407249309	-7.74731875	0.852024424999998
mana1298	-1.9675462429105	2.25877559075509	-6.7260755	2.3846285
mand1415	2.30597060453	2.21343935515308	-1.685022	7.016315
mand1440	3.1204187751205	2.27859704027002	-1.06448075	8.0082475
mang1378	1.38733558942	2.15174950428296	-2.41071575	5.842633
mang1381	0.3472332977	2.62054764316065	-4.91395175	5.68909924999999
mang1394	2.0818772352935	2.35108304730615	-2.16080875	7.2675285
mang1401	-1.490534552995	2.23390788958533	-6.1835475	2.81684725
mang1403	3.224225908	2.22665247540539	-0.6560338	7.99589225
mang1404	-0.91672444703	1.68039451398522	-4.282084	2.34531725
mang1405	-0.062458621492	2.07633260190134	-4.191761	3.98876149999999
mani1235	4.770820475	2.52652198917563	0.1477516	9.9483615
manm1238	0.429911754234	2.01319075469175	-3.42091975	4.39598899999999
mans1260	4.84185325845	2.48840451728202	0.309290725	10.43073
manu1258	2.45091109508	2.27129875064798	-1.727824	7.2359655
maor1246	-0.6872749462145	2.5169663045767	-5.9244005	3.9765915
mapo1242	-0.3841861462965	1.68855632008126	-3.7208615	2.9093695
mapu1245	2.2053309659	2.56046945922733	-2.66857925	7.43345475
mara1378	-0.705924695385	2.62378419909113	-6.110072	4.18049725
mara1379	-3.187907560315	2.33267424368502	-8.24136	1.120626
mara1382	-0.062217032171	2.11305577371846	-4.47052775	3.94453675
mara1386	-1.65989422849355	2.35993780369169	-6.49739675	2.7923535
mara1396	-0.804997772815	2.65325076719499	-6.13495275	4.531
mara1399	4.629340845365	2.17109572817028	0.86066885	9.46112125
mara1404	-1.022546252174	2.24318153727152	-5.8413045	3.0746935
marg1265	-0.229057688875	2.06149352025392	-4.237579	3.9026495
mari1414	-0.622989354539	2.5949455589437	-5.79131325	4.41633
mari1416	-2.492137751815	2.32490529026631	-7.35367725	1.9945855
mari1424	-1.60151668535	2.36925674753589	-6.348561	2.8226815
mari1426	3.69706394394	2.4608741201762	-0.67665815	9.01067575
mari1428	-2.037160213735	1.79460242543541	-5.6049755	1.43793275
mari1440	-0.415441852089	2.61599161044559	-5.55728425	4.8461775
mars1254	0.577364953845	2.47753015763908	-4.02687475	5.6078515
mart1255	1.85107463293	2.15671963560537	-2.08814575	6.385864
maru1249	0.2905607035755	2.30011237584442	-4.16392675	4.90981275
maru1252	0.059438204079	2.65681794534555	-5.45074425	5.088145
masa1322	2.57918563829	2.24359868215322	-1.52599575	7.24297525
masb1238	-1.691734730428	2.53456728133467	-7.0082195	2.88215925
mask1242	4.7200170468	2.1360191796648	1.042379	9.48640525
matb1237	2.54730719007	2.49423220063362	-2.089871	7.819842
mati1250	-1.296452918455	2.3206694343925	-6.1629555	3.03531475
mato1252	2.325649603675	1.88975871825419	-1.08586425	6.40272724999999
mats1244	0.538472085401	2.73804663715458	-4.83378775	5.92278025
matu1259	0.3404261689615	2.79190315174105	-5.11371175	5.88975025
matu1261	-2.171341220565	1.88087790890378	-5.9842295	1.3747915
maun1240	0.5148507011265	2.22204381996498	-3.8720175	5.16490675
maxa1247	-0.145358188985	2.62599620563869	-5.34212625	4.68153374999999
mayo1261	1.7297522742935	2.68852567129386	-3.255394	7.53936825
mayo1264	0.060949513381	2.4899514003527	-5.14675375	4.87970224999999
maza1304	0.8059869671265	1.900358818737	-2.91740175	4.71413975
mbaa1245	0.685357699931	2.56776556175978	-4.187008	6.01409625
mban1263	1.007568057123	2.57731081537035	-3.91273775	6.326123
mbar1260	3.280761339796	2.33652977114305	-0.936161225	8.25452975
mboc1235	-1.0965708895335	2.29898116331692	-5.749599	3.4950865
mbul1263	3.52941636166	2.2343187342698	-0.54075725	8.39262875
meen1242	0.5197501240955	2.22821359280727	-3.84734575	4.95862375
mehe1243	-0.86665663492	1.96209594072518	-4.674108	2.78176774999999
mele1250	3.45536011317	2.33173655350691	-0.609582625	8.409352
melo1242	-1.069990474895	2.34597051780519	-5.81666525	3.26947475
melp1238	-2.85707788764	2.39013503877436	-7.7371885	1.54997874999999
mere1242	3.8674416201	2.31255330693184	-0.179487	8.82505475
meru1245	2.197170801955	2.54887376154589	-2.55985475	7.56733125
meta1238	0.194590013581	2.38236014168193	-4.406912	4.8587475
mezo1235	-0.757843195895	2.37139366942464	-5.56660525	3.85400575
mezq1235	4.54366935722	2.41762476454012	0.408380675	9.98475624999999
mich1245	-0.82408459153	2.43649292429462	-5.8047645	3.74096549999999
midd1327	-0.5331823329	1.75813436929221	-3.880636	3.01319475
miga1249	2.641287959705	2.31143383307111	-1.4426955	7.4266785
miju1243	-2.553701044805	2.36514167110095	-7.5131115	1.70930675
mika1239	-0.304483133525	2.66168461982908	-5.60835125	4.89970325
mikm1235	-0.33075687272	2.64600932048765	-5.755506	4.63235025
mila1245	-3.06601400212	2.45596362777495	-8.30641	1.319867
mina1276	1.06505466227	1.93109241037759	-2.622431	5.00472475
mini1251	4.42432130145	2.4226631013674	0.0753043725	9.643899
mini1256	-0.966453359381085	2.53892333721287	-6.2060205	3.90299724999999
minn1241	2.1796336403655	2.33801771836193	-2.2861105	6.8515575
miri1266	-0.5816971688445	2.68808994101316	-6.020861	4.69649549999999
misi1243	-1.60927783827	2.22182632106601	-6.36946525	2.420055
mixt1426	-1.24209314551015	2.50845543032373	-6.2393815	3.64281975
miya1259	-1.010607559955	2.4322856711219	-6.13665125	3.4369785
miya1266	0.4348716346701	1.96907678052245	-3.34969425	4.35200075
mlab1235	1.286167528233	2.4988122466344	-3.23726	6.643625
moba1244	0.6863664238935	2.528361732541	-4.2197785	6.093587
moch1257	-1.2629598105055	2.39993724776532	-6.20952475	3.14749499999998
moco1246	-0.954686300555	2.43066521340625	-5.724797	3.52855725
mode1248	1.69770845313	2.34757643856821	-2.59007175	6.57064325
moha1258	0.02669463367	2.51256986992986	-4.87066225	4.84468625
moii1235	4.457483673598	2.49168826306612	-0.1668455	9.552312
moke1242	1.2846811223595	2.44804545778155	-3.1681845	6.47045575
moki1238	0.91719016835925	2.50640887512321	-3.75082	6.11780949999999
mokl1243	1.478979154685	2.43047868235713	-2.94471975	6.6042695
mokp1239	-2.062439129075	2.32343324745461	-6.8138595	2.3990115
moks1248	1.522963017105	2.42262761270688	-2.9332555	6.57192924999999
mono1270	0.85065472835	2.58680702830773	-3.89229525	6.3447925
mono1273	-1.9173200348345	2.28592949956112	-6.64749375	2.29553525
mono1275	-0.546933018305	2.48843001409878	-5.48938725	4.18596499999999
mopa1243	-0.1192684704315	2.6089879747568	-5.19505525	4.68323275
more1259	2.33357576299	2.05528197907813	-1.56549775	6.373861
morm1235	1.865247030115	2.33853925195057	-2.4757945	6.898428
moro1287	-1.44268294007	2.41176048427773	-6.60298725	3.1520385
moro1289	-1.248338290455	2.71034943517287	-7.12223425	3.76897625
mose1249	2.166438976714	2.38959338245928	-2.3111215	6.93723924999999
motl1237	3.04506488643	2.35208812934914	-1.1729175	8.24314424999999
motu1246	-2.8619970660615	2.29382071547313	-7.6080585	1.35794075
mouk1239	3.70240803705	2.20713074154859	-0.195597475	8.4225005
moun1252	-3.231153327745	2.34481680086884	-8.069896	0.948525949999998
movi1243	-0.109709694855	2.5031787399241	-5.03522775	4.62187825
moyo1238	-2.542819531344	2.34393613400724	-7.3816925	1.7284925
mpad1242	2.45514198608	2.38675841130404	-1.8150535	7.5492335
mpii1239	0.9529748701255	2.49382890008616	-4.155649	5.76026724999999
mpot1240	0.3675550115255	2.76760140543387	-4.8387365	5.963161
mpur1239	5.06483524743	2.59690826770592	0.309827775	10.7840525
mual1241	1.7444980579125	2.32180586727006	-2.718018	6.72805825
mudu1239	1.7093191119645	2.25114227930986	-2.53884375	6.3714295
mudu1242	3.358651016745	2.43248827529708	-0.95481625	8.51986275
mull1237	-1.753683064372	2.39690208714763	-6.754291	2.6691975
munc1235	0.403534032075	2.44315786649324	-4.46150775	5.14248825
mund1328	1.19080272221	2.26546491390848	-3.13427775	5.98474
mund1330	-1.24230333884	2.38137649303081	-5.98753975	3.2797505
murl1244	-1.689670909335	2.45210569965184	-6.5502545	2.91617824999998
muru1266	0.3200214340305	2.61096472110415	-5.05705275	5.4647405
muru1274	-0.758741944045	2.50092988970764	-5.72309075	4.0302805
musa1266	-2.6415584535965	2.05493564042629	-6.6854085	1.24663099999999
musg1254	3.326984216595	2.18324795460208	-0.6809771	7.86475549999999
muso1238	1.3057584576105	1.75431970885983	-1.91975075	4.758926
mwag1236	0.685439043974	2.01545500089172	-3.124491	4.851861
mwan1247	0.30557208431	2.65286528922077	-4.81274825	5.823224
mwer1248	0.399416201501	2.67322485151901	-4.69827025	5.6926565
naka1262	3.4515778685	2.29471540424123	-0.5061624	8.7433345
nalc1240	-1.633213752052	2.64350929961529	-7.1035845	3.30182325
nali1244	3.13319483129	2.15609482338911	-0.9395638	7.5477075
nama1268	4.004991799695	2.27336306388765	0.0559373375	8.86337975
namb1293	-1.3837173438235	2.53990125951613	-6.79869175	3.366548
namu1246	-1.02363169358	2.40141408428781	-6.03529225	3.65614775
nana1257	-0.447037991515	2.77459724507765	-6.02587975	4.69792449999999
nang1262	1.555853959535	1.84989667239731	-2.00706375	5.24255124999999
naru1238	-0.364172018775	2.64848635378078	-5.785649	4.6914995
nati1244	4.567315634735	2.18826472713716	0.9266771	9.3156855
natu1246	1.48955312153	1.83298407920107	-2.07700625	5.1128915
naue1237	1.930174579175	2.37776165339378	-2.41255825	6.90468449999999
naur1243	0.78029931786	2.45992684696312	-3.7306055	6.02590425
nava1243	-0.6999488996855	2.60352755188097	-6.01906025	4.32228725
nawu1242	0.912465460545	2.57643643923093	-3.990173	6.32217974999999
naxi1245	-0.07559412097	2.22039580026627	-4.45835025	4.24126749999999
ncan1245	1.234715845344	2.24773423389337	-2.910792	5.9224355
ndam1239	0.587874903169	2.66474943928222	-4.4309345	6.16494274999999
ndog1248	0.5512490586955	2.61354856707573	-4.38629825	5.76260774999999
nege1240	0.34117151814	2.06195465026346	-3.4894235	4.36519725
negi1245	-0.55572966259625	2.54739803246408	-5.57738075	4.06460025
neha1247	3.37615143959	2.25779929332808	-0.70597655	8.10644825
nend1239	-3.1600058838835	2.23371911963065	-7.634342	0.820109374999997
nene1249	-0.856597534535	2.44761711676882	-5.82996675	3.838985
neng1238	-2.480311432215	2.28737398383196	-7.2863985	1.680406
nenn1238	-1.4356970017905	2.57086772734481	-6.90553025	3.29408
nepa1254	-2.3698672188775	2.380470828961	-7.63235	2.01696475
nese1235	4.5085695973	2.17885498020897	0.634484125	9.15724024999999
newa1246	-2.417871739975	2.41848338784022	-7.749879	2.03393975
nezp1238	-0.23875120717	2.76167860328237	-5.84625075	5.125957
ngaa1240	-0.302677620524	2.63487587915696	-5.6347705	4.6452995
ngal1292	-0.50041764012	2.5534271226644	-5.61492775	4.3703545
ngan1291	-0.820668848885	2.4855154328526	-5.87951725	3.92436825
ngar1284	-0.866126337975	2.46300502356993	-5.5738465	3.68562875
ngas1240	-0.3877255308415	1.96703215924955	-4.244419	3.46791325
ngba1284	0.853648945654	2.60176439342462	-4.032021	6.335277
ngba1285	1.189533503055	2.54673391252838	-3.534486	6.53560449999999
ngeq1245	1.99156677076	2.48387092347478	-2.4623315	7.19072175
ngit1239	1.382202957423	2.28902759813819	-3.08305375	5.955851
nhan1238	-0.3721067562	2.57610327684253	-5.560739	4.62890975
nhen1239	-0.46754644565	2.43678813577553	-5.594817	4.0306775
nila1242	0.261143875563	2.59064442668854	-4.92542775	5.38882475
nina1238	-0.44254865893	2.73200619331138	-6.00578675	4.80286399999999
nisg1240	-0.4467221871905	2.69277308091154	-6.01938225	4.84292725
niua1240	-0.5941799453635	2.40107472624371	-5.63312475	3.7213805
niue1239	-0.947846846755	2.27868258277804	-5.621929	3.15592075
niva1238	-0.47358684483	2.65823408540197	-5.9082745	4.72966724999999
njan1240	1.24719024916	2.38164253147791	-3.46845925	5.86934699999999
nkon1248	1.032813568555	2.4937927323496	-3.75728	6.03620925
noct1238	-2.85033720486	2.52094532481638	-7.9991215	2.00458875
noku1237	3.15136213044485	2.39580155782616	-1.11567425	8.37961675
noma1260	-1.61485659682	2.04813596076903	-5.69473975	2.47519575
noon1242	1.1199477908	2.5078201971399	-3.6197835	6.43665
noon1243	1.124280182205	2.23033329759719	-3.019142	5.86664
nopa1235	-1.65569029358	2.5680161809186	-7.07225875	3.240987
nort2684	1.28695014802	2.52078672033329	-3.390572	6.4930715
nort2690	-0.278948522705	2.69989751207824	-5.66975275	4.81009625
nort2697	-1.09035042764	2.59996793614737	-6.6200375	3.93386375
nort2699	-0.569417946495	2.65194833877212	-5.88240875	4.77112099999999
nort2702	-0.74925086407	2.60903597249318	-6.20269675	4.11503274999999
nort2722	-1.12247324823	2.56365274696816	-6.54466525	3.5829475
nort2723	-1.14485039819	2.49686060286521	-6.405301	3.69342125
nort2724	1.025152918985	2.09801449570838	-2.84326925	5.27384399999999
nort2732	-0.822632779175	2.28527055274421	-5.46524725	3.63815175
nort2745	-0.150217182393	2.85077358096756	-5.69599375	5.350295
nort2747	1.5759256632575	2.44061600840022	-3.00279225	6.7552905
nort2839	4.66303227835	2.19478035008947	0.9005732	9.18767025
nort2845	-1.5354320150145	2.30395458491196	-6.66745375	2.541683
nort2847	1.658116044445	2.04422074008322	-2.20613625	5.952338
nort2877	-0.480809509595	2.00382112993733	-4.49976025	3.41261249999999
nort2885	-1.224225649605	2.57524496951321	-6.67122675	3.6184915
nort2930	-2.124660792688	2.40956630188496	-7.3390505	2.44246299999999
nort2938	-0.42249297419	2.64460239932452	-5.68962075	4.698203
nort2942	-0.10845083601275	2.70643693351142	-5.59029525	5.03996849999999
nort2951	-0.79681644197	2.72890755947233	-6.39806475	4.49436325
nort2954	-0.8210068498995	2.57957006119401	-5.93795225	4.08842
nort2957	3.7205632687	1.97027466486688	0.17893505	7.8156795
nort2961	-0.347287983275	2.717831735998	-5.8723815	4.8762495
nort3047	1.824460712025	2.02628101419089	-1.95702875	5.99357575
nots1237	3.32516488117	2.14134757013183	-0.617062975	7.82907325
nsen1242	0.203468186626	2.6630282619098	-4.9690005	5.2370125
nucl1235	-1.59858999963	2.46870199399327	-6.773839	3.21926275
nucl1240	1.90220830591	2.3970232924959	-2.5650395	6.81447324999999
nucl1301	-0.110747205385	2.67717299308055	-5.5234845	4.78235224999999
nucl1302	-1.058818743295	2.7691569930522	-6.5132905	4.12509274999999
nucl1305	-0.5301259693415	2.56220655807919	-5.52417925	4.54429875
nucl1310	0.411786300125	2.33461883532058	-4.21079575	4.6290395
nucl1327	-1.245465582015	2.4735390929064	-6.23192425	3.38605474999999
nucl1454	1.59595970967	2.15231209046424	-2.5186965	5.81179875
nucl1458	-3.29804846765	2.18272963696164	-7.964323	0.742884949999999
nucl1593	-1.626931062825	2.01164544754575	-5.65233525	2.05188975
nucl1595	0.029518961385	2.17077042520964	-4.43118425	4.23667675
nucl1622	-1.221869746395	2.62493826112443	-6.59069575	3.68209775
nucl1630	-2.78629671704	2.23224797689461	-7.381496	1.18649525
nucl1632	-1.57291546013185	2.39865938502691	-6.43502975	2.8061475
nucl1633	-1.478536332155	2.42629948186994	-6.39252925	2.963902
nucl1643	-0.79968892149	2.4845943224045	-5.874292	4.01166624999999
nuer1246	-2.17572972061	2.44932732843133	-7.45689125	2.21937775
nugu1242	-0.9015747528315	2.01690664233287	-4.88415375	3.221996
nukn1238	2.7375154645385	1.94886398442054	-0.87032915	6.981211
nuku1260	-0.903808832596	2.37183223246007	-5.83757975	3.52462875
nung1282	-0.79732758097	2.31925177978864	-5.6462685	3.544448
nupe1254	0.483621487508	2.52404890798709	-4.504693	5.595284
nusu1239	-0.08151608125955	2.23210700377279	-4.91343875	4.101068
nuuc1236	-0.8589015977975	2.55127139154587	-6.1226755	4.0638815
nyah1250	0.890811061625	2.44449610507486	-3.7084385	6.061665
nyak1260	0.5206409381945	2.61399496010319	-4.42474175	5.737071
nyal1254	-1.7582818594005	2.3475532504656	-6.51509775	2.52866949999999
nyan1307	0.671503044755	2.64189178874344	-4.32178275	6.1214045
nyat1246	0.7773139092745	2.46358386082162	-4.03924575	5.85767799999999
nyaw1247	-0.678115841266	2.55480539858769	-6.03157725	4.20334975
nyis1236	-3.22682621435	2.46603069589685	-8.34451025	1.35166625
nyor1246	0.516578026765	2.53335904171882	-4.60706275	5.54312299999999
obok1239	-0.0129999426848	2.50723982137254	-4.822669	5.00602125
obom1235	-0.867823883875	2.21045770447116	-5.45439025	3.240163
occi1239	0.619717363755	2.44370022167159	-3.8443395	5.66391524999998
ocot1244	-1.688716572005	2.51089035751431	-6.9444025	2.88647825
ofay1240	-0.606020637418	2.55147185182897	-5.6084365	4.17540549999999
okan1243	3.24108354474	2.42087451944552	-1.22693775	8.200726
okin1246	-1.05536289465	2.74886963279509	-6.7447655	4.024015
oksa1245	-2.2062611707	2.49619886176966	-7.403265	2.487488
oloo1241	-0.43644327155	1.75618566798157	-3.82266575	3.028093
olut1240	3.47765550167	2.09904639920267	-0.40099625	7.888208
omah1247	-0.246146885145	2.77488343200951	-5.9142835	5.12392124999999
omie1241	-2.6068238170555	2.3237567903858	-7.30864275	1.79948175
onon1246	0.21745823325	2.57034840952758	-5.14681075	5.22731475
onto1237	-0.894751063545	2.45866071956112	-6.0004595	3.54187575
oriy1255	-1.586355937865	2.52638441369803	-6.9291295	3.02204025
oroc1248	-0.4338041976005	2.59436474256868	-5.89556875	4.44070175
orok1265	-0.45472966651	2.6875197590234	-5.92013025	4.704064
orok1266	-1.088664680829	2.41209412345562	-5.85964525	3.94378375
orok1267	-2.114992977805	2.41910671366465	-7.2073845	2.35960125
orok1269	-2.46955980391	2.43508727722669	-7.68233325	2.0587095
orow1242	-2.04547253466	1.80306138444361	-5.7597455	1.347883
osam1235	0.3042534888215	2.74197489969267	-4.82218625	5.70837725
otta1242	-0.27939202268	2.60931461967251	-5.936795	4.7244545
owaa1237	-1.97780694701	2.15953795952391	-6.4431195	2.16081025
paaa1242	0.8975468936485	2.11272040665621	-3.0800375	5.20640475
paam1238	4.5999152836	2.14618030436809	0.86778575	8.98964125
paas1238	0.2136734506735	2.59139049576942	-4.588509	5.33822449999999
paco1243	1.69943999501355	2.54841267112425	-3.08025025	7.04620249999999
pagi1243	0.571069757971	2.40905437159783	-3.946134	5.60393025
pagu1249	0.1106086716045	2.36059536599568	-4.66871075	4.613067
pahn1237	1.8583669264	2.27900598724131	-2.34083575	6.7547695
pait1244	-2.31263604413115	2.42650234532461	-7.28683975	2.11801975
pala1344	-1.79458436026	2.32080139601151	-6.69683875	2.640177
pamo1252	-0.9347495887369	2.13247658487084	-5.5645355	3.11356775
pana1307	3.635666182365	2.37292264490396	-0.7892641	8.5793805
pang1287	0.5333875600285	2.69255977893783	-4.56919325	6.02502775
pang1290	-2.0282908436	2.27583609982701	-6.81465475	2.2388165
pang1291	-1.966071159365	2.37836782987729	-7.05844825	2.452996
panj1256	-0.593455791465	2.58877981093458	-6.17682775	4.33131425
pano1254	-0.325839499234	2.5176113947441	-5.28605225	4.408034
pany1241	2.25208122313	2.35605294359644	-2.21357325	7.1145875
papa1238	2.251150516995	2.38159061898344	-2.18621675	7.17238875
papa1265	-1.5651140589	1.74630135602576	-5.19748125	1.869656
para1301	-2.2708269190725	2.21802886269643	-6.6364545	1.839937
pate1247	-0.638918044026	1.67487417714168	-3.99699725	2.59859475
patp1243	4.191471181392	2.28509908005221	0.134983425	9.16790575
patt1248	-0.185028895222	2.60275918494108	-5.49264725	4.75469775
paul1238	2.503869312189	2.26291028254885	-1.7121285	7.28245475
pawa1255	-2.04903810959	2.35314358323622	-6.89804925	2.35216174999999
pawn1254	-0.4184585976215	2.64965867247665	-5.649588	4.97851225
payn1244	-3.22281399488	2.24307684943565	-7.82515425	0.7592785
pela1242	-0.3991269466655	2.22363380884101	-5.035208	3.739424
pemo1248	-0.3162949422225	2.53241908723369	-5.28537125	4.5539035
pend1242	0.940243288295	2.02681281740183	-2.813442	5.01596274999999
peng1244	-0.970068985095	2.69420963993587	-6.68223375	4.0654025
phai1238	1.45606811297	2.50148356864328	-3.01533075	6.73584825
phom1236	-2.9883364288795	2.50179392492155	-8.13763375	1.5890175
pila1245	2.324162429165	2.5035717805745	-2.136808	7.712362
pile1238	2.9381341492575	1.90591570231408	-0.43283355	6.9046135
pima1248	0.71623568574	2.2814906314467	-3.81427375	5.24630975
pina1252	-3.15822873233	2.30920193402281	-8.090111	1.103697
ping1243	0.88035981913	2.48744874955882	-3.76290325	6.02537525
pint1250	-0.3610823945395	2.64097431855535	-5.6275135	4.69899775
pite1240	1.860702740305	2.16914016438877	-1.996118	6.28936825
pnar1238	-2.316009151847	1.98266798449559	-6.40361175	1.48852525
pohn1238	0.720430274775	2.6163238644008	-4.15157125	6.39856525
poli1260	1.098562157075	2.37989509319731	-3.16874075	6.20580375
popt1235	-0.983587151105	2.37976331870451	-5.73786175	3.781863
port1283	0.5455732648605	2.54100437436905	-4.21879925	5.65959375
port1285	4.723406813805	2.13738650471523	1.07626875	9.44303
psik1239	-0.436866687535	1.88267883892646	-4.242471	3.208836
puin1248	0.527017624455	2.59644338429939	-4.49563875	5.73520025
puka1242	-0.87303437981	2.39711179689026	-5.8622855	3.63041575
pulu1242	0.619516558297	2.48098048739738	-3.99167625	5.84827699999999
puma1239	-2.41662970495	2.37246541464264	-7.460617	1.98883175
pura1257	-2.10153891699	2.36563382389255	-7.09131925	2.298498
pure1242	0.364727636175	2.55456982481711	-4.717611	5.44118549999999
puri1258	0.381929005535	2.49681836962686	-4.61901075	5.18959225
qanj1241	-0.439239062416	2.38403226349082	-5.21463575	4.3544105
qawa1238	-0.572575343175	2.7938787567428	-6.46286	4.79783
qima1242	-0.89027596757	2.56826877790877	-6.33594525	3.7731355
quer1236	4.263095315335	2.44206596148864	-0.198962675	9.52679225
quio1240	-1.300509260985	2.37985299778885	-6.101081	3.30207075
rabh1238	-1.7666120048045	2.25507120295508	-6.679226	2.4338695
rade1240	2.005489146774	2.4720117099001	-2.584224	7.28085449999999
raji1240	-1.349217084352	2.4696667409873	-6.4043675	3.1256655
rapa1245	-1.5021791535605	2.28020883459379	-6.50797375	2.677441
rapo1238	0.14647438201	1.86328544039408	-3.521585	3.82837974999999
raro1241	-0.6600951739335	2.43199680638227	-5.820417	3.79959925
rata1244	-0.70011647341	2.44935606083202	-5.51034025	3.745075
raut1239	-1.208310478525	2.49369362664651	-6.4348975	3.481409
reja1241	1.9455580976445	2.3598369439843	-2.35670125	6.96971874999999
remb1250	0.923679825454	2.19551469553042	-3.25877475	5.49606975
remo1247	-1.89521782631645	2.40833902003335	-6.61493925	2.7055115
reng1252	2.109174897465	2.55851765303929	-2.58008925	7.7967495
rere1240	4.806132875665	2.12584182046152	1.25410325	9.43679275
reye1240	1.3150095863805	2.3977530903289	-3.5435555	6.2362225
rikb1245	-0.655451507806	2.66040818111781	-6.221257	4.528536
roma1326	0.813765940525	2.49140888432426	-3.800326	6.07244525
romb1245	-1.800470401823	2.40387479691791	-6.96834275	2.532314
rong1264	-0.66613521711	2.65243588362198	-6.04338725	4.25503675
rong1266	-3.19747686158875	2.24648992018264	-8.10927	0.668177499999999
ronn1241	0.62731838492	1.99479169555534	-3.16283875	4.65207125
roto1249	-1.281971789292	1.75058152679618	-4.85169675	2.07682125
rotu1241	1.53773511885	2.36666840481632	-2.874265	6.19869575
rovi1238	-2.708213726925	2.15295208353187	-7.18144025	1.26724049999999
ruch1235	1.286774293555	2.46271137857106	-3.33603275	6.26469625
ruka1240	-2.63628836181	2.28905172606678	-7.3107515	1.6465985
ruma1248	0.296686589835	2.18885075947187	-3.91883825	4.66539925
rung1258	-0.665010765752	2.46023067527703	-5.55850225	4.097848
russ1263	-2.61966408445	2.3217357957126	-7.681066	1.49637125
saaa1240	0.946515105045	2.13268759052679	-3.08220925	5.34696324999999
saaa1241	4.420447717735	2.25365422786744	0.488568075	9.12467925
saam1283	0.82860506698	2.73712675607346	-4.13423275	6.46206824999999
saar1237	-2.65099660755	2.19933787970872	-7.39790425	1.41527449999999
saba1268	-0.976360153065	2.55960352625582	-6.1636975	3.85150499999999
sabu1255	-0.292026656725	2.21714794655786	-4.689574	4.01933375
sais1237	-0.967385967477	1.90610427814598	-4.64079325	2.64193875
saka1289	3.816270421725	2.35233013406083	-0.369773375	8.64550375
saka1291	-1.477686443915	2.35510416466889	-6.31031175	2.82521025
saki1247	-2.526515195615	2.13626089061329	-7.02357225	1.387637
saki1248	-1.045487612655	2.55965049893707	-6.47105425	3.91835274999999
samb1305	1.74169614906	2.39330541409621	-2.65641375	6.81273875
samb1311	1.70517801625	2.37469989919377	-2.733427	6.76283025
samo1303	-2.13738601093	2.62786473108029	-7.4495995	3.10506825
samo1305	-0.78382258269	2.33807398387296	-5.78384275	3.49255899999999
sanb1241	-1.516488738535	2.58399978740512	-7.2091265	3.14647075
sand1278	0.083307566255	2.53860390629734	-5.029054	5.057147
sang1321	-2.95403180464	2.41487318470295	-8.23807025	1.61857575
sang1330	0.502526423295	2.6473219305295	-4.5413415	5.86691925
sang1331	0.2077740753968	2.70499041056771	-4.932964	5.635366
sani1269	0.411939924963	2.31052726274779	-4.1923405	4.934538
sanj1284	-1.513968464795	2.54238638907198	-6.71777325	3.22585
sanm1289	-0.335540199385	2.51140104123244	-5.53687175	4.45013175
sanm1295	-1.87426680758	2.50890075400348	-6.935209	3.028628
sanm1301	0.488027676364	2.37132531692268	-4.05053675	5.19451775
sant1436	-1.752439568325	2.48637574889117	-7.0601695	2.86430525
sant1451	-1.08539327646385	2.45752090789124	-5.90069425	3.68911899999999
sanu1240	-0.2612024041635	2.57218598695545	-5.5314715	4.543204
sapo1253	0.82133149704	1.88623902957297	-2.71916325	4.7356005
sapu1248	2.031474857782	2.50374605152303	-2.5929855	7.264457
sars1236	0.8149029948125	2.62322817146492	-4.359782	6.0352185
sata1237	0.595044007355	2.46198972184244	-4.11422175	5.55697574999999
sauk1252	1.4984429020165	1.77345048699607	-1.70024875	5.149514
saur1249	-1.138877140885	2.64042521882147	-6.796989	3.7529555
savo1255	-2.204480383585	1.95849919664804	-6.291307	1.33802525
saya1246	-0.1332649878765	1.99360761757567	-4.13317475	3.78293275
seda1262	2.0430371769305	2.55578297906446	-2.43700825	7.58771875
seim1238	1.1161291614405	2.30095029545248	-3.0860025	6.11233475
seke1241	4.41038748945	2.2596758871674	0.550312875	9.22273624999999
sela1259	1.08745478117	2.32440888036837	-3.19942975	5.80863549999999
sela1260	-0.1057434260685	2.04612111092953	-4.38456925	3.7793295
selk1253	-0.835271527075	2.48146378828348	-5.99585775	3.867707
sema1265	-0.532701028449	2.05246847765466	-4.8586115	3.5216815
sema1266	1.284512744835	2.3626501276929	-2.977959	6.024304
seme1247	-0.51349788717	1.99046203823807	-4.4262955	3.29190325
sene1264	0.159944640925	2.55674195212905	-4.91721875	5.26798425
seng1281	3.0771759292665	2.20444909608345	-0.853093075	7.84048425
seri1257	-0.441493200965	2.68998733262807	-5.722206	4.66464025
sgaw1245	2.9742843325	2.43061414514919	-1.46183125	8.50131274999999
shab1252	-1.6783357711	2.30601635888076	-6.573614	2.6789675
sham1280	0.7249719205985	2.65278472611913	-4.53094275	6.01934999999999
shan1283	-0.344142568384	2.62572654503117	-5.63775175	4.738625
shaw1249	-0.399269134617	2.59151509552105	-5.661083	4.31466024999999
shee1238	1.9075059274685	2.51478831534975	-2.834263	7.12310849999999
shil1265	1.5411349773675	2.46712423268444	-3.0798195	6.90059449999999
ship1254	-0.017539846289	2.66221595690764	-5.231832	4.999006
shix1238	-1.021539035965	2.50668291758999	-6.28604025	3.70464475
shol1240	0.9522078262935	2.51765200056278	-4.215923	5.947987
shon1251	0.13855713407	2.69160368373405	-5.063881	5.52704599999999
shor1247	-0.171973667658	2.73963737521362	-5.82437	5.22889775
shos1248	-0.454539893293	2.5176556024384	-5.62026125	4.3093725
shua1257	-0.5627240273115	2.72965599118241	-6.1220085	4.6369095
shwe1236	0.07428279808	2.11169264638619	-4.0859405	4.19341924999999
siaw1243	-2.033242054555	2.30543231566525	-6.9488275	2.15984525
sich1238	-0.744359105497	2.32621625916505	-5.2889195	3.62520975
sici1248	0.540299047965	2.57209395291536	-4.18817525	5.68829649999999
sici1249	-3.572334959325	2.39303897869511	-8.63550625	0.835506899999996
siee1239	2.36922442081	2.27927670376614	-1.78597425	7.28282525
sier1248	-0.58624091656	2.27072079443898	-5.290128	3.733478
sier1250	-1.382990426536	2.45211020995934	-6.673532	3.2758315
sika1261	1.834734389855	2.17341830327265	-2.1017205	6.59882624999999
siks1238	3.80007681085	2.41564901557304	-0.432496375	8.85182025
sile1255	-2.92174967311	2.06863299414396	-7.27161025	0.838885424999998
simb1256	-2.161499594725	2.33139669426	-7.1627475	2.0863315
sina1266	-2.52107494568	2.26641640738355	-7.37692225	1.6197645
sing1264	-2.776627145755	2.52172650823653	-7.974623	1.933642
sioo1240	3.309962203965	2.11866907188761	-0.61100515	7.67815625
siri1274	-0.67323976636	2.40839832086554	-5.7774265	3.95054149999999
situ1238	-1.0877856097345	2.6058037436236	-6.47048175	3.75991375
skol1241	-1.797401372955	2.30605216017508	-6.74644325	2.4804605
slov1268	1.062728375615	2.36856987122002	-3.50200475	5.76092575
sobe1238	0.2918185196745	2.100385286194	-3.8852495	4.48383325
soch1239	-1.1287429477465	2.352020368428	-6.104591	3.29432574999999
soga1242	0.61882550997	2.70470302017617	-4.531763	6.50563825
sons1242	0.3610638756812	2.44012083323089	-4.13448225	5.3369275
sooo1254	1.5264136875265	2.45170844170461	-2.88313975	6.83493775
sout1528	1.05443733052805	2.52752259799067	-3.425809	6.31205999999998
sout2649	-0.336857128561	2.57099341012973	-5.5196645	4.63995775
sout2674	-1.979432521915	2.31734296107872	-7.02457075	2.205132
sout2679	1.862576174295	2.48882359462101	-2.50044375	7.17936099999999
sout2715	-2.30362973405	2.36047533632073	-7.4138525	1.9114905
sout2728	-1.132177954326	2.56751387582636	-6.68058975	3.865008
sout2729	-0.631361641385	2.44780310427695	-5.5142685	3.84427375
sout2730	1.5208833155725	2.13713312557643	-2.48250525	5.924524
sout2782	1.092655422405	2.26413466351601	-3.12533775	6.05202824999999
sout2807	0.31731550229885	2.67662802062875	-4.598608	6.01467074999999
sout2826	0.069433736345	2.50570832224427	-4.60103925	5.1832945
sout2857	4.49855254126	2.2015833750192	0.759293325	9.2104145
sout2859	4.6235568809	2.16766008695577	0.922332425	9.14271425
sout2869	1.1602720392855	1.98069871314561	-2.67388	5.142967
sout2895	2.524952575475	2.23837632827063	-1.575199	7.422856
sout2896	1.74044153513	2.25400989669895	-2.3348545	6.212387
sout2912	-1.372624292175	2.5080021779246	-6.60816175	3.18261475
sout2918	-1.80517377309	2.33192206022287	-6.68926175	2.61065475
sout2954	-0.938270087345	2.75713946423223	-6.9791175	4.31082275
sout2956	-0.457403988169	2.61861683167462	-5.64688825	4.64816475
sout2959	-0.047218965799	2.70144872443283	-5.399144	5.15726
sout2976	-0.9119678071	2.44001781016268	-5.98258675	3.6270215
sout2985	-0.951996855403	2.44029672054594	-5.91216825	3.7638955
sout2994	-1.0643625583855	2.62256119928498	-6.7103215	3.809881
sout2996	-0.54668348061	2.62221273734158	-5.73165475	4.54018575
stan1289	0.4847979438545	2.57276058797014	-4.4273695	5.74240599999999
stan1290	0.49833283026	2.62276791918129	-4.5476555	6.16886675
stan1293	0.36442702378	2.54589687954119	-4.52031975	5.68328975
stan1306	1.0075060446275	2.26023782308242	-3.26276825	5.7067355
suba1238	1.16010624667	2.42764469360291	-3.39834025	6.41933049999999
sude1239	0.68763815734	2.05147477100556	-3.14593825	4.926684
sumi1235	-3.11735434663	2.44077419079053	-8.5279525	1.381096
sunw1242	-2.42867659519	2.39135250976463	-7.47221925	1.87372375
supy1237	-3.11844920055	2.37433693017249	-8.1521545	1.279611
surg1248	-0.9963825733555	2.50324603695594	-6.39524525	3.49233025
surs1246	4.10655502509	2.37880636955772	-0.11190865	9.43559925
swah1253	0.48834241368	2.68111187257079	-4.766881	5.74037175
swed1254	0.58955687257	2.43027137044445	-4.01934975	5.661451
taba1263	-0.1370870269435	2.41143723768388	-5.1516255	4.55258025
taga1272	-0.76162734035	2.20475671681663	-5.44034	3.42071325
tagi1241	-3.230976587927	2.41117828658121	-8.40045075	1.1675855
tago1246	1.091379814191	2.52993642907017	-3.92800775	6.17048275
tagw1240	-2.81100603642	2.40585055464853	-7.617106	1.51245625
taha1241	-0.749402280765	2.59832085115574	-6.196372	4.155125
tahi1242	-0.7560352204658	2.50028065753375	-5.9540735	3.84197499999999
taia1239	-3.0869069343	2.22782501634981	-7.70994475	0.88383795
taji1246	0.1717914646465	1.99907262518747	-3.6912975	4.11883175
taku1257	1.492730393185	2.16242083841111	-2.573843	6.04999875
tali1259	-1.2241868157849	1.76130846229592	-4.812472	2.27054175
tama1331	-0.8812698327455	2.53601165933618	-5.96971425	4.110155
tama1365	-0.5335190117954	2.31040147600591	-5.4363	3.88785675
tami1289	0.035421693936	2.54990933710525	-5.21837275	4.83256049999999
tami1290	1.8890435500885	2.13128296794393	-2.12113225	6.2902355
tane1237	2.79088813067	2.24216364342662	-1.3456475	7.4146055
tang1336	-2.907241776415	2.37234245410374	-8.048117	1.46407625
tang1347	4.106403991725	2.26979144000977	0.086822205	9.130059
tang1373	-1.67047593055	2.28467744834819	-6.462004	2.355884
tang1377	-2.86469438104	2.47979473362415	-8.178592	1.66562474999999
tara1313	-2.573945106067	2.32174307468416	-7.4164965	1.807108
tari1263	-0.7877393001835	2.48149186810064	-6.15486925	3.77405474999999
tata1255	-1.31612417013	2.44319986402625	-6.23756525	3.3367915
tata1257	-1.912694030135	2.17409584127242	-6.7027545	2.132752
tata1258	-1.753259852255	2.57397437709621	-7.04747525	3.07651825
taul1251	4.434611958325	2.4264370473031	0.0986150300000001	9.5908085
taus1251	-1.60871303125	2.49684585026175	-6.58192275	2.99376075
taus1253	0.7018849443605	2.46142288508534	-4.25452625	5.35720525
tawa1286	-0.714509601142	2.67301870483325	-6.2388195	4.421589
tbol1240	-0.7052690313065	2.13003400119758	-5.123957	3.54714
tean1237	2.746241589935	2.21303317573643	-1.30685675	7.48993925
teda1241	-0.7523784649	2.54189682865846	-5.9734	4.177386
tedi1235	-1.79745880602	2.48986069233133	-7.07086025	2.92083024999999
tega1236	1.067910625815	2.5225833079126	-3.87846025	6.13384675
tehu1242	-0.23882850694	2.76776227672933	-5.96017625	5.02261724999999
teke1275	0.3674809297925	2.76726045304314	-4.9481255	5.917635
tekt1235	-1.2649476340215	2.38712540521695	-6.14145625	3.18627925
temi1246	1.281504552236	2.51916099887545	-3.218068	6.5129685
temo1245	4.319411552745	2.35995661733578	0.015624515	9.12249599999999
temp1235	-2.1003404669165	2.05390132776204	-6.51319925	1.710258
teng1272	-1.66338952891	2.38657712771287	-6.68136175	2.65683825
tenn1246	-1.49982488553	2.3156098574104	-6.42375975	2.76370149999999
teop1238	0.131238365974	1.79212296126168	-3.46950325	3.76089075
tera1251	1.93458801957	2.24837510999956	-2.42441675	6.542712
tere1279	-1.571228856873	2.35149748484063	-6.3625035	2.91116275
term1237	1.3886608283363	2.28827005000273	-2.8545265	6.29207999999999
tern1247	1.935338253355	2.39209584181041	-2.42366575	6.829517
tete1251	2.403602459575	2.08236205373934	-1.59203525	6.533023
tezo1238	-1.2912323126011	2.47343973886482	-6.405534	3.50964349999999
thad1238	-2.373800418505	2.38089718526024	-7.36293925	2.03021925
thak1245	-1.710060736365	2.42846860243239	-6.90345525	2.82844875
than1259	-1.740955452885	2.48861772165219	-6.73941525	2.8117775
thao1240	-2.470628398643	2.09938042914842	-6.87027675	1.32821275
thul1246	-2.118124425545	2.46260806754929	-7.08622275	2.46255699999999
tibe1272	-1.33887038843	2.68748573225394	-6.931101	3.628831
ticu1245	-0.5959630050615	2.51567476073653	-5.7478715	4.18369074999999
tief1242	-3.295534317145	2.09715801779257	-7.54661225	0.637476274999999
tief1244	-3.287209539815	2.11137154385387	-7.5731085	0.764416199999994
tien1242	0.2892133075	2.59470177116107	-4.5796255	5.77255
tiga1245	2.848616859365	2.17996612220075	-1.07300425	7.45893175
tika1246	0.77317718238	2.46672859916316	-4.0810975	5.95656125
tiko1237	3.58943066298	2.32861768758736	-0.4010502	8.85814525
tilu1238	-2.4839100534	2.35898152634969	-7.51175175	1.696408
timn1235	-1.4573504890045	2.24401313160266	-5.9358735	2.82733525
timu1262	-2.13264031511	2.17881695176267	-6.678647	2.04625449999999
tina1248	-2.124951490805	2.36422775916728	-7.123559	2.19609525
tiri1258	-1.944399539577	1.85848809737165	-5.605034	1.61377125
tiru1241	-0.46609859762	2.04441402871938	-4.54302625	3.52518349999999
tita1241	2.22717105717	2.2845684407229	-1.91940075	7.0596155
toab1237	0.71293644206	2.01166599251637	-3.046424	4.8929405
toar1246	-2.59875358462	2.30692049429555	-7.35446825	1.54351675
toba1268	-0.8753080168375	2.60382896403023	-6.24175875	4.0702215
tobe1252	-0.0479771601995	2.45180679485698	-4.85011925	4.68707975
toda1252	1.877619024135	2.24675401797398	-2.419221	6.3606255
toho1245	-0.408703555325	2.6341464484957	-5.667798	4.72064775
tojo1241	-0.865687223615	2.43936236732895	-5.765166	3.84514449999999
toke1240	-0.817158279635	2.35303967842749	-5.94553175	3.49934949999999
tong1308	1.2661332244855	2.46323043757553	-3.230037	6.41144575
tong1318	-0.534967557385	2.53048243742075	-5.4894865	4.56172175
tong1325	-0.857593612755	2.58425318309418	-6.562525	3.80364975
toor1238	1.0035533179	2.55479810510068	-3.90542025	6.32907724999999
tora1259	-2.1651649196185	1.89152248916811	-6.084056	1.4241625
tosk1239	-0.7854299413895	2.29630421841145	-5.407341	3.603752
tote1238	-2.54754266358	2.42773765813286	-7.31528	2.05696725
toto1302	-2.004389085469	2.38652741541786	-7.3102255	2.219257
touo1238	-2.854042057195	2.20194119364062	-7.69136525	1.1374455
trin1274	1.701614616495	2.26483153112611	-2.44364925	6.35432625
trio1238	2.39760359713	2.30174913512491	-1.82372	7.0917225
trum1247	1.12176224491	2.20683021327488	-3.16278675	5.48445899999999
tsam1247	0.43676906242	1.93055651947508	-3.484164	4.19930325
tsat1238	1.00590505262	2.48280344000594	-3.409378	6.24030274999998
tsha1245	-2.326632315185	2.65880800169787	-7.9151855	2.4425295
tsis1238	0.787739068745	2.48828157676729	-3.98807675	5.90061025
tsix1234	-2.0173203924	2.60955759916117	-7.53987325	2.9667435
tsog1243	0.207904873045	2.72560049431153	-5.13185175	5.49689275
tson1249	0.241467188588	2.4820662420002	-4.273872	5.33488525
tswa1253	0.757276711645	2.59498031836624	-4.01944475	6.3591815
tswa1255	0.2369350942895	2.58001279336926	-4.61189075	5.456953
tuba1278	3.21157791081	2.36187137463005	-1.05058775	8.2295745
tugu1245	1.550307317965	2.38855989121566	-2.87380425	6.64316999999999
tuka1248	-2.1715258908485	2.22711169143643	-6.9879685	1.84852725
tuki1240	-0.2530208608	2.18310998177159	-4.515463	4.086154
tula1252	2.302499354875	2.27956231110401	-2.07913375	7.10576
tulu1258	-0.4103126835445	2.48372116862237	-5.6733115	4.14894425
tuml1238	-0.4368858179885	1.82154385311927	-4.05701675	3.140033
tune1261	-2.293317209625	2.16121708753002	-6.46953325	2.031654
tung1290	2.358976336046	2.33120178450485	-2.211058	7.08267124999999
tunn1238	-0.7437542143595	2.3485183537781	-5.721602	3.45903049999999
turk1303	-0.368751075303	2.68880722062409	-6.022769	4.53830175
turk1304	-0.200628322885	2.79765301322909	-5.75113425	5.31177124999999
tusc1257	0.22750278834	2.64664725442256	-5.089985	5.41686875
tutu1241	4.4187144980755	2.19783089045089	0.64069595	8.933566
tuva1244	-0.71955229807	2.28665405716156	-5.29093975	3.52074974999999
tuvi1240	-0.204290706945	2.624722718921	-5.6053875	4.9100045
tuwa1243	-1.425883124033	1.97655157849247	-5.35751	2.32185575
tuwu1238	1.04189726129	2.46231193287221	-3.7888805	6.117867
ubir1237	-2.14165852331	2.03038682188527	-6.48172325	1.61568
ughe1237	-2.88732872412	2.15079534585312	-7.518087	1.0302805
ugon1239	-0.138866428094	2.5427472465042	-5.48042675	4.66920625
ulch1241	-0.5623718364535	2.56382103656704	-5.71169325	4.232188
ulit1238	-0.122033550071	2.47106812016891	-4.62881525	4.95575325
umaa1242	0.00282508821	2.22511892445864	-4.6642965	4.06653575
umbu1257	0.116487542325	2.59681739556113	-5.02753075	5.4718445
umbu1258	-2.60757076414	2.58022136043542	-8.0310955	2.256752
umes1235	-1.587940773377	2.25789344682719	-6.34987275	2.4895885
unua1237	4.79600921555	2.13618946503298	1.19323825	9.4702985
uppe1275	3.477756063305	1.98356678229808	-0.11860805	7.62838075
uppe1427	-2.579801911035	2.29842541132678	-7.4524105	1.68504849999999
urak1238	1.337937341325	2.43676369297643	-3.268236	6.477237
urar1246	2.69233252738	2.42754625928864	-1.83795725	7.78037749999999
urav1235	2.4858318266435	2.35965568454613	-1.81744225	7.56170424999999
urim1252	-0.6582496019	1.91086047853958	-4.462266	3.00758925
urip1239	4.63889575345	2.1625260332676	0.896562475	9.3274775
urni1239	-0.77446152499	2.46512073530566	-5.771484	3.783607
utes1238	-0.4788557842	2.50873660414571	-5.63577625	4.392482
uuuu1243	0.623120000265	2.23190844782443	-3.62163325	5.00572225
vano1237	2.71125940859	2.2324055795402	-1.26499025	7.35416075
veps1250	1.26152502622	2.43047717693818	-3.15725875	6.20421649999999
vera1241	3.12672605402545	2.28821892297073	-0.975670925	8.16246625
viem1243	-3.567907994535	2.27848606616779	-8.25131175	0.710615324999998
viet1252	1.274556140534	2.50721842960592	-3.275023	6.42021625
vinm1237	4.6882109222	2.16797212063009	1.047949	9.44678849999999
vunj1238	0.591070435743	2.68589616168885	-4.45291775	6.08023774999999
vure1239	3.138642424625	2.2821571746956	-0.97561415	8.13761075
vwan1235	0.53874901088	2.56947790618962	-4.295368	5.7632425
wadj1254	-1.52293543487845	2.52781955533696	-6.64628175	3.20436
waga1260	-0.572550576063	2.51661313759425	-5.8482615	4.355338
wage1238	-0.9397952487815	2.52570350009329	-6.06064625	3.86736425
waig1244	2.96776881639	2.57611445091979	-1.7309165	8.528902
waim1251	-3.237206222165	2.30700038382307	-8.04056475	0.965416324999999
waim1252	2.04785788751	2.38321158989406	-2.46760825	7.1180855
waim1253	0.3564891910555	2.48305418584865	-4.61515075	5.08945924999999
waiw1244	2.430088494285	2.46173125181254	-1.95056	7.688135
waja1257	-0.4137921298902	2.65241827292029	-5.948539	4.68647775
waja1259	2.231251062545	2.22471902258042	-2.00014025	6.81608049999999
waka1274	-0.392715053365	2.43358714212855	-5.44028975	4.48507225
wala1266	0.73285854663	1.89708797024867	-2.8758595	4.6241115
wall1257	-0.4994995874665	2.32855923366	-5.52750425	3.68037375
wamb1257	-2.482794897345	2.38526018810448	-7.65064675	1.74553525
wand1267	3.69315607789	2.36856081628784	-0.55617345	8.76041975
wand1278	0.40505538133	1.96192316132949	-3.44129225	4.2924505
wanm1242	-0.1455093587	2.59184876543924	-5.2929495	4.7618505
waor1240	1.674123832285	2.31661771117423	-2.61078075	6.548853
wara1294	-1.288924775285	2.64498325293566	-6.98927275	3.700785
wara1300	-1.035209183617	2.75618989531244	-6.33828125	4.11654375
wara1303	2.5215772866615	2.44758005674814	-2.025435	7.648712
ward1246	2.156717892605	2.48027930497268	-2.78202775	7.0998835
ware1253	1.1724618333155	2.24896397968323	-3.02815925	5.88904425
ware1255	1.6759245897415	2.36800510974205	-2.8131355	6.48308025
wari1268	0.42910371912905	2.50660703908842	-4.66108075	5.146548
warj1242	-1.008960371915	1.94061682053054	-4.8664095	2.69260825
waro1242	1.557296670945	2.16568661177185	-2.44158275	5.92463375
waru1265	-0.39027975305615	2.5443988020205	-5.69203125	4.38630775
wash1253	-0.984592350985	2.50108527372532	-6.12229875	3.48538475
wawa1246	1.330229158642	2.55751892396946	-3.26163025	6.40309424999999
waya1269	0.4197338756968	2.56856414293844	-4.76880975	5.451596
wayu1241	-2.501566424003	2.40404019310447	-7.565708	1.79350675
weda1241	-2.47021270943	1.96539891216608	-6.6240745	1.068122
wels1247	-1.7219987761617	2.32753099097013	-6.5356945	2.5187775
weri1253	-2.28521574414	2.24166706493711	-6.8888595	1.74686075
west2354	0.9560803850805	2.54225737444751	-3.68826225	6.47406875
west2369	-1.0505024804195	2.51103991074176	-6.23834375	3.6973145
west2386	-0.5676685118985	2.59936097261286	-5.96218975	4.3047875
west2392	0.928755787545	2.27641605716932	-3.3818435	5.61103375
west2396	2.3675332991455	2.44440993937756	-2.3330245	7.523027
west2397	1.510116926785	2.49605075198877	-3.1775645	6.67349175
west2415	-2.367903547115	2.38821923889957	-7.67075625	2.0066925
west2418	-1.894492082455	2.41438506448053	-6.93749175	2.53486725
west2430	0.70627784319	2.41630238721115	-3.89129225	5.70324574999999
west2441	-0.381625516715	2.66514372584512	-5.74100425	4.7630335
west2466	-3.419844528855	2.16192277575593	-7.5577415	0.802915199999999
west2516	-1.898532435965	2.15351139826153	-6.50232625	2.1063005
west2519	-1.003885852835	2.02021615794471	-5.071159	2.89762575
west2548	-1.71297851214	2.17548987910671	-6.1476855	2.3630805
west2557	-1.09225174932	2.40421083833648	-6.017441	3.566038
west2560	-2.6151932691675	2.10844864221282	-7.11733275	1.141414
west2594	-0.562744938735	2.50722815455572	-5.67153725	4.21027825
west2600	2.20221530177	2.44755417235904	-2.42954	7.03753575
west2615	-0.537225474945	2.62407283002607	-5.914503	4.496067
west2618	-0.311951423745	2.47266610392041	-5.30604425	4.772416
west2624	2.116243400445	2.05613630800923	-1.66843875	6.260064
west2632	-0.5990242943199	2.58190443293525	-5.92651025	4.11644749999999
west2635	-1.15575711743225	2.38229974841451	-6.07219475	3.44972399999999
west2644	-1.76040790107	2.57906673110231	-7.09288725	3.1419485
west2650	1.4133008095067	2.39281845489655	-3.0047525	6.2138005
west2763	-0.601651228835	2.48558782017171	-5.57925375	4.02327475
whit1269	1.318458799255	1.98663198169092	-2.43999275	5.37844925
wiru1244	-2.3813994900865	2.51514326319693	-7.54999	2.20668625
woii1237	2.50803115497	2.32904510542732	-1.75561225	7.500552
wola1242	-1.591963947801	2.47557340743049	-6.77050825	3.04003125
wole1240	0.5061971001075	2.57625512148141	-4.45982775	6.035005
woli1241	-2.24658810431	2.30478210254331	-7.2292065	1.89435625
wotu1240	1.5718223538123	2.18500533123839	-2.637603	5.96527125
woun1238	-0.267976657925	2.67893078593992	-5.720747	4.86656375
wuch1236	1.846233880187	2.42565477977625	-2.47314125	7.15863474999999
wudi1238	2.854601158565	2.27718913020299	-1.34621125	7.71466874999999
wusa1235	2.291643101665	2.24942766114433	-2.07131125	7.0033255
wutu1241	-0.892563478232	2.10347857036906	-5.37162025	3.06235
wyan1247	3.39678392813	2.51139158670211	-1.2109035	8.72436374999999
xamt1239	-0.97583401081	2.4165479004932	-6.04996775	3.674992
xara1244	-1.641859000738	1.83456519999572	-5.3305615	1.943973
xava1240	-0.199463732935	2.6809949030452	-5.609549	4.7341095
xhos1239	0.313130719475	2.56100697306807	-4.58561275	5.4867365
xish1235	0.552236529467995	2.30899705209636	-3.89044775	4.8638155
xokl1240	-0.3243799341332	2.67052104918326	-5.96066875	4.809924
yaak1241	3.050597361606	2.32227316445381	-0.97215755	7.90934225
yaey1239	-1.4406877521485	2.395927784219	-6.18890425	2.9494655
yagu1244	-0.524868989257	2.4454237460653	-5.4678505	4.232518
yaka1269	0.20310543273	2.89912275361133	-5.435449	6.03008125
yaka1277	-1.499052724409	2.55023999979324	-6.80430525	3.181928
yaki1237	-0.24161077527	2.6887355715686	-5.34912525	5.02845074999999
yako1252	0.57954099107	2.51231267068747	-4.14959125	5.63089325
yaku1245	-0.1829595576285	2.56082198605223	-5.41457075	4.56621274999999
yale1246	-1.79515472333	2.09309396075914	-6.307341	2.0720365
yama1264	1.976767395285	2.52773967106672	-2.79858825	7.06282675
yami1254	-1.945374261384	2.49360768751614	-7.024466	2.687166
yami1256	-0.4314288583265	2.60881969991742	-5.41377825	4.42540025
yamp1242	-2.1707801545005	2.45419608393364	-7.130719	2.41021475
yank1247	-0.270907633725	2.68320535577874	-5.6115615	5.168223
yano1261	-0.1813824119434	2.70862142112523	-5.657826	5.27215875
yano1262	-0.3303909403205	2.70558183234019	-5.63316325	5.00075825
yaoo1241	0.21891430936	2.64073280447753	-4.8153385	5.51486924999999
yape1248	-2.0301254703	2.22171472712724	-6.6721745	2.09158525
yapu1240	-0.520876598133	1.88155863389376	-4.2587585	3.1285395
yaqu1251	-0.46470604376205	2.57639672698368	-5.7230825	4.4267885
yare1248	-2.1503680198175	2.2392718539674	-6.799472	1.894255
yasa1242	-0.2017961521425	2.5961598545804	-5.14594375	5.09979475
yatz1235	-0.978871967256	2.47409876541082	-5.92992875	3.83428399999999
yaul1241	-3.13923502433	2.22475085071207	-8.04304975	0.954257349999999
yaum1237	2.200736023025	1.86184146325201	-1.201918	6.22886175
yawa1260	-0.474478546179	2.63177950363581	-5.53470575	4.550185
yawa1261	1.049786721005	1.95187205863006	-2.69031675	4.781349
yawu1244	2.2984736826805	2.38996263154661	-2.20129175	7.369453
yecu1235	1.89827459082	2.43151193669566	-2.6892145	7.14003225
yele1255	0.36250081243	2.37062480646002	-4.3745615	5.4150615
yems1235	-1.667476121785	2.34311123806061	-6.5455225	2.66274225
yinc1238	3.77009959403	2.42647046824591	-0.698078075	9.05862975
yind1247	0.3010718971405	2.1718675162048	-4.14858625	4.32667875
yoga1237	-1.784571118335	2.1549256151695	-6.43860325	2.13140325
yoku1256	-0.241873799614	2.52374627987866	-5.1250895	4.736764
yona1241	-1.74006619047	2.36820943579358	-6.977289	2.59671574999999
yong1280	-1.63228350855	2.74285989061949	-7.31014625	3.57040575
yora1241	-0.417085998775	2.64293261887007	-5.59735775	4.818345
youl1235	0.575510454	2.03864334622008	-3.244362	4.6343165
youn1235	1.92225768182	2.58312521216745	-2.688475	7.328205
yuca1254	-0.696477882295	2.56721787476492	-5.88331125	4.230578
yuch1247	-0.598519804655	2.59295362756708	-6.1175765	4.2967405
yuec1235	2.496110839635	2.35989412330092	-1.75773475	7.45523875
yukp1241	-1.02549712609	2.42988237901313	-5.92504475	3.57202675
yulp1239	0.782668633375	2.44597073262146	-4.0590805	5.23084675
yuqu1240	-0.614911272224	2.33370996033798	-5.4499885	3.91234
yura1255	-0.58884668229285	2.33005107976388	-5.2831555	3.9877665
zaba1237	-2.638808930505	2.17187258072177	-7.26031325	1.43484824999999
zaca1241	3.7497609611095	1.99372853709035	0.0969330575	7.87462424999999
zaca1242	-1.6562589578131	2.60134849604553	-6.827261	3.25374475
zagh1240	-0.7709135473076	2.55207720782962	-5.93236225	4.04705
zaiw1241	-0.609450036055	2.32706253234262	-5.4193955	3.792257
zakh1243	-2.567439941475	2.39150068239833	-7.7227575	1.76855675
zamb1245	0.64515651229	2.62064701100603	-4.176318	6.07739025
zani1235	-1.91309379609	2.46881297188542	-7.27033375	2.63607724999999
zarm1239	-0.26364798217	2.79776414570355	-5.8841525	4.98134975
zaye1235	3.72958142235	2.26814750372873	-0.293779825	8.80146
zays1235	-0.9945641590235	2.24866303140129	-5.7448505	3.30126225
zeme1240	-3.2767374419	2.28795004539296	-8.28667775	0.704072099999999
zenz1235	-1.873644373125	2.50592769479132	-6.920306	2.83900925
zinz1238	0.32723438239	2.74133625565843	-5.0009545	5.8377885
zoog1238	-1.072118040795	2.47996784133625	-6.071916	3.81181
zulg1242	1.014111925815	1.94639163016715	-2.72716125	4.86097825
zuni1245	-0.835429672035	2.49042782626329	-5.74276825	3.83453725
