Estimate	Est.Error	Q2.5	Q97.5
abad1241	-3.4158224764175	2.12536143593557	-8.001913	0.429650249999998
abar1238	1.47733017298	2.2388342317743	-2.6182285	6.11528475
abee1242	-1.02177672335	2.39324769842964	-5.77222075	3.73216925
aben1249	-2.058685351325	2.32210286821619	-6.964196	2.08660125
abkh1244	-0.555726368394	2.63723249867632	-5.880782	4.39480925
abua1245	0.061375933338	2.05129631694237	-3.839947	4.10778975
abun1252	4.409419142344	2.50825656725922	-0.204168225	9.67734175
acha1249	-0.59041234778	2.25581891500187	-5.402128	3.71015774999999
ache1245	1.516621474375	2.36245595837527	-2.8667945	6.28381424999999
achi1256	2.60466164414	2.31203629375063	-1.60546625	7.62279925
achi1257	1.215994869865	2.09881587429918	-2.79666825	5.54512725
achu1247	-0.637237165745	2.54174828811821	-5.7875585	4.32791875
achu1248	-0.59787444409	2.42796424383102	-5.5516455	3.85083925
acol1236	-0.1940577668845	2.14797349348329	-4.4529365	4.11004475
adan1251	1.133275987065	2.21073259336261	-3.18672125	5.590602
adon1237	1.71820763196	2.25310098013701	-2.277152	6.6566365
adze1240	-0.253266991855	1.6979852588485	-3.55348225	3.08350275
aeky1238	-1.86699937189	2.54426796473365	-7.43660925	2.70146
afar1241	-0.9068198249545	2.46766540843528	-5.90330075	3.7419
aghe1239	1.272311702752	2.20766916058479	-2.816121	5.86926375
aghu1255	-1.412617175335	2.66238943548535	-6.92028875	3.58628875
agob1244	-2.163621995107	2.49624177204401	-7.2555255	2.50554324999999
agua1253	-0.9209306418385	2.48731144159745	-6.1423015	3.549785
agus1235	-1.486679419365	2.38247665031765	-6.46142925	2.93132475
agut1237	-1.2905982659843	2.44197847952509	-6.4831435	3.11606
aheu1239	0.941058017327	2.4509461425441	-3.5391205	6.12738475
ahin1234	-1.568589449947	2.10512985432257	-5.7800165	2.361907
aime1238	-2.092306665845	2.50996092753829	-7.29433875	2.6766465
ainu1240	-0.443902448275	2.6752055953614	-5.5352275	4.96510499999999
ajab1235	1.003058386889	2.4301094667349	-3.5519015	6.08940725
ajie1238	-1.531807292395	1.7722452183279	-4.98253525	1.96512675
akei1237	3.77158559213	2.34215585970081	-0.529058	8.86542375
akha1245	0.262712355376	2.16094942020957	-4.0272895	4.440918
akoo1248	-0.939824930525	2.29248749095311	-5.4129635	3.76990875
akun1241	-0.517368770345	2.56998538244733	-5.7377215	4.2230825
alab1237	-0.43431030505	2.54018967268855	-5.819678	4.26615199999999
alab1254	-1.1811806523065	2.34545740361472	-6.145174	3.2733135
alac1244	-0.879185543852	2.3313091457288	-5.56060825	3.48111674999999
alag1248	0.908557523205	2.14466036192498	-3.30968825	5.09952075
alba1269	-1.66306284036	2.5305836230906	-6.944205	3.18909249999999
aleu1260	-0.31508267055	2.64679884645889	-5.6792445	4.781299
alor1247	1.2114886745435	2.20172433825736	-3.10695125	5.75148225
aluk1238	2.871203121545	2.31678566703376	-1.43715875	7.8517285
alya1239	-0.30780195952	2.66574321609081	-5.574143	4.75932899999999
amah1246	-0.4237374610855	2.62178494051732	-5.635242	4.9392265
amam1246	-2.766213147535	2.21845147354272	-7.462522	1.36120824999999
amap1240	-1.69178369653	2.15586866057975	-6.312895	2.36608875
amar1272	3.5997149794	2.24756758482285	-0.422571225	8.55416125
amas1236	1.212161835612	2.35233844471305	-3.2336525	6.06071325
amdo1237	3.84326506364	2.34128485086557	-0.3946777	8.77145924999999
amii1238	-2.154617513985	2.47307762420731	-7.3072155	2.2096485
amis1246	-3.194083464275	2.30505852425547	-8.08834625	0.971133599999998
anei1239	-1.433487143246	1.90519989554692	-5.4369225	2.186331
anfi1235	-1.877290136678	2.47603554446846	-7.01771625	2.6139075
anga1288	-3.240778883325	2.4024529404405	-8.38657925	0.908301799999999
anga1290	-1.524581134065	1.83313556583593	-5.235293	2.09217975
ango1257	-0.367353627494	2.6712349007449	-5.72490425	4.9299565
anuf1239	0.8317414005205	2.50248804184725	-4.047329	5.692694
anut1237	3.2568817355265	2.07994032654434	-0.45726855	8.04011399999999
anuu1241	1.18364721483451	2.00735184342398	-2.97978925	5.13469425
aona1235	-3.053264470077	2.47881284947301	-8.019943	1.44546849999999
aoua1234	1.007861076805	2.45238672431548	-3.6057355	6.09198099999999
apat1240	-3.1402392302155	2.42137133429742	-8.2372715	1.16409475
apin1244	-0.510595330771	2.51276215087408	-5.528389	4.12608674999999
apma1240	4.376301002295	2.26355920281631	0.418868875	9.19449
apma1241	-3.16238704766	2.26826138581441	-8.0942345	0.872520024999996
arak1252	4.0834490407	2.2544328673619	0.0445577975	9.039716
arao1248	0.04197093315	2.64120213579662	-5.200416	5.2898335
arap1274	-0.678316145035	2.51409953158736	-6.266164	4.0889535
araw1273	-0.666797592605	2.47186092433017	-5.811828	3.87270549999999
arbo1245	1.325541610975	1.88678264416391	-2.2101475	5.25604225
area1240	1.4641893420215	2.01316950270083	-2.17373575	5.5211565
aree1239	-3.316085447305	2.03820069402977	-7.38649325	0.398559225
argo1244	-0.7768040626635	2.61651073390488	-6.17012675	4.30569825
arig1246	-0.686744395698	2.18307307472689	-5.03836125	3.57424374999999
arom1237	0.569706522465	2.35155197710202	-3.838089	5.20270725
arop1242	0.179996568648	1.71958593706254	-3.058967	3.50868875
arop1243	1.7517448473675	2.15142004954767	-2.23541975	6.03209825
aros1241	0.51587694684	2.05395110339996	-3.48979375	4.8638725
arta1239	-1.7036656973	2.2536915613329	-6.36031425	2.39712225
ashe1272	-1.688353198455	2.37604133791788	-6.6591095	2.52121575
assi1247	-0.05520355284408	2.55813196642591	-5.15062525	4.93423425
asur1254	-3.00727369435	2.41460955546996	-8.19459925	1.619046
atam1240	-1.5085831405365	2.21755837014535	-6.191224	2.65784624999999
atay1247	-2.142675668215	2.00568996237175	-6.23186475	1.46974599999999
athp1241	-1.96963682251	2.51750080744873	-7.061747	2.80400899999999
aton1241	-1.789606065175	2.25422894328244	-6.49322625	2.614687
aulu1238	4.774273548	2.21087014688642	0.796615825	9.36033574999999
auuu1241	-0.08637732827	1.82867805904538	-3.76513475	3.4363785
auye1238	0.92721650998	2.4284035819442	-3.76021075	5.7832035
avac1239	-0.6860296706235	2.57275983870799	-5.8514015	4.23410725
awad1243	-1.808480115965	2.50219367487116	-7.137675	2.71400525
awad1244	-1.015812372563	1.7099039098675	-4.60247125	2.25231875
awar1248	-0.117724929691	1.71640856792394	-3.45650075	3.207333
awar1249	-3.27156384906	2.13043046958291	-7.72077625	0.547775624999998
awet1244	0.9675504665155	1.82589217501356	-2.45668225	4.631745
awji1241	-0.864956557935	2.50560487764494	-6.048027	3.85912475
awtu1239	-0.35354542011	1.83625150495429	-4.026383	3.18929825
axam1237	4.70717639175	2.22000064773288	0.7945259	9.387137
axiy1235	0.91265097712	2.30253037006896	-3.75805525	5.3172395
ayac1239	-0.4006918385325	2.67169778933156	-5.70582725	4.645053
ayiw1239	3.02277230255	1.86102006940004	-0.3984854	7.051845
azha1235	0.534225501227	2.25452583441186	-3.81953575	5.05123575
baba1264	1.099825137425	2.24809875732184	-3.117971	5.8559345
baba1266	0.832089725415	2.21767595028744	-3.31919975	5.37610149999999
baba1268	-0.6036202247355	2.0529148827276	-4.5814265	3.43292024999999
babi1235	-0.369680581465	2.72843342775101	-5.92655575	4.83954075
bada1257	2.568876026545	2.31751476142563	-1.68166225	7.57282525
bafa1247	-1.4162182583045	2.34309328750732	-6.08693325	3.0865505
bafi1243	-0.9459500700155	2.04306029979017	-5.040831	2.92715325
bafu1246	1.032224050005	2.2203219951457	-3.1105025	5.70491775
baga1272	0.015092850803	2.30077738476893	-4.54289125	4.62986299999999
baga1273	-0.0372037451085	2.27983854705153	-4.4255945	4.601314
bahi1252	-2.04202094994	2.5047512959875	-7.59589725	2.51168375
bahn1262	1.54909244754	2.4739991857633	-3.06359425	6.730984
baim1244	-1.219379745891	2.38662517390172	-6.017225	3.1001655
baki1244	4.5969396677	2.17129570432011	0.8253024	9.230204
bala1311	-1.50132590013	2.41175223203436	-6.348529	3.04058499999999
bala1316	-2.248732124865	2.23076848105535	-7.069034	1.68543574999999
balo1261	0.5897706091835	2.57611071369311	-4.26018925	5.6041025
balu1257	2.099107206105	2.28379663464082	-1.932498	7.033719
bamb1270	2.379827675683	2.23486731340481	-1.88490375	6.92517349999999
bamu1253	-0.05185330311	2.22130295173809	-4.4245875	4.52726349999999
band1344	0.515546895495	2.68537433100171	-4.3702375	6.20112525
bang1369	-2.745167476735	2.31831332082064	-7.7855495	1.3355615
bant1281	-1.9575699194	2.43722353857114	-6.88366825	2.678343
bant1288	-1.834759359415	2.42973981569247	-6.790189	2.5224095
bara1357	-1.8976776209035	2.43542924260094	-7.026224	2.513342
bara1369	-1.544957863898	2.3486487667985	-6.30237825	3.147738
barg1252	-2.812028160305	1.88757072423206	-6.86318	0.56432785
bari1286	3.585366477645	2.25268664595933	-0.47001915	8.53347874999999
baro1253	3.95807470726	2.13138880053805	0.285936225	8.4801625
basa1282	-3.01618180823	2.26646105774703	-7.79089225	1.29430975
basq1248	-0.28426949361195	2.67745609427867	-5.5524845	5.1564335
bata1289	-1.793293442015	2.16750365642655	-6.3468035	2.20132275
bawm1236	-0.55197375878	2.21596151721962	-5.080372	3.72606725
bayb1234	-1.234996155295	2.57708501944403	-6.7086925	3.36085099999999
bebe1248	0.520877375675	2.53161038473426	-4.36575775	5.59775874999999
beel1236	2.2166875894215	2.05000241345991	-1.5481135	6.5375215
beem1239	0.2277600213985	2.6139459491046	-5.03019725	5.27471075
beka1241	1.913749235305	2.3516969677905	-2.511931	6.66492625
bekw1241	-0.189952631212	2.33462837033322	-4.7349625	4.513874
bekw1242	0.41562855775	2.62468626883391	-4.7545175	5.86196175
bela1254	0.813005165305	2.33955160356278	-3.5637465	5.48747774999999
belh1239	-1.962057795758	2.50764655187103	-7.28653825	2.8243435
bell1243	-0.61915051088	2.4463195016893	-5.4744775	4.27842825
belu1239	1.4242316483	2.48699173402575	-3.1444285	6.81070425
bemb1257	0.296848787537	2.86201184091548	-5.234098	5.85967
bert1248	-0.906285795294	2.51391972416648	-5.96162075	4.04831925
bhoj1244	-2.059733621174	2.46317282206417	-7.15395975	2.464954
biaf1240	-2.098307455695	2.28197233107015	-6.886077	2.1426525
bian1252	-1.930957660796	1.83483470182987	-5.74141425	1.4313695
biao1253	2.017037620255	2.38553774232645	-2.26858725	7.00280025
biao1254	1.023075548325	2.57925769214331	-3.84507775	6.3121015
biao1256	1.461919637975	2.55436307732897	-3.29951025	6.847578
bier1244	4.62186996487	2.17173995722402	0.843701575	9.28779899999999
bign1238	4.4900806238	2.1881523346287	0.6306699	9.29106675
biha1246	1.548466299645	2.435550704015	-2.991007	6.669585
bila1255	1.325316868805	2.53175514803073	-3.2792065	6.72187975
bilb1241	-2.3638169041605	1.66797243801532	-5.75957125	0.757058049999996
bili1260	-0.591858932069	2.48001991299525	-5.743887	4.06959075
bimi1240	-2.13410362181	2.47288736074143	-7.4012975	2.4017835
bina1277	-2.256884984475	2.42207619918736	-7.44690825	2.143054
bini1246	-2.8625550894745	2.33806683628014	-7.7571065	1.5742955
binu1244	-1.3762223591465	2.29389552765419	-6.1830975	2.685748
bira1253	0.420779490552	1.92240924618317	-3.3076395	4.208254
bitt1240	0.7795893589905	2.25598195485926	-3.4332305	5.4053515
biwa1243	-2.993693964068	2.27562751878646	-7.70475675	1.154239
blab1237	-2.10725701459	1.72138258437453	-5.5230105	1.1968415
blan1242	-0.963182785785	2.11782274060347	-5.145271	3.14598199999999
bodo1269	-2.469816229465	2.37582381018926	-7.523643	1.87575775
boht1238	-1.476917363245	2.43661470329908	-6.4813455	2.98458675
boka1249	-2.50888391924	2.45613745591996	-7.658185	2.000903
bola1250	3.482979136315	2.28699358881497	-0.6973133	8.34252125
boly1239	0.85675455884	2.48168411937792	-3.873194	6.03368399999999
bomb1262	0.779668671405	2.54575317240188	-3.994527	6.039693
bomk1234	-2.5480791775	2.26271478984438	-7.07263275	1.76492175
bona1250	-0.762952157597	2.2936751267008	-5.55808575	3.60165625
bond1247	0.6708268891255	2.57265423285196	-4.2228035	5.94981925
bong1289	0.35757310219	2.15274090173179	-3.6422215	4.83111824999998
bora1263	-1.101241449392	2.5787505740273	-6.364749	3.7147935
bori1243	-3.060741752395	2.37023749536261	-8.136294	1.156933
boro1277	-0.9279042316615	2.50875210325013	-5.84599975	3.744157
boro1282	-0.662447304925	2.51850243257409	-5.702253	4.274164
boto1242	-2.02764606815	2.35010200721929	-7.04746625	2.17818225
boun1243	0.2618962082355	2.47935320966437	-4.33406875	5.43690775
boun1245	-3.090747668985	2.47783717616379	-8.1630175	1.50610175
bret1244	-1.48621329804	2.33743074329403	-6.373258	2.847348
bube1242	-3.411747962055	2.17001662649079	-7.865537	0.552743525
budu1265	1.99840505463	2.23021210690834	-2.102105	6.680752
budz1238	0.48400450752	2.76723706358958	-4.76926975	6.0908505
buga1247	0.8995889818765	2.2955045437701	-3.60720275	5.61512225
buga1250	1.369272739825	1.87437190731357	-2.3185065	5.35445825
bugh1239	-1.480428782819	1.68882311166967	-4.8523955	1.7792125
bugi1244	-0.2759687884005	2.29005669838653	-4.91777025	4.06548174999999
bugu1246	-2.773037739754	2.43498363984642	-7.8981925	1.5090655
buhu1237	-2.13938152436	2.08282059383471	-6.470681	1.82205725
bujh1238	-2.02123755473935	2.4832577350243	-7.34456175	2.71254525
bull1247	-2.3807562986035	2.23269495045247	-7.0743915	1.7651135
bulo1242	1.13902876002	2.50082319205428	-3.475764	6.554124
bulu1251	-0.0092361219725	2.51900863472918	-4.88167975	4.89974
bumt1240	-1.6204167117615	2.50255720527068	-6.6647975	3.244471
buna1276	-3.130914566295	2.30790542574383	-7.89152775	1.12860025
bund1253	-0.402949631885	2.44692066592476	-5.40672325	4.22118024999999
buol1237	-0.87816834656	2.21770825032204	-5.192926	3.2162275
bura1292	1.33217763791	1.98648826340578	-2.3980695	5.5194295
bure1242	2.201849231715	2.06043081591141	-1.5748225	6.42766875
burj1242	-0.4939001229665	2.3304805408412	-5.4141905	3.89600124999999
buru1320	2.338718730575	2.1707874503375	-1.69327225	6.91612175
busa1253	0.101357510055	2.48497584716849	-5.01119225	4.8527285
bush1247	0.194974405705	2.56626642426521	-4.7373315	5.12477025
buwa1243	0.667437826985	1.76688806419889	-2.74292675	4.21799525
bwai1242	-3.715529538367	2.10641232533029	-8.18228425	0.171050849999994
bwat1240	-2.05863218206	1.89058458192892	-6.10699825	1.34757125
byan1241	-0.7785552938634	2.50818589489767	-5.77282575	4.01371775
caac1237	-2.3832405891415	2.08973181993698	-6.97666725	1.396095
cacu1241	0.05369280877	2.28044163668454	-4.613768	4.55640325
cahu1264	-0.04917842067	2.44188933874081	-5.02707075	4.72657425
cakf1236	0.7934231073315	1.90824253631584	-2.85151675	4.53353649999999
cald1236	-0.1597326397263	2.52511346559684	-5.03261225	4.716617
caml1239	-1.945515886072	2.47764908801335	-6.99606275	2.54766999999999
camp1261	0.77169003216	2.48562505444	-3.9080985	5.899378
cams1241	-0.83935359787	2.47331699581847	-5.93485375	3.62290575
cane1242	-1.100484652615	2.48272267724474	-6.17362825	3.56219225
caom1238	1.1161030162	2.55942929291758	-3.64588025	6.399956
capa1241	0.5089797785965	2.64054454771627	-4.5198975	5.543526
carn1240	-3.63009546665	2.41484967552776	-8.67300625	0.865197299999996
caro1242	0.271870341419	2.54337475053353	-4.5087265	5.41080725
cash1251	-0.391770276945	2.6233173840798	-5.5303675	4.63657699999999
casi1235	-1.70125597605	2.33265141321269	-6.541791	2.63592275
cayu1262	-0.643503221555	2.50745952311732	-5.9049325	4.13410475
cemu1238	-1.974383329755	2.03559971531107	-6.10807875	1.87601525
cent1989	0.92605800748	2.56991783613898	-3.73554125	6.224124
cent1990	-3.58855754265	2.36104135374076	-8.7719275	0.759950125
cent1992	1.41532105478	2.51372805901383	-3.417671	6.63376974999999
cent2004	2.610689006835	2.21227078308766	-1.491943	7.19306049999999
cent2050	0.505317043705	2.10709174250883	-3.58161725	4.74233675
cent2084	-1.7480064787695	2.22885788987034	-6.2788735	2.39187
cent2100	-2.919896305885	2.07147702812848	-7.2588625	0.780454949999999
cent2126	-0.2055366823	2.69303047401932	-5.55923975	5.029897
cent2127	3.844756335525	2.42769713954589	-0.47714245	9.03136824999999
cent2131	-0.392650855935	2.32099848119352	-4.992625	4.1541015
cent2140	-0.7822749158235	2.62820076304279	-6.0495245	4.149578
cent2292	-0.3868411941345	1.8266525773546	-4.0735825	3.40163925
cent2322	-1.0818335599815	2.40030958204871	-6.02754425	3.4292555
chac1251	-0.172958865302	2.73439538422381	-5.5564065	4.95755675
chak1270	0.56522588131	2.00613387295986	-3.4602475	4.461487
chak1271	0.415634373205	2.45602891662549	-4.280582	5.42364949999999
cham1312	-1.5414436590195	2.24206292472068	-6.06911175	2.49060375
cham1315	-1.322725349625	2.46298251389025	-6.4644575	3.423596
chan1313	-2.724531931395	2.50748355497165	-7.8300315	1.79327699999999
char1269	0.361129021286	2.32020698873917	-3.90832425	4.85127025
chas1234	0.510471949975	2.29616711970416	-4.01261625	4.99000725
chek1238	-1.510374604975	1.64072243582341	-4.7779295	1.71026125
chen1255	-0.41999395343	2.58932094948065	-5.53643175	4.404768
chep1245	-2.16324496564	2.40720835437866	-7.20551925	2.274806
cher1273	-0.57130745179	2.58017481631264	-5.813433	4.37907275
chey1247	-0.66069415027	2.40942782564576	-5.718161	4.15441175
chic1270	-0.58547496804	2.6962030200389	-5.9690675	4.43834849999999
chil1280	-0.30121492735	2.7218315182822	-5.6324515	4.966589
chim1302	-0.223925344058	2.62475969580148	-5.5960175	4.830956
chim1312	-0.67590565912	2.36010346039231	-5.20568875	4.0221965
chin1286	-0.263517488265	2.64838015787916	-5.9111135	4.888699
chip1241	-0.465404056779	2.50152588436107	-5.58741775	4.138381
chip1261	-0.151817652884	2.80615720234521	-5.62557625	5.3239795
chiq1248	2.1678293403	2.35352852840429	-2.188421	7.07145299999999
chir1283	-3.00726795665525	2.43572221190042	-8.11468	1.27788675
choc1275	-1.818374368239	2.50882941348812	-7.0079005	2.94416575
choc1276	-0.55981364902	2.63712143878628	-5.7575965	4.36887625
chon1284	0.69977697801	2.59651330861975	-4.1719465	6.1880625
chot1239	-2.541684672135	2.31832987086869	-7.25242575	1.81384575
chra1242	0.7966989986	2.41222303664691	-3.55708625	5.77309549999999
chug1252	-2.5381327583715	2.46818572698016	-7.92821475	1.86737175
chuj1250	-0.71531070175	2.36616159915061	-5.494064	3.92275999999999
chuk1273	-0.21382673185	2.69431947606	-5.629335	4.9677925
chuu1238	0.56609921268	2.55322209411694	-4.1387575	6.021559
chuv1255	-0.034952079745	2.38322366562462	-4.8740415	4.88686325
chuw1238	0.297296950275	2.60170028413336	-4.74724325	5.58126525
cici1237	0.6460728160915	2.45334932042698	-3.958796	5.667913
coat1243	-1.287851893755	2.38506051188521	-5.94616925	3.4400945
coca1259	3.1901534407385	2.3016810414421	-0.772085425	7.94860725
coeu1236	0.253771575769	2.63889449300919	-5.066413	5.61814174999999
cofa1242	-0.34650753456	2.49909554454222	-5.45900075	4.40270275
colu1241	1.437986120515	2.51218420646654	-3.42991775	6.41218874999999
coma1245	-0.4302747937865	2.5454881931737	-5.66344675	4.2625785
como1259	-0.49671019144	2.53181860843431	-5.67939675	4.404463
cori1240	1.134914325635	2.27053980407446	-3.20069225	5.65827725
cors1241	0.77716301342355	2.54353727089835	-3.96454475	5.897326
cosa1234	0.4788138334453	2.2503355798122	-3.970764	4.871062
cree1270	-0.489445816225	2.60933549190495	-5.8621835	4.45021
crim1257	-0.3058358466343	2.64221955909187	-5.4861625	4.692623
crow1244	-0.5250824621099	2.6608616221986	-6.1171985	4.73115274999999
cube1242	1.981012958945	2.31312765491123	-2.516724	6.55944774999998
culi1244	-0.22367863958	2.42040694249646	-5.02013425	4.52765025
cusc1236	-0.163634607687	2.63563182949876	-5.38354075	4.70776325
czec1258	1.158344592983	2.4627338566071	-3.48238325	6.39822125
daai1236	0.5615666755165	2.31598246069923	-4.068237	5.04419325
daas1238	0.2861905434375	2.16028692762309	-3.96629875	4.569735
dadi1250	-2.74202516772185	2.41037378453165	-7.874085	1.764962
dagb1246	0.99725747142	2.49922235735056	-3.68315075	6.0213175
dagi1241	1.4199304397235	2.39009645101176	-3.1190325	6.3925475
daka1243	4.76015818755	2.19088424276055	1.01063025	9.20378675
damp1237	1.10384608024	2.12235601956547	-2.854562	5.51408474999999
dana1252	2.73387408762	2.32597288713829	-1.4816575	7.582297
dand1238	-0.5837560311395	2.69686555216539	-6.13121675	4.44854524999999
dani1285	0.776083205925	2.52878458359789	-4.01061925	6.00981274999999
dara1250	-1.929795452985	2.59673556358781	-7.553564	3.01599725
dard1243	2.021779371015	2.36423359432205	-2.3649045	6.95803475
darm1243	-0.7855257535095	2.49683114920325	-5.82770325	3.94176525
dawr1236	-0.5654830440025	2.4155400016461	-5.199463	4.2913835
daza1242	-0.48956576976	2.48572414138431	-5.424083	4.1339605
defa1248	-1.031044394759	2.10623942129396	-5.14741425	3.06708475
dege1246	-0.577836299906	2.27532495765205	-4.88512875	4.1264375
dehu1237	-2.220369123655	2.21578545600036	-7.0848045	1.86492175
dera1248	2.122677644125	2.03453375980954	-1.584386	6.47362525
desa1247	-0.39267330454	2.32076058635744	-5.08299725	4.0993035
dhao1237	0.745566336365	2.07559295598631	-3.0628745	5.0194515
dhar1247	-0.22725564343	2.75006481419952	-5.86608275	5.3305225
dhim1246	-2.00632153167	2.38189148256698	-7.067671	2.3422775
dibo1245	0.54702341469	2.62277358977806	-4.536153	5.89356825
dier1241	-0.21713783606	2.64674392251292	-5.50874775	5.1462055
diga1241	-2.211187074415	2.29026466694617	-7.10036875	1.9773585
digo1243	0.516858200695	2.57057250321088	-4.46981775	5.52027899999999
dima1251	-3.305061516605	2.40743471384619	-8.29842425	1.0735725
djam1255	-1.3046369584065	2.55747189295734	-6.42783925	3.473337
djee1236	0.646560861205	2.32901696749893	-3.762429	5.28180874999999
djeo1235	-0.951334937668	2.40145661275497	-5.967786	3.47280675
djin1251	-0.414913754971	2.5405725953428	-5.7934645	4.397018
dobe1238	1.06447605605	2.38963276605882	-3.27728025	6.17075799999999
dobu1241	-3.6574683777845	2.18656265214065	-8.244382	0.330176824999997
doma1260	-0.026075644275	2.64423069280156	-5.50097025	5.16974275
domm1246	-3.044541201815	2.28241462143473	-7.49927675	1.26102824999999
doro1266	-2.6264411196	2.28077248124939	-7.40875725	1.3849855
drun1238	-1.009275394715	2.36000415578424	-5.59323575	3.2994955
dumb1241	-2.37656868969	2.07938889413527	-6.6512525	1.41362
dumi1241	-1.888677993465	2.48032886824939	-7.0172305	2.723694
dusn1237	2.91593735738	2.38311384313594	-1.47798575	7.89490575
dutc1256	0.99511425750755	2.51851475972092	-3.82908025	6.1452315
dyir1250	-0.4200887991175	2.59364006514044	-5.77532375	4.5349485
dyul1238	-3.132546177715	2.19857598810311	-7.50515325	0.901235275
dzao1238	1.231048793294	2.63777006277168	-3.631763	6.7263065
dzon1239	-1.58487897807	2.57406644316549	-6.827149	3.248786
east1236	1.3054672991173	2.38411280560813	-3.32667325	6.17155299999999
east2328	-1.263996380225	2.12440419615561	-5.519091	2.77090149999999
east2342	3.02592083232	2.28296902260921	-1.05039775	7.87065749999999
east2379	-0.2542172677714	2.66896624620289	-5.53518875	4.69098075
east2443	4.13153918215	2.25470442384028	0.0494666	9.018509
east2447	2.407631862925	2.11032710605292	-1.506282	6.71021949999999
east2485	0.874116093256	2.16972855654837	-3.27132025	5.40914724999999
east2516	-2.7939886771235	2.41911127968406	-7.613339	1.53861499999999
east2555	-0.695027354428	2.46487491779235	-5.8357595	4.063996
east2556	2.46857024293	1.86837472282615	-1.0602755	6.337046
east2690	-0.82620096017	2.52011024831086	-5.72402925	4.19701625
east2694	-1.1195298197685	2.40711801398208	-6.10972325	3.2129285
east2773	-2.011933968402	2.45459689659081	-6.9650075	2.43147375
egaa1242	-2.815434308386	2.40618669562739	-8.1465185	1.48711124999999
eipo1242	-1.85956513987	2.47655280245084	-6.9921225	2.71798074999999
elip1238	-0.7462587122115	2.11342762418159	-4.93365925	3.33786224999999
elna1235	-1.2107990692435	2.2900134002462	-6.04151375	3.00189549999999
emae1237	4.196565961085	2.15109348710773	0.409406225	8.78796949999999
emai1241	-1.0826992139755	2.15600631326386	-5.7477135	3.15106975
enuu1235	0.2406490992605	2.34803012283641	-4.54700875	4.886647
ersu1241	-0.41590435865	2.67649125664715	-5.772348	4.5587935
erzy1239	1.57722848698	2.37597787491894	-2.756907	6.77873075
esee1248	-0.08524748652	2.68221380168925	-5.54386025	5.26027424999999
esim1238	1.192950182	2.28043503957216	-3.09665125	5.9287555
esto1258	1.7949437221105	2.34382021879914	-2.516477	6.79965525
even1259	-0.169177773085	2.81977636868091	-5.769062	5.1025395
even1260	-0.12570343618	2.64058145461745	-5.33488	5.014737
fait1240	-3.077403464995	1.95428926423659	-7.11128	0.5230006
fala1243	-1.96615168147	2.56623104696897	-7.42171975	2.86925524999999
fare1241	0.616062405065	2.48824284074731	-4.33357475	5.5418645
faro1244	0.68669647199	2.37159717665835	-3.994791	5.39091825
fass1245	-0.4279924438735	2.05272789337372	-4.522435	3.44697875
fasu1242	-2.39242854313475	2.45763230307484	-7.63013525	2.10279849999999
fiji1243	0.514590686815	1.92966394865537	-3.205565	4.51990374999999
fili1244	-1.903083769255	2.48198135812023	-7.108981	2.51940375
filo1235	2.990394483335	1.78459470093494	-0.443420625	6.7501265
fina1242	-0.75146663378	1.86067569071067	-4.513746	2.86391899999999
finn1318	1.184689723125	2.42663907913879	-3.267671	6.60618325
fipa1238	0.3478410033855	2.61253600734837	-4.624957	5.54344475
fonn1241	1.00929228109	2.43858484767446	-3.606324	6.0549405
fore1265	-0.736484928645	2.49188987383054	-5.80923325	3.899603
fran1266	0.739447531893	2.43073707438232	-4.182793	5.13499424999999
fuln1247	-0.2913480494145	2.49500795177025	-5.14643125	4.37472674999999
furr1244	-0.728206242854	2.61896213093662	-5.9729555	4.34509099999999
futu1245	-0.49278832052	2.00007505422234	-4.7249505	3.252591
fuyu1242	-3.139369439655	2.26790958209351	-7.70524625	0.9386249
gaaa1244	0.77462674141	2.52518491585727	-3.82944075	6.00481575
gaaa1245	1.755898046475	2.37673571566545	-2.774343	6.68501025
gaan1243	0.2651953376525	1.89222716584399	-3.4707245	4.0910585
gada1258	-1.2679227393255	1.96202089835567	-5.04252075	2.492194
gade1242	-0.576725701885	2.2727479515996	-4.98172325	4.06254775
gaga1249	-0.140889756755	2.63942442020867	-5.463513	4.87382525
gahr1239	-0.43179153626	2.70147923279524	-5.7376405	4.91100574999999
gala1264	1.949439075355	2.02442878080319	-1.86753125	6.298184
gale1259	-0.88887402594	2.51883096843843	-6.10141175	3.684914
gali1258	0.605443639736	2.44257674272067	-3.9465695	5.81538125
gali1262	-0.74730736873	2.29656503353543	-5.3995815	3.79396575
galo1242	-2.90187297197	2.3975336373057	-7.77570175	1.50430724999999
gami1243	-0.095951217267	2.61694156938043	-5.277081	4.919264
gamo1243	-0.430841288135	2.24928018406496	-4.74403025	3.97861524999999
gang1266	-2.70529814094	2.32640451159548	-7.44845	1.5720695
gant1244	-3.63129673253	2.27522453814398	-8.47084975	0.434382124999998
gapa1238	-2.99295271681	2.00044610169627	-6.99727275	0.783856224999999
garo1247	-1.74294718862	2.31625002271726	-6.5674205	2.67887525
gayo1244	-0.250745840825	2.1293203151047	-4.91443225	3.69025
geba1237	3.49557428632	2.33911494398592	-0.610198275	8.569667
gebe1237	1.9188409671025	2.36254002246777	-2.54540675	6.898931
geda1237	-2.447062022115	1.68023411763197	-5.9693605	0.599312324999998
gela1263	-1.340766558672	1.7802490328266	-4.98146875	2.0865975
geru1240	1.134432430805	2.04909615731453	-2.8470565	5.13784575
ghar1239	-1.792126732445	1.89298179880762	-5.4640755	1.7180845
gheg1238	1.96454208949	2.26513272032984	-2.20830225	6.61473
giiw1236	2.272156033215	2.05160208493544	-1.50573375	6.52536825
gilb1244	0.662040665705	2.42543037358619	-3.935138	5.83145125
gira1247	-3.0907910919195	1.83909820864542	-6.85871125	0.385077974999999
glav1244	-0.215717834825	1.88206117916026	-3.9606675	3.46681275
gofa1235	-0.410700615637135	2.35696856278029	-5.21032075	4.34431775
gogo1265	-2.36533425329	2.49048261959737	-7.66998625	2.18590775
gola1255	0.456347646985	2.37175176691674	-4.1483025	5.323286
guah1255	-0.41317111756	2.57016421559627	-5.6858815	4.34565099999999
guam1248	-0.74639312671	2.57265128941296	-6.00579525	4.315333
guan1266	-0.38540446103	2.59417387102331	-5.49742375	4.58737875
guan1269	0.351796526255	2.27764567818868	-4.17677025	4.88754175
guat1253	-0.94698229245	2.65430774363443	-6.2382695	3.96183675
gube1234	0.536088294645	2.52729349293695	-4.15671075	5.969925
gude1246	0.029454620318	1.84701478654419	-3.579793	3.83319775
guer1243	-1.2623877945395	2.45196064306977	-6.3578945	3.252032
gugu1255	-0.43392095844	2.60134398983037	-5.69327875	4.90828
guhu1244	-2.5660939574725	2.28940075978546	-7.17298975	1.637136
guiq1238	-0.434360170025	2.76011697784143	-5.92286775	4.87455374999999
guma1254	-3.636431131925	2.17131055687099	-8.2399575	0.336804399999995
gunw1252	-0.4106659903	2.25792314271291	-4.87331425	3.7842585
guny1241	3.9203077619	2.41063809994014	-0.4179693	8.750766
guri1248	-1.0073645638835	2.0695773480784	-5.47853325	2.98243975
guru1261	-2.024061256399	2.48396767118998	-7.39604875	2.459628
guru1271	1.4787345999915	1.97064570885828	-2.121652	5.60129724999999
gusi1247	1.358172056775	2.52113684395167	-3.33382525	6.753015
gwen1239	0.5840649449235	2.68115147232265	-4.62188775	6.04870725
gyel1242	-0.5322135254515	2.58353652865874	-5.46297475	4.732171
haaa1252	0.199839901795	2.81276265451096	-5.127938	6.11644374999999
hadi1240	-1.213135631585	2.28284225120599	-5.86290625	3.25174375
hadz1240	-0.07063725025	2.3849046325886	-4.91510575	4.647485
haka1240	-1.153244205549	2.3571293835749	-6.058504	3.2848215
hakk1236	2.3705628156475	2.34133598877018	-1.95016325	7.1365795
hala1252	1.648171637515	2.45964343085374	-2.68990625	6.73477975
hali1244	1.624383828045	2.01579187894745	-2.21282475	5.750812
halk1245	0.17629857542	2.47880489356235	-4.7113875	5.06862124999999
hame1242	1.13386147311	1.85044354239888	-2.22778625	4.90936875
hang1263	-0.899444423035	2.07690850758867	-5.12646075	3.29526
hani1248	0.468701351505	2.46200934947664	-4.4626175	5.3252835
hano1246	4.0970008194855	2.27256312133256	0.0727418825	8.85755549999999
haro1237	1.42827517416265	2.47618513959934	-3.227822	6.52273575
haru1245	-3.632381119735	2.39081712944197	-8.7948015	0.668973199999998
hava1248	-0.2755678202	2.44899748089564	-5.2345715	4.5591785
hawa1245	-1.47152105386	2.21313364343527	-6.08688225	2.61784525
hehe1240	0.780301283385	2.72977062753395	-4.30603975	6.15994525
heil1246	-0.5661728199542	2.44665284959523	-5.5361805	4.23577375
hela1238	-2.00761877611	2.40307554189206	-7.13949	2.18123925
here1253	0.235362643285	2.60793828457418	-4.584812	5.69606675
hida1246	-0.17406413333	2.81117111773997	-5.6416535	5.43582675
high1276	3.1317713035	1.91965920451311	-0.509087775	7.11005375
high1278	2.9197543384375	1.79780244000323	-0.482216175	6.65887125
hind1269	-0.371450125662	2.51592417469539	-5.67041725	4.63639475
hixk1239	2.63829954684	2.45833497334669	-1.8848585	7.73578975
hoaa1235	1.268607704985	2.49974839997073	-3.374582	6.173703
hone1235	2.303601649325	2.15198838133457	-1.57996925	6.67908524999999
hopi1249	-0.896478420765	2.5372602708643	-6.15484875	3.87651275
horp1239	-0.3819037680105	2.62664081949027	-5.6648435	4.683711
hote1245	-1.09057411278	1.63496008202706	-4.49831025	1.97718525
hozo1236	-1.634383035505	2.29660238193	-6.3759145	2.65740575
huaa1248	1.839438493525	2.50795457209277	-2.82024425	6.983646
hual1241	-0.72180203702	2.61559436947144	-6.00793325	4.30804799999999
huam1247	-1.218590461325	2.44169831548007	-6.22168025	3.358277
huar1255	1.8549649879335	2.15586409759461	-2.2167865	6.18136349999999
huas1242	2.75990608967	2.00332285338146	-0.93525785	6.803027
huba1236	-0.095459003205	1.86041184333947	-3.68597625	3.6372975
huic1243	-1.1019348894	2.39687289192592	-5.9900525	3.24293075
hula1239	-2.441403167374	2.2857700554791	-7.26736425	1.69832
hula1244	-0.6173231802	2.55365169451698	-5.758924	4.19253875
huli1244	-2.35986484094	2.48524016171385	-7.6039275	2.25824225
hung1274	-1.0860503852525	2.27697121395249	-5.59862875	3.37215375
hung1275	0.9560339469945	2.52212919760093	-3.73110375	6.07754075
hunz1247	-1.140799163419	2.65116635359756	-6.92123425	4.01104074999999
huuu1240	-0.02530387276	2.14726722084585	-4.038887	4.23385175
hyam1245	1.059746711568	2.32634530950631	-3.417312	5.78735
iaai1238	-2.04063317415	2.12805447807096	-6.40431925	1.88298675
iama1237	-3.7943497754	2.11212808423533	-8.3051355	0.0837380524999989
iatm1242	-2.166221905435	2.30763410956145	-6.94505825	2.1572475
ibal1244	-1.3532573377	2.06174337435897	-5.51058525	2.43981825
iban1264	1.58578765372	2.50728327969365	-3.0055065	6.916101
iban1267	-1.5711220986285	2.21482744906458	-5.93964025	2.704942
ibat1238	-1.6422718967435	2.37899562439222	-6.69145025	2.5795795
ibib1240	-0.64336909516	2.21377266005962	-4.903877	4.16779874999999
icel1247	0.692485231475	2.46490485323329	-3.7843725	5.9851155
idii1243	-2.34508379212	2.42263074711852	-7.4490765	2.1654075
idom1241	-3.37496510875	2.28148969395655	-8.243608	0.837736099999999
idum1241	-1.9850841170545	2.44693802328338	-7.269004	2.39534274999999
idun1242	-3.63951893909	2.13154850103834	-8.14481525	0.223835974999999
iliu1237	1.540019242415	2.31302108095186	-2.773224	6.39496374999999
ilon1239	-1.69528571869	2.22874625402537	-6.1626585	2.4025425
imba1240	-0.4625378062145	2.66388305435507	-5.68308375	4.8209465
ingr1248	1.53801191603	2.39187263546591	-2.73887	6.6342355
irar1238	2.64280389453	2.37951040363309	-1.6232885	7.82904449999999
iris1253	-1.67611735151	2.38683598682341	-6.564847	2.6916735
irul1243	-0.1103148168535	2.66027964515005	-5.23379925	4.8640025
isco1239	-0.14439010724	2.71013403908473	-5.57177025	5.276731
isin1239	-1.639748666165	2.13202284213384	-6.07751325	2.34853275
isir1237	0.319342052518	1.96671807790254	-3.412538	4.43616049999999
isna1241	-1.488719259492	2.20948681669879	-6.05618525	2.6531395
isth1240	3.60517985471	1.92985675771552	-0.0435193525	7.62650225
isth1241	3.3194926398	1.98470120135025	-0.47598175	7.23100575
ital1282	0.7145560804295	2.50662676684146	-3.974493	6.08690775
iton1250	-1.027951420257	2.43192002809907	-5.85881975	3.4801865
itza1241	-0.2275215652015	2.65150977492805	-5.86736775	4.8579225
iumi1238	0.591616537595	2.2667353736132	-3.895066	5.14939625
ivat1242	-1.51485402732	2.35877916267412	-6.455055	2.80954425
iwal1237	-1.435903544588	1.75706133625881	-4.9980055	1.7889865
iwam1256	-1.631033298126	2.18129545072399	-6.2817225	2.54817325
iyoo1238	-1.3865522626	1.73046030007433	-4.73813875	1.9564355
jahh1242	0.47785593189	2.0093990655952	-3.34404325	4.4947485
jama1261	0.2057841856584	2.44275629479116	-4.6664245	4.943739
jamb1236	0.926937532863	2.3822084899438	-3.55835825	5.6509615
japh1234	-0.48867519161	2.64158556279998	-5.92733925	4.62705499999998
jara1266	1.720782749355	2.39292605201316	-2.91192575	6.69558549999999
jeha1242	0.9231683845458	2.4583106167141	-3.90568775	6.2255685
jehh1245	1.5071909531246	2.40652753545564	-2.911384	6.45480749999999
jenn1240	2.409849964915	2.34328164146956	-1.7995775	7.28616049999999
jeru1240	-2.09935366127	2.52078901992363	-7.30218225	2.48593975
jiba1237	2.10898197043	2.31131170903713	-2.25319425	6.88017875
jina1244	2.86452768614	2.3650111010879	-1.45916125	7.88633375
juku1254	1.4294196720115	2.4094189945782	-2.89298375	6.519862
kaba1278	-0.481045530763	2.70268108580282	-5.864283	4.62769375
kach1280	-1.023113865499	2.47515071532798	-6.016114	3.6343435
kach1284	-0.9230849849835	2.52684232651065	-6.03979675	4.00818825
kada1242	2.4580354127295	2.2849096885934	-1.903346	7.3382895
kado1242	-0.3950982951195	2.14508602303602	-4.60503125	3.667342
kafa1242	-0.3103196414	2.41690921351521	-5.3336285	4.41693699999999
kaga1256	-1.273507894245	2.47155012699328	-6.502932	3.147509
kagu1239	1.130612457345	2.71363791787046	-3.99524275	6.8319985
kaik1246	-1.50457917551	2.59144606115757	-6.67726625	3.47489425
kaki1249	-2.6901754118066	2.28803703610347	-7.465515	1.560666
kala1384	0.14347860774	2.52987160748337	-4.8495245	5.19779025
kala1399	-0.3878158263	2.74118829428371	-5.68727	5.01711175
kalm1243	-0.15244162864	2.70289615993629	-5.52035025	5.13117775
kama1370	-1.83761027413	1.89172769188672	-5.67533875	1.80015625
kamb1297	0.709510002215	2.7021820908041	-4.52190675	6.2175665
kamb1299	1.42703259104625	2.27142955933148	-2.7880105	6.296225
kamm1249	1.63610868746	2.3799601845276	-2.93511425	6.38685825
kana1286	-3.314023937425	2.14807827370784	-7.88584425	0.456580899999999
kana1291	2.393210540683	2.42805114914052	-2.1893375	7.45537549999999
kani1286	-2.10609365825	2.02092719734676	-6.2508275	1.65827425
kank1243	-0.6754076334	1.94347343071201	-4.74906075	3.03827049999999
kaon1241	0.18237603538	2.56717740465822	-4.58678825	5.6346465
kaqc1270	0.4018397032595	2.31857949953889	-4.13635075	5.0361465
kara1476	1.0378555230575	2.39392900521871	-3.82738225	5.80552724999999
kara1486	2.810214066758	2.11769958166891	-0.971659775	7.25092624999999
kara1487	-1.301769785245	1.94935712564028	-5.2332245	2.4074135
kara1499	1.193916836775	2.65948415378131	-4.01236975	6.34485425
kara1500	-0.027398222625	2.67704482063919	-5.34398375	5.05514149999999
karb1241	-3.13825905009	2.50681538127878	-8.4871595	1.41725725
kare1335	1.13070038061195	2.43324861244905	-3.2673195	6.20138075
kare1338	0.390412867825	2.64032654237044	-4.52164575	5.47456924999999
kari1311	3.3975815209	2.31513237613576	-0.93570895	8.091957
kark1258	-1.718202498621	2.34428317080723	-6.4680305	2.662046
karn1252	3.3221151006	2.26845025111661	-0.80378365	8.25413375
karo1304	-0.433972064505	2.65587392574917	-5.6523045	4.68664275
kash1277	2.2305743414649	2.26579430151479	-1.9175375	6.96616125
kask1239	-0.0628763204273	2.65091302155739	-5.37712775	5.01623775
katb1237	4.690096542785	2.16229095130814	0.95653585	9.2919735
kats1235	1.584419706705	2.42143728365526	-3.1987125	6.282988
kaur1271	-1.879999085225	2.29019854944336	-6.66771725	2.394451
kava1241	-2.0894676375	2.11071838714923	-6.27393475	1.98240725
kaya1315	3.688470688915	2.25156052417429	-0.290620525	8.61092524999999
keap1239	-2.120359790095	2.30517837001691	-7.19092175	1.922976
keig1242	0.95045279534	2.44682749485799	-3.93774825	5.68689625
kele1258	2.1305549709905	2.20890280496403	-1.86393125	6.815679
kele1259	-1.141887952455	1.91257555295793	-5.0807435	2.56150225
kemb1249	2.11448277021	2.32544625124012	-2.2411035	6.94079525
keme1240	1.61508110787	2.32003701473494	-2.738837	6.43096574999999
kens1248	0.98833387626	2.45579859117593	-3.71469075	6.2258615
kenu1236	-0.4783077250255	2.54001620102189	-5.45626975	4.4944645
keoo1238	1.051301137535	2.22301027803774	-3.13012775	5.57658874999999
kera1255	2.3231278268081	2.18830184333397	-1.6591565	6.74359774999999
kesa1244	-2.50821693444	1.85840192287489	-6.23720325	0.998726249999997
kett1243	-0.48061480376	2.72154794999181	-5.71965925	4.90475624999999
kgal1244	0.93645283294	2.57278209671089	-3.8678115	6.25969275
khak1248	-0.2084529077775	2.61572964725307	-5.65700375	4.88177775
khal1275	-1.791513690155	2.49582914986564	-6.74336625	2.91677
kham1282	-0.47843146202	2.59589741995974	-5.6670625	4.31161949999999
khan1274	0.928137420585	2.50379022494142	-3.8014495	5.976749
khan1277	-3.140599251825	2.4091074426004	-8.492752	1.06639625
khan1278	-0.8722033576285	2.1159016126836	-4.90715975	3.279069
khar1288	-3.14186765509	2.44748271325456	-8.27991525	1.17944475
khas1269	-2.424582899445	1.87155121653952	-6.26166425	1.24407675
khez1235	-3.10957151911	2.43208948132212	-8.281724	1.15702225
khmu1256	0.8381969987435	2.5529533008075	-3.878966	6.17876225
khum1248	-1.139162659925	2.35260657908126	-6.13010225	3.26295175
kich1262	0.10848294757	2.29809512294169	-4.3358475	4.7497225
kiku1240	2.042638751392	2.50578018482837	-2.62089275	7.03394525
kile1243	-0.094830650431	2.84436240959876	-5.65939175	5.6056495
kili1267	-2.772542579305	2.23116417660129	-7.6196355	1.19947525
kimm1245	1.0993129351255	2.296178973926	-3.236612	5.9413295
kina1250	-1.210331172728	2.62502065975042	-6.73680225	3.6709485
kinn1249	-0.526446106355	2.66380719107848	-5.97896025	4.6755665
kiow1266	-0.2523059874255	2.73242205720147	-5.65706625	5.0677055
koda1255	0.711699377395	2.60752422666127	-4.52681625	5.77094525
koho1244	1.086004115305	2.42015703416697	-3.59757725	5.998129
koir1240	-3.07375159061685	2.44359760274252	-8.1754215	1.15094725
koit1244	-3.1389966344815	2.27422901474794	-8.04964725	0.813496724999999
koka1244	-0.2804188505657	2.83698660117629	-5.86028225	5.045164
koko1269	-2.636159698205	1.85478736287953	-6.5098265	0.767154899999998
kolb1240	1.12488067457	2.71862375798992	-4.12196475	6.737075
kolc1235	0.44643102166	2.43776493611223	-4.269432	5.408569
kolu1245	-3.77629062043	2.11844212674541	-8.16895025	0.0931132374999998
komb1274	-1.564951944181	2.53885643396947	-6.8385395	3.0949035
komc1235	1.263974290015	2.19153144437835	-2.69076875	5.71640575
komi1268	1.710500194223	2.34521311360766	-2.58408275	6.6498745
komi1269	1.482041659995	2.27770911758173	-2.9604765	5.82819649999999
komi1270	-2.63704742028	2.34232057336097	-7.67930775	1.70677575
komo1260	0.5375019364335	2.614207127618	-4.4600215	5.83799224999999
kona1242	-2.128043842405	2.49249947954811	-7.47683575	2.25994875
konk1267	-0.426977158351	2.64015742144529	-5.86170525	4.539724
kony1248	-2.69130201367	2.43937703654342	-7.871467	1.79835725
konz1239	1.118789784215	2.65289607939065	-3.84942525	6.612605
koon1245	0.43553371288	2.5178423806207	-4.46318925	5.64684725
koor1239	-0.659441123025	2.45950936934285	-5.70318	4.2181175
koro1298	-0.2638898090565	2.36063803299934	-4.95129975	4.31290925
koro1313	-2.257118249105	2.0894535872997	-6.81540675	1.46618575
korr1238	-0.0839549924	2.65367130754971	-5.57204325	5.206489
kosa1249	-1.675815463955	2.47169015836287	-6.70145325	2.90352175
kosr1238	0.85414067248	2.44656570606504	-3.638198	6.105194
kota1263	2.5912689444	2.33361269494444	-1.71157225	7.53235525
koti1238	0.3588994173815	2.67778040438084	-4.856739	5.93956049999999
kove1237	3.59395194496	2.30540288347727	-0.4769005	8.834195
koya1251	-0.4828384693595	2.5822956743345	-5.52812525	4.39617575
kren1239	-0.706774998135	2.50776541863317	-5.988181	4.11297725
kuan1247	0.203839957775	2.64234444254394	-4.7829725	5.71004825
kuan1248	4.553943510665	2.32090624528755	0.325876825	9.46432025
kuii1252	-0.93594545571	2.67718049457089	-6.479522	4.26423325
kuik1246	0.979081946615	1.88391759001923	-2.79516325	4.81448224999999
kuku1273	-0.5269030103375	2.45549559587779	-5.55688125	4.19799675
kulo1237	-3.1392502183	2.13762065189193	-7.719447	0.67711695
kulu1253	-1.8908670379	2.45303654754006	-6.773451	2.54573775
kuma1276	-2.2916367431635	2.25375589919764	-7.209246	1.761345
kuma1280	-3.09032939054	2.22601999931986	-7.53428775	1.095838
kumb1268	-0.206839955588	2.77816222841538	-5.69444825	5.18835675
kunb1251	0.78743633437	2.18801084940965	-3.552814	5.07308025
kuni1267	-2.997701136036	2.25547798729082	-7.65309975	1.24255699999999
kunj1245	-0.386811152555	2.5579174583024	-5.62325575	4.55726525
kuot1243	3.0979377678	2.04419574053376	-0.68766905	7.42568824999999
kurr1243	0.4349997999655	2.38567580185462	-4.18457775	5.17265025
kusa1251	-2.483589125193	2.05513050186255	-6.69436825	1.45407625
kusu1250	-1.8376223554	2.43676941699357	-6.95470375	2.947857
kute1249	1.3612072409045	2.50760046863518	-3.513904	6.365915
kuyy1240	1.060165357555	2.50250749210586	-3.85717575	6.468358
kwai1243	1.462507637905	1.9625687354657	-2.32971125	5.56727775
kwam1249	-1.136345791259	2.23687517283427	-5.80842025	3.01724675
kwam1252	1.0321428841175	1.89680672256872	-2.55632575	4.7953195
kwar1239	1.30273237526675	1.95669450407104	-2.46942375	5.205682
kweg1241	1.437866324425	2.01802523541873	-2.3168745	5.584818
kwin1241	2.02832786529	2.46113327840055	-2.39273	7.501624
kwom1262	-1.195261387066	2.11079274202147	-5.49881675	2.76969
kxoe1243	-1.645630667535	2.49402132106306	-6.672701	3.0987515
kyer1238	-1.874265205495	2.45680291634838	-7.12342225	2.4570635
laal1242	2.807810836005	2.48210268779243	-1.839528	7.94505624999999
labo1244	4.53287274225	2.18485884644761	0.5399978	9.17769725
labu1248	0.227398314119	1.69580492806798	-3.20529925	3.62079099999999
lach1248	1.10357215288	2.30007896699507	-3.181143	6.07661
lafo1243	1.515333325383	2.38789335954046	-2.848442	6.37664225
lagw1237	2.79923684827	2.34799320738023	-1.56997525	7.8957245
lahu1252	0.2780770641035	2.16581144999978	-4.07124175	4.534655
lahu1253	-0.140398350444	2.24330877395461	-4.7564315	4.16119125
laiy1246	0.4385360200175	1.92508446837742	-3.19407325	4.349068
lala1264	0.232561096932	2.78156813240916	-5.11176275	5.87619375
lala1268	-3.449170244055	2.15040050771475	-8.14412875	0.334893449999996
lama1277	1.6803796468745	2.26557641847944	-2.4099685	6.63663799999999
lama1288	-0.516979770301	1.83775459922784	-4.2201705	3.01045124999999
lamb1269	-1.10757876810365	2.42490050749122	-6.053262	3.48214575
lamb1272	0.5356551332915	2.51219957930958	-4.32063	5.604722
lamb1273	1.134350187493	2.37286003045395	-3.23587375	6.13321775
lame1260	4.6280247899	2.17139627328318	0.80828025	9.28185149999999
lamk1238	-2.2914377480635	2.3717213958261	-7.28858725	2.133131
lamo1244	3.4483819292215	2.32511267007212	-0.706375275	8.402839
land1256	0.0071213299765	2.24403766950786	-4.337046	4.5047865
lang1320	1.2757329086575	2.17929375070532	-2.7404785	5.8029435
lara1258	-2.07873200983	2.41616702500189	-7.20805825	2.45037325
lash1243	0.147811014325	2.35653143677825	-4.62465275	4.77763725
latv1249	1.195090641095	2.18807897549022	-3.025786	5.699765
lave1249	1.571347272685	2.53465062467948	-3.151249	6.609743
lavu1241	-2.470071170295	2.24547302186744	-7.08045825	1.7314535
lega1249	0.292612506724	2.76156495985837	-4.91649025	5.66392275
lele1267	3.612070324095	2.24006196388941	-0.0818179525	8.64518974999999
lele1270	2.172980667247	2.19750061914795	-1.85104575	6.99705475
lele1276	-0.076578830097	2.155841691337	-4.42122625	4.10951124999999
lemb1266	-3.301151011015	2.41876231270916	-8.53746325	1.0235085
leme1238	3.17202267885	2.33570362083105	-1.027772	8.12866775
lena1238	1.562494328285	1.91871656649158	-2.04763725	5.56130825
lend1245	-0.014256534522	2.34624251701024	-4.664399	4.65947574999999
leng1259	-1.069391665321	1.73331909286909	-4.55834825	2.350819
lepc1244	-1.906159111645	2.49046584866637	-7.26860975	2.56118999999999
leti1246	1.07081028004	2.22274960033947	-3.02918325	5.67121575
lewo1242	4.4306907916	2.18030741358729	0.6354319	9.09202575
lewo1244	1.705100667835	2.27234562810804	-2.47032375	6.7510725
lezg1247	-0.832392576695	2.51104075529008	-5.942909	3.927258
lian1251	-3.26911198997	2.41357150008225	-8.52626225	1.1224235
lihi1237	3.56565804695	2.23318987210926	-0.3607939	8.80365
liji1238	0.400213564935	2.09300627799195	-3.788605	4.54918275
lill1248	-0.0458259389055	2.54718115221595	-5.264516	4.95412525
limb1266	-1.83169100244	2.51757582695972	-7.0641155	2.8162665
limo1248	-1.34429021834	2.13869751985567	-5.80201425	2.671701
ling1265	4.71547401715	2.18542138743433	0.9848834	9.45147124999999
lipo1242	1.85471176813	2.25053591821943	-2.60194925	6.6087585
lish1245	-0.601450743625	2.52855353482201	-5.65803875	3.99535524999999
lisu1250	0.449704577613	2.12370071960875	-3.734603	4.5591455
lith1251	-1.746355192	2.13689306660498	-6.30659475	2.166696
litz1237	4.66030218889	2.18776973554649	0.843283025	9.39924725
livv1243	1.4137696292715	2.44834165041479	-3.05729	6.52364525
logo1259	1.77215930728	2.36515670665891	-2.74887625	6.77402025
loka1252	-0.6803395623685	2.27775384559078	-5.02702725	4.03229975
lolo1259	2.069016181885	2.18322783805714	-2.1747825	6.3922005
lomb1257	0.902760211676	2.45384310007475	-3.8533585	6.24101775
long1395	-0.697139994852	1.7772173263932	-4.246092	2.77732825
loni1238	2.1545259465525	2.22463673692606	-1.80893825	6.878409
lote1237	2.915663220255	2.29181990951386	-1.3241185	7.63948475
loth1237	-3.186792137945	2.4075285568976	-8.09783075	1.10214175
louu1245	2.202126891314	2.2434122034822	-1.85170175	7.101857
lowl1260	-0.7599637838175	2.59423996513888	-6.0371395	4.06144724999999
lowl1265	0.311237238101	2.22518005665607	-4.09484925	4.76792224999999
lozi1239	-4.296343760125	2.33998120982291	-9.18200175	0.0108464362499953
luan1263	0.768993713615	2.27146459960333	-3.44230575	5.46634074999999
ludi1246	1.37085382721	2.44310397652235	-3.07709975	6.64593624999999
lugb1240	0.928295702305	2.27200628582603	-3.4458025	5.458424
lugu1238	0.751598751913	2.73313408730932	-4.63291175	6.2609025
lule1254	2.10435856306	2.20411536843755	-1.97193	6.8051225
lumb1249	0.2408105263225	2.67472251625854	-4.78826775	5.7436845
lumu1239	1.534508717067	2.35180345962732	-2.882656	6.29444674999999
luok1236	1.3597661003285	2.48348233274918	-3.19292525	6.50266075
lush1249	-0.80475541916	2.31659571493205	-5.40424475	3.83087675
lush1252	0.203385815545	2.66087662767611	-5.031287	5.43900049999999
lusi1240	3.661933487515	2.34468156930526	-0.2577012	8.79387225
luva1239	0.13502461239	2.63767964975577	-4.96968025	5.36793125
luya1241	-0.2664418301015	2.59192246849415	-5.1026455	5.0949355
maan1238	1.929790344335	2.27853552773035	-2.19916075	6.80626949999999
mace1250	1.62539245033	2.21502121556916	-2.58755775	6.1926275
macu1260	-0.97461048478	2.3196201336346	-5.74668875	3.3931345
mada1285	3.70952078722	2.0847153556859	0.0523059575	8.0573525
madi1260	-0.738664367482	2.21754780666231	-5.1356315	3.551139
madn1237	-2.06074585742	2.48584233897882	-7.11284	2.62494374999999
maee1241	4.57232507652	2.19739033321371	0.673723525	9.4145805
mafe1237	4.26872316835	2.2233169478872	0.2783069	8.89588624999999
maga1260	-1.6288018126405	2.43259087072326	-6.72959675	3.15398325
maga1263	-2.067266724325	2.40645832883802	-7.165196	2.234381
magd1235	-1.45340901531	2.45809369386214	-6.32362225	3.39948525
magu1243	0.240667373074	1.95534995509422	-3.61739	4.02556775
maib1239	4.6393843664275	2.55104624750936	0.08955367	9.998286
mail1248	-0.78147895784	2.03294768989331	-4.611331	3.42902325
mais1250	-2.45703288027	2.32689875469393	-7.34174825	1.80684649999999
mait1250	-2.11311410284	2.44188749513514	-7.147142	2.26328525
maja1242	-1.78497061934	2.31363227389035	-6.5464245	2.4605495
maka1304	0.497396323795	2.47628376444467	-4.19668575	5.542189
makc1235	1.068140882376	2.45037991282969	-3.39132325	6.34735274999999
makh1264	0.435974711465	2.49398943799343	-4.29076275	5.61419125
makh1266	0.45689310071945	2.53968368581592	-4.44250375	5.565215
mako1251	0.281412168128	2.69365689607671	-4.8220125	5.79181349999999
mala1463	0.011730372355	2.50386461848209	-5.02456525	4.78675925
mala1464	0.4223292275148	2.76842998575569	-5.55223475	6.04621574999999
mala1479	-0.0851529911807	2.28511831978406	-4.28365975	4.54003225
mala1534	-1.53379722664409	2.18294479422897	-6.0044955	2.450993
male1284	0.0442798324545	2.1835281801633	-4.2684465	4.497668
male1289	3.514090109705	2.26144629208127	-0.64314945	8.284447
male1297	-0.44478033754	2.55013472227608	-5.667949	4.27380725
malg1251	0.8371094319385	2.06941385327697	-3.13205725	5.17000175
mali1285	-0.860995134403	2.3388628552575	-5.621604	3.57337474999999
malo1243	4.36332418715	2.22757817068922	0.386470325	8.92811125
malu1245	4.4700756299	2.18974619057577	0.560128125	9.1078995
mama1275	-1.49439332292	2.36789712030173	-6.441046	2.8630975
mamb1294	1.334958854225	2.19133662498121	-2.79912575	5.84358599999999
mamb1296	0.39132629411	2.68540590968654	-4.73929675	6.004612
mamb1306	1.612235430625	2.36400293302317	-2.82069325	6.613257
mamm1241	-0.54335840139	2.36557259600088	-5.290683	3.923996
mana1288	-1.6197414919152	2.59937033752812	-7.01414725	3.2805855
mana1295	-3.1651936201455	2.0944888482497	-7.74963125	0.664072974999999
mana1298	-1.560128288667	2.13987683193025	-6.03718175	2.58639325
mand1415	2.34613252381	2.21001332424834	-1.7965625	7.05907849999998
mand1440	2.9609485565345	2.10631369475255	-0.788334975	7.39988375
mang1378	0.818390326084	2.24242780482866	-3.41365025	5.34607324999999
mang1381	0.237006083156	2.51630926606422	-4.579329	5.17622175
mang1394	1.96735964277	2.52194903564393	-2.766595	7.26865524999999
mang1401	-1.5223232148	2.24373578916328	-6.39016075	2.53771925
mang1403	3.085882216555	2.28471211820779	-1.04603525	7.81251775
mang1404	-1.0434888861915	1.55927424943788	-4.18658225	1.9599255
mang1405	-0.29206009805	2.05279695038475	-4.466815	3.72944875
mani1235	4.95903001236	2.4335620633986	0.5798529	10.197275
manm1238	-0.081259362075	2.14784477466434	-4.141945	4.170802
mans1260	4.6819241675685	2.4293206952043	0.355901525	9.8816385
manu1258	2.282809998366	2.32272110419839	-1.96251575	7.2658215
maor1246	-0.725160635565	2.35231784766408	-5.94379625	3.45360275
mapo1242	-0.50428666899045	1.57491680646523	-3.6508225	2.63168625
mapu1245	1.848336390985	2.38826028727804	-2.59520575	6.5870505
mara1378	-0.7470732481	2.60525691229703	-6.17554325	4.29446725
mara1379	-3.10016361949	2.4486628537075	-8.38493025	1.16457
mara1382	0.0215544783825	2.07881249803759	-4.33762975	4.0769105
mara1386	-2.18733348941	2.45830571290652	-7.42998025	2.126059
mara1396	-1.393701637008	2.67687392485209	-6.8099595	3.83547225
mara1399	4.5971583978	2.19179709764015	0.7656836	9.31473225
mara1404	-0.8361300884055	2.27440410820352	-5.48016275	3.42157625
marg1265	0.099100778886	1.91005200699349	-3.531415	3.88679074999999
mari1414	-0.5810402130225	2.57920008642888	-5.681954	4.2867015
mari1416	-2.531080796925	2.39221081631256	-7.64437825	1.716512
mari1424	-2.101885767	2.45200348008414	-7.389216	2.26417125
mari1426	3.63449245465	2.33937511395777	-0.5685836	8.4367245
mari1428	-2.77838542095	1.71379732382854	-6.189777	0.400206624999998
mari1440	-0.626184161525	2.57630284515936	-5.97860425	4.09360825
mars1254	0.718084171595	2.52128884349087	-3.92125875	6.18322725
mart1255	2.31485748308	2.27758741352568	-1.91965625	7.100076
maru1249	0.90267345427	2.318023156483	-3.83338675	5.3095865
maru1252	0.18496932701	2.73029001391568	-5.399188	5.34020575
masa1322	2.51037450218	2.19886713150589	-1.40173975	6.9888095
masb1238	-1.82603216571	2.51344564414497	-7.1326975	2.64206424999999
mask1242	4.7316907865	2.21319114650866	0.812461075	9.21289674999999
matb1237	2.446246436605	2.43104673245245	-1.914211	7.59369
mati1250	-1.3763147417255	2.15303266353386	-5.89682075	2.6863665
mato1252	1.77981677359	1.76959918430232	-1.49350025	5.44063025
mats1244	0.5401590069	2.59050323514807	-4.610734	5.696568
matu1259	0.369930672895	2.60135359218673	-4.7382255	5.7333245
matu1261	-2.750111542314	1.86943539422895	-6.6999945	0.606599399999999
maun1240	0.2435368432455	2.2453729338566	-4.425351	4.48018575
maxa1247	-0.50314144188	2.51812286796371	-5.4299915	4.396646
mayo1261	1.693533235715	2.66832779925957	-3.357237	6.846503
mayo1264	-0.126812459895	2.29421607820221	-4.706816	4.37923024999999
maza1304	0.7412737491045	1.90115264254075	-2.969593	4.59922375
mbaa1245	0.6565440923265	2.67936426268341	-4.478852	6.11527149999999
mban1263	0.858894708075	2.46630004623484	-3.83642025	6.00405275
mbar1260	3.12484876205	2.40752358879661	-1.1284505	8.1422095
mboc1235	-0.786745156532	2.22133957840371	-5.14048675	3.544261
mbul1263	3.36984030053	2.28251895412935	-0.781017525	8.416028
meen1242	1.1245654771775	2.21963797105693	-3.0702315	5.55304725
mehe1243	-0.2164009943295	1.9274451850692	-3.99590275	3.6728125
mele1250	3.52101718597	2.23069124989517	-0.318515375	8.66373225
melo1242	-0.1136994297	2.32082050564794	-4.79631	4.4292075
melp1238	-3.32861154005	2.42811965328428	-8.339556	0.946434674999994
mere1242	3.829320251345	2.30703847055545	-0.272461775	8.56814524999999
meru1245	2.189695250679	2.45777402263782	-2.26999625	7.26625375
meta1238	0.56825804902115	2.29887218867533	-3.85454925	5.34884249999999
mezo1235	-0.59288608752	2.29753068232709	-5.26805225	3.943655
mezq1235	4.8617942247	2.28258306670836	0.725940925	9.8242665
mich1245	-0.8506878700135	2.29725463722798	-5.659283	3.6872175
midd1327	-0.767918888495	1.615031611648	-3.95995175	2.39461225
miga1249	1.96284509091735	2.30085948388437	-2.19907475	6.83150875
miju1243	-2.177020798	2.24934680965699	-6.865851	1.8978955
mika1239	-0.4504450729375	2.45990157889473	-5.4580235	4.24789274999999
mikm1235	-0.366057083985	2.50801599604703	-5.518368	4.3710465
mila1245	-2.66323546459	2.39767411662724	-7.85676175	1.69041975
mina1276	0.93615809436	1.82395515973005	-2.592012	4.705782
mini1251	4.5238743482	2.31366715655375	0.251204875	9.306626
mini1256	-0.91409651158	2.57997309269606	-6.28578025	4.1455535
minn1241	2.2133119339435	2.25430343571988	-1.87202375	6.85359775
miri1266	-1.0649697234085	2.50391861263644	-6.0222075	3.84523375
misi1243	-1.455186539415	2.31830968644452	-6.0660825	2.85508575
mixt1426	-1.065230686425	2.46423302800081	-6.18093725	3.6531925
miya1259	-0.353911551905	2.77295958684088	-6.02764875	4.86648925
miya1266	0.6081557611915	2.05445658931076	-3.437442	4.6113795
mlab1235	0.817644597272	2.37197973225478	-3.79509675	5.687573
moba1244	0.7713692691645	2.43543140618331	-3.8210485	5.69933375
moch1257	-0.927943200627	2.40995204106977	-5.7920825	3.70753675
moco1246	-1.275274050311	2.37049532108891	-5.94384	3.44940975
mode1248	1.620905269925	2.36301970318218	-2.6562415	6.51806425
moha1258	-0.158532367193	2.46384265207395	-5.300084	4.70288599999999
moii1235	4.11636435948	2.3666129990825	-0.152630525	9.06834975
moke1242	0.957515788479	2.54984951048516	-3.95561325	6.1365795
moki1238	0.89382575488	2.47622684400001	-3.65936	5.78537424999999
mokl1243	1.094770819819	2.37749153330476	-3.3778215	5.9969455
mokp1239	-1.8571319287985	2.28943151760939	-6.53840475	2.4876845
moks1248	1.57310971618	2.27917854927406	-2.5555965	6.33715
mono1270	0.753439018444	2.67406979138326	-4.252586	6.27446149999999
mono1273	-1.96890887761867	2.22412714799541	-6.4559185	2.1122825
mono1275	-0.403892752027	2.4794169793311	-5.450162	4.40079999999999
mopa1243	-0.00665037055370001	2.59958612307661	-5.35724375	4.8504165
more1259	2.3772572732085	1.95740855463194	-1.29212975	6.216952
morm1235	1.67244155035	2.21535083559979	-2.41192675	6.28014725
moro1287	-1.585257519885	2.25655426071241	-6.38109625	2.49662774999999
moro1289	-1.45970567642	2.6096972746625	-6.839591	3.57801725
mose1249	1.7738761795485	2.40842158837636	-2.65272475	6.54647449999999
motl1237	3.184366224805	2.3487420086926	-1.02910675	8.1112485
motu1246	-2.82603367864	2.28657012613763	-7.573545	1.2612575
mouk1239	3.593173013915	2.34849369670839	-0.383622725	8.6538425
moun1252	-3.19607436685	2.25599854488608	-7.98139675	0.864050099999996
movi1243	-0.1644214497425	2.48431448578321	-5.0287865	4.5969875
moyo1238	-2.568145937835	2.31278729453981	-7.3081245	1.6907965
mpad1242	2.20597853832	2.28162108801139	-1.86991075	7.13949175
mpii1239	0.6756089542575	2.50187639462528	-4.32555575	5.53336149999997
mpot1240	0.36152583399	2.62807103622336	-4.6808475	5.80756574999999
mpur1239	4.91235325093	2.57714069609241	0.29252815	10.4415025
mual1241	1.8141948782645	2.44616781644895	-2.433521	6.94745375
mudu1239	2.281244687535	2.30586322859531	-2.0496315	7.08161725
mudu1242	3.270792853835	2.42300056696097	-0.939289625	8.658261
mull1237	-2.3908285595805	2.48580450192204	-7.78919	2.27359774999999
munc1235	0.430622509805	2.49377788927095	-4.8923145	5.191887
mund1328	1.502928321355	2.2381313673673	-2.66041075	6.16171375
mund1330	-0.677101411405	2.54080223550826	-5.78742825	4.037885
murl1244	-1.793846831217	2.33162809583089	-6.57037775	2.70672625
muru1266	0.537417760475	2.62773784043008	-4.91889075	5.81171099999999
muru1274	-0.58745030915	2.60961166899123	-5.99732025	4.43710675
musa1266	-3.345161967915	2.02529750893374	-7.8223645	0.383004925
musg1254	3.119071300345	2.32929162826235	-0.98919065	8.1265285
muso1238	1.06418557435	1.76566246219326	-2.306716	4.40332775
mwag1236	1.070096169415	1.90024873375728	-2.457822	5.029387
mwan1247	0.2952176535855	2.7408750758816	-4.84344525	5.84479975
mwer1248	0.36587990726	2.60114636343041	-4.568093	5.53859825
naka1262	3.315393424924	2.39330628029299	-0.973796525	8.278492
nalc1240	-1.80471569318	2.48104386124239	-6.880267	2.64451075
nali1244	2.9471336952	2.08032450576952	-0.749618275	7.3343155
nama1268	4.0731031493	2.21630535414336	-0.060430535	8.791828
namb1293	-2.13778141499	2.56637979822114	-7.5195365	2.7185345
namu1246	-0.464033370285	2.39740634162229	-5.19231875	4.25693075
nana1257	-0.16187262854625	2.77306840358699	-5.6618765	5.466495
nang1262	1.661333701429	1.83061257202049	-1.86032975	5.30942399999999
naru1238	-0.175462589745	2.52793521599185	-5.1800535	4.72465125
nati1244	4.5543519969	2.19047009669803	0.569433175	9.299842
natu1246	1.5610203667265	1.80995771557408	-1.9036355	5.18284525
naue1237	1.731722214515	2.35961379415662	-2.6085	6.74481925
naur1243	0.801261790215	2.38045457630241	-3.555302	5.8315455
nava1243	-0.683252288086	2.63959550052093	-5.97341725	4.3312435
nawu1242	1.04530298958	2.51828585961369	-3.603155	6.23246999999999
naxi1245	0.74196294003	2.34586605826318	-3.85573425	5.2980795
ncan1245	1.514119030845	2.28206113005429	-2.80103975	6.2495555
ndam1239	0.6239351687405	2.73900855190486	-4.741	6.35740475
ndog1248	0.44112818405	2.60319579663764	-4.45465325	5.94122725
nege1240	-0.102056537039	1.97732811516499	-3.927574	3.68248199999999
negi1245	-0.1482011828935	2.68113363821879	-5.37061825	5.03774175
neha1247	3.09221332511	2.21505304579751	-0.966713875	7.7288575
nend1239	-3.6914414905735	2.20540908308695	-8.3705215	0.273995099999995
nene1249	-0.73438913038	2.3858856772755	-5.6302005	3.69296275
neng1238	-2.4834894026285	2.16114977226184	-7.0054065	1.3524795
nenn1238	-2.217878826255	2.47923650807216	-7.30754375	2.33756774999999
nepa1254	-2.150431832215	2.35265059618408	-7.08475	2.0344975
nese1235	4.49179519289	2.18727622981863	0.59813395	9.116802
newa1246	-2.150812723675	2.38610223566003	-7.22438475	2.076233
nezp1238	-0.053831373695	2.73105680719955	-5.56577625	5.292708
ngaa1240	-0.197405256425	2.5956194043545	-5.27137925	4.65565674999999
ngal1292	-0.47662118648	2.57609244035026	-5.8312565	4.31079975
ngan1291	-0.80229131179	2.39804931705944	-5.817225	3.67919025
ngar1284	-1.11790954079	2.3826208358965	-6.07609775	3.194578
ngas1240	-0.155778591126	1.86234605783681	-3.819282	3.4046585
ngba1284	0.660197663065	2.64180140068806	-4.45997525	5.87474649999999
ngba1285	0.91381525027	2.48763315857349	-3.693824	5.9740285
ngeq1245	1.46199983733	2.48899487460937	-3.07999175	6.81151125
ngit1239	1.459316995235	2.36251453853365	-3.1179195	6.30543124999999
nhan1238	-0.256270612645	2.76157190557514	-5.98079575	5.11074975
nhen1239	-0.6041007785015	2.37054553671031	-5.62465175	3.81099299999999
nila1242	0.3524143610735	2.56020822376796	-4.90270725	5.5047415
nina1238	-0.36385837708	2.60379683043455	-5.804352	4.69182225
nisg1240	-0.50138486405	2.65561113418352	-5.82081075	4.710772
niua1240	-0.98916156717	2.35930012513613	-5.83819525	3.357197
niue1239	-0.909656936625	2.38836114427564	-5.858667	3.590034
niva1238	-0.4799782171055	2.61872253268305	-5.5874425	4.66343025
njan1240	1.50018487051	2.33878786968877	-3.01070625	6.220937
nkon1248	1.092759305197	2.45723552933681	-3.74499875	6.16825475
noct1238	-2.576563677905	2.4686161429028	-7.7589995	1.9631965
noku1237	3.144878120365	2.40345716070243	-1.1130825	8.479136
noma1260	-1.42270232314	2.05445929205732	-5.58259475	2.3504025
noon1242	0.77852144616	2.62904884881208	-4.2558665	6.20313375
noon1243	1.426178415254	2.3134796657853	-2.938776	6.34790925
nopa1235	-1.338487030135	2.42129458060765	-6.26911675	3.45238225
nort2684	0.8647776986815	2.50031950906543	-3.60203775	6.1525145
nort2690	-0.182871335415	2.67520739005751	-5.844665	4.65682725
nort2697	-1.3357582255225	2.65877841468474	-6.9452565	3.42475
nort2699	-0.471586411965	2.68579097091141	-5.7783615	4.40353075
nort2702	-0.5502122411855	2.6164086895133	-5.9364445	4.4177845
nort2722	-0.825187422215	2.57161106771736	-6.04469875	3.92473474999999
nort2723	-0.508109553325	2.52034475914428	-5.562455	4.35003125
nort2724	1.962011038964	2.12462619863357	-2.034859	6.39769125
nort2732	-0.4687337997	2.46309172869254	-5.56494175	4.063825
nort2745	-0.248035959754	2.62343059799455	-5.33192525	5.23046749999999
nort2747	0.9611268082015	2.65643572003533	-4.058748	6.54709225
nort2839	4.64097898654	2.23151076048823	0.736834325	9.40980425
nort2845	-1.513519461443	2.21309003262438	-6.109984	2.6051295
nort2847	1.724742622947	1.9054501477155	-1.7327555	5.67101325
nort2877	-0.366208093215	1.8590512660966	-4.14302175	3.3297215
nort2885	-1.167798247382	2.49277219643812	-6.17708975	3.59579124999999
nort2930	-2.492082701505	2.47306073243476	-7.63664625	2.2534065
nort2938	-0.308242197415	2.6711563219657	-6.0168585	4.789627
nort2942	-0.15264992697	2.65386945423224	-5.15912475	4.96287925
nort2951	-0.8263472820786	2.60021520986992	-6.0826355	4.271614
nort2954	-0.8582151499555	2.48362766745775	-6.02680675	3.9039935
nort2957	3.47359551917	1.79631824250364	0.1817387	7.07026675
nort2961	-0.418702824355	2.57092757328846	-5.69252125	4.49002875
nort3047	1.620403832324	1.97118603786517	-2.28772225	5.69612825
nots1237	3.162323349055	2.02542591906499	-0.6294329	7.40885775
nsen1242	0.13389326407	2.70181055030981	-5.04537425	5.37077524999998
nucl1235	-1.75932481885	2.42346912977536	-6.95065275	2.73775775
nucl1240	1.90753560772	2.38765770246138	-2.6191095	6.720203
nucl1301	-0.249501264575	2.63117949636539	-5.522334	4.87338075
nucl1302	-1.10690719835	2.51456179511354	-6.132275	3.6606145
nucl1305	-0.242573496949	2.47184626851356	-5.25079325	4.32647825
nucl1310	0.5108727818795	2.34924168604634	-4.0788805	5.08192375
nucl1327	-1.96442480832	2.40898795033304	-6.840125	2.80604
nucl1454	1.392893757551	2.2618962660654	-2.83637725	6.10103775
nucl1458	-3.433761023015	2.12057039387132	-7.8394145	0.416235649999998
nucl1593	-1.0993145923195	2.11071532971385	-5.533596	2.99326375
nucl1595	-0.0787398455475	2.05437113111029	-4.17507725	4.22085725
nucl1622	-1.119048690665	2.57922543316003	-6.174528	4.046608
nucl1630	-2.73872174073	2.25814517663333	-7.4913195	1.33232175
nucl1632	-1.37808937861055	2.32285230934	-6.218322	2.86395125
nucl1633	-1.332646399625	2.42090677666357	-6.35351625	3.31695375
nucl1643	-0.18131363465	2.68463865278156	-5.590369	5.14422075
nuer1246	-2.49883590443	2.46632588805567	-7.65150175	1.89092324999999
nugu1242	-0.7625705128	2.0427662874684	-4.82335225	3.29972125
nukn1238	2.23883621628	1.79925619172116	-1.0222935	5.95859299999999
nuku1260	-0.881089849217	2.33566183359105	-6.01826275	3.36912
nung1282	-0.4539574009275	2.19440012583778	-5.06944225	3.66762925
nupe1254	0.3933732719645	2.36406285764522	-3.97338	5.230954
nusu1239	0.54562140375	2.17649583008105	-3.80160325	4.70811725
nuuc1236	-0.5183886426925	2.60249180423333	-5.83353	4.42823725
nyah1250	0.51136759981395	2.7187643900146	-4.27667925	6.07436425
nyak1260	0.6094437277905	2.62938378298025	-4.54048475	5.86024075
nyal1254	-1.6459240242835	2.30772481868473	-6.470303	2.57726525
nyan1307	0.71447730412	2.69997965847281	-4.4471385	6.2710315
nyat1246	0.8886473790625	2.42588865123393	-3.931047	5.631216
nyaw1247	-0.387324175875	2.67329319257184	-5.8855025	4.84819125
nyis1236	-3.1330899715235	2.39181661229996	-8.281513	1.11358125
nyor1246	0.625595009825	2.56842955207991	-4.39736075	5.84799175
obok1239	-0.66682705889	2.21017252502965	-5.18385075	3.47985625
obom1235	-0.9157945592735	2.11832435936962	-5.246663	3.0724615
occi1239	0.6512057600335	2.49144770830654	-4.0339905	5.82559225
ocot1244	-1.332847758265	2.3432198706727	-5.95068925	3.041128
ofay1240	-0.8391554185105	2.49892931134079	-6.0883875	3.838775
okan1243	3.83724749987	2.44833773941962	-0.7385164	8.88140899999999
okin1246	-0.285992712309	2.72774744169983	-5.98585325	4.91430525
oksa1245	-2.137329990055	2.40211756557127	-6.970013	2.41812475
oloo1241	0.131594582302	1.68404163958531	-3.09626775	3.48432025
olut1240	3.5000036758675	1.9309549249022	-0.109224525	7.4750605
omah1247	-0.2154517177755	2.65623168491121	-5.534167	4.9862455
omie1241	-2.617698561319	2.35234138587399	-7.7165785	1.56002475
onon1246	-0.169073102939	2.43883635227596	-4.83433225	4.7426485
onto1237	-0.8790820611725	2.4201974110352	-5.90287075	3.52506725
oriy1255	-1.831201527377	2.45241296872095	-6.83759575	2.76817425
oroc1248	-0.1034030794425	2.70448774983787	-5.61767425	5.082572
orok1265	-0.053120391216	2.62509417209572	-5.1687525	5.23219725
orok1266	-0.865018559884	2.25981771571439	-5.33100575	3.6093895
orok1267	-2.51586332015	2.40282487761736	-7.62678525	1.957814
orok1269	-2.486583588935	2.41118475783477	-7.7924725	1.85567625
orow1242	-1.98931687553	1.73567684757831	-5.5603255	1.23101674999999
osam1235	0.36476726644	2.74074106772826	-4.812083	5.893192
otta1242	-0.420561637165	2.51781765056676	-5.7683175	4.25421575
owaa1237	-1.55582658735742	2.12951577013384	-5.94190725	2.415346
paaa1242	0.995977672923	2.12996128264121	-2.97434375	5.413955
paam1238	4.59390917865	2.20427494855071	0.757951475	9.14931774999999
paas1238	0.36685355599	2.45439994754736	-4.2258505	5.18784375
paco1243	1.167347474955	2.49514120809558	-3.5900515	6.350871
pagi1243	0.6909670066615	2.57542515704749	-4.1890135	5.74448574999999
pagu1249	0.658239620415	2.31303589418972	-4.061609	5.178624
pahn1237	1.05202974295	2.35963387709102	-3.47105525	6.0067855
pait1244	-2.340877858595	2.50646697835262	-7.5771485	2.47136124999999
pala1344	-1.6334487157675	2.37632731542597	-6.671189	2.70714775
pamo1252	-1.1196359159765	2.14429658270303	-5.590375	2.88252875
pana1307	3.445288212835	2.23025318925919	-0.6778629	8.11688374999999
pang1287	0.51945801755	2.64391719184277	-4.54469675	5.80665525
pang1290	-1.866404680919	2.23694499976602	-6.411044	2.3282425
pang1291	-1.87289977895	2.4602649434383	-6.90125225	2.66328599999999
panj1256	-0.54456928391	2.59937385369482	-5.86783475	4.45999375
pano1254	-0.22022969241	2.67172111525399	-5.3777365	5.04898349999999
pany1241	2.735555426016	2.3678925159702	-1.6401365	7.6046615
papa1238	1.91875566772	2.08857618221247	-2.14127075	6.1592345
papa1265	-1.7645649806072	1.79441046672038	-5.553962	1.52975175
para1301	-2.9777722689865	2.2598899698672	-7.65251125	1.322194
pate1247	-0.76934399758875	1.54793347095478	-3.91678375	2.23975674999999
patp1243	4.15839028295	2.30942011130143	0.0460400775000001	9.27654625
patt1248	-0.17836057843	2.59679065186299	-5.54897275	4.80469075
paul1238	2.292064050283	2.17590528835083	-1.7230965	7.02846225
pawa1255	-2.606906840612	2.22086365707227	-7.2744305	1.51220775
pawn1254	-0.166561360267	2.61975250792037	-5.278567	4.7515075
payn1244	-3.69912358325	2.22067524467009	-8.26627875	0.265483299999998
pela1242	-0.61443158643	2.24662592653695	-5.2418015	3.76219625
pemo1248	-0.3220212511355	2.50126283817438	-5.781318	4.32136125
pend1242	0.71877607528	1.96029293744549	-3.06060225	4.6524865
peng1244	-1.029532429515	2.6427960835098	-6.27930825	3.92590174999999
phai1238	0.9068631330345	2.37057166580698	-3.59253475	5.69603899999999
phom1236	-2.86942945587	2.47300042949194	-8.09163575	1.68735275
pila1245	2.10894041421	2.43357373808757	-2.612928	7.353971
pile1238	2.95398294508	1.85733512764286	-0.40611015	6.898364
pima1248	0.615168719795	2.27676347743619	-3.81921375	5.19515925
pina1252	-3.5145223276525	2.43655812677542	-8.64568825	0.833286174999994
ping1243	0.858058356895	2.49611650498122	-3.70788675	6.16474475
pint1250	-0.299655619905	2.63370914769514	-5.582514	4.79599875
pite1240	1.8455700267765	2.20455948660008	-2.41063925	6.44388874999999
pnar1238	-3.17069199918	1.99368651363161	-7.2975765	0.652849949999999
pohn1238	0.67116908420535	2.44342548231882	-4.12466125	5.76163324999999
poli1260	1.09776281092	2.35848333170133	-3.33879725	6.0701165
popt1235	-0.5994403015915	2.36622188627249	-5.39249725	3.89512425
port1283	0.61995540798	2.52501944075657	-4.018593	5.98428099999999
port1285	4.727557816463	2.21840152350025	0.777587625	9.25006674999999
psik1239	-0.371990861245	1.74041949989818	-3.85581025	2.95847775
puin1248	0.676787227553	2.56762109757841	-4.06900175	5.8196725
puka1242	-0.965703517905	2.40015309205339	-6.0984525	3.270663
pulu1242	0.65457432743	2.46130569514258	-4.0589065	5.87849025
puma1239	-2.00743885704	2.45046328755183	-6.82221875	2.60528699999999
pura1257	-2.4921585648005	2.4797218747807	-7.68097925	2.0737875
pure1242	0.6484923321755	2.56702456930356	-4.40302925	5.55544799999999
puri1258	0.4437257260255	2.41616202602695	-4.60019125	4.97515925
qanj1241	-0.04366142544355	2.39761979021202	-4.63793525	4.83170824999999
qawa1238	-0.4976093854	2.61971395994789	-5.84926875	4.54946824999999
qima1242	-0.784615435757	2.42663090489319	-6.1640715	3.8557105
quer1236	4.6252922709	2.34050198999511	0.348964075	9.656925
quio1240	-1.03383153811	2.19789564156647	-5.47877075	3.098191
rabh1238	-1.996897904246	2.33780657564031	-6.9873695	2.187777
rade1240	1.634218735832	2.44052835580917	-2.8946975	6.93335575
raji1240	-1.370358675075	2.48611779248744	-6.42517375	3.56691225
rapa1245	-1.486179776945	2.25804694282017	-6.43667875	2.7436985
rapo1238	-0.09693751696	1.82106197935865	-3.62549475	3.6082835
raro1241	-0.6888344899035	2.43341691948613	-5.9679725	3.77319199999999
rata1244	-0.65435349538	2.44574229562147	-5.64429525	3.806573
raut1239	-1.110922921485	2.42910860917852	-6.1396055	3.497023
reja1241	1.75374882175	2.28250753235639	-2.43871425	6.69827499999999
remb1250	0.692767588655	2.09303844091565	-3.33212275	5.05391175
remo1247	-1.856584492885	2.44714142862921	-7.2545115	2.64089175
reng1252	1.656286029155	2.42811056606309	-2.84245575	6.87227125
rere1240	4.781748108325	2.19582560130258	0.939418725	9.352573
reye1240	1.135454134845	2.41366889915866	-3.51050525	5.70609074999999
rikb1245	-0.755304272175	2.47241157050478	-6.18493475	3.92627299999999
roma1326	0.931233040897	2.51836154552073	-3.7798395	6.35597799999999
romb1245	-1.97111223812	2.38641557460961	-7.1064645	2.353485
rong1264	-0.623282996832	2.53838804439453	-5.9669145	4.348639
rong1266	-3.189638021585	2.43361483775009	-8.4059035	1.21399175
ronn1241	0.979289941365	1.86469097901447	-2.60268175	4.87953749999999
roto1249	-1.500422694991	1.77616775293018	-5.2408305	1.780756
rotu1241	1.80806261146	2.19209981147645	-2.3185725	6.54538025
rovi1238	-2.68020042675	2.06205700861762	-6.82867075	1.37171775
ruch1235	0.62033980208	2.69607406347642	-4.51915775	6.1343415
ruka1240	-3.017027154565	2.27112925941382	-7.83080125	1.00846875
ruma1248	-0.125255886821	2.28484847584079	-4.4412875	4.59924624999999
rung1258	-1.01070521717	2.48793502120329	-6.24026875	3.8023605
russ1263	-2.458792724915	2.21937856053238	-7.24551825	1.65422375
saaa1240	1.342436315285	2.14589603702995	-2.63682025	5.77157875
saaa1241	4.404577651225	2.26290743698915	0.5425852	9.30774674999999
saam1283	0.8953288492	2.62604537157521	-4.2337835	6.3270005
saar1237	-3.14618072924	2.21655764006767	-7.70120475	0.801078374999999
saba1268	-0.45819128506	2.54654994969787	-5.8594795	4.44612725
sabu1255	-0.5240294208225	2.09287473286026	-4.66864875	3.5618985
sais1237	-1.356336973998	1.98257541805939	-5.40675975	2.3852785
saka1289	3.80841876117	2.30533972401325	-0.352444925	8.64978575
saka1291	-1.62212797321565	2.37840391222369	-6.76260575	2.88370325
saki1247	-2.94201551245	2.09794609356009	-7.39464275	0.8829787
saki1248	-0.73709707051	2.54584154045545	-6.232355	3.873828
samb1305	1.7694610906975	2.33190683091723	-2.767599	6.319896
samb1311	1.740358076555	2.36195495100448	-2.827337	6.4384365
samo1303	-2.042244351741	2.54807899554077	-7.49330225	2.917012
samo1305	-0.94853451045	2.36961469047206	-5.826201	3.3368685
sanb1241	-1.24685978567	2.40089324075107	-6.05910275	3.40299899999999
sand1278	0.115064774625	2.45361943458308	-4.8084085	4.84199699999999
sang1321	-2.88435022258	2.48283164578259	-8.124894	1.5564065
sang1330	0.599891862055	2.59566957118734	-4.32452575	6.03482025
sang1331	0.30467856609715	2.8434140564822	-5.1323595	6.08567175
sani1269	0.64686742601	2.22680568553703	-3.7654085	5.13349275
sanj1284	-1.197040218113	2.30587027750456	-5.783755	3.17270275
sanm1289	-0.264347070345	2.7933177334235	-5.8960165	5.04551625
sanm1295	-1.50824131067	2.41928428804584	-6.2487635	3.2880335
sanm1301	0.4899952331255	2.31057273537725	-3.9950475	5.048113
sant1436	-1.393957995425	2.45372409192778	-6.35583425	3.22244275
sant1451	-0.97287589051	2.49855795882644	-6.21574975	3.781538
sanu1240	-0.174734969937	2.67717676663052	-5.4914105	5.00671925
sapo1253	0.5893598822755	1.87105404293471	-2.91511775	4.512346
sapu1248	1.49965927737	2.55756374827169	-3.24222575	6.7707535
sars1236	0.6766482161595	2.62922171505982	-4.75407425	5.83928975
sata1237	0.579157170635	2.49533928324866	-3.92824475	5.6624765
sauk1252	1.0916556617255	1.69983690829341	-2.0920265	4.34503375
saur1249	-1.079496633038	2.74831647040005	-6.65636225	4.14459125
savo1255	-2.1047959881675	1.96510318112436	-5.978728	1.67238975
saya1246	0.044992352956	1.91779716308043	-3.7509435	3.80122
seda1262	1.571831876535	2.4052030450332	-2.75813425	6.62049575
seim1238	1.0241368674055	2.46615270607154	-3.61034025	6.34177199999999
seke1241	4.3913484302	2.25994088011455	0.4596604	9.20040149999999
sela1259	0.8114385670685	2.46757534610668	-3.8185715	6.10955725
sela1260	-0.044094254865	1.98618756625942	-3.82132225	3.88626775
selk1253	-0.773998820825	2.52792677980307	-5.96480375	4.01890625
sema1265	-0.899542785584	2.08842889428209	-5.21272625	3.11391825
sema1266	0.922388559958	2.34065158700027	-3.55293975	5.90168225
seme1247	-0.920593345405	2.01106395596269	-4.95345	2.852877
sene1264	-0.14699242824	2.39615829459056	-4.79467025	4.528425
seng1281	2.96486269035	2.37896830715149	-1.203658	8.04145425
seri1257	-0.598715219376	2.42255521214972	-5.41385825	3.96192475
sgaw1245	2.7189036567905	2.35639370539644	-1.5335995	7.61682225
shab1252	-1.433751686875	2.32870124993046	-6.3077895	3.03054525
sham1280	0.69516443908	2.59411994898597	-4.26111025	6.2994695
shan1283	-0.189069600955	2.76858152855235	-5.71993475	5.26900775
shaw1249	-0.415135583525	2.54309760927576	-5.572382	4.37419375
shee1238	1.4034805317775	2.53391174095304	-3.45623725	6.664797
shil1265	0.8551183916405	2.38101527884215	-3.6945185	5.76027224999999
ship1254	0.0936232119	2.6565719666878	-5.2592855	4.92391575
shix1238	-0.362026580015	2.544731276925	-5.37819425	4.42549875
shol1240	1.5881643525015	2.42336505356458	-3.13291975	6.56444524999999
shon1251	0.155727469932	2.62830871396607	-4.833858	5.3209475
shor1247	-0.22954656472	2.65400251917031	-5.67700625	5.03183825
shos1248	-0.547710536003	2.60685647017586	-5.80262525	4.39446325
shua1257	-1.127184557805	2.47843555892178	-6.08922925	3.74609675
shwe1236	-0.39961153314	2.18808995404629	-4.548637	3.96893425
siaw1243	-1.76273527186	2.16056679377965	-6.2077185	2.0857705
sich1238	-0.2496514732615	2.45578868868708	-5.21043725	4.4657425
sici1248	0.559268613771	2.50279965407584	-4.126462	5.8234125
sici1249	-3.4244997723	2.29218447637348	-8.37296525	0.903262949999998
siee1239	2.398198832555	2.05207415571754	-1.311665	6.71544974999999
sier1248	-0.554785541544	2.14539201488723	-4.93423325	3.49067675
sier1250	-1.109840072	2.2318934693631	-5.627897	3.093928
sika1261	2.05647795762	2.22191043438853	-1.9798505	6.75271275
siks1238	3.53496285351	2.30888471169504	-0.53647305	8.489232
sile1255	-3.50287139518	2.02622729733377	-7.800192	0.187493449999999
simb1256	-2.06655554151	2.20584712013642	-6.80940375	2.160742
sina1266	-2.552211194636	2.28235090662357	-7.44702875	1.38725975
sing1264	-2.517803314245	2.45914500258845	-7.73814925	1.9591335
sioo1240	2.926127867315	2.026636972166	-0.78036805	7.22098749999999
siri1274	-0.30443662187	2.32464536162009	-4.96237025	4.10473725
situ1238	-0.689762333335	2.48907295707426	-5.58509375	4.01810974999999
skol1241	-1.74067851069	2.20380382598948	-6.56261275	2.3519575
slov1268	1.025946084705	2.44498736554621	-3.51769175	5.9437265
sobe1238	0.3217759062	2.00582191311606	-3.46365125	4.44366499999999
soch1239	-0.872164456105	2.19406745493712	-5.39095425	3.3586135
soga1242	0.733127159279	2.70888045177625	-4.51527525	6.13088125
sons1242	0.3717939124945	2.36522511917194	-4.21687175	5.34794825
sooo1254	1.05512982319	2.51807941305661	-3.6447475	6.58030375
sout1528	0.997649227112	2.35723461973092	-3.62907375	5.95823225
sout2649	-0.48854764518	2.54371238881454	-5.86538925	4.18360074999999
sout2674	-1.84438988981	2.24187425539218	-6.564831	2.28233625
sout2679	1.832953029975	2.31958169802037	-2.52655275	6.67715775
sout2715	-2.079464502285	2.385331814735	-7.1144065	2.34224325
sout2728	-0.812526770815	2.62143557455478	-6.5044375	4.12553675
sout2729	0.1425005626515	2.46907456137893	-4.7388355	4.8643055
sout2730	2.453672202755	2.17965862349547	-1.577572	6.998988
sout2782	0.991724641005	2.25652178980314	-3.206988	5.76105999999999
sout2807	0.4467627695505	2.51414450074611	-4.1844735	5.95099124999999
sout2826	0.21334249453	2.38477883530143	-4.46061775	4.84005599999999
sout2857	4.49687480825	2.19660441344268	0.5506725	9.191367
sout2859	4.61001416745	2.20750628544295	0.75593255	9.272278
sout2869	1.2136045327455	1.88816171310887	-2.3124765	5.036622
sout2895	2.330857893	2.20862274735783	-1.66325125	7.1036275
sout2896	1.71135551175	2.29825841501589	-2.40470375	6.60169774999999
sout2912	-1.3685353981555	2.48930332714663	-6.626912	3.1794855
sout2918	-1.838900585285	2.31805820506929	-6.6525965	2.4151155
sout2954	-0.237322631314	2.62513196359748	-5.54500825	4.68909249999999
sout2956	-0.3642514597685	2.5962304858371	-5.83178075	4.54499525
sout2959	-0.0999135718915	2.69072043628675	-5.62444	4.93721325
sout2976	-1.0201919659195	2.40229086401681	-6.136827	3.52529
sout2985	-0.778953707835	2.60257671377444	-5.90435475	4.2715755
sout2994	-0.31913421026	2.54743130984278	-5.6572975	4.66999075
sout2996	-0.356936696895	2.53928746326997	-5.72849325	4.38022925
stan1289	0.47306023604695	2.37553200593646	-3.86919925	5.49268575
stan1290	0.545191591075	2.45712037448701	-4.09108975	5.58322174999999
stan1293	0.490753771035	2.36033046391227	-3.98430775	5.39659749999999
stan1306	0.57203854378	2.14640808286987	-3.451001	5.025848
suba1238	1.15387169681	2.52543910626928	-3.626765	6.1832245
sude1239	0.9634058544615	2.17513932483525	-3.212227	5.43296625
sumi1235	-3.039830988503	2.4629975987164	-8.33082125	1.2717215
sunw1242	-1.99451427492	2.47189422069732	-7.46908325	2.56720275
supy1237	-3.01579383474	2.33993104054572	-7.9570965	1.25850025
surg1248	-1.14770953693	2.47721578832098	-6.324396	3.50780425
surs1246	4.0396839812425	2.34667417463455	-0.1809055	9.1584245
swah1253	0.514643840558	2.76372715983453	-4.84330225	6.03858524999999
swed1254	0.5940784098995	2.48706744627695	-4.07456575	5.85644874999999
taba1263	0.38174855743	2.32909061934355	-4.44464775	4.8091965
taga1272	-0.7802879311705	2.14437580703031	-5.253506	3.31907925
tagi1241	-2.98048767418	2.39709712419452	-8.00024875	1.48222124999999
tago1246	0.2462309064205	2.55960931957516	-5.068445	5.25338125
tagw1240	-2.70023007828	2.41878145202168	-7.56174775	1.72894825
taha1241	-0.74071204980705	2.45757338840546	-5.817001	3.96127375
tahi1242	-0.721315628965	2.44843020715652	-5.76440925	3.6645795
taia1239	-2.994300919215	2.22931485175749	-7.44770025	1.08433175
taji1246	-0.151413101575	1.99539780148625	-4.0514215	3.771725
taku1257	1.502231913963	2.12478208096151	-2.40038025	5.93577575
tali1259	-0.955320535985	1.76873823114353	-4.31092725	2.56350925
tama1331	-1.42895076889	2.66668133102432	-7.073044	3.737236
tama1365	-0.4906679320125	2.3233806905669	-5.25002075	3.78823
tami1289	0.31027846311965	2.57279105642287	-4.58574	5.384973
tami1290	1.765570944005	2.0218183471015	-1.960899	6.06141099999999
tane1237	2.972204031253	2.24380722936023	-1.076403	7.5133865
tang1336	-2.899377980065	2.40167638089801	-8.1358235	1.34470424999999
tang1347	4.05664360375	2.23564689362144	0.00111853500000007	8.9080795
tang1373	-1.5270797535195	2.43851666464553	-6.891662	3.00122925
tang1377	-2.42506850862	2.37686225914902	-7.63337075	1.86064475
tara1313	-2.608920952925	2.32804129105062	-7.41899975	1.73852125
tari1263	-0.922704088817375	2.4344781885725	-5.999268	3.49076525
tata1255	-1.293361104645	2.3718455025136	-6.2339225	3.29683499999999
tata1257	-2.1540503014555	2.26281009173223	-7.11129575	2.1562015
tata1258	-1.415317293655	2.43535854735697	-6.3902475	3.24298275
taul1251	4.52648505838	2.3281676606936	0.1945542	9.67185225
taus1251	-1.73410205575	2.56766823620432	-7.229852	3.205735
taus1253	0.026598850775	2.38605171807749	-4.830989	4.75716225
tawa1286	-0.82594479950275	2.45784467908219	-5.7340105	3.7571595
tbol1240	-0.5304234779625	2.10861141895247	-4.74085425	3.491565
tean1237	2.9199325835585	2.24217474023993	-1.21788525	7.61641175
teda1241	-0.623885089725	2.55151919646484	-6.02505525	4.15423975
tedi1235	-1.826692094588	2.4706129499363	-6.72577175	2.89577425
tega1236	0.19330824369	2.53478910787234	-4.99671825	5.09286775
tehu1242	-0.346323169127	2.78262295458012	-5.9861525	4.99520925
teke1275	0.345562682325	2.64263572745802	-4.77995825	5.706485
tekt1235	-0.914003721835	2.39720814978535	-5.717352	3.710603
temi1246	0.8888873283305	2.41791837206338	-3.592086	5.955338
temo1245	4.6007645756	2.22701758203052	0.4438986	9.31581199999999
temp1235	-2.44806519890965	2.02951440997374	-6.81509725	1.32698525
teng1272	-1.618510485705	2.3351434185134	-6.276941	2.59309225
tenn1246	-1.6212913119335	2.25116747552895	-6.147759	2.65780575
teop1238	-0.1135198941835	1.76742735801512	-3.4982285	3.46086225
tera1251	2.0882980149225	2.18742972401157	-2.02505975	6.837525
tere1279	-1.876979783915	2.30419899547454	-6.7299965	2.571852
term1237	1.10572910638	2.18587436051569	-3.1205555	5.625811
tern1247	2.60846598904	2.24237424480841	-1.4593245	7.248908
tete1251	2.461483330225	2.01868623474139	-1.3800075	6.5195335
tezo1238	-1.0349938874495	2.38909498028641	-5.68796625	3.55641775
thad1238	-2.38743670738	2.4949793066469	-7.50471875	2.30256725
thak1245	-1.578138407125	2.63746202130549	-6.93732375	3.4931215
than1259	-1.386955579771	2.68648830564682	-6.85789575	3.74428024999999
thao1240	-2.979661658975	2.11158041784034	-7.492151	0.721176174999997
thul1246	-1.690203906355	2.51883305268256	-7.047743	2.96615025
tibe1272	-1.16549041041	2.52369836114003	-6.280673	3.58581224999999
ticu1245	-1.06359144616	2.51193088559619	-6.12354075	3.81786349999999
tief1242	-3.131708858235	2.01015538620257	-7.235805	0.720705274999999
tief1244	-3.138330474295	2.00191159830042	-7.230229	0.70319065
tien1242	0.36132953448845	2.71794214406327	-4.83739375	5.84329725
tiga1245	2.6752988641495	2.14003201534809	-1.24730275	7.3802675
tika1246	1.0116425511885	2.29528877534185	-3.37261775	5.66204225
tiko1237	3.697435816035	2.12968028225849	-0.0366967574999999	8.327466
tilu1238	-2.059367763445	2.50165149615432	-7.4473555	2.44120849999999
timn1235	-1.60057853147	2.24558826586093	-6.11088875	2.8151565
timu1262	-2.400219015225	2.20869830697753	-7.197076	1.578732
tina1248	-1.980753240745	2.33639188612394	-6.77279925	2.1585905
tiri1258	-1.967874469255	1.80564804382906	-5.6948385	1.34332325
tiru1241	-0.19688506131	2.02346384190592	-4.226545	3.64537625
tita1241	1.98085183248	2.2363813763153	-2.19810625	6.48089775
toab1237	0.9906185913145	1.97366935843844	-2.78036625	5.03139749999999
toar1246	-2.923351536385	2.21273423605672	-7.59724075	1.201752
toba1268	-1.4826250675	2.48488054560034	-6.8130335	3.33453375
tobe1252	0.4147601559535	2.34277290289752	-4.380285	5.0380695
toda1252	2.5984126995	2.33804589865805	-1.56558925	7.47088625
toho1245	-0.736474883835	2.61771604241132	-6.16199175	4.4032775
tojo1241	-0.606139628605	2.53952075365871	-5.79213475	4.21606325
toke1240	-0.966142217145	2.42625243560321	-6.30153775	3.45709625
tong1308	0.968651477523	2.52389856414684	-3.65950175	6.22792425
tong1318	-0.49810791543	2.5442977631685	-5.361948	4.56430275
tong1325	-0.875613624525	2.43356801310821	-6.0147895	3.66501325
toor1238	1.0592267632465	2.54765763071959	-3.9034285	6.20441924999999
tora1259	-2.344759977325	1.89421267143009	-6.45720425	1.119656
tosk1239	-0.84281199133	2.31130383761282	-5.49892825	3.51747475
tote1238	-2.49513311514	2.3668679830956	-7.12836775	2.177487
toto1302	-1.9719880743665	2.40843099404076	-7.00808025	2.388739
touo1238	-2.760156812935	2.13446324688044	-7.18103675	1.1826325
trin1274	1.567415921615	2.23019739008094	-2.50585675	6.22071725
trio1238	2.665459059316	2.28529278306275	-1.4517545	7.29014374999999
trum1247	1.223907255701	2.14406609289834	-2.8641755	5.6459085
tsam1247	0.566180366935	1.88396815898788	-3.21765125	4.2120275
tsat1238	0.829653148395	2.51016878418211	-3.87296	6.05666225
tsha1245	-2.212506512635	2.46867189491199	-7.2983355	2.52155425
tsis1238	0.5426068701925	2.40119680229308	-3.830781	5.354912
tsix1234	-2.21595696213	2.5732891930035	-7.57530525	2.39982
tsog1243	0.281288791524	2.62303002535113	-4.78055525	5.55617124999999
tson1249	0.49388548494	2.61013434508424	-4.37590025	5.74605599999999
tswa1253	1.101991163785	2.51943216716885	-3.47181975	6.17753425
tswa1255	0.433709223885	2.63672545489062	-4.463961	5.9184685
tuba1278	3.27395147805	2.30988870319259	-1.023655	8.1782285
tugu1245	1.44296324858	2.25853246234952	-2.84783375	5.88119699999999
tuka1248	-2.322369290735	2.29512164545778	-7.17643525	1.8358985
tuki1240	-0.172155380845	2.1583202856198	-4.42371825	3.9415045
tula1252	2.4674937443669	2.17138336604165	-1.54931125	7.14887624999999
tulu1258	-0.0270084980955	2.64432739230979	-5.634208	5.3651225
tuml1238	0.08921119893	1.74349034049226	-3.4061605	3.6068215
tune1261	-2.00901146086	2.08095113217443	-6.364445	1.981015
tung1290	2.2559853515865	2.27591203174476	-2.01781525	7.04683025
tunn1238	-0.8055117647915	2.35528742500775	-5.696214	3.80212549999999
turk1303	-0.36553252483395	2.56255185372705	-5.4019665	4.5702995
turk1304	-0.21975839635	2.57827959708405	-5.33351125	4.62661349999999
tusc1257	0.043836851135	2.46408512500198	-4.95864075	4.91587624999999
tutu1241	4.40330218425	2.22880916249394	0.439133875	9.09962974999999
tuva1244	-0.89297410955	2.27988981099639	-5.705894	3.40239475
tuvi1240	-0.2940991649855	2.74242159586568	-5.90996075	4.874971
tuwa1243	-1.278031877232	1.95391168202888	-5.33813375	2.39047125
tuwu1238	1.11616931489	2.43938438008312	-3.619489	6.08675925
ubir1237	-2.558247640065	2.07730695694763	-6.6841765	1.35548075
ughe1237	-2.8232779170035	2.09377309053843	-7.114297	1.10214225
ugon1239	-0.0995383007975	2.54120593981739	-5.0697115	5.00623574999998
ulch1241	-0.10455965301	2.74458038760566	-5.7701955	5.26678675
ulit1238	-0.191290164545	2.3776766344376	-4.4443655	4.67906925
umaa1242	-0.282626000485	2.25031054077494	-4.9329505	3.9931055
umbu1257	0.190615744925	2.73025067451456	-5.091251	5.804998
umbu1258	-2.985972679895	2.44316407424683	-7.8094125	1.52601175
umes1235	-1.493896856146	2.16957708628863	-6.0384855	2.52718774999999
unua1237	4.76140282585	2.17967104437625	0.94201295	9.28728049999998
uppe1275	3.145352229625	1.72486014300601	-0.08584008	6.675599
uppe1427	-2.89099807823	2.25183834443318	-7.72792075	1.07286125
urak1238	1.0447432003055	2.46712412264708	-3.526659	6.19718375
urar1246	2.163050755918	2.25997482380668	-2.19407825	6.65435025
urav1235	2.51052858129	2.11698043735141	-1.315461	6.90243475
urim1252	0.0443457249395	1.94294289337889	-3.74100025	3.8725735
urip1239	4.6285491875	2.20667452293907	0.75008795	9.43651375
urni1239	-0.9776180269345	2.49376546249708	-6.0122515	3.85783325
utes1238	-0.54748800611	2.5275325386225	-5.80064625	4.23605525
uuuu1243	0.307777812731	2.2980442050608	-4.12128625	5.01339425
vano1237	2.8715096816	2.24196909835607	-1.204239	7.628885
veps1250	1.277195369585	2.43833033078647	-3.024585	6.59721124999997
vera1241	3.2176419395	2.38193620815871	-1.0584455	8.43293274999999
viem1243	-3.555338358025	2.16769618463069	-7.956688	0.451741399999995
viet1252	0.806813729525	2.55342743073858	-3.7878135	6.04042874999999
vinm1237	4.65203312016	2.16107673822018	0.925466725	9.424405
vunj1238	0.554372962305	2.62637956731327	-4.517934	5.88175475
vure1239	3.227307727575	2.38715471598667	-1.1405665	8.415664
vwan1235	0.683205546725	2.61859639964352	-4.333749	5.990479
wadj1254	-2.293065973591	2.47343726164258	-7.42454375	2.20440549999999
waga1260	-0.288896755945	2.58251423845714	-5.5929865	4.846214
wage1238	-1.406988382115	2.49889739651848	-6.6899835	3.3059635
waig1244	2.752549685235	2.44334146302271	-1.56659225	7.8201575
waim1251	-3.407623807905	2.1955283621299	-8.2869615	0.495979824999997
waim1252	1.86175510561	2.28801274213082	-2.41129525	6.81995824999999
waim1253	0.221698934948	2.39761449390034	-4.501649	4.81992375
waiw1244	2.74930573465	2.39022505549112	-1.6294915	8.01368725
waja1257	-0.2446410923345	2.60602178164057	-5.546416	4.637273
waja1259	2.4274758279555	2.1592592308979	-1.5344235	7.1501155
waka1274	-0.23166294292	2.72211503944581	-5.7262435	5.017212
wala1266	1.04107355455	1.90844496559785	-2.58014525	4.8131565
wall1257	-0.80231792575	2.22856524094758	-5.48188075	3.18709925
wamb1257	-2.06996337892	2.4832352639823	-7.18576675	2.511081
wand1267	3.828413201595	2.44688020134121	-0.38768395	9.19436099999999
wand1278	0.265258377725	1.95811212873353	-3.59866475	4.1764065
wanm1242	0.0104909752345	2.50706360565763	-5.11069625	4.72367125
waor1240	2.058808702465	2.31578031140848	-2.16957625	6.87008775
wara1294	-1.888457879365	2.55188686585698	-7.09616625	2.94360074999999
wara1300	-1.178208359701	2.62706520062286	-6.5937465	3.6949395
wara1303	1.70995830191	2.47347874146619	-3.0824165	6.86723824999999
ward1246	1.7866028075575	2.29295103049221	-2.456481	6.49427225
ware1253	1.059029653085	2.11803984676002	-3.016076	5.49531975
ware1255	1.575233973965	2.35793675567004	-2.926621	6.51744425
wari1268	0.32233265374	2.44453675559618	-4.50701025	5.34521299999999
warj1242	-1.8038588905275	1.88778447479753	-5.546475	1.99359624999999
waro1242	1.36086644037	2.19757595906615	-2.5927525	5.91573175
waru1265	-0.361858009938	2.75777688754638	-6.00516875	4.8919595
wash1253	-0.751035499719	2.6654577103505	-6.34444625	4.405738
wawa1246	1.50791911385	2.40948173630174	-2.95603675	6.36423549999999
waya1269	0.439784351686	2.43039359384218	-4.580256	5.0826315
wayu1241	-2.0896409006555	2.53108957100811	-7.34542125	2.73913075
weda1241	-2.817513854235	2.03405069355967	-7.1332475	0.959252249999998
wels1247	-1.54271204788	2.36649919899481	-6.40962875	2.8014385
weri1253	-2.535169264121	2.13270784993225	-6.78673375	1.37442025
west2354	0.979825882023	2.49665336984872	-3.819857	6.0730925
west2369	-1.3501252004965	2.3538288446664	-6.28619875	3.275549
west2386	-0.54420816454	2.64065533285303	-5.9591315	4.25450775
west2392	1.1114685874335	2.29107646623904	-3.115805	6.04840175
west2396	1.77427675565	2.45974031047774	-2.690519	6.7740195
west2397	1.025596941985	2.56262547900439	-3.608194	6.51186875
west2415	-2.1362709042495	2.34426157687432	-7.0684505	1.90879375
west2418	-1.80381051825	2.62456122992923	-7.192641	3.314196
west2430	0.13898181483	2.46963504047048	-4.57278325	5.08800375
west2441	-0.28644157111	2.75987914489575	-5.6819645	4.96813474999999
west2466	-3.246489531965	2.11842611777347	-7.58125525	0.750737774999997
west2516	-1.8779972734515	2.16948200302977	-6.241157	2.0938695
west2519	-0.86425253777	1.92468170669694	-4.8255195	2.8578265
west2548	-1.66198316894735	2.19833176580348	-6.206582	2.41021074999999
west2557	-1.0808842154175	2.51106102466527	-6.1549515	3.66339575
west2560	-2.82527668233	2.13088136328134	-7.3831385	0.94208525
west2594	-1.03301909641	2.53211758895833	-6.612918	3.6991605
west2600	2.847047782765	2.22483327077276	-1.414777	7.40138549999999
west2615	-0.645748598435	2.65143857487556	-6.036979	4.68221
west2618	-0.3980465361915	2.61583794244276	-5.58548425	4.59330274999999
west2624	2.300499383192	1.91690069912034	-1.5074365	6.12702175
west2632	-0.461511514195	2.61954949863383	-5.844072	4.6595745
west2635	-0.7880529613	2.34633938988113	-5.533989	3.63178525
west2644	-1.416749715587	2.42095048059472	-6.522768	3.07786525
west2650	0.960105129314	2.42668204783977	-3.39731275	6.086406
west2763	-0.65876130755	2.48728512226495	-5.66591675	4.41465475
whit1269	1.380283808532	1.88020477316656	-2.07319125	5.3181965
wiru1244	-2.899633387615	2.38128377576679	-7.779562	1.4379465
woii1237	2.359758389465	2.37693568747222	-2.207212	7.36634
wola1242	-0.83716810582	2.47581769849374	-5.846257	3.925904
wole1240	0.53768403789	2.42487979553218	-4.04963475	5.47174
woli1241	-2.674040147845	2.21586694875096	-7.19435525	1.42017025
wotu1240	1.534294218705	1.99242746560175	-2.20200925	5.70566175
woun1238	-0.23019703086	2.73586881116674	-5.72426375	5.11173274999999
wuch1236	1.9385120523305	2.26966644599242	-2.17745475	6.67694375
wudi1238	3.403148479555	2.28704295382167	-0.77769965	8.101493
wusa1235	2.8747849448495	2.159962293439	-1.0720805	7.318174
wutu1241	-0.6005434536345	2.19321718274845	-5.1953705	3.52512824999999
wyan1247	3.0804330869145	2.44680010664035	-1.29100975	8.11604225
xamt1239	-0.86760598912	2.47644342409354	-6.030338	3.713282
xara1244	-1.67600505089	1.83813924404059	-5.40766375	1.732798
xava1240	-0.28145361852695	2.48569344498176	-5.15662675	4.26872925
xhos1239	0.401172561765	2.51028829216024	-4.518912	5.62267975
xish1235	1.126765368474	2.31911064070228	-3.596379	5.679125
xokl1240	-0.381022405875	2.57574544094182	-5.67171925	4.39419775
yaak1241	3.0444490259315	2.29266844016435	-1.25608575	7.9417935
yaey1239	-0.8284946213	2.72178897910056	-6.11844025	4.61774725
yagu1244	-0.8524687555044	2.53566487377733	-5.88553	4.07673599999999
yaka1269	0.22144984532	2.70969889339848	-4.8877955	5.595421
yaka1277	-1.4202031121205	2.35621391649546	-6.02974525	3.17371449999999
yaki1237	-0.06920011568	2.65638996230134	-5.61479925	4.76136425
yako1252	0.65482630242	2.58716703666989	-4.213684	5.84652925
yaku1245	-0.24271561514	2.69772404264554	-5.669716	4.89363425
yale1246	-1.36923397421	2.09013011492702	-5.65895825	2.58309175
yama1264	2.47586432125	2.54936968098183	-2.1941855	7.78922275
yami1254	-2.0946511935735	2.53052602064933	-7.2033005	2.627528
yami1256	-0.34255783923	2.63106563455206	-5.573122	4.81731499999999
yamp1242	-1.718049199	2.59338237612499	-6.867925	3.06367725
yank1247	-0.214928321143	2.68219189973038	-5.68827175	4.98690725
yano1261	-0.1570767628825	2.66044033308754	-5.45000425	5.112496
yano1262	-0.2145339625375	2.57548368329215	-5.51276875	4.77188774999999
yaoo1241	0.18071175347	2.62326281647662	-4.6721645	5.3316945
yape1248	-2.111854497052	2.13195259558379	-6.4949145	1.90307
yapu1240	0.1671297711785	1.83871843831235	-3.41503275	3.86546325
yaqu1251	-0.5836048939959	2.4432286026117	-5.5055875	4.06055825
yare1248	-2.3596286846945	2.26710227585828	-7.16001925	1.807266
yasa1242	-0.1146819818685	2.57463883933184	-4.914693	5.28785649999999
yatz1235	-0.73259853384	2.31688478075508	-5.359656	3.69277225
yaul1241	-3.1412084866605	2.27381586391221	-7.915153	0.999986224999999
yaum1237	1.71073033834	1.76993255374397	-1.59016725	5.2926605
yawa1260	-0.3412634365129	2.68033213860659	-5.7245235	4.8113575
yawa1261	0.990275309457	1.90167738517886	-2.62081575	4.89412275
yawu1244	2.011259131235	2.34936827205859	-2.25517625	6.88042775
yecu1235	1.602154410415	2.1915443443459	-2.74228875	6.01156975
yele1255	0.6208704015355	2.37284029858452	-3.99669325	5.3293685
yems1235	-1.0801269951605	2.35082505284781	-5.7578915	3.56594775
yinc1238	3.1504717262875	2.35638146523186	-1.11642325	8.29683549999999
yind1247	0.7473004894425	2.23947655205893	-3.43513375	5.15440275
yoga1237	-1.606610825345	2.18090185875527	-5.9259975	2.45918225
yoku1256	-0.13815016092	2.56266827248902	-5.29749625	4.78544149999999
yona1241	-1.33843188738	2.54122023065454	-6.40190175	3.61407649999999
yong1280	-1.63549002873	2.59840820727404	-6.95238275	3.15502625
yora1241	-0.3089791790745	2.65995279452622	-5.56103175	4.62368374999999
youl1235	0.08275715653	2.22786600947708	-4.1267275	4.55668325
youn1235	1.0254011556825	2.54429540120839	-3.829783	6.406523
yuca1254	-0.61103309831	2.66404055821996	-6.24515075	4.29291924999999
yuch1247	-0.445010968101	2.70956479369805	-5.713441	4.63441225
yuec1235	2.22125143064	2.29206463093682	-2.0220025	6.9985135
yukp1241	-0.815605681083	2.49736726918854	-6.03924225	3.8957285
yulp1239	0.7992347486515	2.3623210729367	-3.82867175	5.35004525
yuqu1240	-0.352860260546	2.27198052985707	-5.22407025	4.0600635
yura1255	-0.322955795291	2.25456556545497	-5.2542635	3.99167025
zaba1237	-2.65132067506	2.04911124760587	-6.79876175	1.22318
zaca1241	3.477226120245	1.81207345448624	0.15482865	7.175551
zaca1242	-1.31721696041	2.43263806987772	-6.48775925	3.313176
zagh1240	-0.676846912641	2.38393854832176	-5.67899325	3.87487075
zaiw1241	-0.780161093685	2.3981999121091	-5.459409	3.79774524999999
zakh1243	-2.231812819415	2.30397198693218	-7.180282	1.974384
zamb1245	0.6452560089415	2.51695142224434	-4.27443675	5.65736625
zani1235	-1.54920053187	2.41108499434342	-6.31561475	3.11148149999999
zarm1239	-0.45048803158	2.54452548390513	-5.72355975	4.3080205
zaye1235	3.19164749872	2.23306985777909	-0.89462375	7.92712399999999
zays1235	-0.342774744059	2.22803474331391	-4.89249775	4.2210985
zeme1240	-3.27990022311	2.41774829691776	-8.385074	0.977230374999999
zenz1235	-1.50452579039	2.40181823277246	-6.37379775	3.074814
zinz1238	0.341167652846	2.62638307589248	-4.45819075	5.79799724999999
zoog1238	-0.82212740161025	2.29485640585581	-5.40710675	3.51231375
zulg1242	0.8547887755935	1.85655349742253	-2.76263475	4.668922
zuni1245	-0.69811748285	2.62326619964048	-6.0392565	4.48653974999999
