Estimate	Est.Error	Q2.5	Q97.5
abar1238	-0.643029773655	2.66317647514872	-6.207381	4.29959625
abee1242	-0.1800298585575	2.98794827399467	-6.0812135	5.42268899999999
abkh1244	-0.260275429505	2.90993036383364	-6.30999575	5.55991799999999
abun1252	-1.033103288895	2.86753613060204	-7.06905425	4.39399775
acha1249	-0.36357327888	3.00845404600094	-6.40840375	5.3058385
acha1250	-0.922562142335	2.67585468129724	-6.41837775	3.9386685
achi1256	0.078353129537	2.16636535853493	-4.154162	4.34234375
achi1257	-1.3575466448355	2.48451920703979	-6.75680575	3.1202285
achu1248	-0.52783861489	2.76848297070074	-6.29222875	4.86827724999999
acol1236	0.588290720885	2.42527043775478	-4.229245	5.13281725
adan1251	-1.68028467354	2.65075816662712	-7.2196615	3.1080205
adon1237	-1.67108940014	2.64927066415637	-7.09925775	2.998208
adze1240	-2.8337735396	2.56879814040232	-8.661648	1.66958125
afar1241	-0.369929502325	2.91081523491019	-6.28892325	5.20388425
aghe1239	-0.563963189295265	2.68082663236598	-6.15306875	4.5443905
aghu1255	-0.497887837835	2.88279954359088	-6.33740925	4.986399
agob1244	-0.821200312621	2.79328809127025	-6.5344585	4.4146915
agua1253	-0.9468265548515	2.78016890443385	-6.74112275	4.25460399999999
agut1237	2.669494881015	2.42949999364106	-1.620813	8.019788
aheu1239	-0.571599353441	2.9507352194053	-6.4911495	5.00143274999999
ahin1234	4.04600563136	2.27283734120237	0.01059686375	9.16479275
aime1238	-1.1907663248285	2.80376846270582	-6.91884375	3.9476455
ainu1240	-0.07173668195825	2.94261126646807	-6.13356825	5.789299
ajab1235	-0.0784333014065	2.94825894814936	-6.26458775	5.6201455
ajas1235	-1.184472101795	2.64814988849004	-6.64819175	3.82992125
ajie1238	2.761130485535	1.77734446351379	-0.5720454	6.40739774999999
akha1245	-0.827654124181	2.85129904683819	-6.76291	4.42756275
akoo1248	0.73500474795	2.88609698668229	-4.81117725	6.48241249999999
alab1237	-0.29704018709	2.90140282633367	-6.1409555	5.2179535
alab1254	-0.75679964377	2.70340815808241	-6.0114455	4.388458
alac1244	2.63905430839	2.09015179339802	-1.29190275	7.09138725
alag1248	-0.967999856255	2.72710256516822	-6.601288	4.1387205
aleu1260	-1.3347177122785	2.59026799149693	-6.60497875	3.55788324999999
alor1247	-1.68258983006	2.64943278170813	-7.1209345	3.13205725
aluk1238	-0.043138533725	2.89065787060355	-5.91511675	5.61570324999999
alya1239	4.62598174664	2.49868173413366	0.4077	10.0751025
amah1246	-0.808597538045	2.66673233573424	-6.29702225	4.02093325
amam1246	-2.45984897884205	2.62957860641155	-7.99911775	2.19581375
amap1240	-0.4245958826005	2.63476322814908	-5.906284	4.3681965
amdo1237	0.06920942805	2.9315635375523	-5.84323175	5.90491025
amii1238	-0.6059318120485	2.86639678186109	-6.8509285	4.90863024999999
amis1246	2.623243146142	2.11127318727002	-1.2675545	7.08939749999999
anei1239	-1.990315035155	2.46568339500372	-7.32126475	2.28344725
anfi1235	0.7418391572045	2.80233927375929	-4.6906	6.20467024999999
anga1288	1.0982360670655	2.92016407235716	-4.3826035	6.9320665
ango1257	-0.618214069195	2.68658946268774	-5.96145275	4.575278
anta1255	-0.761830272514	2.80381385608126	-6.7629275	4.518139
anuf1239	-0.257719016505	3.01932651839102	-6.67783375	5.58299149999999
anut1237	-2.506544325435	2.41980717967278	-7.73146225	1.7086535
anuu1241	0.12080668792	2.98112284672763	-5.70422225	6.25929075
aona1235	0.52090330825	2.97229259801525	-5.1839425	6.40862725
aoua1234	-0.259652816149	3.01744917701807	-6.39702525	5.53629375
apat1240	0.3904963390055	2.95974908549378	-5.3237435	6.21817825
apin1244	-0.247377973175	2.88008224331943	-6.08868	5.20519174999999
apma1240	-4.0854448837	2.41333974504633	-9.466335	0.0704178524999997
apur1254	-1.295537675405	2.56005782748196	-6.548168	3.389421
arak1252	-3.68856049225	2.40876164193658	-8.713928	0.338959699999994
arao1248	-1.055666258508	2.65604104767066	-6.58026	3.806693
arap1274	-1.1228535183785	2.5706361433948	-6.522893	3.6473915
araw1276	-1.321461767812	2.39846875836111	-6.55984975	3.06203524999999
arbo1245	-1.4934847681015	2.65454035631355	-7.14178625	3.452866
arch1244	-0.92079014272	2.74740357584207	-7.1051285	4.08198275
area1240	-0.826588020833	1.97625947213333	-4.90270225	2.94566875
aree1239	-1.45259301306	2.36176404853868	-6.26632775	3.17784225
argo1244	-0.555149081115	2.93851840605466	-6.31193575	5.12989875
arhu1242	0.114121430545	2.67984067820793	-5.326987	5.2454945
arig1246	1.476740525305	2.52268853459132	-3.399267	6.56900675
arop1242	0.842751187305	2.0046808329109	-3.1240375	4.73307025
arop1243	-2.711862214745	2.66065084815176	-8.3765825	1.96015775
aros1241	-1.014617186235	2.46270340705258	-6.16562125	3.38563949999999
arta1239	4.18823805155	2.40990417923553	0.15829835	9.51512125
ashe1272	3.50622675245	2.41675556742324	-0.688049175	9.024608
asoa1238	-0.16709565672	2.75674935525866	-5.62240575	5.3157585
assi1247	-0.406499836945	2.8867964614953	-6.37698525	4.99286825
asut1235	-0.403917608685	2.95147590132636	-6.331764	5.541758
atam1240	2.672134309017	2.39846108320498	-1.67879975	7.81427625
atay1247	2.41051848094	2.12334534046066	-1.56920675	6.81075175
athp1241	-0.15006041513565	2.99948389639094	-5.92389	5.7345985
aton1241	0.747516481115	2.81569812418048	-4.99543325	6.35608874999999
auuu1241	0.54150709150765	2.1791436490449	-3.8584445	4.831263
auye1238	-1.54963712973905	2.83331881294926	-7.51366325	3.6993425
awad1244	-2.86572668753	2.55443556116362	-8.518401	1.502083
awar1248	-2.91339593514	2.5582112181865	-8.79170575	1.51551749999999
awar1249	-1.86155287238	2.47818063587442	-6.98482375	2.7353555
awet1244	-1.041227453795	2.59123233087542	-6.43382425	3.83292125
awji1241	1.905022704045	2.62270938914783	-2.850192	7.29168049999999
axam1237	-4.291466092735	2.28434286811525	-9.236209	-0.422115800000004
ayac1239	-0.0917368396515	2.87015213988658	-5.755738	5.44889475
ayiw1239	-2.609795635985	2.30777195989133	-7.87786375	1.31997125
baba1264	-0.61294580403	2.59906954217891	-6.057389	4.42583175
baba1266	-0.480765181655	2.68240862393834	-5.8406785	4.559035
bafa1247	1.47773083478	2.76979873412396	-3.8471555	7.4147705
bafi1243	-0.22208671493	2.81185630099469	-5.8316555	5.18938324999999
bafu1246	-0.479754430565	2.64297115125798	-5.788843	4.62456824999999
baga1272	1.700274584095	2.79967374847993	-3.885854	7.39839075
bagi1246	-1.1355422413545	2.44019894317006	-6.32328975	3.3056985
bagv1239	-1.011386215981	2.78486976694778	-7.25665075	3.960936
bahn1262	-0.856461262431	2.88618929305013	-6.8675925	4.7045785
baim1244	0.05245599096	3.09732083392151	-6.455707	6.43166724999999
baka1272	-0.11882146216	2.89679599306338	-5.96492925	5.55223975
baka1274	-0.013834657497	2.9837086233363	-5.91020325	5.85745825
bala1311	3.5206285907575	2.45321547152287	-0.747778225	9.0574035
bala1315	-1.40885494406	2.69895743386567	-7.1949815	3.42368374999999
bala1316	4.42142650494	2.38171830793385	0.312837125	9.87916749999999
bali1278	-1.0800742866	2.56490012843092	-6.36812725	3.47442575
balo1261	-0.3158719222815	2.98994877894357	-6.37023925	5.30426125
balu1257	-1.8943695147263	2.41428940392157	-7.36973525	2.4060755
bamb1270	-0.858941961845	2.53946045793471	-6.613736	3.85417975
bamu1253	-0.463685981655	2.68209203220766	-5.95240075	4.7252225
bamw1238	-0.37090757726	2.95966159113199	-6.42596075	5.32653625
bana1288	2.84811651634	2.18073476674175	-1.207796	7.42935025
band1344	-0.1485939364965	2.90485404782068	-6.31103125	5.50017524999999
bang1354	-0.07202986358	2.94709790949486	-6.10248375	5.5180385
bang1369	0.1777692038125	2.97856856194729	-5.89848825	6.128738
bant1281	-0.17462298689	3.01309355327515	-6.0809075	5.55572149999999
bara1357	-0.178865751675	3.02072798596621	-6.3639835	5.54776675
bara1361	-0.22934537115	2.852831609957	-5.813641	5.27506275
bare1276	-1.2525483910505	2.51691886348209	-6.48355525	3.33691825
bari1286	-2.493674175975	2.63602721400862	-8.168604	2.21042075
baro1253	-1.10127067952	2.20430630774712	-6.09540575	2.97386474999999
bash1264	0.04888037211	2.99345364000336	-5.63839325	6.02031599999999
basq1248	-0.1397671248485	3.0629763374071	-6.16852275	6.12906825
bata1289	2.6583044727	2.24450285071926	-1.8321315	7.16603025
bats1242	-0.965273974675	2.73615452721866	-6.98987375	4.1924655
baur1253	3.84789827299	2.55042273894663	-0.6424277	9.12243275
bebe1248	-0.342622006415	3.11292147571848	-6.744939	5.717297
beem1239	-0.1531048036835	2.85892471771271	-5.98076575	5.103905
beka1241	-1.45466307329	2.64619097892568	-6.712528	3.2604445
bela1254	-0.2799600612055	3.04882149504008	-6.513192	5.2244865
belh1239	-0.157134260537	3.01734386187748	-5.90145025	5.8416875
beli1257	-0.0749320407145	2.94052736060716	-6.123014	5.452576
bell1243	2.573733834155	2.5989250253617	-1.986645	8.24974325
bemb1257	-0.088223161695	3.01538366170758	-6.22411625	5.95517049999999
bent1238	0.178573130245	2.63590147400694	-4.924914	5.3077045
bert1248	-1.193479899765	2.79273036277499	-7.02107475	4.0276915
bezh1248	-1.036242286565	2.7109114681209	-6.7978925	3.880805
bhoj1244	-0.278936258525	2.91191293213121	-6.34980425	5.4627075
biaf1240	4.73969324202	2.77268412245526	-0.216059425	10.5928475
bian1252	-2.677285822376	2.65390519380295	-8.22598075	2.1144505
biao1253	-0.031567824075	2.94382606327673	-5.814158	5.6720065
biao1254	-0.074460926523	3.02362336960258	-6.13569075	5.81915175
biao1256	-0.053796326135	2.93256373886693	-6.20367375	5.6477685
bier1244	-4.2324406270025	2.27895245155602	-9.46076025	-0.453026450000008
bign1238	-4.10119649038	2.36755801567393	-9.1809815	-0.015199801500001
biha1246	-0.834333897035	2.75994314155566	-6.50077775	4.29219949999999
bilb1241	-2.701906180285	2.50294216132438	-8.2196615	1.57904325
bili1260	-0.73131851158	2.74749132197623	-6.6045515	4.2355965
bimi1240	-0.86148959068	2.89424683115791	-6.5519515	4.79142575
bini1246	4.91948454618	2.80870190515194	-0.2592792	11.04166
bira1253	-1.59814639795	2.59292746954585	-6.9956335	3.11037575
birr1240	-0.252485146395	2.91119198933646	-5.988067	5.77022025
bisu1244	-0.7036170799095	2.90769411277703	-6.5785115	5.07089975
bitt1240	-0.8987104039305	2.73915852968803	-6.5479985	4.35572299999999
biwa1243	-1.3191703065795	2.73190433017865	-6.857783	4.12438775
blab1237	2.5369457830585	1.69300607151818	-0.63324275	6.172033
blan1242	-0.8274014520015	2.78683816508945	-6.402411	4.385574
bodo1269	1.18066579981	2.7342688850163	-3.986099	6.73837075
boka1249	0.01172185616	3.00523160539649	-5.86013125	6.140523
bola1250	-2.27237868499	2.51709496773799	-7.643571	2.11855324999999
bolo1262	-0.33261226991	3.00172774900633	-6.54568325	5.57436225
boly1239	-0.41696849443	2.89002234183438	-6.2614265	5.14155925
bomb1262	-0.36354978348235	2.97188034259762	-6.50801775	5.31383925
bomk1234	-0.313709051065	2.77319170922536	-5.932454	5.16274999999999
bona1250	0.0167953284165	3.00134262276419	-6.128822	6.08905
bong1285	-0.19022416922202	3.05109722588287	-6.2590385	5.72326149999998
bong1289	0.12887470195	2.22914352053032	-4.39917325	4.55882625
bora1263	-0.268955111765	2.59460831270713	-5.8418935	4.635624
bord1248	-0.69855763634	2.76394774847749	-6.46217275	4.34664899999999
boro1277	-0.994264031535	2.89086535526996	-7.29255	4.4735225
boro1282	-0.613705141413	2.62273505997227	-5.7147035	4.277741
boto1242	3.380184135065	2.62834980913901	-1.30975675	9.2411895
boun1243	-0.269787672315	2.94407481898009	-6.22080925	5.30399824999999
boun1245	-1.73507986545	2.73599517734973	-7.44707375	3.5028205
brah1256	-0.06871124922	3.12416565765509	-6.233863	6.2826345
bret1244	4.11538649915	2.65351803405255	-0.467447625	9.604311
brib1243	-1.179150482287	2.80555123014213	-7.00920325	4.04523949999999
bube1242	5.2332652238	2.80658966102663	0.29981285	11.3023375
budu1248	-0.644585503994	2.970060188704	-6.721666	5.08023125
budu1265	-1.50297078705	2.56085388511447	-6.99190225	3.01472775
budz1238	-0.262166968369	3.1093963136446	-6.5727405	5.379673
buga1247	-0.474394892107	2.79069734310074	-6.32121675	4.9452505
buga1250	-2.886381326257	2.54282037076219	-8.29780475	1.6894095
bugh1239	2.297864593077	1.76613809833256	-1.118707	6.0251495
bugi1244	-1.602537313364	2.56402345232673	-7.13256025	3.20956475
bugl1243	-0.840671457115	2.67610444442511	-6.4632895	4.38278425
bujh1238	-0.178003880115	2.99106090138769	-6.429149	5.43119149999999
bull1247	-0.154083102626	2.91657901200469	-5.7401715	5.50471449999999
bulo1242	-0.755136823687	2.77985895921577	-6.64871875	4.19413
bulu1251	-0.024617634335	2.96468822588469	-6.0596175	5.99716174999999
bumt1240	0.2068616731505	2.84500337233512	-5.6591545	5.81856574999999
bund1253	-0.271400214713	2.8676019843035	-6.1526845	5.269737
buol1237	-2.354636747885	2.43896069963902	-7.46718075	1.98776025
bura1292	0.18591046622455	2.21049286007353	-4.382422	4.35945874999999
bure1242	-1.38332985252	2.68751031190028	-7.1718455	3.5400745
burj1242	-0.57436323638	3.01577122632864	-6.943393	4.94271449999999
burm1264	-1.46911800866	2.72220105283551	-7.180585	3.505626
buru1296	-0.2394960350035	3.171907677213	-6.690513	6.030377
buru1320	-0.937027054822	2.73275397620233	-6.9518885	4.1500815
busa1253	-0.17183598279	2.77837690455558	-5.6311515	5.24836425
bush1247	-0.072487792026	2.95009646355524	-6.19299475	5.48608975
buwa1243	-0.1718453224115	1.9911915637077	-4.16278425	3.76985075
bwat1240	3.43821031289	1.9623958059785	-0.04406678	7.6707265
byan1241	-0.02422094579	3.05299450738696	-6.2522655	5.92430325
caac1237	4.4159677867	2.42144063270224	0.3939318	9.7171625
cahu1264	-0.763199330415	2.59953145048782	-6.17595825	4.00765975
cakf1236	0.38242087491	2.21273528599129	-4.04382575	4.60729175
caml1239	-0.1465805161615	2.96304562790402	-6.11942425	5.71198975
camp1261	-0.197532928105	2.85614157277638	-5.88073425	5.14335925
cane1242	-0.44872206111475	2.91197034416412	-6.47924425	5.176364
caom1238	-0.19341221030628	2.98547243504424	-6.06988725	5.740927
capa1241	-0.95446307676	2.85296327537812	-6.933088	4.74006275
carn1240	4.4787705929015	2.74547376668752	-0.5867387	10.162055
caro1242	-0.03959164835535	2.65762092066553	-5.32979325	5.05021525
cash1251	-0.323847830255	2.56326236001685	-5.59229	4.4361455
cavi1250	0.7150406394775	2.36599929698002	-4.233719	5.3576195
cemu1238	3.78083603025	2.13930682876817	-0.09016642	8.331318
cent1989	-0.6538935061315	2.97276870129293	-6.73599375	4.7243385
cent1990	4.4929045575	2.68614238960103	-0.4020164	9.9233315
cent1992	-0.89316480167	2.66526412230292	-6.51099225	4.14993675
cent2004	-0.16443881389	3.06245178742624	-6.3874925	5.862646
cent2050	0.0520298213975	2.52254396133587	-5.037141	4.88684299999999
cent2127	-1.258635670376	2.58353138544165	-6.6826015	3.57177825
cent2131	-0.4588848179208	2.41856612684181	-5.4526425	4.130042
cent2150	-0.630252374935	2.67064813389261	-6.05703775	4.5501115
cent2292	2.385292444853	1.91567519773084	-1.11294375	6.46613075
cent2314	-0.507155916062	2.86512943353687	-6.55562	5.03363925
cent2322	-0.07054593956	3.10348616125736	-6.288224	6.0059935
chac1251	-0.33724051410425	2.54200287624616	-5.38458725	4.51496625
chad1249	-1.607820547034	2.39054862835632	-6.69880525	2.669543
chak1270	0.13269321473	3.06928167211062	-6.1050245	6.25092625
chak1271	-0.23938453469	2.96702523733184	-5.7491505	5.56675575
cham1309	-0.988919133135	2.83481007611126	-7.27664	4.1845435
cham1312	2.333650454377	2.49036184351308	-1.98595825	7.75989899999999
cham1315	1.755297133615	2.53784432615572	-3.404887	6.48583999999999
chan1313	0.31575800817	2.96621207278349	-5.575268	6.23430575
chas1234	-0.160225611475	2.99906562870419	-6.2434585	5.93084749999999
chec1245	-0.60293011769	2.86568006982434	-6.65642775	5.03371975
chek1238	2.08574189069	1.63145877311588	-0.9700948	5.49446575
chen1255	0.000915552184999997	2.93858263726588	-5.75852275	5.80045725
chep1245	-0.159410049725	2.97744870796612	-6.18607125	5.53788475
cher1273	-0.6276288125	2.55895529696014	-5.93531275	4.13110524999999
chey1247	-1.216671907575	2.66360267743687	-7.0063385	3.40201124999999
chhi1245	-0.184777009774	3.01995986607291	-6.16302925	5.6511545
chic1270	-0.535419403623	2.91057194945397	-6.61262625	4.9017
chil1280	0.643018837094	2.63214003463624	-4.60273575	5.6968175
chim1302	-0.785225114755	2.8860428791543	-6.81946575	4.60611925
chim1312	-0.551313200655	2.83898837235947	-6.431863	4.91206375
chip1241	2.896786655525	2.41856507389154	-1.35275325	8.05294624999999
chip1261	-0.46586973671	2.80537958651337	-6.21028425	5.12225325
chiq1248	-0.959550682615	2.6628714139179	-6.2797195	4.116197
chir1283	0.750913786351	2.91217343857202	-5.02476525	6.49457224999999
choc1276	-0.71406579724	2.94240281012726	-7.05677025	4.7199025
chon1284	-0.579034727585	2.89061861903278	-6.61669575	4.82966199999999
chot1239	0.9090013686985	2.95841327538446	-4.7045595	6.93024774999999
chra1242	-0.4217734975135	2.85868534763055	-6.3296225	5.23580799999999
chuj1250	3.6078614314065	2.46434770842765	-0.686899125	9.00923
chuk1273	-0.03691277193	2.95743659224405	-5.9781835	5.8874045
chuv1255	-0.108901261134	3.02940705189579	-6.32280225	6.04153475
chuw1238	-0.171301842435	2.98633133585852	-6.25656375	5.63624675
cici1237	-0.348997138775	2.91302878381986	-6.304742	5.33596774999999
coat1243	5.35470720294	2.82558784639027	0.241674725	11.5037425
coca1259	-0.0987397465591	2.72658842811673	-5.68510575	5.2352035
cofa1242	-0.4033987732615	2.62866192103226	-5.867273	4.70947475
cogu1240	0.189337900908	2.66369163121575	-5.33325925	5.49334649999999
colo1256	-0.972591694445	2.78335766152082	-6.98220975	4.1490285
colu1241	1.3102519229	2.47176838442472	-3.3035175	6.4955985
coma1245	-0.672587427736	2.69652338074065	-6.189613	4.40517375
como1259	2.745358359745	2.81943562493516	-2.410552	8.5357985
cong1236	-0.0669312756	3.03282600535641	-6.05127825	5.78753374999999
copa1237	4.589257154805	2.48184282008796	0.191053725	10.0380725
cori1240	-0.536719625826	2.62771011998522	-5.98240925	4.501523
cors1241	-0.306958287885	2.74606934064502	-5.85866525	5.16447325
cosa1234	-0.8782434448	2.76396801780685	-6.4480725	4.240967
cree1270	-0.877778281621	2.59820857513609	-6.2557915	4.007354
crim1257	0.0160657285865	2.88347757847625	-5.54686425	5.625173
crow1244	-1.0177156071	2.81069031453391	-6.60389225	4.1492785
cube1242	-1.8510329447325	2.72292561628291	-7.59731375	3.18171899999999
culi1244	-1.203351518485	2.58033289604519	-6.6645965	3.48452575
cypr1248	-0.7487958610235	2.50773451972882	-6.01165475	4.00902525
czec1258	-0.231443507795	2.9444097779494	-6.692562	5.2707345
daai1236	0.031738199811	2.95822497376993	-6.073053	5.58023674999999
daas1238	-0.761898087844	2.59238841729222	-6.21023	4.1383635
dagb1246	-0.169562589335	2.91265454954487	-5.84043075	5.635903
dagi1241	1.59427044195	2.81209768455073	-4.00862175	7.36273349999999
daka1243	-4.370337290125	2.34277378003573	-9.618755	-0.425595700000007
damp1237	-1.820509127845	2.63078392500588	-7.6787865	2.916572
dana1252	-0.3447159005595	2.79529984115226	-6.03188925	5.23124525
dani1285	-0.227109681265	2.93029961125929	-6.11076425	5.34666625
dara1250	-0.1696397208585	3.07272221625087	-6.41493925	5.83395675
dard1243	-0.85967453839	2.88751546555802	-6.6971755	4.74935325
darg1241	-0.773896215625	2.79267357687477	-6.38037675	4.6775355
darm1243	-0.025333923405	3.04489384483414	-6.25854175	5.706192
dawr1236	-0.863480144335	2.68440371452417	-6.28057225	4.5083105
daza1242	-0.424027631816	2.92581115049029	-6.45583925	5.28800375
defa1248	1.264081967665	2.63048031717503	-3.9608945	6.42220524999999
dege1246	1.094023889717	2.5611231654779	-3.9012825	6.15922199999999
dehu1237	3.629724836745	2.19174824452274	-0.3511453	8.28207325
dera1248	-0.33463292716	2.3462665266533	-5.3595535	4.15588175
desa1247	-2.231182075344	2.60229985721657	-7.864866	2.435949
dhao1237	0.146156133545	2.16650361348959	-4.0883555	4.32546999999999
dhar1247	4.79572391969	2.72969704612097	-0.041305065	10.7562575
dhim1246	0.05375442951	3.05597269990109	-5.95137575	6.21374775
dibo1245	-0.2061123039	2.86900275397826	-6.03016525	5.3890825
dido1241	-1.03616084457515	2.77191055032247	-7.0890635	3.822994
dier1241	-0.194439775325	2.84081095149902	-6.0621385	5.04528875
diga1241	-0.063138586135	3.03415357445797	-5.9119075	6.40789625
digo1243	-0.215244120379	2.92278065209457	-5.97835075	5.5780235
dima1251	2.051486649005	2.91771682196676	-3.4736245	8.06428725
diri1252	-0.135926070034	3.05198436978087	-6.21237425	5.99384599999999
djee1236	-0.653675005195	2.91357702399676	-6.74916025	4.9102895
djin1251	-0.2835050855925	2.88663493753872	-6.2476495	5.42437874999999
djin1253	-0.685676543805	2.87673243249619	-6.8010385	4.62349175
dobe1238	-1.09351761715	2.52607730213206	-6.44662425	3.509237
dobu1241	-0.51938614388	2.1905426202214	-5.08998975	3.63965925
domm1246	-2.021834963535	2.8092450454879	-7.59390675	3.3050295
dong1285	0.0404090431925	2.98723591959754	-5.79689825	5.71725374999999
doro1266	-1.99575321458	2.6245880969237	-7.30868675	3.086022
drun1238	-0.058497835805	2.94631445194102	-5.98306625	5.834692
dual1243	2.035863072758	2.76991007645179	-3.33598675	7.78293475
dumb1241	0.8768964535012	2.07916581723951	-3.4876645	5.00455799999999
dupa1235	3.584160470295	2.48634993707079	-0.623093775	9.02823674999999
dusn1237	-1.982991945885	2.52119727941871	-7.3807295	2.52223549999999
dutc1256	-0.21401460779	2.94634388190888	-6.283388	5.42527725
dyir1250	-0.5990313427747	2.78713195326857	-6.62594475	4.72457449999999
dyul1238	-0.48723858809	2.86251551621443	-6.3132815	4.687759
dzao1238	-0.0466055249825	3.05005915828051	-6.4299465	5.92094875
dzon1239	0.143517853644	2.93478141683601	-5.63231825	5.93443574999999
east2328	-0.048094328747	2.88707000798619	-5.8102745	5.549559
east2332	-0.73563114359	2.91780652988398	-6.80372475	4.855267
east2342	-0.507721196185	3.01181506374866	-6.22881125	5.34064325
east2379	-0.583381467093	2.71671551079391	-6.3182995	4.44130749999999
east2443	-3.9245505218	2.50656552617823	-9.42683375	0.532440899999995
east2447	-1.449036160249	2.23522107224324	-6.33101025	2.321793
east2516	-1.6341059027	2.78336920441237	-7.36119725	3.46468875
east2555	-0.279537465952	2.65554365507143	-5.92979375	4.79436249999999
east2690	3.17283131848	2.40279530829668	-1.1518165	8.09037524999999
east2773	-0.168289800995	3.04827186946953	-6.5593465	5.7132645
egaa1242	-0.222959801915	3.11346868313097	-6.752376	5.78073299999999
egyp1253	2.848123731157	2.44253764252368	-1.423009	8.236094
eipo1242	-0.554956888705	2.84068320803735	-6.4029075	4.87658375
elem1253	1.05846109469	2.60506354372949	-4.12916075	6.05098925
elip1238	-0.16726918389	2.81437951291527	-5.6943675	5.1353905
elna1235	2.989328845215	2.27823487399812	-1.117464	7.66143749999999
emae1237	-3.9552423359	2.33200325172094	-9.159269	0.085191679999999
emai1241	2.7019536109525	2.6180803147392	-2.024913	8.07843425
embe1260	-0.72647499929	2.76545510106688	-6.52844325	4.42284474999999
embe1262	-0.84287005242	2.69475549933175	-6.194589	4.1094365
enap1235	3.718051546035	2.35521864700656	-0.673396325	8.754028
enuu1235	-0.735615534565	2.93000927554526	-6.83545075	4.92907699999999
epen1239	-0.514771847195	2.77155927087846	-6.13681925	4.58388775
ersu1241	-0.107721974205	2.86680458355338	-5.95376425	5.442903
erzy1239	-0.0257507159275	2.99919384193978	-5.917815	5.84339125
esee1247	-1.964752648348	2.6760752884956	-7.725054	2.89595
esee1248	-1.0286305146665	2.57932478353303	-6.53274275	3.6342795
esim1238	-0.48518617938	2.68268485865722	-6.16836475	4.60069424999999
esto1258	-0.11620944394	2.92442619374512	-6.1553065	5.31786774999999
even1259	-0.06795408616925	2.93745300826891	-5.7547905	5.914
even1260	-0.058186239235	2.8906901190762	-5.83335575	5.58958975
ewee1241	-0.17612124759545	3.07080060373369	-6.40160625	5.60736375
fala1243	1.976325793175	2.80481347969783	-3.44297925	7.93952225
fare1241	-0.1367289729	2.93063709990596	-6.06343	5.2986125
faro1244	-0.240999607525	2.91551245213257	-6.33609475	5.5183865
fasu1242	-1.414451210359	2.78211751652268	-7.15563575	3.937607
fiji1243	-0.036495350755	2.0852099506521	-4.3529205	4.01226799999999
fina1242	2.919730454685	1.96535824128671	-0.680168175	7.20122799999999
finn1318	-0.1136704936805	2.98089280061309	-6.26939175	5.39313725
foii1241	-1.51569618442	2.76922615372959	-7.1429625	3.892462
fonn1241	-0.07395493731	2.92251728433852	-5.903384	5.41603799999999
fore1265	0.007752332143	2.85688171755169	-5.4657735	5.77033525
fran1266	2.423561219362	2.51842426328626	-2.07806775	7.91146399999999
fuln1247	-0.63212494099	2.74688970976089	-6.42632075	4.628165
furr1244	-0.1656175131	2.96784800096753	-6.1042145	5.60376225
furu1242	-0.242089722605	2.87135416047166	-6.05823125	5.08646875
futu1245	-2.640470050658	2.31061996067304	-7.68792375	1.54514075
fuyu1242	-2.25735089588	2.69991209173232	-7.92995025	3.0146955
gaaa1244	-0.15876129416	3.13931733827329	-6.33420725	5.98530175
gaan1243	1.01698221438	2.11303293545728	-3.019671	5.17692875
gada1258	3.4892035532	2.20743988951896	-0.400753675	8.3308645
gade1242	-0.26014975107	2.87689428567204	-6.163484	5.1142615
gaga1249	-0.0660411944	3.11902205906752	-6.21874275	5.9696985
gahr1239	-0.058065010875	3.03192221177048	-5.79934025	5.94661374999999
gali1258	-0.2214381209025	2.79975918829801	-5.955026	4.98481825
gali1262	-1.2779330147855	2.46282364819956	-6.6485595	3.18846925
gami1243	-0.5437462249315	2.89228857167884	-6.64233075	4.92851175
gamo1243	-1.20742981766	2.73318041321399	-6.766844	4.0727495
gand1255	0.04400519063	2.79982179292233	-5.7074045	5.208748
gant1244	-2.18154951816195	2.73136897181113	-8.05122425	2.8719015
gapa1238	-1.54078548388	2.3929096388986	-6.52937475	2.9419765
garo1247	0.650858262185	2.89862594680101	-4.9372805	6.2651955
gata1239	-0.4085566000735	2.88092290555725	-6.0958185	4.97065375
gayo1244	-1.429287650825	2.55280894143438	-6.85713925	3.114308
gbay1288	-1.209071985595	2.62339425793721	-6.66102625	3.635994
geba1237	-0.240011973289	3.03553541845007	-6.34570475	5.8737355
geda1237	-2.684632232245	2.5076160117901	-8.15276675	1.63410025
gela1263	2.53331953324	1.92454091407667	-1.03950725	6.492192
ghad1239	2.232554354999	2.56532372926618	-2.3469175	7.689521
ghan1242	4.114376893185	2.3756487030381	-0.11610265	9.30056825
ghar1239	3.01464945776	1.94601459309287	-0.5168429	7.17942925
gheg1238	-0.4325736081765	2.94751297689334	-6.70683875	5.121531
ghod1238	-0.90905240778785	2.82174947885101	-7.150603	4.28971675
ghom1257	-0.686309593695	2.41654877747542	-5.6541115	3.91868775
gilb1244	-0.6157226470075	2.76247223587146	-6.59369725	4.35513399999999
gily1242	-0.08240140089	2.85741517544938	-5.64228425	5.624435
giry1241	-0.37580859344	2.97095320283716	-6.464406	5.28113775
glav1244	1.633395867546	2.03412891526741	-2.25401	5.669043
gogo1265	-1.02912491586	2.97552494664069	-6.779227	4.767223
gola1255	-0.297300793385	2.9296032714819	-6.181301	5.380538
guah1255	0.053717453305	2.81252578275941	-5.88408375	5.413267
guan1266	-0.042471607405	2.99911468053194	-6.10367725	5.7788785
guan1269	-2.00004699331	2.63944181253589	-7.92650575	3.0062145
guat1253	2.736086323915	2.58113297564735	-2.10557325	8.40799075
gube1234	0.6155360283745	2.7038630526792	-4.679876	5.98307925
gude1246	-0.50682972890025	2.08595128804391	-4.76570475	3.4122205
guer1243	4.0058960091	2.49046532386883	-0.433385725	9.28803525
guiq1238	-0.052898852125	2.99166719879773	-6.17260575	5.80951725
gulf1241	-1.054906669671	2.47066946796964	-6.36607125	3.5064535
guma1254	0.0761024426515	2.05648159607833	-4.11986925	4.02090425
gumu1244	-0.74515925129	2.94356339626132	-7.05658225	5.00359675
gunw1252	-0.650402099604	2.80352403317936	-6.213594	4.54530424999998
guny1241	-0.524877864726806	2.87291643153107	-6.3539805	5.150054
gura1251	-0.701257244491	2.81515724390027	-6.679049	4.703693
guru1261	-0.135135605375	2.97691930577363	-6.362641	5.55849625
guru1271	-0.7527174239735	2.47172503401544	-5.9524885	3.929556
gusi1247	0.866311768125	2.4481726201219	-3.82583675	5.62925599999999
gwen1239	-0.421023796385	3.01144223064693	-6.504371	5.52932725
gyel1242	0.985139154881	2.80859952555815	-4.6317455	6.4830365
haaa1252	-0.1068316546925	2.79140365213852	-5.6404535	5.42127549999999
hadi1240	-0.7919148361115	2.70798935680235	-6.27625025	4.28684025
hadz1240	-0.750910154635	2.86365450091131	-6.45505275	4.88080299999999
haka1240	0.753701528085	3.05607708202662	-5.29083825	7.190223
hakk1236	-0.02371541031	2.98188749707361	-6.00309475	5.959292
halh1238	-0.040148799935	3.13096238077623	-6.44879875	6.24140575
hali1244	-2.111822936515	2.45497753762996	-7.37504625	2.31722049999999
halk1245	2.44167961672	2.65148549744294	-2.25260325	8.10110474999999
hame1242	-1.661502972175	2.5554559521231	-7.07761375	2.9413575
hang1263	0.033230483476	2.53862501824	-4.93907825	5.1046305
hani1248	-0.70087765776	3.01983378240946	-7.0963195	5.452788
hano1246	-3.90047045895	2.55605648814282	-9.57046925	0.592158649999993
haru1245	-1.92235043779	2.72008740273367	-7.6455555	3.052556
hass1238	2.7145356222	2.4014192544931	-1.57220925	7.58506074999999
hava1248	-1.269493654126	2.89262393731816	-7.41780775	4.213871
hawa1245	1.6656190456	2.36957057136368	-2.414516	6.79758949999999
hebr1245	0.25355104745	2.57534221283373	-4.89063775	4.99801574999999
hehe1240	-0.30515630678	3.12362618918666	-6.66912725	5.9191505
heil1246	2.75320062749325	2.58873057135998	-1.87520175	8.50370049999999
hela1238	-0.15833719259	3.10665124458153	-6.97274475	5.852
here1253	-0.17701848826175	2.89047183003543	-6.0586555	5.32966075
hida1246	-0.6541215588	2.75148267697919	-6.6184425	4.40281475
high1276	0.838573358145	2.01309938289379	-3.0968095	4.68112925
hind1269	-0.2570193948205	2.84038566738482	-5.861923	5.44506325
hixk1239	-0.679607140107	2.93536326526427	-6.77125975	4.65653999999999
hoaa1235	-0.46353973016	2.93966306555484	-6.68927775	5.2733105
hoav1238	5.7610003835	2.22253758201104	1.8290285	10.4019775
holo1240	-0.20778864557	3.02560622391344	-6.426672	5.65247075
hone1235	-1.0777505073285	2.59305220669075	-6.398357	3.812137
hooo1248	-0.47242859267	2.83410275637499	-6.48320425	4.72285499999999
hopi1249	-1.01981639633	2.81745185852998	-6.8721375	4.17710025
horp1239	-0.047117263225	3.02713317612224	-6.09235	5.85792525
huaa1248	-0.580358940505	2.73589341565051	-6.2335105	4.77471125
hual1241	0.9363491572195	2.58833336214368	-4.26074975	5.96019825
huam1247	-0.998757048745	2.86972845257599	-7.15972075	4.48132175
huar1255	-1.4647751001005	2.56881566617522	-6.9250695	3.34121275
huas1242	-1.480904983695	2.41420348173233	-6.6806935	3.0414465
huba1236	0.18842286904	2.03891933372653	-3.7355555	4.04934025
huic1243	1.2828315784505	2.26367920942329	-3.2611045	5.75530049999999
hula1244	-0.64181863037985	2.63091447664195	-5.964626	4.37927025
huli1244	-1.3116808189	2.85613798253612	-7.12724825	4.05225024999999
humb1243	-0.29898216646	2.65789988338073	-5.65368225	4.6800015
hung1274	-0.125769373874	2.96724731407842	-5.868026	5.458929
hung1275	-0.5155141509405	2.90354863514441	-6.49544375	5.092693
hunz1247	-1.0113384142515	2.68225962583116	-6.82325725	3.88971375
hupd1244	-2.321549672545	2.51917131664919	-7.523097	2.257658
hyam1245	-0.5348485427	2.67832852478632	-6.0906135	4.57139375
iaai1238	3.8032811485	2.0474664523083	0.44460295	8.2549615
iatm1242	-0.741924903055	2.78362021769476	-6.264437	4.38786075
ibal1244	3.68824476303	2.21598608233119	-0.19781215	8.55443425
iban1264	-1.271345579497	2.73175079028369	-7.41479525	3.74681275
iban1267	3.7346361007	2.35114596346673	-0.44210085	8.88339375
ibat1238	3.05786985883	2.45323205204979	-1.31622475	8.42404875
ibib1240	0.966690761106	2.69258738112252	-4.47237725	6.20583725
idii1243	-0.93932281635	2.77804359377107	-6.535204	4.12153975
idom1241	0.315731892795	2.85165802380518	-5.25613225	5.882426
idum1241	-0.0401943114185	3.00797977218116	-6.06567275	6.149782
idun1242	-0.91459599777	2.30607380223314	-5.741835	3.40385275
ikkk1242	3.37971116333	2.80930633019829	-1.588967	9.252767
ilaa1246	-0.199557490333	3.1426520229659	-6.48454625	6.01298799999999
iliu1237	-1.777567342828	2.68440724996293	-7.5345895	3.22515975
ilon1239	4.24870067963855	2.37428001645875	0.118080975	9.27991475
imba1240	-0.7069213798595	2.89815560465667	-6.77026875	4.62547199999999
indo1316	-0.780011482397	2.77193770423995	-6.78066825	4.20595175
ingr1248	-0.09125677814	2.910086508741	-5.78008125	5.67126375
ingu1240	-0.720903867125	2.8601171622479	-6.754928	4.60653525
irar1238	-1.81154078529	2.65443604317276	-7.52584825	3.05061575
iris1253	0.07596019006	2.7221697360982	-5.37240225	5.35059275
irul1243	-0.04705289258	2.8517202560132	-5.81135325	5.74097575
isco1239	-1.089857439955	2.6063438173311	-6.64020725	3.91038775
isin1239	4.189828081265	2.27952460421976	0.189981575	9.06390125
isir1237	-1.47126155216395	2.71498692463709	-7.02340025	3.38837325
isna1241	3.097823285035	2.45806923631073	-1.4205845	8.19442474999999
isth1240	0.350833643358	1.93865453306435	-3.515429	4.0459095
isth1241	0.5204205694105	2.10963856755847	-3.61379	4.70654449999999
ital1282	-0.31291816677	2.87374882021582	-6.1146645	5.4336035
iton1250	4.3391044887	2.61716805392883	-0.420197825	9.87475474999999
itza1241	2.18381941137	2.5977748095189	-2.11874875	7.69428125
iumi1238	-0.831277074995	2.8344134591423	-6.86201925	4.43600225
ivat1242	1.874429332222	2.28844316578496	-2.2395135	6.8204445
iwal1237	-2.736879556769	2.62364443325449	-8.03746075	1.83542775
iwam1256	-0.3943836103405	2.69541622042293	-6.11324475	4.68970699999999
iyoo1238	-2.832083847065	2.55571206793258	-8.56281975	1.5968155
jahh1242	-0.683813411099	2.76053700848553	-6.473552	4.58971775
jalk1242	-0.47219077386025	2.85517621495563	-6.301858	5.227396
jama1261	-1.091630753745	2.80172366084215	-7.006566	4.20122174999999
jamb1236	-0.772349839373	2.55924288364612	-6.19047825	3.94424475
jams1239	0.908428093832	2.35021898256914	-3.4983335	5.84216175
japh1234	-0.08186236842	2.97881757968624	-6.0617115	5.81283374999999
jaqa1244	-0.05977171887	2.7228396151846	-5.72257675	5.12950099999999
jara1266	-1.0489230308935	2.77343496444979	-6.95466475	4.06040175
jede1239	-0.585958080587	2.74562063472635	-6.17082425	4.8008055
jeha1242	-0.638344652405	2.71359116844488	-6.25470675	4.46234825
jehh1245	-0.75374136289	2.89107235549662	-6.5722335	4.635938
jenn1240	-0.038489551755	2.94120777145927	-5.87896725	5.80224175
jina1244	-1.45078797767	2.41442206669123	-6.55073875	2.92229975
jjuu1238	-0.5674592345	2.69174470236875	-6.2462365	4.6476475
juku1254	-0.53891916519065	2.66618065917999	-6.04291375	4.40381749999999
jurm1239	-0.00843684581	2.95597010526888	-6.0035835	5.63018599999999
kaba1278	-0.40194864415	2.89525432537123	-6.3548885	5.14586325
kaba1281	-0.432919480145	2.93618551396917	-6.30835125	5.27868925
kach1280	-0.102785373696	3.01722892452024	-6.051429	5.800218
kach1284	-0.92624260983	2.80523021585138	-6.5710985	4.587363
kado1242	-0.79094257928	2.75706637056293	-6.3313695	4.52093374999999
kafa1242	-0.0687750352015	2.7999826397016	-5.5034945	5.36731049999999
kaga1256	2.7252842314905	2.42670058342496	-1.61853325	7.98321975
kagu1239	-0.408672787915	2.99008222559874	-6.373112	5.425331
kaik1246	-0.120491394285	2.94422559324383	-6.00272275	5.69578625
kaki1249	-1.8715712796565	2.90710876510999	-8.003277	3.7241175
kala1384	-0.08634243407	2.80692224630517	-5.88224175	5.34183725
kala1388	2.35186299198	2.19169207817579	-1.54729225	6.990399
kala1399	-1.19901576233785	2.4635462233256	-6.319767	3.31295925
kalm1243	-0.095275816126	2.91637451830786	-6.049978	5.68231374999999
kamb1297	-0.199430101505	2.95153619656883	-6.400708	5.528245
kamb1299	-0.859271907425	2.57436884735284	-6.154912	3.6425325
kamm1249	-0.626886571825	2.73904662578805	-6.2819645	4.72135175
kana1286	2.02368895728015	1.92623195317393	-1.723951	5.83580599999999
kana1291	-1.000003934698	2.78691933173957	-6.77190775	4.28536275
kani1286	-2.26089404395	2.83684201160395	-8.42781	2.96502899999999
kank1243	2.807942075445	2.03440636761882	-0.8061662	7.0259725
kaon1241	-0.143572818966	3.00768855961989	-6.10958225	5.5325495
kaqc1270	2.47381200013	2.29998478344842	-1.65934525	7.32115525
kara1476	-0.7395096890915	2.57511855448079	-6.0044085	4.0213815
kara1482	-0.3371655497218	3.0826739391794	-6.4359475	5.56170675
kara1486	-0.3269488002515	2.04804662932847	-4.57131575	3.721664
kara1487	3.7655795399	2.10779682616179	-0.03536043	8.28626649999999
kara1500	-0.500156522238	2.82789300637988	-6.30302775	4.63076224999999
kare1335	-0.0192204662575	2.9708749938908	-6.19561075	5.84872424999999
kare1338	-0.494632540083	2.90641990559655	-6.43135675	4.96228699999998
kari1311	0.358330833075	2.65449753383172	-5.260461	5.521199
karn1252	-2.780089771655	2.53427391880132	-8.53613675	1.64685874999999
kash1277	-0.283832290015	2.99151197671863	-6.181917	5.48387725
katb1237	-4.28521125255	2.28559257336854	-9.36780675	-0.454556850000002
kats1235	-0.316937938285	2.92202754482695	-6.04633175	5.39899425
kava1241	2.47983324996	2.22951058477398	-1.65427525	7.16810725
kaya1315	-0.30757114009	3.01858681319841	-6.2519	5.39478275
keap1239	-1.62617660449	2.78355424311052	-7.6583365	3.61027875
keig1242	3.10074805215	2.70137656073169	-1.84138375	8.80569825
kele1255	-0.112720311785	2.86243664240721	-5.717767	5.44844449999999
kele1258	-1.849149001227	2.40530526801266	-6.87886875	2.59841899999999
kele1259	3.540894704625	2.05598762863941	-0.16770505	7.88426275
kemb1249	-1.65361045972	2.51401917278845	-7.139193	2.9349325
keme1240	-0.698167848686	2.63129667157562	-6.04069575	4.24465525
keng1240	-0.86700346437	3.01787559266085	-6.91240725	5.06981925
kens1248	-0.6456678295455	2.87510270476001	-6.7053245	4.64645575
kenu1236	-0.6594101610357	2.82167140369248	-6.575485	4.6603095
keoo1238	-1.3227579232075	2.57494686874653	-6.672897	3.26354625
kera1255	-2.08508879087	2.45746417478777	-7.3340205	2.31412975
kesa1244	-2.56978525136	2.64824643508451	-8.0435385	2.25782
kett1243	-0.13361841115	3.01780248081954	-6.15772025	6.216228
kgal1244	-0.247334607345	2.87242968960595	-6.126925	5.22492475
khak1248	-0.114804731505	3.02978940323565	-6.418608	5.94844775
khal1275	-0.1262843608885	2.92525859816029	-5.98362925	5.771705
kham1282	0.000766550724500001	3.02110792735388	-5.915075	6.06143325
khan1274	-0.7438570108475	2.72201751272481	-6.119221	4.40091049999999
khan1278	1.1286210925	2.62432705962895	-4.17865675	6.01762275
khar1288	1.1022371615965	2.89596794306941	-4.2934925	6.8875785
khas1269	2.8394522480895	2.37785082899964	-1.6314245	7.821305
khez1235	0.750035274205	2.89398646246077	-4.98542975	6.49144
khin1240	-0.702934491765	2.93943763669263	-6.75364475	4.90196275
khmu1256	-0.784389822065	2.82581046476852	-6.7336055	4.43340725
khum1248	0.709744961485	3.08043135760094	-5.1263955	7.1772115
khva1239	-1.045216213671	2.75845288781807	-7.178176	3.83523275
kich1262	2.736182777265	2.30554381475049	-1.41648825	7.674069
kiku1240	0.882119627599	2.82189777837791	-4.61108375	6.314168
kile1243	-0.04988762678	2.99956513167093	-5.97816	5.60333525
kili1267	2.21410795608	2.15054232438415	-2.1734485	6.68555349999999
kimm1245	-0.45438410732	2.77017650381311	-5.91080925	4.87939274999998
kimm1246	-1.860981988728	2.61647387116731	-7.4160005	3.08101499999999
kina1250	2.5454782008334	2.6466879794701	-2.1172395	8.37411725
kinn1249	-0.070209381955	3.08964003589989	-6.38985725	6.02618099999998
kiow1266	-0.43154537558	2.75062358285058	-6.01307825	4.7527475
kips1239	2.320299521315	2.47282406024072	-2.27566025	7.3793575
koda1255	-0.076444377966	3.10257525296632	-6.237341	5.94128275
koit1244	-2.034097574085	2.62321900032178	-7.68958275	2.76320375
koko1269	3.5139182962	1.86899854038264	0.07999305	7.57241425
kola1285	-1.238360410875	2.52527491438101	-6.51396575	3.29260525
kolb1240	-0.630854698785	3.02210535431029	-6.41397	5.12699825
kolc1235	-0.27174797444	2.9863037493555	-6.2297415	5.332576
kolu1245	-0.73566442189	2.19019513744308	-5.50215325	3.3868405
komb1274	-0.482621257285	2.94764441285153	-6.69459725	5.16166425
komc1235	-0.62045793374	2.62559766632411	-6.12773275	4.24389325
komi1268	0.052372525735	3.11019460457116	-6.291153	6.12568675
komi1269	-0.14681216335	3.11168740470572	-6.54739175	6.05664174999999
komi1270	0.74260928628	2.90387121535307	-4.8645485	6.622658
komo1260	-0.066117647796	3.03365340168742	-6.281266	5.91036999999999
kona1242	-0.93550307593	2.9936692020382	-7.0434265	4.71317224999999
konk1267	-0.11394116573	2.93706004174134	-5.952887	5.67150349999999
kony1248	0.24036439508	3.03282360648933	-5.5866815	6.49843875
konz1239	-0.162039373625	2.93951526318602	-6.07550725	5.535695
koon1244	-0.103270273131	3.06218181993455	-6.4558775	5.8922095
koon1245	-0.1921691532235	2.92114763521029	-6.13522925	5.45336225
koor1239	-1.0233094776445	2.86581484208022	-6.935269	4.39357199999999
kore1280	-0.0531949278777	2.76782578228991	-5.55077525	5.15381325
kore1283	2.65338377443	2.43815071678747	-2.0516605	7.84370425
kork1243	-0.17220821731	2.85813118346841	-5.897624	5.07371925
koro1298	0.71550161593404	2.56541802805761	-4.1174475	6.01983849999998
korr1238	-0.02771524908	2.87866269882287	-5.62218875	5.7914555
kosa1249	-0.623741596985	2.850756711665	-6.7884375	4.74719225
kosr1238	-0.696497724234	2.56772404119331	-6.12013875	3.94908799999999
kota1263	-0.0344194440105	2.95091081806908	-6.023012	5.550978
koti1238	-0.15892249498	3.1058053484062	-6.50996025	6.0525655
kova1243	-2.76871736355	2.50318511847254	-8.285657	1.65508175
kove1237	-2.370451760245	2.64931166760677	-7.80576325	2.28284475
koyr1240	-0.6387395681105	2.80408006323641	-6.7338745	4.61423924999999
koyr1242	-0.6177731780685	2.88554671504354	-6.615437	4.90803725
kryt1240	-0.675600482299	2.95346197178453	-6.80805625	4.955667
kuan1247	-0.089125030041	3.09744828817175	-6.38958175	5.885014
kuan1248	-1.763382241895	2.47165529151647	-6.97689925	2.68795
kuik1246	-1.01874631833	2.59480753837325	-6.36565925	3.93861775
kuku1280	-0.70845620911	2.8280763666993	-6.7688845	4.6294485
kulu1253	-0.1065615614865	2.95480265059745	-5.931077	5.83465175
kuma1276	4.429859486945	2.37246823572081	0.4382295	9.86497749999999
kumb1268	-0.46335595168	2.75929294183989	-6.2201585	4.73304675
kumz1235	-0.25098983129	2.96031193389954	-6.4109	5.57635525
kuna1268	-0.75685869559145	2.86739173767585	-6.433835	4.88296075
kunb1251	-0.624336082563	2.87855480531567	-6.54498425	4.8530155
kuni1267	-2.449870219534	2.60696210943249	-8.10285525	2.01117675
kunj1245	-0.4952720200525	2.86989317046915	-6.415591	5.01501175
kuot1243	0.456310303126	1.87939664798252	-3.199061	4.29821975
kurr1243	3.977324309455	2.55469452857162	-0.453028425	9.5624925
kusa1251	5.60521452995	2.27828064494108	1.57186175	10.4914225
kusu1250	-0.148893911975	2.93777179670763	-6.10862525	5.85692625
kute1248	-0.544607003445	2.68692760020981	-5.978885	4.50075
kute1249	2.62285538046	2.61579096757906	-2.20520125	8.42023424999999
kuyy1240	-0.737043515315	2.83415550717585	-6.544863	4.4042795
kwai1243	-0.72294003036	1.977756353007	-4.92034225	2.90459175
kwam1249	-0.470968249195	2.84932435237493	-6.22269775	4.94428399999998
kwam1252	-2.6088735874885	2.25011869663543	-7.64756	1.34744725
kwar1239	-0.527535622605	1.93826891082995	-4.678048	3.080649
kwaz1243	-0.2328109693075	2.74741964854178	-5.87249275	5.1045415
kweg1241	-1.792256711896	2.4795909891508	-7.06714575	2.81435125
kwin1241	-0.3578439821275	3.0441216711577	-6.71404475	5.39710275
kwom1262	-0.120431665855	2.63948542880601	-5.6555985	4.96919725
kxoe1243	-0.432393319965	2.94422868437162	-6.3804425	5.34868499999998
kyer1238	-0.192446523945	3.04567902437862	-6.576902	5.579508
laal1242	-1.05920155699	2.80911962698096	-6.87394875	4.3416205
labo1244	-4.128541009315	2.35275123861528	-9.16620525	-0.061933060000004
labu1248	-2.9716945293292	2.50971881374566	-8.49205775	1.25351725
lagw1237	-1.43429948433775	2.43679740111249	-6.58681125	3.1348485
lahu1253	-0.7745777589905	2.8223736294099	-6.4467795	4.70001525
laiy1246	-1.725951178092	2.4797233725543	-7.08159025	2.85264825
lakk1252	-0.91431560319	2.71607693772973	-6.7195815	4.136918
lala1268	-2.227264408204	2.6146016040323	-7.716811	2.33200625
lama1277	-1.648190313525	2.64635803475909	-7.00818425	2.91116525
lama1288	1.679458566095	2.03275387159918	-2.22071275	5.9460925
lamb1272	-0.21321872217	2.89802240202758	-5.85762375	5.358167
lamb1273	-1.19896154263	2.66780735615528	-6.87314975	3.6549535
lame1260	-4.253619287225	2.29665015416935	-9.393715	-0.389585600000003
lamk1238	0.83136967882	2.97773638653762	-4.8593845	6.71056425
land1256	1.68421824797	2.74922961008966	-3.56212475	6.99120775
lang1320	-0.960456021241	2.73891873521174	-6.8135075	4.163883
lash1243	-0.1326003210105	3.0677030386367	-6.23703825	6.17364175
latv1249	-0.350852386265	3.00968811181762	-6.48097075	5.23500075
lave1248	-0.7654734398565	2.89409538905509	-6.856534	4.58883199999999
lavu1241	3.30792456387	2.43578967696284	-1.31497425	8.44296725
lazz1240	-0.44217272404	2.81278732143683	-6.19842325	4.95811524999999
lega1249	-0.191475707765	3.03417789183467	-6.0217625	5.68993725
lega1250	-0.156689351295	2.98109984583822	-5.96928425	5.76101875
lele1267	-3.4821671634505	2.35662023435318	-8.70645025	0.577270499999998
lele1270	-1.86891044999	2.39235396071063	-7.0994935	2.5698795
lele1276	-1.672543107835	2.57212568581159	-7.34568275	3.11106775
lemb1266	-1.641436273496	2.70752836380998	-7.2780885	3.41144675
leme1238	-2.955125479195	2.43574561838153	-8.44949975	1.0829125
lena1238	-2.546042183545	2.30310500713057	-7.491812	1.466987
leng1259	2.353524977525	1.83853156564181	-0.94423165	6.35104225
lepc1244	0.0757753699915	2.91430331898165	-5.737892	6.0474145
leti1246	-1.781060269205	2.65270568444165	-7.5787815	2.8680985
lewo1242	-4.11029681	2.33221751085227	-9.32203625	-0.191183175000004
lewo1244	-1.547987301725	2.58232362945444	-6.8673825	3.16179025
lezg1247	-0.72764683121	2.90529702356888	-6.6386675	4.68892525
libi1244	-0.3512140803925	3.00491456517854	-6.45504725	5.40868375
liby1240	-1.4109859735995	2.55530565975966	-6.7623565	3.31865699999999
liji1238	-0.22077619991	2.59741442967051	-5.397859	4.761068
lika1243	-0.2525901541455	2.82225933135234	-6.10460025	5.11009525
liki1240	-0.327766330475	3.0306334690742	-6.35052875	5.51536774999999
lill1248	2.090938719205	2.5949743335639	-2.5308165	7.60464224999999
limo1248	3.385950125765	2.27413516938689	-0.604673525	8.21945874999999
ling1265	-4.33192652753	2.28122278986351	-9.405948	-0.455478875000005
lipo1242	-0.27329706004	3.01954401242832	-6.4325335	5.6931795
lish1245	-0.824796978525	2.65046243004775	-6.4762865	4.0431575
lisu1250	-0.076226516825	3.02604812605127	-5.99501725	5.8884185
lith1251	-0.2442901801645	2.85090709678476	-5.977213	5.17868425
lito1235	-0.395034250525	2.85781971474852	-6.445666	4.99259599999999
litz1237	-4.28509762425	2.31543610738198	-9.3930775	-0.296097925000001
livv1243	0.019617651625	2.92059662299754	-5.588783	5.92776325
loba1239	-0.334396708675	2.94135782156254	-6.36425725	5.3567365
logo1259	-0.154194467245	2.92869621349412	-5.953667	5.70443875
loka1252	0.543858126691	2.94470654188801	-5.352766	6.5383665
lolo1259	-0.220230362819	2.98274584777985	-6.2265225	5.70958599999999
lomb1257	-0.36015107907	2.78229599959767	-6.00870475	4.68214075
long1395	1.771160896665	1.89662334226564	-1.757718	5.61967575
loni1238	-1.856458796415	2.40235370237049	-7.14664225	2.65199099999999
lonw1238	-4.36681645611	2.35154270398958	-9.554601	-0.330532525000001
lote1237	-1.78700960749	2.54017139378729	-7.3475925	2.775257
louu1245	-1.929738118499	2.34497340967183	-7.353902	2.4856455
lowl1260	4.576820953445	2.64498773529442	-0.0925420599999999	10.29267
lowl1265	-0.7461022552245	2.46066211729903	-5.74862275	3.85897825
lozi1239	-0.331983343385	2.92304753476201	-6.13524675	5.27979025
luan1263	-1.675917979377	2.66415134177502	-7.376636	3.10183725
luch1239	-0.259295278295	2.94334283933474	-6.25234525	5.42218049999999
ludi1246	-0.123586970172	3.05779738687855	-6.237111	5.845776
lugb1240	-0.12476266097	2.91716979665564	-6.1427945	5.61577375
lugu1238	-0.32304817143	3.12110288981771	-6.6582505	5.8081165
lule1254	-0.06622227103	2.91769786430603	-5.88342925	5.6758295
lumb1249	-0.069976394575	2.96786182316495	-5.912561	5.89036849999999
lumu1239	1.361718500075	2.74968023895033	-4.0659225	6.74368749999999
lund1266	-0.18794026829	3.02051455974268	-6.1269375	5.560306
luok1236	0.3219298342805	2.48581761455541	-4.70370875	5.10705525
luse1252	-0.254136764175	2.98939048995309	-6.26739075	5.76619274999999
lush1249	0.614646916405	3.05672819160718	-5.43430925	6.7695985
lush1252	2.152784487605	2.64595151409823	-2.62589425	7.87230449999999
luva1239	-0.2041259278685	2.80933774345992	-5.675479	5.116616
luya1241	-0.24380347908	2.89259641090794	-6.0586125	5.47700675
maan1238	-1.12907758711	2.61246597517968	-6.5945165	3.71215324999999
maba1270	-0.334501392935	2.91241134487865	-6.12477575	5.21183874999999
maba1277	-0.3801678774	2.98466084831882	-6.33546125	5.3310185
mace1250	-0.430796757505	3.01426634510195	-6.685509	5.306796
maco1239	0.4340661220325	2.67221597207961	-4.7698335	5.81678925
macu1260	-1.968108671315	2.61250183781095	-7.63294725	2.8045695
mada1285	-0.5633702354804	2.07863432672202	-4.9134185	3.3280025
madi1260	0.36613428413	2.77555097611924	-5.07151975	5.86227
maee1241	-4.187649316755	2.31616240953613	-9.012329	-0.192941625
mafe1237	-3.907849578142	2.44519534264745	-9.084112	0.362230699999996
magd1235	5.47262725544	2.66861190085846	0.79154555	11.3865575
magu1243	0.61201605789	1.98872836329372	-3.38396425	4.64476899999998
maia1253	-2.25703829132	2.66476496625842	-8.07760175	2.81298425
maib1239	-1.228927748555	2.8528320984972	-7.00035875	4.25576624999999
mail1248	-1.33311974858	2.64138336478087	-6.80245525	3.96021974999999
mais1250	-1.8651047772825	2.591875554121	-7.6968765	2.59187149999999
mait1250	-0.3517761771395	2.8725726178032	-6.2556235	5.07026025
maja1242	2.0868783285325	2.50713335487258	-2.56584225	7.40531075
maka1304	-0.25508757435	3.08649192581843	-6.62689475	5.867637
makc1235	-0.146204224581	2.79258982277371	-5.8102895	5.51497699999999
makh1264	-0.20540244644	2.96553123827109	-6.1299515	5.8317505
makh1266	-0.14112410238	2.96306914867555	-6.11771925	5.64040225
mako1251	-0.08153009918	2.92316588441229	-5.892636	5.48741975
mala1463	-0.075264031585	2.88299365421392	-6.0739085	5.49069925
mala1464	-0.0473531236745	2.95906444603272	-5.79351575	5.72618699999999
mala1479	-0.4582664030845	2.76337380927674	-6.21931525	4.71189
mala1522	0.5623710461755	2.60025477929823	-4.70744875	5.61708025
male1284	-1.4233292476665	2.74753621598987	-6.91715925	3.88166275
male1289	-2.57071560669	2.64458805156279	-8.25212325	1.84731175
male1297	-0.9301313137145	2.84273177347208	-7.10269725	4.413381
malg1251	0.16799744177	2.33047753380341	-4.7675285	4.71584925
mali1285	2.469841727145	2.08122481931532	-1.47746125	6.981051
malo1243	-3.99484142465	2.36883578364026	-8.9467445	0.236426049999997
malt1254	-1.1440787306485	2.59456600696126	-6.767074	3.529817
malu1245	-4.08584744975	2.33330009535695	-9.055254	-0.0612994200000002
mamb1294	-1.3908644769098	2.62573464092002	-6.78906675	3.60576
mamb1296	-0.116894047175	2.94045165047223	-5.95315325	5.78966275
mamb1306	-1.6163341633315	2.64666425373143	-7.3381595	2.9945725
mamm1241	3.241397328995	2.42624862740286	-1.22047225	8.49361475
mamv1243	-0.19490150874	2.93765897152947	-6.223362	5.359899
mana1288	-0.127018333635	3.05911876018105	-6.355546	5.72147799999999
mana1295	-1.932871879355	2.49586611908471	-7.1701315	2.6469665
mana1298	-0.316449036627	2.68259134507478	-5.84528075	4.80292799999999
mand1415	-0.035988925205	3.00005716980232	-5.9791515	6.1516435
mand1440	-0.155075243055	2.0492184663551	-4.3171685	3.98074024999999
mang1378	-0.928315370554	2.73557904626245	-6.60447625	4.37972575
mang1381	-0.53745327855	3.04434278826736	-6.82018875	5.53687149999999
mang1394	-0.187983083355	2.79385240263058	-6.07549975	5.1937435
mang1401	1.77781191885	2.29606795874812	-2.29209	6.55487375
mang1403	-1.97893482195	2.49581365382923	-7.39132925	2.455206
mang1405	-1.677807607015	2.60755579729988	-7.16801525	3.180052
mani1235	-1.52273434310895	2.89068325876377	-7.59681325	4.0312805
manm1238	-0.909044457373	2.75926920504412	-6.54395025	4.612914
maor1246	1.8269508089515	2.41842795765804	-2.37263975	7.17219949999999
mapo1242	-2.915878763235	2.55798753025638	-8.47632175	1.35706425
mapu1245	-0.68787132406	2.74436648626646	-6.28724625	4.55330899999999
maqu1238	-0.911045117861	2.61405750116343	-6.56788725	4.00830675
mara1378	-0.20923332049	2.89312336350686	-5.8107535	5.67263475
mara1379	0.887410643025	2.89380921794547	-4.80774675	6.5802625
mara1382	0.338946949225	3.12367387673101	-5.98380875	6.363703
mara1399	-4.2245884654	2.33115193524586	-9.2668005	-0.247206125000001
marg1265	0.62098262075	2.2324276294498	-3.58462225	5.01109049999999
mari1424	-0.6296107954645	2.84113774747372	-6.752675	4.89966275
mari1426	-3.470578124105	2.57549637745363	-9.1288015	1.13326075
mari1428	-2.64653279370093	2.54656319095897	-7.933281	1.708865
mari1440	-1.334002442025	2.81549156921234	-7.21687275	4.0082345
maro1244	5.64493194955	2.27558842689846	1.733397	10.53381
mars1254	-0.579438612805	2.76478418315137	-6.283129	4.590055
mart1255	1.319377285035	2.29325643511472	-3.3016095	5.64408525
maru1249	-0.233177212935	2.92649929323028	-6.26412075	5.627059
maru1252	-0.947352496415	2.75935769748093	-6.58742125	4.13571075
masa1322	-2.1415977488	2.53036925558509	-7.74117725	2.2830475
masb1238	2.545906369	2.54854053744764	-2.047017	8.03131049999999
mask1242	-4.322383784055	2.28280164590974	-9.31806825	-0.335811625000001
matb1237	-1.40106621223	2.74058681029218	-7.24992525	3.67500174999999
mati1250	2.6096972889205	2.36214462434242	-1.61709075	7.76607025
mato1252	-3.034719212395	2.5803674796702	-8.744097	1.3891915
mats1244	-0.608071767035	2.99920191442541	-6.68865975	5.0321075
matu1259	-0.1504702571395	2.86192873090755	-5.925746	5.52082525
matu1261	-2.561854386365	2.5970127813571	-8.13016825	2.05876
maun1240	-0.609767391755	2.84971049001052	-6.4758285	4.73510999999999
maxa1247	-0.387237097445	2.78006921353113	-6.162278	4.94587375
maya1285	-1.4448843920055	2.8471782613285	-7.4222225	3.69245049999999
mayo1261	-0.24316159302	2.7439396948831	-5.96116775	5.082228
mayo1264	-0.7422653964898	2.39439045967696	-6.0195	3.91028625
maza1304	-0.998105997168	2.15381602437497	-5.446415	3.13330825
mbaa1245	-0.091035113695	2.91932071011096	-6.05667525	5.596267
mbal1255	-0.063683082595	3.08010513489104	-6.53395125	6.008292
mban1263	-0.3082105914615	2.89171285984979	-6.295702	5.198772
mbar1260	-1.9618340517	2.56203655134856	-7.52186175	2.9358865
mbay1241	-1.0159346697975	2.89760900154943	-7.0630525	4.54200575
mber1257	-0.125603779603	3.16958946054453	-6.65258225	5.93706124999999
mboc1235	0.287163608977	2.94796481406259	-5.3325725	6.01689149999999
mbol1247	-0.167567571113	2.96004507486405	-5.98827025	5.4339825
mbul1263	-2.7334380180755	2.55866653767669	-8.39332775	1.662186
meen1242	-0.1715621635185	2.64101502887252	-5.483461	4.86670525
mehe1243	0.467672860345	2.34111407804607	-4.13302575	5.00254399999999
meke1243	-2.3789852095	2.64426204048467	-8.0390225	2.350384
mele1250	-3.437658862032	2.35614735327949	-8.83161375	0.546330899999997
melp1238	-1.8757216680565	2.79677411967215	-7.6049455	3.41588775
mere1242	-3.459303604225	2.47071263760753	-8.6259915	0.855859524999996
meta1238	-0.2429382991815	2.74407643110562	-5.93303	5.30363775
mezo1235	4.515022256415	2.57094365819174	-0.1193698	10.0793925
mezq1235	-1.155493743353	2.43889388943706	-6.191294	3.53155125
mich1245	-1.019805637545	2.64712353624698	-6.5225265	3.9751025
miju1243	-0.074202804175	3.03434611096325	-6.05843725	6.30385725
mikm1235	-1.066615972245	2.62272209025981	-6.691715	3.87418725
mila1245	-0.002798909067	2.97590599509105	-5.99424075	5.91305974999999
mina1268	-0.685809814483	2.53683284141544	-6.17180175	3.92667175
mina1276	-0.82802543663	2.06770443953727	-5.043346	3.12931175
mini1251	-1.710045823135	2.47737365830882	-6.87020075	2.74003724999999
mini1256	-0.40757857331	2.6241414445521	-5.9826985	4.43261575
minn1241	0.2018870027	2.95465880135378	-5.6403645	6.2497495
misk1235	-1.24753730037	2.77077106884173	-6.85240625	3.83452275
mixt1426	5.23596546119	2.72385337469753	0.5488469	11.0252075
miya1259	-0.267817029547	2.8265565989907	-6.0206205	5.181529
miya1266	-1.34972833981	2.67866064072487	-7.07079425	3.6533285
mlab1235	-0.528743559775	2.72689820618818	-6.118783	4.7768735
moba1244	-0.261112140385	2.9908714487392	-6.20854675	5.53282075
moch1257	3.66694908241	2.5175093542641	-0.706878325	9.1294435
moco1246	-0.5602818078385	2.66992994870441	-6.3093095	4.421704
mode1248	-0.1767326330015	2.72615588760274	-5.620888	4.939084
moha1258	-0.335456125785	2.84989496031507	-6.30005525	5.37451275
moke1242	-0.65915274656	2.72564389501532	-6.3043555	4.28125125
moki1238	-0.8817454615085	2.69783531237809	-6.61997925	4.008971
mokl1243	-0.7629897472	2.8021113890501	-6.45267825	4.628466
mokp1239	2.544614177295	2.78920459519902	-2.66121975	8.23979724999997
moks1248	0.01707379761	2.92376219529877	-6.05607725	5.84032975
molo1266	-0.4029834816645	2.11794747089612	-4.60329275	3.45703124999999
mong1338	-0.137923311115	3.12785865620526	-6.41078425	6.05231825
monn1252	-0.2686118221455	2.98343042750124	-6.26707725	5.461418
mono1270	-0.22622427816	3.04910175533204	-6.27652	5.740279
mono1273	-0.066556700132	2.40371544807703	-5.1285945	4.36630375
mono1275	-0.792421239299	2.80777065545782	-6.70133375	4.402609
mopa1243	1.807869159765	2.6757654679956	-3.14972575	7.55024999999999
more1259	2.042680573435	2.13615964321735	-1.97636125	6.360396
morm1235	-1.893322128609	2.63507441115266	-7.2592265	2.72438075
moro1287	-1.613598048093	2.69280957047435	-7.49398275	3.3091615
moro1289	-0.594122095892	2.75123962350554	-6.420435	4.42729849999999
mort1237	-0.4839228256235	2.72590966058554	-6.451313	4.68967975
mose1249	1.204691728774	2.52449084667439	-3.659942	6.318709
motl1237	-2.9562742906205	2.51987565526427	-8.49799325	1.52031075
motu1246	-1.970588309185	2.57600167209974	-7.48223475	2.80789
movi1243	3.17555644531	2.52200532022449	-1.2861585	8.5489085
mpad1242	-1.406712769215	2.51480940748039	-6.82987625	3.25827274999999
mpii1239	-0.42998334771	2.94135201020936	-6.5952515	5.39653225
mpot1240	-0.1152193444955	3.00540714806489	-6.266786	5.8268485
mpur1239	-1.090101258655	2.91616674243169	-6.90737675	4.41285924999999
mual1241	-1.4270030402095	2.63719466432209	-6.9083665	3.36896225
mudu1239	-0.057710035464	2.98267608107992	-6.05170175	5.63904225
mudu1242	-2.0462048643695	2.74753068121923	-7.91755975	2.71184275
mull1237	-0.717654727329	2.84342549509889	-6.481731	4.5917725
munc1235	-0.0230385545867	3.03880032587216	-6.31876875	5.8395135
mund1325	-1.709733536232	2.64848092953249	-7.2859205	3.325487
mund1326	-0.0326265088	2.90975810729572	-6.1123525	5.70858975
mund1328	-0.649515193035	2.64991904828614	-6.0829175	4.1716935
murl1244	2.4728795797355	2.60989359038621	-2.16654375	7.72201425
muru1266	-0.579830124805	2.9300900304429	-6.64472075	4.83889075
musg1254	-1.841380217075	2.37613450259718	-6.8407475	2.62028025
muso1238	-3.0330725174	2.51771655221691	-8.5826495	1.27904075
muyu1244	-0.6041758931865	2.52909320092942	-6.299395	4.105084
mwag1236	-0.023890706775	2.1599098797848	-4.39123725	4.198499
mwan1247	-0.0496061991935	2.90057309079528	-5.59560425	5.32929075
mwer1248	-0.11388242691	2.82920749172603	-5.56651675	5.4415745
nade1244	2.7879274157425	2.52958324084115	-1.7856575	8.1126825
naka1262	-1.979871001989	2.54448621379191	-7.7688015	2.50414949999999
nali1244	0.129811561569	1.92824688233082	-3.786894	3.900145
nama1268	-3.84483656875	2.46283631492287	-9.084077	0.4618753
namb1293	-0.90888616193	2.88692728776905	-6.862038	4.557983
nana1257	-0.06206488326	2.76169303721085	-5.42303225	5.68114325
nand1266	3.3886316504515	2.70284520075834	-1.2881955	8.95174149999999
nang1262	-2.42809824523285	2.54337252954524	-8.083487	2.1042555
nara1262	-0.703937205305	2.90768848970946	-6.4544215	4.91359324999999
naue1237	-1.808941379345	2.53809684136221	-7.31849375	2.71656375
naur1243	-0.7418016501455	2.62681817781152	-6.3500915	3.88752025
nava1243	-0.6985662007455	2.92248483085072	-6.70264	4.66512575
nawu1242	-0.14718473319915	3.04444537947712	-6.2800985	6.12497124999999
naxi1245	-0.13538921247	3.00367297138674	-6.13964375	5.5967535
ncan1245	-0.6908766419565	2.60335019669662	-5.92652475	4.252766
ndam1239	-0.2073485151057	3.0285496415456	-6.54716275	5.43523449999998
ndog1248	-0.25719650667	3.12931487229116	-6.65124675	5.94679
ndun1249	-0.310322628435	2.97572281691643	-6.58670875	5.4944065
neha1247	-1.906302056875	2.59471206439339	-7.6078845	2.58947199999999
nend1239	-2.23240655241	2.67617309128595	-7.8868645	2.65434075
nene1249	-0.0251598765	2.97012943772049	-6.08085475	5.91463775
neng1238	2.874303999245	2.27168130588739	-1.29913425	7.893516
nenn1238	-0.9242039042995	2.88424835136554	-6.7478355	4.45620049999999
nese1235	-4.1099975297	2.32293044194545	-8.96972675	-0.108648900000001
newa1246	-0.14857802346	3.03977592990973	-6.23846775	5.96873875
nezp1238	-0.353855024125	2.83882264841256	-6.29803425	5.19494175
ngaa1240	-0.5459198720335	2.79383782198083	-6.675751	4.82876375
ngab1239	-1.130754670185	2.64592621199307	-6.73888075	3.70780025
ngal1292	-0.55231325644	3.02097724408217	-6.98148375	5.48668475
ngam1268	-1.294356381	2.8773043605123	-7.08578775	4.0304515
ngan1291	-0.046182607605	2.94170502247916	-5.755909	5.9819425
ngar1235	-0.444712128378	2.80146837615355	-6.076362	5.018118
ngar1284	-0.234282064844	2.99285459235108	-6.4128885	5.67357999999999
ngas1240	1.144827718218	2.17068146056062	-2.933826	5.54655124999999
ngba1284	-0.2097207137955	2.82197735777137	-6.2759985	5.49250374999999
ngba1285	-0.4050749241325	2.80559306243299	-6.18503875	5.07378274999999
ngit1239	-0.1802952521	2.8938952932269	-5.85478775	5.33074575
ngom1268	-0.29782514627	2.9638733433756	-6.49138575	5.71788825
nhan1238	-0.449332571795	2.6521302658307	-6.087271	4.567348
nhen1239	-0.8679233629225	2.62949308183821	-6.20668025	3.9005295
nila1242	-0.55832246655	2.78292909122112	-6.04025	4.8113625
nina1238	-1.112042637125	2.77084622148964	-7.1229975	3.98457675
nisg1240	2.467604794565	2.65445984691704	-2.60991975	7.93044875
niua1240	1.979509229135	2.37013989935192	-2.17996425	7.242753
niue1239	2.01061219147	2.43036634144171	-2.26955175	7.272062
niva1238	2.757204865885	2.58434525575711	-2.148908	8.2195875
njan1240	-0.6777384073353	2.77826165602798	-6.20192325	4.72448025
noct1238	0.089557842895	2.99870564395487	-5.6752815	6.1553345
noma1260	-0.06600270145	2.78208007777074	-5.42677625	5.18062175
noon1242	-0.163133679955	2.96190502787873	-6.19969525	5.48279724999999
noon1243	-0.690126767055	2.56760723953712	-5.96477225	4.26794875
nopa1235	5.1151207534	2.6805778143933	0.35046415	10.8399275
nort2671	-0.06075133072	3.05030818725067	-5.9771005	5.92888575
nort2684	-0.63662217165	2.93352519291924	-6.55168425	5.0289675
nort2690	0.03520986476	3.17961963251012	-6.084418	6.29369174999999
nort2697	-0.755117202675	2.76786163562519	-6.44573475	4.56856625
nort2702	-0.065980612125	2.95608635527018	-6.12121325	5.68661675
nort2722	-0.02131141237	2.99024576192783	-5.7426495	5.95741999999999
nort2723	-0.09615475701	2.94576956397236	-5.764949	5.89194325
nort2724	-0.134975991181	3.1070462999914	-6.3719535	6.07114749999999
nort2732	-0.11262493843	2.96875913133251	-6.058524	5.70629399999999
nort2745	-0.447239877455	2.95256249111361	-6.5274605	5.34559075
nort2747	-0.3327100802145	3.02257729278106	-6.2487545	5.73523949999999
nort2774	-0.30076793889	2.88610289844102	-6.3975305	5.29029824999999
nort2839	-4.287737998355	2.35446955188714	-9.42035725	-0.237742800000001
nort2845	1.857299530075	2.47186204114384	-2.4811055	7.220996
nort2847	-2.67008798585	2.30268646463045	-7.83946125	1.36486175
nort2877	2.31252367104	1.97114018729269	-1.3998615	6.48454299999999
nort2885	2.378237430535	2.57655548864931	-2.2083715	8.1460645
nort2930	-1.490709704531	2.92807189076596	-7.64879525	4.1121565
nort2938	-0.504965202695	2.55261902461659	-6.0085535	4.31649575
nort2942	-0.400166903415	2.75253216432152	-6.255617	4.71179425
nort2954	-0.79679622181	2.73431077500964	-6.57488775	4.16591724999998
nort2957	0.325714190251	1.98536340572946	-3.590553	4.14742375
nort2959	2.198884294565	2.42337854163689	-2.43777075	7.46100724999999
nort2961	-1.24234590575	2.66562696852799	-6.9082765	3.5688625
nort2972	-0.695756876185	2.87538149330969	-6.58173575	4.677551
nort3047	-0.622815331065	2.12909163634504	-4.9779555	3.30171025
nort3139	4.12481564785	2.4121463105184	-0.0305227374999999	9.3458945
nots1237	0.32590684819	1.87787295076227	-3.33250725	4.04798299999999
nsen1242	-0.046714673305	2.95307086287335	-5.975595	5.53719125
nucl1235	-0.60961547331	2.83374173955632	-6.52869675	4.62010175
nucl1240	-0.70507827515	2.79250107855307	-6.28619725	4.6075075
nucl1301	0.01568817873	2.92530251251336	-5.86621375	5.58976475
nucl1302	-0.795525025855	2.75797564240754	-6.4186575	4.5120435
nucl1305	-0.0105831391385	2.9390083505493	-5.910313	5.70321899999999
nucl1310	0.031067548451	2.98785255577891	-6.020656	5.74117599999999
nucl1417	1.0949076185155	2.5797604064175	-4.06682375	6.15310775
nucl1458	-2.004692538555	2.52550639675876	-7.287271	2.60762625
nucl1593	-0.13673268978	2.45351190965292	-4.9302395	4.5373355
nucl1595	-1.470517591665	2.7256123053439	-6.93673325	3.563549
nucl1622	-0.4703107406035	3.09426414974437	-6.75770975	5.46124175
nucl1630	-2.044880472235	2.64802606063197	-7.49160225	2.80738524999999
nucl1633	-0.561542910835	2.92639148397044	-6.3686045	4.970502
nucl1643	-0.163103646585	2.92540819058849	-6.10591375	5.6491285
nucl1706	-1.02789218991	2.70678854081239	-6.8710485	4.161976
nuer1246	-0.540645278395	2.67718988573812	-6.0981395	4.733426
nugu1242	-0.226995986515	2.80697537643811	-5.7714985	5.09895999999999
nukn1238	-3.040989807175	2.52870796123278	-8.4671815	1.24361275
nupe1254	-0.005394812805	2.86315296855998	-6.05424825	5.56200625
nuuc1236	2.589915753745	2.6036670440471	-1.9764545	8.13349225
nyah1250	-0.415782564575	2.79266824141798	-6.0200515	4.783561
nyak1260	-0.220238105885	2.94215386442216	-5.8984435	5.3789625
nyal1254	3.53140867642	2.43002209343369	-0.524058325	8.75047825
nyam1285	-0.83390021756	2.58881642835063	-6.01225425	4.01573025
nyan1307	-0.143109412057	3.04622484241194	-6.36016675	5.49214124999999
nyat1246	-0.593927809545	2.75835655122153	-6.36396425	4.778603
nyor1246	-0.09704839229	2.8978613693745	-5.98863325	5.66954624999999
nzak1246	-0.693686026431	2.83837372411034	-6.2990055	4.7979685
nzak1247	-0.211887564285	2.83553404669077	-5.87104375	5.32646149999999
obok1239	-1.37210382403	2.76130621869297	-7.2943	3.68074374999998
obom1235	2.35506822645	2.1508021191367	-1.4820565	6.78874449999999
occi1239	-0.3510646679085	2.77222676694293	-6.0634665	4.80307675
ocot1244	5.90482417735	2.88184170464506	0.8664279	12.3733725
okan1243	-1.086697899737	2.36113012074638	-6.129551	3.34448725
okin1246	-0.3226368265465	2.96588065451085	-6.2540175	5.48752275
oksa1245	-0.83653114098	2.87062279733305	-6.45443775	4.8828605
okuu1243	-0.64940525206	2.60048206696834	-6.126004	4.403697
oloo1241	0.8488413033575	2.02772814821519	-3.2521955	4.8656675
olut1240	0.4945634555745	1.90526578264645	-3.34283725	4.213958
omah1247	-0.5795201203715	2.69373313673871	-6.12887975	4.37097274999999
onon1246	-0.651371208475	2.7560381495816	-6.268143	4.528779
onto1237	-1.68862130018	2.38255944260649	-6.90362475	2.49157549999999
oriy1255	-0.187404904826	2.84857044904566	-5.95978275	5.16722375
orma1241	-0.6022232689505	2.59711670196725	-6.087184	4.3636805
orok1265	-0.05932346569	2.99799586455064	-5.9093655	6.01417325
orok1266	1.2509897549015	2.94234142123982	-4.4339615	7.30409549999999
orok1267	-1.64765378204	2.87477726852133	-7.51382425	3.70603724999999
orow1242	3.03866314122937	1.85312267743664	-0.4756619	6.80360975
otta1242	2.903132182475	2.50864915365576	-1.56886725	8.40365724999999
owaa1237	-1.59724180245	2.58878897347289	-7.23755275	3.11687524999999
paaa1242	-1.247710886045	2.64081741982903	-6.83070125	3.503852
paam1238	-4.2232404635	2.3299156145059	-9.6420495	-0.141018025000004
paas1238	-0.26310251256	2.95186261567753	-6.131945	5.1756545
paco1243	-0.6157807429685	2.93398514963062	-6.61949075	4.7465175
pagi1243	-0.3174092640455	2.87436978184857	-6.16130825	5.082085
pagu1249	-0.6790776882865	2.80629696127699	-6.239892	4.757882
pahn1237	-0.4136115999665	2.81894960750884	-5.868688	5.03048475
pait1244	1.35399735170755	2.95761364966966	-4.35021725	7.34120124999999
pala1344	2.518765778035	2.48496837548033	-1.87241775	8.05648275
pamb1243	-0.223092112165	2.90001011446151	-5.770586	5.3303775
pana1307	-0.513989662242	2.88718464367127	-6.412679	5.07322525
pang1287	-0.192129393715	2.82120477213407	-6.00532675	5.42503775
pang1290	3.66004179205	2.55598896834909	-0.871406625	9.40152875
pang1291	3.203073250545	2.4698547850681	-1.2115735	8.30487125
panj1256	-0.16571553547	2.85416603533773	-5.89063525	5.39139325
pany1241	1.048776921555	2.64007085501289	-4.36497675	6.131307
papa1238	1.2120623025965	2.41637527739379	-3.486325	6.2356565
papa1265	-1.833318188375	2.46177982433544	-6.9141475	2.63483725
para1301	-0.723506960945	2.70886014055663	-6.25062275	4.42724825
para1302	0.298740871685	2.91263261790446	-5.41764975	5.92280175
pare1266	-0.33228772344	2.80522533889323	-6.259149	5.24296375
pare1272	-0.92016855642	2.61652868059614	-6.3860515	4.02071075
pate1247	-2.85128507837	2.61832609711956	-8.8199485	1.586708
patp1243	-1.589890752585	2.3183850229098	-6.6810375	2.554244
paul1238	-1.365142663191	2.56043628291166	-6.7323525	3.23796325
payn1244	-2.2037442445685	2.66374921573074	-7.6379175	2.69645825
pech1241	-1.0997896771885	2.70048879294901	-7.06180175	3.8224375
peer1241	-0.617011327425	2.9004886928187	-6.5450845	4.92239325
pela1242	-0.41954025824	2.99202766306695	-6.55199525	5.5484555
pemo1248	-0.992954144045	2.73055074473813	-6.86738825	4.0323815
pend1242	-1.2420332703185	2.3453574370071	-6.27801	3.09922325
peng1244	-0.330457133325	3.01957878895005	-6.14274675	5.54823274999999
phai1238	-0.596802743637	2.65328979555268	-6.085268	4.39435475
phom1236	0.3502268031825	2.96605942992956	-5.5642815	6.27316674999999
pila1245	-0.31983703174	2.78667712167415	-6.14473425	4.86661649999999
pile1238	-2.55455539547	2.31239264043444	-7.8232245	1.38705425
pima1248	-1.6726869742685	2.56402460365666	-7.05634275	3.15670125
pina1252	-1.81909486148	2.75789142150021	-7.85026725	3.197455
ping1243	-0.82686612703	2.6756571870617	-6.737485	4.14014974999999
pipi1250	2.99002898205	2.34576071483734	-1.1855685	7.81123774999999
pite1240	-0.129943657565	3.02441093526997	-6.1310005	5.76889875
pnar1238	3.68668330135	2.40703479227564	-0.7445158	8.69389099999999
pohn1238	-0.7053541537005	2.73687118369067	-6.456726	4.325226
poko1263	3.1748617564715	2.76675184668714	-1.74795625	9.47171349999999
poli1260	-0.145960451325	2.86827184601958	-6.192881	5.527428
popt1235	3.564029326285	2.46045930488714	-1.004591	8.95730125
port1283	-0.2685681987415	2.91224296450975	-6.20428375	5.28601649999999
port1285	-4.3178077458	2.28160168528048	-9.29645575	-0.430797975
psik1239	0.391759725558	2.01870729486835	-3.596589	4.3859985
puin1248	1.871143579185	2.61934353458921	-2.97567625	7.4066975
puka1242	1.8381082148235	2.39214402338399	-2.4686045	7.039826
pulu1242	-0.68657382428	2.78006192609081	-6.69522125	4.29609125
puma1239	-0.19689695225	2.98688423974729	-5.95798	5.309669
puoc1238	-0.6787989940515	2.75313249025265	-6.31598725	4.52551875
pura1257	-1.576171194666	2.82882056767569	-7.547945	3.73366249999999
pure1242	-1.08892904829	2.67481694441795	-6.59478325	4.0595165
puri1258	-0.111181509537	3.02903491164253	-5.918937	5.70526624999999
qanj1241	2.92623923744	2.51760340633876	-1.59460775	8.25762525
qawa1238	-0.66639579425	2.70580096581501	-6.239348	4.46268425
qima1242	-0.532665628275	2.94057903335714	-6.51288075	5.03002225
quer1236	-1.23670990909	2.53829880227474	-6.703079	3.4214435
quio1240	5.8524117156	2.50836026566906	1.4225495	11.2638575
rabh1238	0.902393531755	2.8950928419721	-4.8129715	6.65258225
raji1240	-0.085581755524	3.00134302154234	-5.9410395	6.10614349999999
rama1270	-1.06617133668	2.67270732774568	-6.5781405	3.98895249999999
rapa1244	1.781747050254	2.5579731067074	-2.7032765	7.26175699999999
rapa1245	1.74985005554	2.34002190857661	-2.5447455	6.67406949999999
raro1241	1.7022285098565	2.43611398588284	-2.57892025	6.58256174999998
rata1244	-1.6474082034645	2.64388520196805	-7.2424625	3.08549825
raut1239	-0.10264375137645	3.10383676691739	-6.37309875	6.02913324999999
reja1241	-1.183572317823	2.57551254369988	-6.66103725	3.58555675
remb1250	-1.6881649999015	2.59440071528219	-7.16596875	3.18632525
remo1247	3.96646178257	2.69563331141948	-0.53117425	10.214655
reng1252	-0.89209437846	2.79686173778857	-6.721943	4.42418675
reye1240	3.1852081975835	2.30948315966876	-1.08826875	8.235883
roma1326	-0.3408661801525	2.76833059958875	-6.09922775	4.9107475
romb1245	2.82838974098	2.62549001691893	-1.782544	8.68217899999999
rong1264	-0.015454116124	3.12821403376775	-6.00450825	6.0984355
ronn1241	0.1622310896495	2.12865415155645	-3.956489	4.270791
roto1249	-1.88292372193	2.45115304761005	-6.9753025	2.619912
rotu1241	-1.606043244365	2.43675563525479	-6.635295	2.98394475
rovi1238	5.706089085	2.24479063070033	1.863699	10.4544025
ruch1235	-0.605394793033	2.79097206557088	-6.143197	4.73209325
ruka1240	2.475658559355	2.1459993530944	-1.4241775	7.063017
ruma1248	-0.444721058018	2.77136308482835	-5.95231075	4.79351399999999
rung1258	-0.31291394792815	2.90972126695043	-6.46099475	5.510839
russ1263	-0.215262249465	2.86214785635371	-6.136577	5.1257445
russ1264	-0.077459935515	3.09739468090868	-6.4918525	5.85874475
saaa1240	-1.2390960851124	2.19640176589464	-6.02358875	2.81390225
saaa1241	-4.09894361855	2.40831418707061	-9.39023525	0.0649211749999994
saam1283	1.21208466499735	2.79344890936857	-4.184948	6.57118399999999
saar1237	2.17314081313235	1.96226477593606	-1.44053525	6.24071224999999
saba1268	-0.924500901427	2.60817491670001	-6.51716175	4.03818925
sabu1255	2.356467227865	2.25076655664659	-1.829192	7.21298849999998
sais1237	1.782615639125	2.140637871984	-2.44099975	6.244045
saka1289	-3.481555444415	2.53464432441409	-8.738399	1.00077525
saka1291	-0.627741604139	2.84718809446621	-6.2086935	4.64758525
samb1305	-0.652514749515	2.82233474210583	-6.630556	4.78435025
samb1311	-0.646288833915	2.81111924262687	-6.50863	4.72472125
samo1305	1.9865910866405	2.35950671448924	-2.34560475	7.300097
sana1295	-1.0439145607445	2.65698609402904	-6.36664125	3.71898875
sanb1241	5.16961272935	2.80998368312577	0.11989985	11.397245
sanb1242	-0.49564940817	2.92029301583022	-6.68900125	5.0361055
sand1278	3.60056682278	2.72079907966946	-1.26361225	9.34971325
sang1321	0.5497495566775	2.8834193938399	-4.99637325	6.3891875
sang1330	-0.251625955855	2.94567856086547	-6.18277475	5.337959
sang1331	-0.151313066215	2.91571097619079	-6.1217355	5.40346399999999
sani1269	-0.4116808725225	3.00837283289413	-6.88313175	5.05542225
sanj1284	5.91436736675	2.78061556229077	0.942694825	11.9995125
sanm1289	-0.74817929683	2.80880361575637	-6.56538175	4.40088949999999
sanm1295	5.39506220615	2.68381202734363	0.79331185	11.2885125
sanm1301	3.44335384249	2.62411722476418	-1.2318435	9.0001935
sant1436	4.645035515035	2.57835221182081	0.00689472125000001	10.40185
sant1451	4.984117645585	2.65451163929983	0.30455815	10.5665475
sanu1240	-0.96904184377728	2.5908558218452	-6.81150125	3.78181299999999
sapo1253	-2.081013891885	2.45961980501879	-7.19611875	2.35269125
sara1321	-0.388405342675	3.04185707896816	-6.53709825	5.87375025
sars1236	-0.202308075705	2.71438647036687	-5.67635625	5.024434
sasa1249	-1.16524866621	2.71271036434342	-7.12882025	3.76176275
sata1237	-0.5834278578495	2.70662736944952	-6.368406	4.44563525
sauk1252	-3.048309144706	2.51506202803504	-8.611415	1.18315925
saur1249	-0.22049703263	2.86358614466638	-6.0617435	5.31342624999999
savo1255	3.128599574735	2.03326961719836	-0.561303275	7.2508325
saya1246	0.133253176105	2.30123557068227	-4.54766025	4.71338724999999
seda1262	-0.8420402009365	2.81173178503783	-6.56251425	4.35622
seim1238	-1.02289361564	2.63557156760688	-6.49546775	3.6638845
seke1241	-4.091154470065	2.4045644115693	-9.43798625	0.00449740574999743
sela1259	-0.982529630605	2.711397812342	-6.9419055	3.94349675
selk1253	-0.0449167047765	3.01870110084197	-6.048003	6.1566155
sema1265	-0.58598312241	2.79668480257738	-6.3273945	4.78197325
sema1266	-0.4978453516	2.81073748287285	-6.49639525	4.97123225
seme1247	-0.572080728125	2.63598345581015	-6.0311855	4.64081625
sene1264	-0.916756316151	2.7258007819139	-6.710532	4.10123575
seng1281	-2.03484356512	2.5856873175118	-7.4471275	2.55488175
seri1257	-0.811974787105	2.89075755244363	-6.629884	4.7474865
sgaw1245	-0.16856916862	3.03769586732445	-6.463566	5.88090624999999
shab1252	1.68025959351655	2.69406853403326	-3.211566	7.43698425
sham1280	-0.339768203275	2.97761548902047	-6.228978	5.5304725
shan1283	-1.023056549015	2.8067000892385	-7.06118625	4.1431615
shaw1249	3.02835499374	2.56443371015365	-1.53711475	8.81451425
shil1265	-0.805079485023	2.63671907577212	-6.48407175	4.197531
ship1254	-1.1128198982985	2.67699673967753	-6.8914785	3.81743325
shix1238	-0.054807396225	3.0384488123661	-6.13536825	5.8067925
shon1251	-0.07852874469	3.06033611292831	-6.252688	5.79050725
shos1248	-0.880719721965	2.77922935847083	-6.665908	4.4011885
shua1257	-1.021470600465	2.91871177766194	-7.190654	4.568795
shwe1236	-0.532951819758	2.8314471908664	-6.60171825	4.68800474999999
siam1242	-0.502268597855	2.88842774891241	-6.40059825	4.9426005
sich1238	-0.06951216651	2.86443006608821	-5.48993775	5.61660874999999
sici1248	-0.56464027344595	2.87078750690985	-6.4372315	4.8369635
siee1239	-2.717625640555	2.42532788645804	-7.870573	1.785165
sier1250	5.9437433982	2.60856448684756	1.2676865	11.568935
sika1261	-2.3466727742	2.4148976244167	-7.72491975	1.9883
siks1238	-0.1423370425625	2.44182455645327	-5.034005	4.53621875
sile1255	-2.40876049525	2.67573724195674	-8.23481125	2.41595225
sina1266	-1.88424849245	2.66824439200714	-7.28201475	3.11653849999999
sing1264	0.054654267187	2.94118536302594	-5.78894475	5.8858805
sion1247	0.667135459524	2.61591246893713	-4.442427	5.6410005
sioo1240	-2.96957384934	2.46099199720316	-8.52651225	1.520682
siri1274	-2.221639416917	2.57164121344429	-7.33032575	2.35569775
situ1238	-0.05207634118	2.97364686707687	-5.9182635	5.73309299999999
siwi1239	-1.906794052645	2.45294785881135	-7.067335	2.6733865
skol1241	0.03086852017	3.12217077201292	-6.296161	6.01792424999999
slov1268	-0.212519827492	2.90576901250682	-6.21389075	5.320246
sobe1238	-1.416498464699	2.7245560589672	-7.1370095	3.57076625
soch1239	5.54914604495	2.47444337862868	1.00110115	10.828455
soga1242	0.5723737086	2.92130999459104	-5.288433	6.3104665
sons1242	-0.310184255965	2.67843609026362	-5.58764325	4.6175015
sooo1254	-0.74425353484	2.90719119512226	-6.71496725	4.9826825
sout1528	-0.27820119371	2.96250353165987	-6.282319	5.41656375
sout2649	-0.2875602301115	2.89816708663528	-6.2956065	5.4078915
sout2674	-0.0453428293715	2.88816279044073	-5.5821695	5.7345375
sout2679	-0.07801531047245	2.89011611979803	-5.7301525	5.81761299999999
sout2728	-0.014515880814	2.88356479205841	-5.5867575	5.7173545
sout2729	-0.101382636655	3.00059071285377	-6.0191705	5.694769
sout2730	-0.202477900973	3.036842606967	-6.18335975	5.72390074999999
sout2782	-1.002069741505	2.71847246449269	-6.283037	4.11631375
sout2797	-0.503158889974	2.85763253152845	-6.307813	5.05462175
sout2807	-0.1376817112025	3.04851283510505	-6.3628065	5.771159
sout2826	-0.18875234726	2.95148892622525	-5.97655575	5.42594875
sout2856	-3.440554885555	2.36131846337211	-8.78465275	0.452083449999998
sout2857	-4.091314971705	2.36481071870992	-9.18210075	-0.0395943275000014
sout2859	-4.2343949618	2.35607004814618	-9.35114675	-0.227094625000001
sout2869	-2.5516984553345	2.27521264742898	-7.4848165	1.41074375
sout2895	-1.401685261435	2.49615816508859	-6.66922575	3.02930675
sout2912	2.30583015417	2.50337837592631	-2.2561565	7.68070625
sout2954	-0.23602215096	2.89970889851335	-6.1285985	5.5048695
sout2956	-0.58690923416	2.59160564044367	-5.866221	4.367234
sout2959	-0.47565912879	2.78092414444242	-6.1847345	4.70287025
sout2976	3.4186062833962	2.37488360455897	-0.781502275	8.654766
sout2994	-0.79108255239	2.92090414660302	-6.936252	4.83471175
sout2996	-0.3218080427775	2.97793675821563	-6.45275575	5.16421025
sout3236	-0.6910500831	3.03607002815861	-6.92134925	4.98951175
sout3261	-0.7732289093305	2.82042606011694	-6.402851	4.78189075
stan1289	-0.1411841410445	2.91136659812283	-6.19211075	5.29915075
stan1290	-0.071566579205	2.81213612568919	-5.90121725	5.294274
stan1293	0.5633245995085	2.78799345033885	-5.2268725	5.97532625
stan1306	-0.45153218126	2.62693844880107	-5.86572625	4.54236675
stan1318	3.140379633265	2.4819329315262	-1.22908625	8.473362
sude1239	-1.06186629107	2.76027533147578	-6.90369025	3.87893275
sumi1235	0.606993802135	2.92045572928578	-5.04406375	6.51627375
sunw1242	-0.134652148025	2.99787293141736	-6.34186425	5.86751474999999
supy1237	-0.26647937751	3.04889390460811	-6.24498925	5.71712999999999
surg1248	-0.0779889724105	3.14439617087998	-6.43904875	6.11008149999999
surs1246	-1.77898315533	2.51760732058137	-7.329659	2.869531
swah1253	-0.199021131101	3.1153145939822	-6.19162325	5.90518849999999
swed1254	-0.229152914008	2.8248872496703	-6.13932525	5.0057595
taba1263	-0.631245717303	2.85937122100258	-6.47563025	4.96139875
tabo1241	-1.02168176021	2.93643602698785	-7.1004605	4.83963225
taga1272	2.29845875458	2.08443290060343	-1.41399075	6.90141775
tagw1240	-0.222071377945	2.90142632454958	-6.13675375	5.37389325
taha1241	1.598658611015	2.52609919239586	-3.138618	6.958673
tahi1242	1.814279619015	2.48398379980287	-2.561193	7.13253599999999
taia1239	-1.597635612155	2.59944875543355	-6.95585275	3.493573
taji1246	-1.0472715250355	2.42025731210462	-6.0861745	3.65004249999999
taku1257	-1.883938478995	2.35659548789315	-6.8712685	2.369172
tali1259	2.1114844657605	1.82908152380253	-1.2654305	5.759081
tama1365	0.98277458854	2.3338581402698	-3.4289705	6.10325999999999
tami1289	0.014785971255	3.04086568121644	-5.86727475	6.00867725
tami1290	-2.642704417019	2.60807244443147	-8.42364825	2.030065
tane1237	-2.655830916875	2.46472536484744	-7.99784025	1.75949624999999
tang1336	0.863363084685	2.91370028972036	-4.715228	6.592799
tang1347	-3.66990127256	2.4139913068748	-8.71355225	0.431082125
tang1377	-0.001249255315	2.90952732428188	-5.69870075	5.978395
tani1257	-1.46272019628	2.75225425185	-7.12301175	3.97554099999999
tari1256	-1.725126002055	2.66955183501528	-7.36938425	3.212302
tari1263	1.33397507439	2.44248292223951	-3.16779125	6.6036315
tata1255	-0.0576361815425	2.82720494236378	-5.9815745	5.37848875
tata1257	3.977486640695	2.43660825470274	-0.158607025	9.51128375
tata1258	5.00376282645	2.69569196617706	0.125914675	10.6910725
taul1251	-1.771371381605	2.51231891815141	-7.176167	2.789175
taus1251	2.395452165965	2.46486171831868	-1.96185325	7.47392575
taus1253	2.387179235115	2.56530827136102	-2.553566	7.526818
taya1257	1.633637734635	2.55143816193341	-2.851207	7.25066399999999
tbol1240	1.6430390729035	2.23101740134423	-2.4120545	6.29679
tean1237	-2.63937751982	2.44812517065398	-7.8565255	1.7169705
teda1241	-0.225177884045	3.15417315186496	-6.8401875	5.93413474999999
tedi1235	1.04759850693	3.04170460038735	-4.771583	7.2735635
tega1236	0.339285906095	2.89519797052821	-5.481823	6.022187
tehu1242	-0.746901250145	2.7604625202914	-6.41772175	4.465286
teke1275	-0.112238132715	2.99610510956133	-6.02777425	5.59759825
tekt1235	3.69377019306	2.50730927737804	-0.780878525	9.1362155
temb1272	-0.359428766655	2.91719869320682	-6.05305225	5.33617275
temo1245	-0.27687374422	2.26914828658602	-4.70475225	4.073289
temp1235	3.406676524815	2.35287167254561	-0.8447622	8.5196745
tene1248	0.414230785125	2.72107086188974	-4.8386345	5.7345295
tenn1246	2.415624075125	2.53806306172666	-2.116455	7.84407925
teop1238	-2.0963348232035	2.44514866227215	-7.121604	2.39973174999999
tera1251	-0.9615911384015	2.39883127813852	-5.9115045	3.5029425
teri1250	-1.17122047952	2.7799547871409	-7.12502825	3.88358525
term1237	-0.54752508318	2.27212974596186	-5.20686825	3.664444
tern1247	-0.693944920885	2.91084404356149	-6.92718075	4.76901999999999
tete1251	1.950033293375	2.08554652757073	-1.94112375	6.106574
teun1241	-1.3662736993705	2.64980424972856	-6.97030325	3.37969399999999
tezo1238	4.55818702172	2.53348018286687	0.131754725	9.93551375
thad1238	1.276398527095	2.95998663085905	-4.45558475	7.4720755
thak1245	-0.1230095073	3.04362351553315	-6.6807985	5.79473074999999
than1259	-0.17870463599	3.20795357571476	-6.6322465	5.81734325
thao1240	1.315422667975	2.0867534880379	-2.895857	5.507258
thar1283	-0.118586753395	2.95938182228146	-5.77376525	5.93017525
thul1246	-0.103042376915	2.92721640528242	-6.00306175	5.78910525
tibe1272	0.13093814615	3.02579374404277	-5.95585075	6.07934074999999
tibe1274	-0.473538612852	2.77980361382079	-6.123699	5.01232625
ticu1245	-0.475681750605	2.7409191163113	-6.1173525	4.81311125
tief1242	-0.4741134137795	2.8699167105433	-6.27391875	5.14275325
tief1244	-0.4830454992	2.86384850391826	-6.3341305	5.128387
tien1242	-0.106752106375	2.98181969865132	-6.43590875	5.54724349999999
tiga1245	-0.653167939338	2.1726041914357	-5.25867025	3.54001125
tigo1236	-0.696857298435	2.57674044634759	-5.9107035	4.32175049999999
tika1246	-0.604799987885	2.82218904525647	-6.3161565	4.86885325
tiko1237	-2.937879883895	2.47639666322888	-8.01888175	1.35972825
timn1235	-0.31870574328	2.90451285690338	-6.205232	5.24234475
timu1262	4.076363434085	2.51073874643063	-0.192830525	9.50871924999999
tiri1258	2.460680639544	1.81779185422826	-0.93122695	6.191166
toab1237	-0.4039564380278	2.0564825140273	-4.56477775	3.49321225
toar1246	-2.15617010628	2.75209850907393	-7.92327475	3.089277
toba1268	3.723590123465	2.60939464675438	-1.05153125	9.14027824999999
tobe1252	-0.658071520895	2.7699140113059	-6.43408525	4.44561725
toho1245	-1.5061092228	2.65691655943805	-7.255532	3.225436
tojo1241	3.3209534142	2.68468961253178	-1.48475	9.20908374999999
toke1240	1.961757769755	2.46021461141211	-2.5108095	7.31234675
toll1241	-0.737389417561	2.70909548674466	-6.5082735	4.52448525
tomm1242	0.07536269203	2.686108222198	-5.5269865	5.29291425
tond1249	-0.302644287615	2.62240676713829	-5.50192475	4.72442425
tong1308	-0.5727890212895	2.79488535461795	-6.78069325	4.88602475
tong1318	-0.20738779607	2.92317138269543	-5.85056375	5.733644
tong1325	2.0069100036375	2.35114233080336	-2.131355	7.08377775
toor1238	-0.2072270426495	2.98536681863711	-6.2585205	5.60566649999999
tosk1239	-0.4448039508845	2.92077719741781	-6.56821075	5.11576199999999
tote1238	-0.322793621795	2.958270442228	-6.2324155	5.3892975
toto1302	0.1451125527835	2.95853986087347	-5.47688525	5.94348825
trin1274	0.29329117542	2.41077751885584	-4.62537825	4.929866
trio1238	-0.44309751248	2.95330886299618	-6.52909525	4.98108999999998
trum1247	-0.98969060133	2.65112942163375	-6.40152675	4.0482575
tsam1247	-1.6676920941	2.57765031842656	-7.04370225	3.0270615
tsat1238	-0.514000547185	2.89113271726349	-6.4727875	4.88933375
tsha1245	0.3249040817645	3.0340048672104	-5.667466	6.39767825
tsis1238	-0.24994619734765	2.85486819244356	-5.97183525	5.5548225
tsix1234	-0.5487446267005	2.7381703372836	-6.58704075	4.73423599999999
tsog1243	-0.0187327674825	2.84708926656646	-5.9394645	5.54971674999999
tson1249	-0.12853291268	3.03183141587392	-6.38297175	6.2693675
tswa1253	-0.414355913865	2.93359367498936	-6.457042	5.0899405
tswa1255	-0.119240523635	3.03175596162642	-6.3717805	5.80121625
tuca1252	-2.26171643169	2.58354628550643	-7.7723755	2.29611075
tuge1241	3.052222037285	2.5842731455851	-1.52530675	8.609816
tugu1245	-1.78145156217	2.72884996892121	-7.89185575	3.20258374999999
tuka1248	-1.393243379547	2.57966543040797	-6.706963	3.4615105
tuki1240	-0.334458502165	2.82792500234761	-6.088319	5.06907
tula1252	-0.879193389875	2.56620130528251	-6.03598775	4.12633175
tulu1258	-0.039353362002	2.89679518216877	-5.78930275	5.9195125
tuml1238	1.31960526536	2.01314524235197	-2.57876375	5.426331
tune1261	-0.00360658685	2.77258309302596	-5.417185	5.42438925
tung1290	-1.083642830045	2.60100581129813	-6.42339025	3.69285375
tunn1238	-0.619735758365	2.72852181580085	-6.4182455	4.3692905
turk1303	-0.244117177165	3.11196610894243	-6.76104975	5.81275624999999
turk1304	0.00359975946000001	3.01899669039226	-5.83024775	5.90493575
tusc1257	-0.64498189012	2.8305025052327	-6.73003725	4.767006
tutu1241	-4.037480736655	2.39304987265517	-9.021092	0.242083299999999
tuva1244	1.93740181667	2.54613906595691	-2.6838085	7.39908975
tuwa1243	3.73801096489	2.09364020214228	0.036946855	8.32311475
tuwu1238	-0.248160604219	2.98399049029996	-6.519077	5.6362005
udih1248	0.0026046062	2.9967336698955	-6.1353	5.62618249999999
udii1243	-0.7013615550345	2.86106419231219	-6.65781575	4.76923575
ughe1237	5.5097371678	2.36295693447946	1.4011945	10.548925
ukra1253	-0.2180290304485	2.82000355010773	-5.842984	5.07284025
ulch1241	-0.038746591195	2.8864378500028	-5.85132525	5.36867225
ulit1238	0.419650246427	2.58291018348637	-4.74094725	5.358808
ulwa1239	-1.283828246375	2.80402674714708	-7.178309	3.72104975
umaa1242	1.846987005545	2.27856342053644	-2.34790275	6.58194949999999
umbu1257	-0.109000530987	2.99959259398978	-6.23171825	5.76964875
umbu1258	-1.68997096819	2.73003857248733	-7.25680525	3.4944075
umes1235	-0.072609704085	3.18207378961813	-6.22641225	6.242792
unua1237	-4.35437607465	2.27172056144934	-9.1708055	-0.435098325000001
uppe1275	0.63159729735	2.02555368851157	-3.213791	4.587204
uppe1427	3.8858339282845	2.61625961190135	-0.74176445	9.2589195
urak1238	-0.737562780605	2.81366492732914	-6.39285525	4.57114525
urar1246	0.383788717613	2.70428262843448	-5.1293285	5.88638725
urav1235	-2.713867595019	2.42291584753477	-7.77115625	1.686762
urim1252	0.62982035632	2.26660748035147	-3.9141725	5.0507915
urip1239	-4.24764841719	2.32755725440902	-9.12400975	-0.179534575000003
utes1238	-0.803766527115	2.65460789580042	-6.29191975	4.07867975
uuuu1243	-0.851086348525	2.90549207150508	-7.0361095	4.57805775
vano1237	-2.633115869523	2.43942159666965	-7.82294375	1.67249875
veps1250	-0.1201456236265	3.17605488721822	-6.6682645	6.10360474999999
vera1241	-3.028648189745	2.46437861926486	-8.434041	0.994680149999999
viem1243	-0.344804479475	2.86861640280403	-6.0750465	5.11884774999999
viet1252	-0.482969556386	2.83893661945253	-6.3008715	5.0859395
vinm1237	-4.260765383868	2.30308795395838	-9.444659	-0.409718175
voti1245	-0.097268191615	2.89954809417212	-5.845178	5.47823925
vunj1238	-0.391840701828	2.99793735489775	-6.60530725	5.314605
vure1239	-3.04509723522306	2.47164208677158	-8.416246	1.075615
vwan1235	-0.25831211853	3.04319839540894	-6.36689575	5.57025475
waga1260	4.7351607459	2.55857308511705	0.18836925	10.13712
wage1238	-0.6111458355295	2.84106835277177	-6.63044225	5.03767875
waig1244	-1.16737403283	2.60592198254309	-6.832881	3.50029725
waim1251	-2.250776114472	2.61804037379801	-7.81160275	2.2856545
waim1252	-1.93948080675	2.54371798402698	-7.55449775	2.86628675
waiw1244	-0.7688714494805	2.87858170210007	-6.7918875	4.503468
waja1257	-0.570279336586	2.71369208571601	-6.08785575	4.56619499999999
waja1259	-0.708982575125	2.48141979789242	-5.8411415	4.001595
waka1274	-0.339319333025	2.71214108994535	-5.819526	4.90243249999999
wala1266	-0.19081277077	1.91394615611022	-4.18886675	3.45155
wall1257	1.784244408255	2.28888314057442	-2.315941	6.50175725
wamb1257	-0.188355408475	2.97231424670257	-6.317718	5.609978
wand1267	-1.9756418490515	2.69768538271094	-7.7442255	2.70092025
wand1278	1.21580566068	2.10303822950336	-2.90089525	5.5092075
waor1240	-0.539263659761	2.70769491314923	-6.20141575	4.61459224999999
wara1294	-0.82438662287	2.87582299395459	-6.67379675	4.4597985
wara1303	-0.5384640115375	2.87921662199674	-6.28102625	4.8488325
ware1253	-1.62989272318	2.57922012355007	-6.9284445	3.095295
ware1255	-0.584713812728	2.53013997609305	-5.978579	4.121053
wari1268	3.317462455125	2.64520687473764	-1.35138725	9.03642
warj1242	1.860310516085	2.46683498901934	-2.97932625	6.79139575
waro1242	-1.8848915260895	2.68013646293302	-7.458296	2.77603975
waru1265	-0.073995389362	2.63185751331559	-5.5652865	4.87847174999999
wawa1246	-0.661818330264	2.88213738839659	-6.665221	4.842543
waya1269	-0.665682421865	2.78469210812513	-6.2721395	4.27754325
wayu1241	-0.1643318165195	2.98895869866296	-6.37643275	5.59418199999999
wayu1243	3.057747694055	2.45355426640356	-1.2454415	8.51926224999999
wels1247	3.982978130975	2.51452711841813	-0.415251125	9.36092975
west2354	-0.337422155645	2.80432282561924	-6.33296275	4.892358
west2369	-0.261147810475	2.8877534941482	-6.085783	5.2748115
west2396	-0.641294213585	2.80603280673971	-6.24762375	4.4763985
west2397	-0.752759623365	2.87428431481613	-6.51791225	4.593396
west2415	-0.15723826094	2.91737422716109	-6.23887025	5.17094499999999
west2418	-0.13478983376	2.98734407627387	-6.3876625	5.6414365
west2430	-0.1533642346785	3.0021501632641	-6.229305	6.13545125
west2441	-0.892853782131	2.71300999637539	-6.4897755	4.05939975
west2466	-0.4874812069145	2.85470497923964	-6.4135205	5.03497499999999
west2516	3.67808578305	2.1371277562843	0.146733175	8.15222675
west2519	1.65590860683	2.11743494685311	-2.25724075	5.8085935
west2548	-1.5422668672635	2.65550941733528	-7.2960655	3.3259565
west2557	2.89357059508	2.68437669165563	-1.8837255	8.869098
west2560	4.170062884703	2.42175088370622	-0.05732695	9.6368635
west2594	-0.9214686216915	2.84441697105464	-6.7714735	4.30735375
west2600	-0.708750188285	2.93523086434186	-6.578099	4.91529875
west2618	-1.24289894309	2.59610840554344	-6.6678615	3.71717949999999
west2632	-0.81903920322	2.76403182452343	-6.31839325	4.51917425
west2635	3.706336359585	2.44878361525759	-0.781916725	8.92078275
west2644	5.200864371185	2.67587535513058	0.29380445	10.91527
west2650	-0.8083831469495	2.85259294831441	-6.69101075	4.30372125
west2763	4.323460500035	2.40380891645502	0.0781315875000001	9.5930715
whit1269	-2.65102508335	2.26011219239648	-7.71474725	1.32502599999999
wikm1247	-0.70433523877	2.83447991321113	-6.7205295	4.57259225
wiru1244	-1.67711155906015	2.87955948706399	-7.800249	3.9111865
woii1237	-1.6914473123845	2.64172327420043	-7.38925425	3.10120975
wola1242	-1.005090767085	2.78634688814482	-6.6809775	4.52229274999999
wola1253	-0.700144866402	2.85787977542923	-6.52742675	4.59105575
wole1240	-0.606275368464	2.76008830071483	-6.1573085	4.37505449999999
wotu1240	-0.8470386166915	2.48038048604282	-5.82172175	3.78570925
wuch1236	-0.03453089507915	3.04309503436629	-6.315046	5.94566074999999
wudi1238	-0.2471492712965	2.99034875938778	-6.24619225	5.69697799999999
wusa1235	-0.25353713045	3.10213111641665	-6.31066	5.73872675
wutu1241	0.043811668125	3.01994825053045	-5.92634675	5.98781275
wuvu1239	-0.592782172695	2.54919911664364	-6.06172775	4.04260874999999
xamt1239	-0.7511516109635	2.65273082639908	-6.1188845	4.24025074999999
xara1244	1.96446793439	1.79662186688682	-1.45329225	5.64002075
xava1240	-0.44622848377	2.75865289016668	-6.15720275	4.8349015
xhos1239	-0.069715760212	2.9695003051706	-5.7842355	5.84581175
xish1235	-0.323459254823	2.98514570981952	-6.677834	5.45578999999999
xokl1240	-0.3809257672461	2.92634255782022	-6.42681475	5.21695049999999
yaak1241	0.481785713235	2.55895601047622	-4.7194265	5.40632825
yaey1239	0.2321485840295	2.7517991367939	-4.97618475	5.825471
yagu1244	1.9746280339555	2.59872809578318	-3.06631825	7.22905749999999
yaka1269	-0.08968176507	3.17587430018442	-6.57459325	6.00357625
yaka1272	-0.162318470528	2.94310381455257	-6.32509525	5.58352675
yaka1277	3.58324535165	2.45044786321107	-0.7792077	8.76281625
yaki1237	-0.455790812552	2.67242648190152	-5.86465725	4.574937
yakk1236	-0.038880029776	2.95481105934628	-5.82194175	5.86503275
yako1252	-0.2507696524865	2.89409002537508	-5.84084925	5.3624375
yaku1245	0.00747256047450001	2.9873868621298	-6.08541375	5.75686724999999
yale1246	-0.29159187028	2.46435148720561	-5.386482	4.2348185
yama1264	-0.585448915445	2.77966803759423	-6.5384815	4.6032765
yami1254	-0.1504115248325	2.06822125043622	-4.559199	3.75363499999999
yami1256	-1.12094990824	2.70536706703303	-6.850665	3.83418025
yamp1242	-0.1182541351875	2.97273949752605	-6.252954	5.789101
yane1238	3.43172495795415	2.47151732700651	-1.0320925	8.89056
yank1247	-0.68814800725	2.79922042087964	-6.52024925	4.4991915
yano1261	-0.9164887659115	2.79569056946637	-6.78432425	4.25979575
yano1262	-0.8909650715835	2.70103680270461	-6.4964845	4.06000475
yaoo1241	-0.05891329597	2.92268580802732	-5.84251725	5.7518245
yape1248	3.105386225455	2.29370321964985	-1.105363	7.94495499999999
yapu1240	0.877226747414	2.12037165139094	-3.314313	5.02061275
yaqu1251	-1.4547256165265	2.65382890896838	-7.28144325	3.3876285
yare1248	-1.90423606836	2.55984387062587	-7.57546225	2.726483
yasa1242	0.4855829179	2.92330871597002	-5.12630675	6.157147
yatz1235	5.507464768745	2.64794323195206	0.88914965	11.2620425
yaul1241	-1.409216896935	2.72178705942893	-6.8037865	3.80199525
yaum1237	-3.069262679638	2.53270420775472	-8.551165	1.27137925
yawa1260	-1.2072025134265	2.6742932391487	-6.7457815	3.75618625
yawu1244	-0.662790048945	2.77327432737164	-6.3425595	4.7431555
yele1255	-0.824950422435	2.67424452920984	-6.2143105	4.23740675
yems1235	-0.65858610168	2.68204954950133	-6.18067375	4.4405725
yidi1250	-0.61067994645	2.71005823180818	-6.3271915	4.5091995
yind1247	3.64103272657	2.46171524718371	-0.942025825	8.73613875
yoga1237	4.0170264272015	2.46776229403786	-0.251649275	9.532474
yona1241	0.90007595277	2.72429680098644	-4.46429125	6.580417
yong1270	-0.112696152329	2.99901251818655	-5.931249	5.8905855
yong1280	-0.83920713307	2.8911888478308	-6.7551005	4.59660175
yora1241	-0.647866513665	2.700513480366	-6.2566105	4.53862899999999
youl1235	-0.9061272717475	2.75064020157689	-6.4552965	4.25466725
youn1235	-0.12017987433	3.03083100123585	-6.0419205	5.8909645
yuca1254	1.8482343310305	2.61235534721472	-3.05748825	7.445592
yuec1235	0.021358413305	2.96790661130255	-6.08005	5.99888975
yukp1241	-0.21830564134	2.55669186969742	-5.4831385	4.6694915
yulu1243	-0.44663849062	2.9183857455326	-6.38287125	5.2970885
yuqu1240	-0.728867470845	2.6661894310065	-6.2692235	4.13063375
yura1255	-0.687332572315	2.64947326060094	-6.1207675	4.3950275
zaba1237	4.2842880644	2.1557450569796	0.4413787	9.060976
zaca1241	0.523683033315	1.98773520101746	-3.23077275	4.52392625
zaca1242	4.9223630073615	2.66825585512696	0.24461225	10.7414025
zagh1240	-0.119446893245	2.86428054931779	-5.917183	5.472041
zamb1245	-0.330732446175	2.98217076408599	-6.25195125	5.446414
zani1235	5.6847787662	2.81103110846562	0.823216525	11.85862
zarm1239	-0.52856387914	2.89925544592823	-6.5484725	4.94064249999999
zaye1235	-0.3439092924245	2.91929821772672	-6.2097515	5.511778
zays1235	-1.29180954102	2.70014945155508	-6.85346125	3.92609275
zenz1235	5.38754343615	2.73574803890601	0.4768742	11.310245
zinz1238	-0.177138539965	3.00608189337966	-5.90508425	5.7888985
zoog1238	5.62741587144	2.64897678463151	0.9539256	11.56845
zulg1242	0.2550151053055	1.98705947155981	-3.67901425	4.2390905
