Estimate	Est.Error	Q2.5	Q97.5
abad1241	1.387458717172	1.28516251415538	-1.10645325	3.97015075
abee1242	1.010590232391	1.51852749481013	-1.86525075	4.28654725
abkh1244	1.357396854545	1.63454525257628	-1.64400625	4.8405955
abua1245	-0.31610887253265	1.37692382481592	-2.99660775	2.50428425
abun1252	1.907473554945	1.61183195166492	-0.901302975	5.252983
acha1249	1.6296870173775	1.47853209050594	-0.98436445	4.70256775
acha1250	0.546723055927	1.53598096934659	-2.2852795	3.83183825
ache1245	-0.3599662916905	1.65957434158619	-3.714653	2.69021725
ache1246	0.1452631495835	1.67068377978433	-3.2380345	3.6042125
achi1256	-0.674851717435	1.62035686739303	-4.071187	2.433027
achi1257	-0.5411587590075	1.5282821790851	-3.6394455	2.3259885
achu1247	0.0477529964245	1.60214709578983	-3.10717175	3.3759285
achu1248	-0.484983489186	1.57531387387099	-3.65862225	2.519135
acol1236	0.52967941731705	1.4962545783656	-2.30266625	3.59471725
adan1251	2.583346904346	1.59951821447674	-0.02468691	6.20697074999999
adon1237	1.87092078713	1.50794302172748	-0.816193325	5.07216475
adze1240	0.0387431203985	1.14241022297566	-2.11231825	2.36103575
afar1241	-0.02667780774715	1.75721724777158	-3.72997325	3.43229349999999
aghe1239	-0.855989033484	1.50481305654093	-4.00274925	1.9095695
aghu1255	1.194207476279	1.51477693260288	-1.54519275	4.51688725
agob1244	-1.3547927509125	1.59584253789106	-4.6936475	1.64216275
agus1235	-0.630741358253	1.59693617368783	-3.98466775	2.37382
agut1237	1.0979267112405	1.35965099473599	-1.59913025	3.82219575
aheu1239	-0.0703172575935	1.56403033080129	-3.19435325	3.06277475
aime1238	-1.1030270208605	1.46056826471879	-4.070279	1.6651445
ainu1240	1.0783081767835	1.6130122310658	-1.904327	4.50871874999999
ajab1235	-0.847095892245	1.42475579791662	-3.80218325	1.865405
ajie1238	-1.13699409798	1.46624219254257	-4.26103075	1.6202975
akei1237	-0.028581138447	1.29548483955728	-2.58274125	2.61833575
akha1245	0.445742424315	1.28811799014327	-2.1222665	2.86836975
akoo1248	-0.5657178096395	1.52620900887111	-3.714414	2.26893375
akun1241	0.66614374412	1.62195628973362	-2.456338	4.105696
alab1237	0.587100140105	1.61358681968569	-2.45165225	4.14086625
alab1254	-0.44255214999	1.64633680564031	-4.0044055	2.61498375
alac1244	-0.422812057055	1.51214683041657	-3.5365115	2.4012745
alag1248	-0.1734437202425	1.62629258622615	-3.60602525	2.9427165
alba1269	1.4773103556835	1.5713912210218	-1.47922625	4.71263475
aleu1260	-0.5699381469995	1.53608736686673	-4.06881475	2.289396
alor1247	2.60308464287	1.60335260073621	-0.131489225	6.07555999999999
aluk1238	-0.2626542011155	1.51269615618064	-3.18588325	2.74269325
amah1246	1.055855475945	1.47995739752871	-1.68878075	4.1057985
amam1246	0.41849768201	1.18742471395744	-1.86360175	2.85817425
amap1240	-0.742760907721	1.39798514873679	-3.657608	1.84658975
amar1272	0.2969023470695	1.21995850791012	-2.059342	2.80431475
amar1274	-0.840405132785	1.56986572973029	-4.2137785	2.037339
amas1236	0.4293800450575	1.56999029232564	-2.6797935	3.56259575
amdo1237	-0.606361154285	1.49162097267387	-3.67311725	2.22346125
amii1238	-0.82628229387	1.61378104488029	-4.136881	2.24603725
amis1246	-0.576327164837	1.45844938351669	-3.42886675	2.30282725
amri1238	-0.151053158365	1.38589722052002	-2.92269825	2.5692055
anei1239	-0.8223297529235	1.5303968111279	-4.02816275	2.03471925
anfi1235	0.439519761255	1.39479320379584	-2.204553	3.38091225
anga1288	-0.925767528247	1.2627899018073	-3.52021175	1.489808
anga1290	-0.24357230739	1.12909413632562	-2.3731695	2.01316925
ango1257	0.771188070799	1.56830805093987	-2.146669	3.98434225
anta1255	-0.16687979307	1.61206613262888	-3.4432545	2.902902
anut1237	-0.449247662625	1.54858587768115	-3.68199175	2.48258575
anuu1241	0.225811212573	1.28576526645717	-2.311441	2.867287
aona1235	-0.3182388044679	1.20956158763246	-2.72291125	2.017417
aoua1234	0.204885269435	1.61913445189609	-3.0947845	3.54023175
apat1240	0.150908208344	1.22420602192503	-2.2131065	2.518019
apin1244	-1.221067820465	1.57623698136818	-4.48413625	1.8029905
apma1240	-0.3954364770555	1.27433920883853	-3.0580075	2.02460925
apur1254	1.04363997738	1.42757495896583	-1.68369675	4.02874225
arak1252	-0.210616218411	1.24995000981687	-2.653184	2.27360825
arao1248	-0.6722167721445	1.56429584676025	-4.02421525	2.150767
arap1274	0.3096648806995	1.64230222606672	-2.72759725	3.7335015
araw1273	0.211585289997	1.58686781708736	-2.952315	3.42852825
arbo1245	-0.04114239113	1.58044135744354	-3.2714705	3.0307965
area1240	-0.91251037802945	1.40169466351243	-3.908456	1.66113525
aree1239	1.6362542936324	1.33396629654181	-0.851076475	4.4234505
argo1244	-0.06546065248	1.77779806810144	-3.64745575	3.525009
arop1242	-0.9242501009445	1.21226309472519	-3.3050675	1.31889299999999
arop1243	-0.418115312266	1.3115428566367	-3.0255455	2.182783
arta1239	-0.6622992004075	1.46749095343325	-3.72701625	2.04438525
ashe1272	-0.4930179992875	1.40370942862725	-3.404305	2.1893105
assi1247	0.706271139355	1.54873836251514	-2.3059935	3.79645125
asur1254	-0.270907068666	1.62191067302377	-3.551947	2.831004
asut1235	-0.2014616554075	1.6568924614833	-3.60039175	2.9637895
athp1241	-2.01798442239	1.40312957992199	-5.09494175	0.517890574999998
atii1237	-0.23177171599	1.52117120587104	-3.35737775	2.65066575
aton1241	-0.8332664926045	1.45711055384661	-3.882845	1.963061
aulu1238	-0.955086571165	1.20633338257683	-3.5075025	1.325456
auuu1241	-0.9239432901145	1.23771813005066	-3.508259	1.41730325
auye1238	1.32652208140857	1.41729034964983	-1.24540875	4.365484
avac1239	0.184506786405	1.6178197524843	-2.993898	3.3178505
avok1242	-0.450431824625	1.49734377204142	-3.665229	2.3613475
awad1243	0.7049304480775	1.43563501260391	-1.977863	3.64354
awad1244	-0.06649612321	1.18236610314853	-2.406681	2.2622265
awap1236	-0.508104194515	1.22067244189649	-2.9168765	1.92276075
awar1248	0.04390821287	1.12852345369022	-1.99865575	2.40364075
awar1249	-0.774151898825	1.29057769668389	-3.35195625	1.72408575
awet1244	0.6240068800535	1.34874847444028	-1.97611525	3.47305925
awji1241	-0.0707300338275	1.65208200499355	-3.31942325	3.31446875
awtu1239	-1.129975893765	1.22658875571056	-3.70979475	1.20219975
axam1237	-0.9111869253065	1.21854908879448	-3.4959045	1.40270924999999
axiy1235	1.341768703869	1.52059867183697	-1.32669025	4.489879
ayac1239	-0.397502530705	1.5608031635973	-3.5656805	2.59968075
ayiw1239	-0.886235357155	1.46740129402917	-4.053669	1.85239575
azha1235	1.263971083754	1.55717223061692	-1.4375905	4.639354
baba1264	-0.920634918033	1.54093006472516	-4.1323285	1.97231075
baba1266	-0.941825261195	1.56974599578547	-4.21547425	1.943482
babi1235	0.00857427889	1.6413267278601	-3.175808	3.319886
bada1257	-0.26687318475	1.49735404092594	-3.33446475	2.7200245
bafa1247	-0.4444814601745	1.57646859764597	-3.7879515	2.521369
bafi1243	-0.731481645129	1.6764180172319	-4.24855625	2.49416025
bafu1246	-0.90221081199	1.54495912929376	-4.06881225	1.933253
baga1272	-0.4963765587	1.55045431314516	-3.7676425	2.33216525
baga1273	-0.55540048563	1.55550344490036	-3.78700825	2.32319125
baim1244	1.067768537815	1.45368003765542	-1.6159205	4.032349
baki1244	-0.356178763775	1.19491939343437	-2.72266875	1.90146475
bala1311	-0.53774518174	1.59254807714548	-3.88154525	2.40303325
bala1315	-0.3089007057525	1.59609533777414	-3.50918875	2.7920695
bala1316	-0.87293093713	1.58581999147808	-4.1203975	2.07028475
bali1278	-0.285381565041	1.63069590316851	-3.698475	2.96925025
balo1261	-0.289187035763	1.65350966824722	-3.75164025	2.97969775
balu1257	-1.045736585937	1.51322340168808	-4.26115975	1.77015175
bamb1270	-0.413785346634	1.64388694873707	-3.940826	2.638566
bamu1253	-0.938445484225	1.60506282712732	-4.39432025	2.00616275
band1344	-0.641809043234	1.5298380520984	-3.76962325	2.24018025
bang1369	0.4415647188735	1.38634931923413	-2.25312475	3.269849
bant1281	-2.20438033425755	1.42741680918577	-5.173136	0.338886249999999
bant1288	0.2300403083375	1.51442912392013	-2.80994175	3.16742325
bara1357	-1.277358156915	1.35389266268447	-4.13096175	1.23387775
bara1369	-0.305161183485	1.57133428746271	-3.4152265	2.709825
bara1370	-0.4723254262575	1.64733423156496	-3.92999625	2.77215875
bare1276	0.656838049156	1.50093940512861	-2.140968	3.8452195
barg1252	-1.239839072948	1.24979540208	-3.80060825	1.02737625
bari1286	0.2358010693	1.21418468033713	-2.1687285	2.69055925
baro1253	-0.403076106245	1.31656146886118	-3.00598875	2.15554625
basa1282	-0.32944896873	1.64160057076294	-3.7089305	2.75182425
bash1264	-0.112329296705	1.63848356071479	-3.5038195	3.02564925
basq1248	-0.153574908079895	1.70321639563548	-3.7445235	3.16029825
bata1285	-0.235906879132	1.6488176827773	-3.6620585	2.956076
bata1289	-0.392747846645	1.58358051617099	-3.64047	2.64803675
baur1253	-0.4597192168685	1.44378779814783	-3.56596875	2.25842374999999
bawm1236	0.304442004104	1.26676647722311	-2.172608	2.72004825
bayb1234	-0.4491320953945	1.58697364945165	-3.8051835	2.4448565
bebe1248	-0.400135292736	1.59448305967128	-3.61642825	2.6879355
beka1241	-0.3476449011695	1.59131934328184	-3.47521575	2.6401415
bekw1241	-0.476368254924	1.62395354544257	-3.836546	2.64021349999999
bela1254	0.2444511731205	1.61190385131189	-3.053219	3.48534925
bell1243	-0.375069356397	1.62024302575843	-3.80248375	2.74339925
belu1239	-0.2855178851185	1.53435330496428	-3.493702	2.571652
bemb1257	0.23634898882	1.74845842712218	-3.21809	3.72427775
beng1282	-0.2071851624445	1.64824593540397	-3.63332575	2.9682715
bert1248	-0.7177865060404	1.654017595493	-4.1641205	2.4428215
bhoj1244	-0.302379452188	1.58080426675991	-3.42685725	2.86358049999999
biao1253	0.048625246280325	1.55491838891818	-3.088411	3.06225975
biao1254	0.999281019375	1.53639653661561	-1.60847075	4.321349
biao1256	0.5628180630485	1.53735154308259	-2.31671625	3.90348225
bier1244	-0.4110475478715	1.19834647992366	-2.8717205	1.81174775
bign1238	-0.8283597385425	1.23271719100717	-3.28433425	1.4902865
biha1246	-0.731811870725	1.62501285943105	-4.05661875	2.24656575
bila1255	-0.298413811393	1.55383007206855	-3.47594125	2.65808175
bilb1241	-0.6876889784415	1.12972302345594	-2.94082725	1.58895749999999
bili1260	-0.0383063281062	1.62532063762009	-3.35851275	3.2659415
bimi1240	0.5607292874015	1.40397400403028	-2.157752	3.4151745
bina1277	0.1251348259	1.30090781505239	-2.4688725	2.8196445
bini1246	-0.1758620066855	1.59294734081588	-3.248718	3.031642
bira1253	0.306638712955	1.54570949411436	-2.69114825	3.4751935
bisu1244	1.173123788366	1.3862897200871	-1.50754775	3.98198775
blab1237	0.182845554945	1.30369206150015	-2.32552875	2.80640075
blan1242	1.20959566888	1.49240187776068	-1.60242225	4.33821225
bodo1269	-0.2965985976355	1.41857120045048	-3.2220525	2.52273375
boht1238	-0.312157401909	1.61495910348427	-3.51096925	2.84602875
boka1249	-0.034143541616	1.42473752428937	-2.72753675	2.832961
bola1250	1.02013109705	1.30635272163281	-1.36555825	3.63122775
boly1239	0.63199725362	1.55458287405013	-2.40048525	3.75575225
bomb1262	-0.510029204859	1.67161012990384	-4.0836995	2.77303025
bomk1234	-0.51340590769	1.53216456328057	-3.6949805	2.33877675
bona1250	-0.701776553805	1.53038103848905	-3.942224	2.16781675
bond1247	-0.186560767235	1.59751081928415	-3.383894	2.8892635
bong1289	-0.517033841729735	1.6269227474074	-3.89975625	2.49786875
bora1263	0.353271686375	1.56008949197503	-2.74083225	3.54859125
bori1243	-0.5128419532505	1.33411864027317	-3.346944	2.06009625
boro1277	-0.7882593771465	1.51227833582781	-3.918263	2.03970925
boro1282	0.4906881766805	1.62735588428645	-2.63048425	3.71981375
boto1242	0.70917077850185	1.41989655448627	-2.15096525	3.55503675
boun1243	1.39482121819	1.61829766704145	-1.47429375	4.92428475
boun1245	-1.001119650941	1.32840321492648	-3.82693425	1.635281
bret1244	-0.082296506125	1.6507714250437	-3.46551075	3.09090425
bube1242	-0.16118916007	1.65377708692197	-3.680805	3.07433925
bubi1250	-0.1919660147455	1.67300000890794	-3.5808675	3.089999
budu1265	-0.118857142177	1.76188367622351	-3.61142875	3.52847474999999
buga1247	0.8893541050865	1.51987835662671	-1.9730495	4.01125825
buga1250	0.7122623395205	1.21906565202807	-1.59333575	3.2466455
bugh1239	0.543036563655	1.27545557729157	-1.847774	3.17132125
bugi1244	-0.33158831389	1.67223665380835	-3.8113945	2.95863125
buhu1237	1.5430585929615	1.47163005059257	-1.06481625	4.740896
bujh1238	-0.559911598555	1.30834618339147	-3.176329	1.9386095
bull1247	-0.58028814114	1.48507411031763	-3.65166425	2.1721125
bulo1242	-0.552734625549	1.58788727623901	-3.80625775	2.51934225
bulu1251	-0.47092818961	1.64623973343126	-3.8777705	2.69445775
bumt1240	-0.370477409065	1.37440341544276	-2.97768825	2.2801145
buna1276	1.79543624011	1.47422209360379	-0.89824735	4.9458325
bura1292	-0.5786889607715	1.58498640452561	-3.703174	2.62197175
bure1242	-0.352798269755	1.66509203323323	-3.79445075	2.78608725
burj1242	-0.0020739806512	1.74224901689765	-3.415706	3.70311975
buru1320	-0.177584594458	1.67587130635204	-3.484029	3.01932875
busa1253	0.410379989275	1.49786373875429	-2.554164	3.44631124999999
bush1247	-0.101784729412	1.69208936477207	-3.63960225	3.329163
buwa1243	-0.678868225055	1.60365050912007	-4.0410435	2.32556625
bwai1242	2.0301861121285	1.36300596687809	-0.408173525	4.918857
bwat1240	-1.0800104198915	1.4969866691747	-4.24599475	1.7037365
byan1241	0.35397828904	1.4071584430183	-2.42518425	3.1053665
caac1237	-0.96167325152	1.52812358551937	-4.041072	1.95063
cabe1245	-0.9284933564805	1.543721802807	-3.99319875	2.0196645
cahu1264	0.891407469435	1.5350989059772	-1.97398875	4.00594025
cakf1236	-0.2637292772905	1.66289651151369	-3.6084565	3.09265925
cald1236	-0.5240441189871	1.53839564493742	-3.7408555	2.492462
caml1239	-2.28555438144	1.38581498964479	-5.170443	0.151312049999998
cane1242	-1.181714265985	1.5505454556688	-4.4844445	1.723769
caom1238	0.66056858781	1.61310402073517	-2.3631475	3.975858
capa1241	0.924982833486	1.5229877446335	-1.931217	4.02233025
carn1240	-0.1094451805955	1.72691916667206	-3.851339	3.32755025
caro1242	-0.4839796554095	1.46922773118151	-3.49308325	2.3299515
cash1251	-0.58057794478	1.48339516717136	-3.5997345	2.33526925
casi1235	-0.4969706228105	1.47811107704557	-3.48959675	2.34102525
cayu1262	-0.7344574217695	1.49953979968176	-3.81728475	2.010785
cemu1238	-1.07510932884	1.53584063969402	-4.4617	1.8151835
cent1989	-0.441953355399	1.67728402136514	-3.87284975	2.790602
cent1990	-0.106092506527	1.66475336416342	-3.50307375	3.16285
cent2004	2.22131306177	1.5880036151806	-0.534925225	5.6639235
cent2050	-0.4072532307	1.64539817282803	-3.8485525	2.76032925
cent2058	0.964627699145	1.29923038182747	-1.482543	3.78854925
cent2084	-0.7071498853145	1.53726159814124	-3.85502325	2.30032225
cent2090	0.801589727965	1.39097329261571	-1.953058	3.53857325
cent2127	-0.2605838963895	1.65983215403064	-3.50273925	2.93567225
cent2131	1.72018418454	1.51272273635248	-0.982265425	4.89772075
cent2140	-0.771784708662	1.57711340714492	-4.0984705	2.10931675
cent2142	-0.6929384821	1.66800639039147	-4.086771	2.4976115
cent2292	-0.823340535925	1.51502854544273	-4.05329625	1.8956075
cent2314	-0.362978781041	1.54001047713378	-3.584082	2.49967275
cent2322	1.271218625085	1.60083855603234	-1.6753685	4.66776275
chac1251	-0.544806594218	1.53436884168134	-3.71156975	2.4168825
chak1270	-0.0574142514285	1.28659016001022	-2.5789265	2.52973275
chak1271	1.555420587848	1.61172652642331	-1.3521915	5.02436024999999
chal1275	-0.00458792588085	1.67323856224515	-3.22262975	3.31409825
cham1312	-0.28149699745	1.6078828028178	-3.65582375	2.84186475
chan1313	-0.086993186679	1.25163446016965	-2.6229725	2.381843
char1269	0.575151830685	1.47259207755856	-2.337486	3.38898825
chas1234	2.300226025489	1.58055280884454	-0.45320165	5.580353
chek1238	0.36712793527	1.2932274840262	-2.015347	2.9382375
chen1255	-0.1727370143567	1.61645286322438	-3.4275255	3.057177
chep1245	-1.052219014382	1.32329177535365	-3.7330395	1.41449875
cher1273	0.650130807272	1.5396782676802	-2.17903575	3.8646605
chey1247	0.76211744533	1.58002823551081	-2.31725075	4.09000449999999
chil1280	-0.0089888625595	1.60823912377755	-3.1736455	3.35878375
chim1302	-0.587054260775	1.60530827456408	-4.1457985	2.46147975
chin1286	0.232677727605	1.62179670962849	-2.976444	3.5558885
chip1241	0.3141721702775	1.56159681032319	-2.76834325	3.6171635
chip1261	0.260812375237	1.66975962050898	-3.14307475	3.76464175
chiq1248	-0.444077496514	1.56204249768807	-3.750561	2.504277
choc1275	-0.51149387745	1.36551756259432	-3.334598	2.0865985
choc1276	0.705980884946	1.52532200368503	-2.240304	3.867206
chon1284	-0.41849781787115	1.52064112898584	-3.61525175	2.36029825
chot1239	-1.5469223264605	1.24015238012719	-4.0016285	0.761826199999999
chra1242	-0.419270856593	1.5883425793143	-3.71983675	2.60743075
chug1252	-0.107961829855	1.34396924768117	-2.86022	2.492425
chuj1250	-1.0490291267815	1.63563373479303	-4.58709	2.01643125
chuk1273	-0.5121818117295	1.62784608671567	-3.78160675	2.55623699999999
chuu1238	1.408040887891	1.51382809860988	-1.38561775	4.6053015
chuv1255	-0.49039725582	1.63368864151405	-3.825188	2.778858
chuw1238	-0.0861642675355	1.67009754826909	-3.65900525	3.11866725
cici1237	-0.09910354834	1.66428009581833	-3.56057475	3.01704525
coat1243	-0.658117653575	1.52784261043995	-3.92106275	2.24173225
coca1259	0.500080844565	1.64531383127902	-2.64106775	4.1739735
coeu1236	-0.6454491383925	1.53474996313972	-3.825068	2.313007
colu1241	0.0080409845025	1.51008960702028	-3.12404525	2.89293625
coma1245	-0.7327793338	1.58486477985831	-4.06819275	2.1875735
como1259	-0.5267901209	1.60990563960175	-3.9002185	2.5623355
cori1240	-0.2156397148	1.63377118171343	-3.41153375	2.90445999999999
cors1241	-0.06032682027	1.67387842221963	-3.44948775	3.32138025
cosa1234	0.7533946985964	1.37508146735975	-1.959431	3.45295725
cota1241	-0.878461502585	1.5368747701808	-4.10259	2.03894025
cree1270	0.65028113258	1.57942827523473	-2.3228715	4.0302255
crim1257	-0.03912794612	1.63969174774081	-3.40737925	3.23193825
crow1244	0.8122926541675	1.51558422167032	-1.9962695	4.077571
cube1242	-0.17018362166295	1.46620261477665	-3.13209325	2.67213775
culi1244	-0.9131910826555	1.55775110771997	-4.05908275	1.8708415
cusc1236	-0.3417274260435	1.67062567820437	-3.6344045	2.85762449999999
czec1258	-0.121163566635	1.66531596498082	-3.385482	3.20075925
daai1236	-0.679873111236	1.23772011488296	-3.2926605	1.6238305
daas1238	-0.1056981444765	1.67957009460854	-3.467894	3.31630375
dadi1250	-1.142857264935	1.36791202769602	-3.929834	1.39123725
dagb1246	1.232227080725	1.49671768497746	-1.51387675	4.3286095
dagi1241	-0.365798804797	1.65424638397598	-3.803006	2.93238725
daka1243	-0.762553738015	1.21664800636997	-3.28855925	1.529712
damp1237	-0.460245091415	1.59293976658922	-3.7105845	2.6335255
dana1252	1.2948342293065	1.47762681589114	-1.33437125	4.390991
dand1238	-0.163713433196	1.65678959524257	-3.5076665	3.2178465
dani1285	-0.1658056866895	1.6279421225146	-3.488807	3.04742875
dara1250	-0.402613871492	1.34172198784222	-3.03811275	2.29236025
darm1243	0.395826861546	1.40491067959961	-2.3655315	3.19764475
dawr1236	0.0136181631625	1.52906613954959	-3.07944625	3.004667
daza1242	-0.120862539178	1.71580134548291	-3.5933985	3.08742899999999
defa1248	0.46654874292	1.46957272730464	-2.3560535	3.3704085
dege1246	0.28625563188	1.48226701829259	-2.7095465	3.24425525
dera1248	-0.57553501052	1.51924593463827	-3.6590705	2.41928475
desa1247	-0.17542798052845	1.47807130018309	-3.1746255	2.7805285
dhao1237	0.425649081129815	1.42293730507383	-2.445501	3.23160075
dhim1246	-1.71638278945	1.42097462512723	-4.7112175	0.952106399999997
dhuw1249	-0.49164728481	1.6617687755796	-3.96876425	2.68138025
dibo1245	-0.2553542471775	1.66947480518339	-3.59483025	2.90947075
diga1241	0.921259832615	1.31847140597252	-1.581194	3.70602875
digo1243	-0.15087105605278	1.6790232949771	-3.566155	3.12036975
dima1251	-1.1051863479125	1.41238062215324	-4.078411	1.5580265
djam1255	-0.477300239302	1.68172592708511	-4.0037895	2.68128125
djee1236	-0.8423379237595	1.59940070311654	-4.3089285	2.0863355
djeo1235	0.1784903007698	1.50242248455844	-2.71294775	3.32885675
djin1251	-0.247734900168	1.66855244664699	-3.73265425	2.9956625
dobu1241	2.142986881425	1.39584030661068	-0.414475325	4.901593
doma1260	-0.4152516168265	1.53527424144384	-3.63846425	2.47729175
domm1246	-0.8088045008695	1.35347761079007	-3.526456	1.77741225
doro1266	0.8578136889655	1.18350487882406	-1.44213125	3.258295
drun1238	1.660927909998	1.46465739953701	-0.967044975	4.7850755
dumb1241	-0.845087262082	1.57486494148555	-4.37702075	2.0424545
dumi1241	-2.28991747409	1.39892985833929	-5.237549	0.168039124999999
duru1236	-0.2152635656585	1.69852792632979	-3.7036155	3.21619775
dusn1237	1.171920170719	1.42964564345713	-1.43785575	4.16494825
dutc1256	-0.1157066380025	1.56845675824669	-3.31681775	2.93811925
dyul1238	1.745132054605	1.48317028490867	-0.85451585	4.9762995
dzao1238	0.850526804852	1.54197754472769	-1.9733395	4.06195275
dzon1239	-0.91268838792	1.38208038753027	-3.71843225	1.78951025
east1236	-0.30787881936	1.60289904238303	-3.64913725	2.8489865
east2328	-0.501484601053	1.49043555530672	-3.554	2.38251875
east2332	-0.16634175003	1.68548141204352	-3.65907275	3.12612525
east2342	1.618002375135	1.56574499957911	-1.12674325	5.08866575
east2443	0.2531168081055	1.28014242534745	-2.16593575	2.881267
east2447	0.104690286128	1.53770584751697	-3.09238775	2.97136425
east2485	-0.6103679585365	1.5199083817938	-3.7409895	2.31764049999999
east2516	-1.4038152310965	1.38421313412806	-4.26457525	1.2293405
east2555	0.12505116199	1.60386194938834	-3.03080925	3.410822
east2556	0.2191798029175	1.43823709520079	-2.57269775	3.1158925
east2690	0.00703706659	1.70480262226673	-3.33956775	3.4192145
east2773	-2.094838322854	1.38837227923702	-5.20852375	0.297277624999998
east2782	-0.104763975835	1.57517108476784	-3.41637125	2.89366725
eipo1242	-0.39762732079345	1.41900274796788	-3.191134	2.30165075
ekar1243	1.440429999148	1.52101808497953	-1.26623125	4.47607675
elna1235	-0.15233684717	1.37832627352602	-2.952867	2.45132075
emae1237	0.061754860741	1.25761628452975	-2.42813525	2.52897425
emai1241	-0.251341709495	1.60334933912142	-3.559262	2.91945625
enuu1235	1.540096385115	1.4512262128735	-1.05032975	4.68351425
ersu1241	-1.054641452425	1.42939173653066	-4.0194615	1.66762925
erzy1239	-0.4482835241685	1.62010623838015	-3.552643	2.5681385
esee1248	-0.646533898454	1.51619102509269	-3.7998635	2.1605185
esim1238	-0.773592341454	1.47084200570656	-3.8592695	1.98959175
esto1258	2.00865602177	1.57938127358551	-0.7242296	5.43728825
even1259	-0.2855749744725	1.58274055985334	-3.618955	2.68961975
even1260	-0.28478777904	1.56203408101296	-3.43215225	2.65159999999999
fare1241	0.826688953567	1.45758039375006	-1.787645	3.73689874999999
faro1244	-0.088476451089	1.63222087209283	-3.19205425	3.18098025
fass1245	-1.30168295989	1.31125729223304	-4.0659365	1.14510425
fasu1242	-1.4205757734263	1.46439239114955	-4.56953125	1.22316575
fiji1243	-0.421399490015	1.55589463064925	-3.69176425	2.440023
fili1244	0.3277237994695	1.50100044053029	-2.713602	3.2342335
filo1235	0.423011330278	1.41908433795912	-2.3723185	3.32157075
fina1242	-0.8538625384645	1.49159022616207	-4.00664525	1.7800665
finn1318	-0.42579523545115	1.53859434461396	-3.6535485	2.4279655
fonn1241	-0.8473619743851	1.43452232864974	-3.80993825	1.91753275
fore1265	-0.2433460464455	1.61302125085671	-3.57679475	2.79645175
fran1266	-0.954838190085	1.59500793988792	-4.3444915	1.99660925
fuln1247	0.6345297755455	1.60732602378497	-2.48570175	3.993678
furr1244	-0.1663741945595	1.65653537566287	-3.51162675	3.09720575
furu1242	-0.84614136987	1.52063804748183	-4.092188	1.97887525
futu1245	-0.770715427462	1.52101070448831	-3.96450225	2.14895925
fuyu1242	0.647471533550045	1.22180663567608	-1.73801075	3.144526
gaaa1244	0.8005696273155	1.57933412792657	-2.079368	4.126956
gaan1243	-0.615215634902	1.55401048874338	-3.75560025	2.48604675
gaga1249	-0.066598715975	1.5809334810013	-3.3362635	3.12547825
gahr1239	-0.8154751658	1.53190796891731	-3.9397155	2.01001549999999
gala1264	-0.300267281877	1.64871593807547	-3.65165725	2.80854325
gale1259	1.140671054613	1.60441014425657	-1.7451705	4.52672475
gali1258	-0.0657723111395	1.74207588101751	-3.597386	3.41465899999999
gali1262	0.334620383169	1.5758683317717	-2.67101675	3.60022125
galo1242	-0.72844937702	1.35064368509983	-3.6048635	1.81123025
gami1243	-0.24083923552	1.6011638239347	-3.5514345	2.83334975
gamo1243	0.4564181426211	1.47419578659879	-2.48181925	3.46859224999999
gang1266	-1.5458348452695	1.2302827787469	-3.9944605	0.798611624999999
gant1244	-0.5251435848664	1.34684871752968	-3.047171	2.23396025
gapa1238	1.431117368725	1.31524008290991	-1.066976	4.09739425
garo1247	-0.880692673637	1.44475868968797	-3.93229925	1.80069975
gayo1244	-0.4212755256135	1.5341828673753	-3.5118685	2.445157
geba1237	1.8485190314255	1.5282610218011	-0.943429975	5.13312625
gebe1237	1.778902651065	1.64042074292	-1.0707555	5.36154774999999
geda1237	-0.837311205689	1.15016925650405	-3.163532	1.4955125
gela1263	-0.13072997851	1.25921378699666	-2.716372	2.31173175
ghan1242	0.334131142462	1.42129879173032	-2.5345345	3.09851875
ghar1239	-0.1839960463575	1.33894227349074	-2.79616475	2.5234735
gheg1238	-0.199655091245	1.64118266273914	-3.594484	2.983248
gilb1244	1.4376298653255	1.58252050608371	-1.4456835	4.77266375
gily1242	0.5719082149455	1.52773457899073	-2.27848975	3.6723295
gira1247	-0.676970504301	1.17598829408386	-2.90582825	1.6941965
glav1244	-0.56129156659245	1.60429537199481	-3.853951	2.528898
gofa1235	0.486115872715	1.50297031146961	-2.36186575	3.667284
gogo1265	-1.49399451776	1.62559737487267	-4.91602	1.50816725
guah1255	0.7530363080745	1.59219484753899	-2.3169085	3.97105125
guan1266	-0.192434607805	1.35561574164676	-2.929051	2.40347149999999
guan1269	0.333467873415	1.51545646427289	-2.58773775	3.44353175
guat1253	-0.263652365784	1.57831161784182	-3.5061285	2.745497
gube1234	1.4935064187955	1.63618522927675	-1.399712	5.07151749999999
gude1246	-0.7650538357227	1.55540000060787	-3.95741075	2.1199075
guer1241	-0.7316647596975	1.51908021699758	-3.79915275	2.05273025
guer1243	-0.164865217294	1.53978846446163	-3.29359375	2.7481775
guhu1244	0.35741493646	1.22791596109918	-2.02505	2.8645285
guiq1238	-0.80596789978	1.35713041523407	-3.637575	1.6760355
guma1254	2.0842692521635	1.45228176669691	-0.542190575	5.0326465
gunw1252	-0.916401409234	1.59327270048535	-4.35368525	2.06815225
guny1241	1.17852827494769	1.60646373460462	-1.78222525	4.4160005
guru1261	-2.204963226745	1.41553478900592	-5.2839535	0.325943799999995
guru1271	-0.284096434277	1.65448577367906	-3.66203225	2.90018925
gusi1247	-0.313510473212	1.55706045808171	-3.52719125	2.68351075
gyel1242	-0.4507342833575	1.68845905793031	-3.88821	2.64304149999999
haaa1252	-0.101892459164	1.68614011179669	-3.46937525	3.134521
hadi1240	-0.54578051374	1.58531381406569	-3.91955725	2.35577075
hadz1240	-0.243054861635	1.61752878396478	-3.51957425	2.76889124999999
haka1240	-0.08618855523095	1.26481351681203	-2.55565025	2.50001875
hakk1236	-0.27477326046	1.57998055802235	-3.48803225	2.724044
halh1238	-0.09957302091	1.63659638492849	-3.407181	3.024923
hali1244	-0.20499188828	1.41666435799692	-3.1065345	2.51088975
halk1245	-0.320226971797	1.60344916036124	-3.70633725	2.87437875
hame1242	-0.04529663061	1.58357239298105	-3.30657075	3.0586465
hang1263	0.130732315041	1.36081172362776	-2.412991	2.87817375
hani1248	1.35439066077	1.52334661095693	-1.3715445	4.64974225
hano1246	0.0848284174355	1.28935950638759	-2.3662285	2.732109
haru1245	-0.30391964465	1.33760728856744	-2.9240585	2.37123525
hava1248	-1.0231964839865	1.50690947702664	-4.32334075	1.77878849999999
hawa1245	-0.303435426123	1.52556352059704	-3.425337	2.64865175
hehe1240	-0.14244891642	1.59909106354726	-3.3676035	2.89854125
hela1238	-1.824051318805	1.39121300702642	-4.83535175	0.581162474999996
here1253	-0.029095868878	1.59789845862735	-3.25941725	3.16859424999999
hida1246	0.6639325445245	1.5618782026565	-2.346866	3.88334149999999
high1243	0.29918473297	1.44382903569992	-2.548992	3.2331965
high1276	0.0425379322075	1.31803707786049	-2.609912	2.621741
hind1269	1.3004409875995	1.58286508426877	-1.633849	4.65022675
hixk1239	0.3933154268785	1.60534880770569	-2.761755	3.6160255
hoaa1235	0.542165368561	1.50115489240965	-2.2389475	3.67298275
hoav1238	-0.075620409546	1.37391013710439	-2.79056025	2.60155225
hone1235	-0.433277639285	1.59286398140884	-3.766203	2.628024
honi1244	1.627779476565	1.51624769871639	-1.09762	4.73914849999998
hopi1249	-0.67779567232	1.42100735540804	-3.62484925	1.97688125
horp1239	-0.44293656137685	1.36006478014694	-3.2198245	2.10703025
hote1245	0.5313969874245	1.09845364333667	-1.53422375	2.87596525
hozo1236	-0.43124331073	1.50465935841748	-3.44889525	2.54341925
hrus1242	0.196091714613995	1.3300505994866	-2.37996875	2.93261175
hual1241	-0.4934361352505	1.48785640018296	-3.685106	2.27824925
huam1247	-0.911067866274	1.55500196741977	-4.112748	1.93524375
huar1255	1.369783650558	1.5119723057448	-1.40412075	4.5674225
huas1242	1.061986685845	1.55479305016897	-1.74704275	4.37165625
huba1236	-0.6700826717525	1.57415013546317	-3.9615705	2.303206
huic1243	0.5005555950175	1.42350974130124	-2.19541875	3.30944425
hula1239	0.8412319961085	1.27161183694671	-1.67291175	3.4684465
hula1244	-0.006866477937	1.62248546433362	-3.31251625	3.2116205
huli1244	-0.74482776046	1.37480059279846	-3.5989755	1.95118225
hung1274	-0.378070962161	1.62153425223549	-3.710672	2.75790375
hunz1247	-0.382193354475	1.59989606390026	-3.69958475	2.62302125
huuu1240	1.096110879435	1.36302086236146	-1.57308225	3.915121
iaai1238	-1.015829796275	1.58063698923251	-4.472994	1.900404
iatm1242	0.2945023157285	1.39944761214215	-2.42693725	3.13096375
ibal1244	-0.542869953247	1.47288900562544	-3.64029275	2.16366
iban1264	-0.2867763449955	1.58725120582999	-3.52365475	2.6883255
iban1267	-0.76911897079	1.56661515830437	-3.96961925	2.23433725
ibat1238	-0.45609725144	1.61449004957209	-3.7467715	2.62277575
ibib1240	0.125456799775	1.53245186125819	-3.07914	3.1391905
icel1247	-0.025529855905	1.72887865058295	-3.514765	3.249418
idii1243	-1.4727762765	1.53573004122569	-4.718098	1.20981125
idom1241	-0.33948885669	1.6393460356385	-3.558594	2.98332949999999
idum1241	-0.882143327872	1.46610050165549	-3.718343	1.85308075
idun1242	1.977065917605	1.373303306254	-0.52464375	4.9600415
ilaa1246	-0.0849559726095	1.65485872715667	-3.381597	3.27586475
iliu1237	1.516362088615	1.4781041376888	-1.07785975	4.71082425
ilon1239	-0.642964455416	1.45391218034018	-3.66101175	2.10827325
imba1240	-0.529634246585	1.62971132031678	-3.9202445	2.4847715
inga1252	-0.2631806750185	1.62781355639935	-3.66555325	2.93506825
ingr1248	-0.0419127559775	1.53720916511032	-3.26288675	2.94558175
iran1262	-0.534352017133	1.57500043634844	-3.81047025	2.40607425
irar1238	1.72602982743	1.49693130121181	-1.01147125	4.855105
iris1253	-0.128547920605	1.64361934351539	-3.50242325	2.99371325
irul1243	-0.15761653162785	1.65001546440942	-3.50400575	3.0981925
isco1239	-0.2923822988245	1.48913471417474	-3.24178675	2.52467225
isin1239	-0.5766313398105	1.42706581218871	-3.4666025	2.10919149999999
isir1237	0.2559352169565	1.29881998893977	-2.3370715	2.74709175
isna1241	-0.66196803095	1.56572811950626	-3.79986675	2.300671
isth1240	-0.318290966728	1.36089491682435	-2.981373	2.4241185
isth1242	-0.038444354473	1.34038303990728	-2.796397	2.51545625
ital1282	-0.16596226934	1.7076303902483	-3.71428275	3.06487675
iton1250	0.1276987934555	1.45595306080756	-2.676298	3.05187925
itza1241	-0.49252276112618	1.62256586813191	-3.897948	2.5843725
iwal1237	0.6161895144755	1.15114018598032	-1.56617375	3.05552325
iyoo1238	-0.06848438974685	1.18432411583031	-2.289562	2.3588075
jahh1242	-0.489453708624	1.62089419157435	-3.7444665	2.6517255
jalk1242	1.789013991765	1.55875167257609	-0.96443495	5.05726775
jama1261	1.18559707707	1.48116898564253	-1.470716	4.394608
jamb1236	-0.1834960009115	1.62010817528238	-3.5666025	3.02250825
japh1234	0.48036188847	1.32341295197289	-2.145889	3.05361025
jara1266	-0.746435925232	1.58099293122635	-4.11361275	2.22269325
jede1239	-0.352349168232	1.58439344905923	-3.63503775	2.6728975
jeha1242	-0.2994549906885	1.55134055537115	-3.3258035	2.75722325
jehh1245	-0.495513286277	1.63915288697757	-3.8964235	2.624567
jeru1240	-2.0688185124835	1.45583210488345	-5.248928	0.580519049999999
jina1244	-0.381598875105	1.74510645226665	-3.94568625	3.0244965
juku1254	-0.3515478063385	1.5266576520512	-3.413359	2.640515
kaba1278	-0.0199636661365	1.59724648135568	-3.32569175	3.22512325
kach1280	1.727719768005	1.58431933172639	-1.109815	4.851258
kado1242	1.393520586217	1.36768320712601	-1.08054	4.336208
kafa1242	-0.214408079415	1.52864565535106	-3.45032775	2.7140545
kaga1256	1.26101091633	1.35180022703961	-1.3110955	4.04337075
kagu1239	-0.2122229566025	1.66921109919052	-3.60430825	2.98752575
kaik1246	-0.757564070482	1.36554662147146	-3.52372025	1.80350925
kaki1249	-0.513812395175	1.38648692065513	-3.27097125	2.1857725
kala1384	0.006475457616	1.65929059691766	-3.47214175	3.28442575
kala1388	-0.833995457011	1.49293013535827	-3.99699625	1.814138
kala1399	-0.244433202175	1.64279530674802	-3.444321	2.894812
kali1308	-0.433568601442	1.48826801853534	-3.4912855	2.39999575
kalm1243	-0.1075629448275	1.65966839655277	-3.52728275	2.9758675
kamb1297	-0.194510357445	1.65426358885021	-3.508692	2.9371635
kamb1299	-0.628833929851	1.59341720693792	-3.861582	2.4518395
kamm1249	0.560406711508	1.38883733874456	-2.0935475	3.4087565
kamu1260	-1.39350391739545	1.52052750188304	-4.62228	1.44285325
kana1286	-0.3921638517303	1.38947605631005	-3.190792	2.2250825
kana1291	-0.642699188206	1.52618212687883	-3.78221475	2.23864
kani1286	-0.48940711608195	1.2285019311458	-2.96061775	2.072463
kank1243	-0.745379425786	1.4994046654493	-3.94040475	1.967819
kaqc1270	-0.708148858113	1.57776038663111	-3.95090925	2.13868325
kara1486	-0.3068584880065	1.29776795786472	-2.967692	2.1520985
kara1487	-0.694881848812	1.449143211941	-3.741229	1.9576675
kara1500	-1.012865116281	1.57630905624324	-4.260761	1.995259
kare1335	-0.4396064553755	1.54977565681016	-3.62364625	2.444695
kare1338	-0.4326123396965	1.50738243395239	-3.62493975	2.475836
kari1311	0.204266264724	1.60180590253233	-2.89710125	3.43832925
kark1258	-1.306189451177	1.44372697565614	-4.36553225	1.24463475
karn1252	-0.1273646026395	1.2441583822619	-2.66064375	2.38605975
karo1304	0.6142675380045	1.61712632571092	-2.39107075	3.87235375
kash1277	-0.59410532661	1.61734398748001	-3.95315925	2.47783875
kask1239	0.168701572835	1.61245696975592	-2.810966	3.5508595
katb1237	-0.980027778355	1.21344665982436	-3.45136925	1.2515775
kats1235	1.6973451565955	1.60199597570567	-0.994545175	4.9728875
kaya1315	1.979067708995	1.52478429794035	-0.665997975	5.25832325
keap1239	0.88640778619	1.2687964035868	-1.56676125	3.44427625
keig1242	-0.180425174095	1.55860909476982	-3.54933225	2.778705
kele1258	-1.048983844565	1.49706532745238	-4.48136075	1.6716415
kemb1249	-0.448457279503	1.56715143359586	-3.510597	2.4685325
kens1248	-0.1920418078825	1.59565120904564	-3.34515925	3.04843475
kenu1236	-0.268756718657	1.72145422093509	-3.7249395	3.088807
keoo1238	-0.4384938709275	1.52707994780098	-3.61084825	2.50835975
kera1255	-0.6382231731245	1.55025491677987	-3.88332225	2.2639355
kesa1244	-0.25803060991	1.24122672709657	-2.59759825	2.36866599999999
kett1243	-0.2682138559875	1.64202965929168	-3.6383685	2.90961675
kgal1244	0.095747891468	1.69780895920566	-3.3750775	3.43378025
khak1248	-0.0888473999875	1.67797138450125	-3.44919575	3.15128675
khal1275	-2.13451115983	1.45859073300532	-5.249569	0.58140055
kham1282	-0.5159087826702	1.54110066443757	-3.74252325	2.22766925
khan1278	0.4301022178515	1.46210558826882	-2.505329	3.31316875
khar1287	-0.164690751325	1.57161432310321	-3.27059175	2.8657155
khas1269	-0.751788379818	1.55022854256996	-3.83262325	2.25543025
khez1235	-1.270727640851	1.19464336759248	-3.6816905	0.943097475
khmu1256	0.238508977174	1.51628245637149	-2.84001325	3.20303625
khum1248	-0.1368055431985	1.25869445274013	-2.60096425	2.38485675
kich1262	-0.755074154235	1.5907787518579	-3.95480275	2.19019275
kiku1240	-0.240800246625	1.61063573357326	-3.51116875	3.02747074999999
kile1243	-0.1589531839695	1.60747702521542	-3.40202275	2.9980725
kima1246	1.490815063795	1.56233499099035	-1.3392555	4.75629675
kimm1245	1.092216879902	1.51180724405617	-1.7251645	4.28448775
kina1250	-0.2114846991064	1.56404343568795	-3.49600275	2.77825225
kinn1249	-0.745035884535	1.50663651192418	-3.9102585	2.00065025
kiow1266	-0.81999787081	1.59140495237587	-4.0424105	2.24349999999999
koho1244	-0.59246128857	1.55398826861363	-4.0086835	2.362236
koir1240	-1.727569678091	1.23433199252719	-4.31055825	0.562759174999999
koit1244	1.447414660035	1.31415865570348	-1.0062975	4.1828355
koko1269	0.1041779612305	1.30523135897915	-2.50298825	2.64632475
kola1285	1.38123730083	1.53168468311756	-1.33540975	4.60855424999999
kolb1240	-0.464231328205	1.49887856054999	-3.55308675	2.451889
kolc1235	-0.33496094373	1.5999197506576	-3.560627	2.95570125
kolu1245	2.1332397692685	1.40498055695051	-0.413187025	5.13486725
komb1274	0.8930123232405	1.50559680573556	-1.84523675	4.15408125
komc1235	-0.889202002589	1.52105182461299	-4.010886	1.889877
komi1268	-0.238693182907	1.6016762875356	-3.462845	2.85951575
komi1269	-0.22424555626	1.62030358674794	-3.63326775	2.901729
komi1270	-1.615734781165	1.23600591799505	-4.18383475	0.562076549999999
kona1242	0.362333746107	1.41482605562725	-2.3566425	3.25057175
konk1267	-0.3190207242646	1.57326007552709	-3.533359	2.7304075
koon1245	-0.21294675158	1.61448810212261	-3.3734875	2.99026175
kore1280	-0.184415869586	1.634281214242	-3.395672	2.98997725
koro1298	0.874514673769	1.54596754361882	-2.0972975	4.12847475
koro1313	0.900297821724	1.37811782069728	-1.83499125	3.6221285
korr1238	-0.21817074277635	1.62090933113882	-3.4609345	2.9005735
kosa1249	-0.31264652409015	1.43917698841669	-3.276353	2.44733625
kosr1238	-0.41664495231	1.57105125262018	-3.772408	2.5476635
kota1263	-0.256560470371	1.52789793318597	-3.313423	2.807199
koti1238	-0.0993289274905	1.72155421006491	-3.5878005	3.307175
kove1237	1.123404021255	1.24953078083458	-1.247608	3.814007
koya1251	-0.161078959023	1.62247310738414	-3.4971595	3.00849375
koys1242	-0.009795778817	1.64215968703328	-3.322793	3.3854595
kren1239	0.396174188529	1.57841220486417	-2.71473425	3.90213925
kuan1248	0.2052768041685	1.3366609382944	-2.47715275	2.90756375
kuik1246	0.582297949555	1.38074218098871	-2.087933	3.40221424999999
kuku1273	-0.3535729422375	1.57851638499509	-3.6205905	2.5873005
kulo1237	0.0474978294795	1.32797364159941	-2.519295	2.76570725
kulu1253	-2.10641894143	1.41970712947581	-5.210917	0.401302224999995
kuma1276	-0.90070321192	1.57340914199887	-3.9778975	1.948894
kumb1268	1.276862727825	1.55805106012342	-1.523166	4.62336275
kunb1251	-0.926141674838	1.57028758171179	-4.2395245	1.99451175
kuni1267	0.482621546135	1.19996649862387	-1.74032025	2.94500825
kunj1245	-0.431149304625	1.62830448245782	-3.78828975	2.5983965
kuot1243	0.0297382629635	1.28759379161998	-2.50603725	2.5045225
kurr1243	-0.08800974255	1.5708904577909	-3.0895635	3.088073
kusa1251	-0.059331846111	1.38913924142525	-2.8327105	2.6762215
kusu1250	-0.2905793710945	1.35510689137142	-3.04925325	2.3450505
kuyy1240	-0.3811349985755	1.6550807770902	-3.763928	2.76435675
kwai1243	-0.797045437525	1.39443494471266	-3.743	1.72648425
kwam1249	-0.5303856954	1.51136248860047	-3.55366025	2.5582445
kwar1239	-0.64020488096	1.38137094668636	-3.5598885	1.93520124999999
kweg1241	0.182035491373	1.61895799340577	-3.08054875	3.37340675
kwin1241	-0.3533733721845	1.62038431328482	-3.6982005	2.79797375
kwom1262	0.3822497334725	1.38150887200951	-2.18274975	3.28113775
kxoe1243	-1.061752705995	1.5547478827001	-4.22667225	1.90693425
kyer1238	-1.6059006133965	1.40061843623175	-4.6767415	0.92647365
laal1242	-0.32689046985	1.67606050391021	-3.7715515	3.056835
labe1239	-0.36666911858325	1.42228502031513	-3.42705025	2.376444
labo1244	-0.953717681755	1.25699502467697	-3.55777225	1.5013765
labu1248	0.487233962166	1.10308563966712	-1.62197725	2.81208675
lach1248	1.13545029161	1.53833567889513	-1.721546	4.543242
lagw1237	-0.337888804285	1.75543120109222	-3.9006515	3.0898215
lahu1252	0.42531085042	1.29268157183785	-2.168289	2.87282775
lahu1253	1.256438423475	1.31032449873389	-1.12502175	4.09553175
laiy1246	-0.313618998095	1.52259897547319	-3.5921725	2.6128895
lala1268	1.32701125859	1.31169248921375	-1.18244475	4.01830325
lama1277	1.317892512988	1.44264870732352	-1.31259325	4.403336
lamb1269	-0.498731916943	1.50165771418215	-3.61791275	2.360829
lamb1272	-0.1134929385465	1.71360473054007	-3.6163335	3.27498975
lame1260	-0.43497477226892	1.20133087670185	-2.83638275	1.79620925
lamk1238	-1.5165146759555	1.2989776986045	-4.17067375	0.86895295
lamo1244	1.162128791724	1.25661729542132	-1.174524	3.663008
land1256	-0.5228168277765	1.53941061464417	-3.63729825	2.18222225
lara1258	-0.816988731835	1.67121536572183	-4.300486	2.34514925
lash1243	2.24871412328	1.58011212494256	-0.483201875	5.57902225
latv1249	0.908530078277	1.57817361958391	-2.2028385	4.163696
lauu1247	-0.55801891692585	1.43323850261045	-3.4575895	2.2258025
lave1248	-0.491847656227	1.56885917230494	-3.629852	2.49498925
lave1249	-0.63502219401846	1.61446529012176	-4.17416475	2.26421875
lavu1241	0.48843079038	1.4638348083074	-2.27221075	3.570336
lega1250	-0.077384953501	1.75306986860581	-3.720839	3.33960575
lele1267	0.1180933540385	1.30206697402823	-2.4145135	2.82477825
lele1270	-1.03111851028455	1.50038313796526	-4.35081425	1.744383
lele1276	-0.435430052025	1.63007250570253	-3.646508	2.77149525
lemb1266	0.2162565701523	1.37197728971787	-2.38928075	2.99184325
leme1238	-0.533117789531	1.38975074266826	-3.56427675	2.078277
lena1238	-0.97239125843	1.44303214498102	-4.02393725	1.73665325
lend1245	0.937611330935	1.52003537248302	-1.81433625	4.0708175
leng1259	-0.6949555257565	1.32440247793562	-3.464332	1.86065625
lepc1244	-1.7332118756625	1.39882097540473	-4.644128	0.790639649999999
lese1243	-0.1562748554875	1.48587651936284	-3.2102845	2.8416345
leti1246	-0.410341101275	1.35738808803236	-3.303526	2.23746975
lewo1242	-0.08485745363	1.21264358246183	-2.504986	2.30597025
lewo1244	1.08296380968	1.43339385095789	-1.59145075	3.96555975
lezg1247	-0.3712672394205	1.60882884326509	-3.73495875	2.64730424999999
lian1251	-1.556790199465	1.37356308785204	-4.53705075	0.914141574999998
lihi1237	-0.731426759281	1.38832566099632	-3.58782775	1.8193195
liji1238	-0.335580763795	1.59578694680553	-3.50878325	2.82109925
lill1248	-0.3103107125025	1.55931125172938	-3.5008925	2.638445
limb1266	-2.002449017175	1.45254498629055	-5.05439475	0.686237649999999
ling1265	-0.969695408847	1.20237274994467	-3.440864	1.26697975
lipo1242	1.99310461264	1.57363339182307	-0.72668035	5.373598
lish1245	-0.0077155216185	1.67422905831888	-3.3146415	3.35444
lisu1250	2.181432499825	1.49477522978364	-0.289151225	5.4979715
lith1251	1.931119483005	1.65669564631237	-1.080143	5.46726375
litz1237	-0.9338837310165	1.21460924505496	-3.29850125	1.3071815
livv1243	-0.39300626033	1.50203779806323	-3.55697775	2.430448
logo1259	0.041481858815	1.47103180858037	-2.90553925	3.03638725
loka1252	-0.196815826242	1.58999985866205	-3.44473475	2.84845625
lolo1259	1.91481508861	1.54320819226146	-0.786210675	5.15729575
lomb1257	-0.042615926585	1.6755718336059	-3.40123025	3.24185549999999
long1395	-0.8435552934062	1.41049235165802	-3.92970775	1.7383915
loni1238	-1.007176571638	1.50841503185758	-4.0859195	1.76347375
lote1237	1.2550745211	1.33625278753754	-1.120414	4.2344725
loth1237	-0.533908583515	1.2445072029661	-2.9567905	1.79924275
lotu1250	-0.8015914451855	1.60315571558897	-4.14726275	2.18387325
louu1245	-1.044720724265	1.49930871771404	-4.31567575	1.7353645
lowl1260	-1.0116096701435	1.54167204753312	-4.36308725	1.7302535
lowl1265	1.81856077891	1.52167629726861	-0.819923725	5.05747775
lozi1239	0.043582793948	1.67046605349442	-3.14694475	3.23312375
luan1263	-0.54541565092	1.39024164966724	-3.452427	2.07827975
ludi1246	-0.513472467042	1.5509259504128	-3.7025125	2.5735225
lugb1240	0.7883629557175	1.44862733200194	-1.87684675	3.71040525
lugu1238	-0.1834149307755	1.6390116582765	-3.4832325	3.09038775
lule1254	0.437291420805	1.52142131424084	-2.55696	3.489902
lumb1249	-0.1425960056505	1.64519191560324	-3.45672575	3.15264174999999
lumu1239	-0.365076339855	1.6668582836702	-3.80609925	2.71444249999999
lund1271	-0.616661731455	1.56217516050234	-3.78817275	2.3712185
luok1236	-0.359309639804	1.55073418033087	-3.72022975	2.516633
lush1249	0.033873595472	1.28973365060229	-2.47215725	2.581833
lush1252	-0.369981151379	1.57877437879419	-3.66080975	2.56317875
lusi1240	0.632153212715555	1.21612631517069	-1.7136305	3.13590225
luva1239	-0.201590809648	1.74552822726005	-3.81644725	3.25805475
luya1241	-0.468555465621	1.65631608186981	-3.8963795	2.7825345
maan1238	-0.239570469475	1.58810955549841	-3.48194275	2.84304025
mace1250	-0.17112515587	1.66229343296702	-3.61757625	3.10840475
macu1260	-0.6621081350195	1.51181114618348	-3.70834925	2.25797925
mada1285	-0.19647232463	1.2772230069382	-2.788781	2.29515
madi1260	1.023821357829	1.53124666516294	-1.73005125	4.2637105
madn1237	-0.906006388604	1.59725286673513	-4.144585	2.10677725
maee1241	-0.797240215264	1.22904187748508	-3.37237	1.527094
maga1260	1.33217688235	1.58715048116266	-1.56471025	4.70568199999999
magd1235	0.0933347668	1.48613930948255	-2.79831675	3.0954415
maib1239	2.091064003631	1.64580294107566	-0.842621125	5.503127
mais1250	0.9015719835155	1.23258131584617	-1.4571025	3.449966
mait1250	-1.070619568312	1.59201238709816	-4.45854675	1.91561825
maja1242	0.133464939151	1.60629708940864	-2.931819	3.34462274999999
makh1264	-0.0938972696925	1.68834210304848	-3.46717075	3.1415265
makh1266	-0.0463065758465	1.63814009412693	-3.4247805	3.3068755
mako1251	-0.09986605829	1.68992010795273	-3.41030975	3.20331424999999
mala1463	-0.140957511411	1.64920768599664	-3.48197975	3.14790725
mala1464	-0.2052419728107	1.64736343719465	-3.52850875	2.9355725
mala1479	-0.4109138972355	1.59748417551282	-3.82973725	2.64791325
mala1534	-0.777660617542	1.54727879583301	-3.944454	2.30725825
male1284	0.8446671049675	1.46820166142009	-2.0254955	3.8534475
male1289	0.189999128143	1.21107105868032	-2.129817	2.5861455
male1297	0.25546193762795	1.61396529888258	-2.83850425	3.5698525
malg1251	-0.3970907599025	1.66488757619199	-3.816168	2.78831775
mali1285	-0.435151060745	1.51284650345628	-3.5556325	2.371424
malo1243	-0.43337660867	1.22701162478485	-2.9551815	1.9769755
malu1245	-0.73310169945115	1.23202065797328	-3.26930275	1.610251
mama1275	-0.5528751780495	1.65724610325865	-4.15741175	2.66361325
mamb1294	-0.9857182278875	1.54861151787363	-4.2694275	1.7605065
mamb1296	-0.0952846608315	1.70891594975853	-3.4764005	3.21183425
mamb1306	1.702635551585	1.50379855970187	-0.982937275	4.8470655
mamm1241	-0.8666175638665	1.57700238272474	-4.24097075	1.93298175
mana1288	-0.8279896798375	1.34132724761531	-3.52192975	1.78005
mana1295	-0.9286847683945	1.29631863152655	-3.50628525	1.65521125
mana1298	0.56140290396	1.39525325290793	-2.05459225	3.43435825
mand1415	1.584107852356	1.56309524962256	-1.2123885	4.9195485
mand1440	-0.28915708074525	1.32863899789516	-3.00955075	2.2936865
mang1378	0.5826477423	1.4415709877718	-2.09823425	3.607258
mang1381	-0.574035088328	1.64676773505185	-4.079581	2.47171699999999
mang1394	-0.5269585888765	1.55415787386058	-3.69553325	2.4314545
mang1401	-0.304820631847	1.65598052762094	-3.85689775	2.7853145
mang1403	1.2732839703855	1.30359220309971	-1.041863	4.0453475
mang1404	0.2406720351076	1.04018176745211	-1.66399225	2.3878465
mang1405	-0.6198610124715	1.51871713881408	-3.807994	2.16838225
mani1235	1.925598906275	1.62223438124873	-1.01997425	5.342967
maor1246	-0.338066079025	1.53127577893322	-3.420671	2.476817
mapo1242	0.3536938882965	1.04835245242642	-1.6217475	2.487054
mapu1245	0.76906701845	1.61742888197509	-2.17724525	4.15002575
mara1378	-0.4757073502939	1.60692513580331	-3.8592935	2.5245775
mara1379	-1.58253552306	1.22411713692583	-4.07930325	0.732245274999999
mara1382	0.4721689958995	1.24585052857229	-1.90232575	3.00719925
mara1386	-0.845004406336	1.61874303628077	-4.126884	2.266376
mara1399	-0.873846555173	1.22289933776747	-3.3352345	1.47545025
mara1404	-0.8683054332565	1.59876134392801	-4.239894	2.25787875
marg1253	0.24205037087094	1.55616259847884	-2.9369595	3.29794725
marg1265	-0.52651290893	1.59425097515713	-3.80001775	2.52400675
mari1414	-0.17502814965	1.65567462651026	-3.64083175	3.153105
mari1416	-1.622927726565	1.27162285951742	-4.22184	0.692487124999997
mari1426	1.0028863775055	1.28657004768203	-1.33483425	3.72847125
mari1428	-0.599007024685	1.14804536080588	-2.88179775	1.72254675
mari1440	0.892397377978	1.50769560773403	-1.995148	3.94125675
mars1254	-0.42686677623	1.52386840629928	-3.69255025	2.4068425
mart1255	-0.609216682526	1.51974098793501	-3.7586655	2.223906
maru1249	2.123773046625	1.54933079993014	-0.617676425	5.46450025
maru1252	-0.468141744925	1.57825533762106	-3.54169825	2.51436375
masa1322	-0.510132948414	1.58106731018355	-3.80990875	2.60617225
masb1238	0.26679471126	1.50968906069075	-2.73692875	3.1228305
mask1242	-0.8415793163455	1.21378090480587	-3.31760125	1.45977325
matb1237	1.61814959711	1.57705614313279	-1.0764885	4.98213325
mati1250	-0.833168709401	1.48815759270468	-4.0204165	1.993076
mato1252	0.1017309536755	1.13179890982259	-2.0441305	2.34660275
mats1244	-0.2404245145589	1.54902077892583	-3.5686615	2.745921
matu1261	-1.2074447874085	1.23240823802667	-3.7864845	1.05363575
maun1240	-0.89843912768	1.64028831714728	-4.420832	2.26277525
maxa1247	0.42583276388	1.5997066443517	-2.58676375	3.74556874999999
mayo1261	-0.544174854955	1.57855791509114	-3.69868	2.5332095
mayo1264	0.6136747377435	1.55578277043977	-2.421035	3.68362125
maza1304	-0.830911935965	1.55866996333369	-4.0748025	2.096373
mbaa1245	1.235250015789	1.54063734123116	-1.541198	4.52851825
mban1263	-0.813399001225	1.54382562128944	-3.88583125	1.99398224999999
mbar1260	-0.371855411275	1.62610087641866	-3.6687055	2.8044245
mboc1235	-0.690955171	1.54853304026871	-3.91380425	2.17857175
mbol1247	0.262335638105	1.66076846949811	-3.022608	3.6509545
mbul1263	-0.1447367346535	1.23605276363752	-2.653414	2.234952
mbya1239	0.246602109519	1.69557211502487	-2.9639475	3.7430065
meen1242	0.213797343699	1.57321293530147	-2.77878775	3.35379775
mehe1243	-0.379971470221	1.29551237673991	-2.92227525	2.16469899999999
meke1243	0.56135649162	1.19876461650804	-1.721037	3.04025325
melp1238	-0.709211625648	1.30799144948213	-3.30043725	1.87559475
mere1242	-0.137454358465	1.28929770440689	-2.78222775	2.41872725
meru1245	-0.1553988521865	1.61993541947039	-3.32069825	2.927502
mesc1238	0.13578038891	1.61656594084134	-2.96592575	3.31405225
meta1238	-0.8329708152105	1.56900071211343	-4.108651	2.03116575
mezo1235	-0.2458500459095	1.51661495073809	-3.34660525	2.7442355
mezq1235	-0.183657065015	1.56191618907154	-3.350196	2.89248625
midd1327	-0.158810214923	1.09945645650927	-2.23791525	2.16094675
miga1249	-0.1393397796885	1.71200134152777	-3.59336175	3.15699549999999
miju1243	1.012217420022	1.31173383624136	-1.469133	3.781297
mikm1235	0.104154787733	1.62131239753383	-3.27815825	3.30134125
mila1245	-0.8461614517475	1.40017164818188	-3.85585975	1.814847
mina1276	-0.767323474469	1.58004330018735	-4.087608	2.25576675
mini1251	0.33905346682585	1.33191986531239	-2.236732	2.9247095
mini1256	-0.34110939409885	1.53183245750651	-3.5729615	2.70449625
minn1241	-0.384086824431	1.54610257287204	-3.71223975	2.672795
misi1243	-0.4071879589425	1.44178143406876	-3.40257325	2.317568
miya1259	-0.458577728659	1.58795490689939	-3.716748	2.4674
miya1266	-0.1840900237	1.69836165854368	-3.81018075	3.21168475
mlab1235	1.163526299946	1.47091830310701	-1.56966125	4.20709775
moba1244	-0.202787863814	1.38745962944324	-3.06738975	2.56102675
moch1257	-0.992443979943	1.65425118183224	-4.420076	2.1355135
moco1246	-0.3791814697467	1.63212083565384	-3.88005425	2.61818925
mode1248	-0.160049734335	1.60635156216119	-3.4547915	2.86817025
moha1258	-1.14294276466	1.62112071099238	-4.633839	1.738199
moii1235	2.186091163407	1.59101337041053	-0.5910894	5.5472205
moke1242	-0.04605622392555	1.49852793065082	-2.96487025	2.80300974999999
moki1238	-0.685328399927	1.556829547524	-3.95451	2.30028625
mokl1243	1.5866067702	1.54324023403272	-1.2227995	4.83352925
mokp1239	-0.31209100738	1.66504282552658	-3.857856	2.79302875
moks1248	-0.4022306409885	1.6244580400961	-3.660578	2.62897375
moni1237	-0.144587660923	1.56114647509794	-3.25533475	2.8279945
mono1270	-0.83772900972	1.55194852284945	-4.04806275	2.07913125
mono1273	1.3471677978799	1.42622474942286	-1.394209	4.253158
mono1275	-1.16720921496	1.54857248063645	-4.3800375	1.67212675
mopa1243	-0.3991212378923	1.58221645680292	-3.625655	2.65105075
morm1235	0.86618224132	1.28866537125153	-1.56595775	3.505975
mose1249	0.146868596045	1.57326376464222	-2.9419915	3.34199674999999
mota1237	-0.387870537645	1.42021853757139	-3.3836515	2.3253965
motl1237	-0.48723278753	1.40629711032654	-3.51183525	2.16551375
motu1246	1.15862938494	1.28044450441638	-1.21626775	3.74155849999999
mouk1239	0.8590091478995	1.21917571352127	-1.53058675	3.293628
moun1252	1.117989591985	1.2212275941001	-1.241886	3.632774
movi1243	-0.938777697975	1.54183607150852	-4.17120475	1.8770525
mpad1242	-0.194368763705	1.76884348494049	-3.98980025	3.25661325
mpii1239	-0.2612059960205	1.4312680467927	-3.096474	2.586214
mpot1240	-0.124572069575	1.67274318517205	-3.63385125	3.13624275
mpur1239	1.547765869639	1.52588526463044	-1.24440875	4.74009725
mual1241	-0.419933827021	1.64247986111552	-3.82350625	2.647083
mudu1242	0.029422451544	1.33238000545702	-2.710295	2.78816175
mull1237	-0.9528489392935	1.61785804038709	-4.27264975	2.0198755
munc1235	0.247841491154	1.39245564980221	-2.47928475	3.1276315
mund1325	-0.9067843570255	1.53197683803259	-4.2509955	1.9327635
mund1326	-0.3562456754325	1.48519251533665	-3.462223	2.452851
mund1328	-0.756675373194	1.48111990839117	-3.8614615	1.981094
mund1330	0.350377876045	1.55015346377375	-2.75783075	3.3929175
murl1244	0.0686160199805	1.70097998317889	-3.404874	3.4227365
muru1266	-0.165841782474	1.53877663719858	-3.31507075	2.78950225
muru1274	0.2623163919935	1.5926953267713	-2.82770325	3.44822874999999
musa1266	-0.717122291852	1.22934444040633	-3.146073	1.7105765
musg1254	-0.4485955935805	1.66558463689211	-3.92606725	2.71484
muso1238	0.3413560362685	1.13807133805988	-1.7842585	2.67132525
mwag1236	-0.23702354987145	1.633950490492	-3.510398	3.04061674999999
mwan1247	-0.11339990389	1.66254622722032	-3.445612	3.28641125
mwer1248	-0.10455804636	1.64225241640814	-3.31862975	3.11010725
naka1262	0.988263649455	1.29818071505484	-1.4638385	3.8229745
nali1244	-0.13055528069	1.28808276008709	-2.8000775	2.31660475
nama1268	0.076418663592	1.29407684995409	-2.4860485	2.64710775
namb1293	-1.279888078135	1.53126662713379	-4.499998	1.51579875
namu1246	-0.7305451150575	1.32313208879398	-3.624159	1.726794
nana1257	-0.028962438923	1.54710282554129	-3.1294385	2.96579975
nang1262	-0.906148852531	1.48482780602433	-4.06954075	1.88841575
nant1250	0.6951961102665	1.42221217068018	-2.011554	3.5988445
naro1251	-0.497845855455	1.57719601205338	-3.695794	2.53355675
naru1238	-0.2888584251995	1.66193614668335	-3.90418575	2.80304949999999
nati1244	-0.947673949745	1.25390890251358	-3.642926	1.40511575
naue1237	0.216041221615	1.39186868227757	-2.57889175	2.95732125
naur1243	-0.343533033075	1.56702316344625	-3.601853	2.53451175
nava1243	-0.316100065492	1.51362120527094	-3.5170195	2.6852945
nawu1242	1.3108488680705	1.61420838041462	-1.531704	4.5804125
ndam1239	-0.13206547164	1.62307963626191	-3.40322375	3.00965775
ndog1248	-0.534162102734	1.5812379011544	-3.817999	2.428284
ndom1245	1.42892353925	1.5930653995028	-1.512232	4.8494105
nege1240	-0.49690032637	1.51140560511524	-3.626853	2.35829175
negi1245	0.063441501142	1.48690340238088	-3.05439175	2.8777345
neha1247	-0.527277062675	1.52729153977102	-3.722682	2.38441925
nend1239	-0.77405267923	1.29652348644803	-3.43611425	1.757938
nene1249	-0.117605326002	1.58416945000418	-3.37337525	2.99506175
neng1238	-0.710095064492	1.61677911050679	-4.1499915	2.3257355
nenn1238	-1.356968831317	1.51271799598048	-4.3575085	1.48123575
nepa1254	-1.2110085513373	1.30692977714377	-3.8792865	1.21347075
nese1235	-0.72107437437	1.23079998922626	-3.32725625	1.62522425
newa1246	-1.565661245265	1.34943940528586	-4.36261625	0.809619124999999
nezp1238	-0.7214386279635	1.55032199553624	-3.8446955	2.3233575
ngaa1240	-0.396854328815	1.59959967017042	-3.852862	2.59319975
ngal1292	-0.6663921179165	1.63772122762544	-3.99296275	2.290378
ngan1291	-0.22538177729	1.56690023051659	-3.43541325	2.707702
ngar1283	-0.2239905513675	1.67295881556602	-3.52163075	3.01224875
ngar1284	-0.378880871365	1.56557597113022	-3.58284875	2.659138
ngas1240	-0.2360756643775	1.67422535746892	-3.6157965	3.22741424999999
ngba1284	-0.7364895389805	1.46403664362914	-3.77382825	1.94521625
ngba1285	-0.64009842852	1.5779087486818	-3.98508125	2.35859075
ngeq1245	-0.464306269425	1.6511729096816	-3.82975325	2.7481755
ngit1239	0.6906918207025	1.58553899028226	-2.3491745	3.921076
ngul1236	-0.529735240798	1.59921876984353	-3.89642075	2.49772274999999
nhen1239	0.376184436405	1.51690528963294	-2.53352425	3.55894725
nila1242	-0.181247562856	1.55373717215847	-3.35697625	2.84009675
nisg1240	-0.47217055641	1.59571651151254	-3.8126005	2.588605
niua1240	1.743735111295	1.56700156080545	-0.96495085	5.19893375
niue1239	-0.23973303143	1.50625138798829	-3.34538875	2.66131
njan1240	-0.7146988603655	1.4885383503744	-3.729049	2.187026
nkon1248	0.9751257218675	1.50709523323026	-1.8841615	4.1919235
noct1238	0.88534302779	1.34527678180077	-1.6042855	3.64205575
noku1237	-0.2429026687346	1.36283746943801	-2.96585175	2.33285075
noon1242	0.002965684409	1.69708078795383	-3.41482075	3.374055
nopa1235	-0.508353836778	1.51272521553231	-3.68245225	2.314665
nort2684	-0.323461839026	1.61033817635174	-3.512444	2.8264
nort2690	-0.0908346517555	1.63655544213539	-3.401969	3.13612625
nort2697	-0.354844915139	1.6064603445454	-3.7498255	2.70147525
nort2702	-0.1608030588135	1.6192124057368	-3.44519175	2.96115475
nort2722	0.2300875455215	1.29549323787543	-2.254102	2.85588125
nort2723	-0.4563191535455	1.37674539483432	-3.36186125	2.16972325
nort2732	1.060719173215	1.52339299827035	-1.7105285	4.18271799999999
nort2745	-0.6546734776849	1.57567347637449	-3.965522	2.32575725
nort2747	0.7248411176785	1.53546099124187	-2.10735975	4.0023445
nort2836	0.24017301301	1.30532146429214	-2.35062725	2.92636275
nort2839	-0.6505387941805	1.24570844054574	-3.290391	1.7110405
nort2845	-0.2427180935335	1.58754927422023	-3.5417945	2.71753974999999
nort2847	-0.95325905089	1.45274249025155	-4.04619675	1.80815725
nort2864	0.8985340579355	1.37830538007141	-1.70137325	3.79199725
nort2877	-0.7906357539965	1.51715567710572	-4.02372225	2.0410815
nort2885	-0.66727722802	1.56696229599784	-3.826551	2.23276675
nort2930	-0.78881816067615	1.38624134643287	-3.7669395	1.83084675
nort2938	-0.8083445225	1.63105822807929	-4.05146825	2.2596505
nort2942	0.1890681124785	1.55673047506979	-2.86180025	3.3404295
nort2954	0.906295155005	1.51308928320627	-1.9640505	4.04841875
nort2959	1.619645926685	1.5294903542438	-1.1702855	4.98971175
nort2961	0.3690995442035	1.61719467966945	-2.81071125	3.69786775
nort2980	-0.500755676967	1.55448945841291	-3.6319675	2.5902955
nort3047	-0.670120883312	1.65619300328937	-4.172003	2.50180925
nots1237	0.048115368875	1.28107504463825	-2.5367405	2.426988
nsen1242	-0.05869501197	1.65500662756999	-3.359819	3.15503975
nucl1235	-0.26087547574	1.67045027425973	-3.65603675	3.07254999999999
nucl1240	0.1844304219925	1.34729131655009	-2.49209575	2.84493675
nucl1301	-0.127837130585	1.61164270556138	-3.373022	2.9336095
nucl1302	-0.1909484860145	1.63275916064764	-3.57663225	3.12352175
nucl1305	-0.1872249164885	1.6647192141642	-3.52586825	3.15583099999999
nucl1310	-0.6483669566366	1.24803900461566	-3.24809425	1.757479
nucl1327	-0.884256602335	1.61063922436911	-4.36568725	2.06949625
nucl1417	0.4359755238035	1.44024485606701	-2.33636975	3.361065
nucl1452	1.41319964312	1.53615432231681	-1.2739305	4.6992985
nucl1458	-0.8949770945875	1.2969502133738	-3.5232235	1.595143
nucl1593	-1.42198068246	1.3273519335542	-4.20859575	1.0108765
nucl1595	0.6708991206425	1.37773505478502	-1.88548675	3.457639
nucl1622	0.98389454082	1.55278002023823	-1.84342425	4.278553
nucl1630	0.816233400955	1.19285402090363	-1.43129375	3.20506975
nucl1632	-0.6225105355635	1.40446350985123	-3.463131	2.07917375
nucl1633	-0.59094827046935	1.41826972976214	-3.4811785	1.93299875
nucl1643	-0.446977652227	1.57959254334867	-3.8814525	2.61926749999999
nuer1246	-0.3208702678655	1.62230696582094	-3.71682975	2.69935475
nukn1238	0.143307639886	1.12511222120551	-2.090569	2.398542
nuku1260	-0.26571711508	1.6069452879594	-3.33779625	2.777321
nung1282	2.04889122975	1.49209248681829	-0.53388155	5.2121395
nupe1254	-0.05073654927265	1.60661043467284	-3.28913775	3.08287724999999
nusu1239	2.239732385645	1.47620375418591	-0.23617525	5.53774175
nuuc1236	-0.544966111218	1.56811926144275	-3.81579325	2.483615
nyah1250	0.016731145528	1.58359697054964	-3.33344875	3.07535525
nyak1260	-0.147842549135	1.66429539750742	-3.60135475	2.98242
nyal1254	-0.621717950971	1.64817282220494	-4.12770275	2.51509924999999
nyan1307	0.050078580568	1.67033615451065	-3.2894245	3.45504475
nyat1246	-0.18169253655	1.62163998731902	-3.422176	3.11339125
nyis1236	0.137476527415	1.23054901942706	-2.2872415	2.51176225
nyor1246	0.37568885629	1.57456565160992	-2.69588475	3.58758125
obok1239	1.042815762183	1.47450756147711	-1.68888775	4.06837274999999
occi1239	-0.1534023118535	1.65915095041316	-3.520096	3.207454
ocot1244	-0.460556735194	1.52174491880635	-3.56466475	2.38791425
ofay1240	0.377235396055	1.58391374933032	-2.71478625	3.750193
okan1243	1.255861521035	1.57280028996118	-1.62908175	4.63663575
okin1246	-0.451261740485	1.58930090574107	-3.85017625	2.5221335
oksa1245	0.6157446837395	1.42267681255215	-2.161361	3.41001025
oloo1241	-0.930626584263	1.20152102024323	-3.41318125	1.413051
olut1240	-0.32230520735	1.35279302805833	-2.9793045	2.33211474999998
omah1247	-0.9612867144	1.56335212106866	-4.34632625	1.95454475
omie1241	0.38530695907	1.19474856046774	-2.04998525	2.756424
omii1238	0.783557071415	1.43846459166664	-1.99968975	3.86144925
onto1237	-0.29139834771	1.56568445954263	-3.42534225	2.697218
oriy1255	-0.35346249087	1.54942802979459	-3.607948	2.74692749999999
oroc1248	-0.313686230116	1.57021714502904	-3.64116325	2.66514725
oroh1237	-0.935177681134	1.49780136045437	-4.04365775	2.00263825
orok1265	-0.287668420427	1.60418549432958	-3.520356	2.79552525
orok1266	-0.384675732327	1.56114808425909	-3.55367175	2.47644025
orok1267	-0.8208203439725	1.38700330131674	-3.68185	1.74383575
orok1269	0.232852149735	1.20747671439047	-2.214893	2.575662
orow1242	-1.06614449837	1.4597068059881	-4.097385	1.55993275
osam1235	-0.106666863505	1.63110717937909	-3.587813	3.3300955
otta1242	0.2239719354755	1.65891052758468	-3.0095945	3.57830649999999
owaa1237	-0.639992965336	1.57798572967361	-3.89893925	2.41208025
paas1238	1.486645576403	1.61118031170034	-1.4743535	4.90967175
paco1243	-0.253143762569	1.64065463581614	-3.64184725	2.86597425
pagi1243	-0.262139980425	1.66259387495432	-3.562438	3.059618
pagu1249	1.78969481694	1.61255196276576	-0.999932525	5.271021
pahn1237	1.1204588872545	1.47732802786303	-1.64927475	4.1823355
pala1344	-0.3317060368775	1.57460245317306	-3.6313415	2.71145075
pali1279	0.647330280669	1.57957889285306	-2.3440825	4.02539525
pamo1252	-0.5216584180475	1.54517233394596	-3.677655	2.495995
pamp1243	1.172257207645	1.49770861408352	-1.62977425	4.2036085
pana1305	-1.07766410473	1.5256644577743	-4.3159685	1.74958799999999
pana1307	0.502022738313	1.44377046514908	-2.329545	3.58040175
pang1287	-0.1640764779	1.65192540896002	-3.493853	3.03627525
pang1290	-0.06689023822365	1.41133740509241	-2.884992	2.7661685
pang1291	-0.4741987643915	1.65524835637488	-3.7504955	2.70843525
panj1256	-0.5260011544445	1.58354706748453	-3.77871425	2.47523175
pano1254	-0.6333936497005	1.57415014205622	-3.86550725	2.39226725
pany1241	1.3821632926735	1.55079944084804	-1.497284	4.58636724999999
papa1238	0.423189025065	1.52255000156321	-2.66356175	3.54837725
papa1265	0.105765794455	1.27448845288653	-2.393169	2.7099675
para1301	1.0858469667715	1.58081069057886	-1.9843115	4.23184725
para1302	-0.01847495576	1.26077493327085	-2.505957	2.47302275
pate1247	0.18442978609	1.03683291496094	-1.6952355	2.33108875
patp1243	-0.55043923271	1.33178543457328	-3.304415	1.92720425
patt1248	-0.805330636375	1.5302673697776	-4.00753025	1.978772
paul1238	0.708661279171	1.40294531217945	-1.97745675	3.640286
pawa1255	-0.665312627308	1.30306062462124	-3.30945725	1.7810685
payn1244	-0.8220722118415	1.28873507181952	-3.436	1.6860305
pela1242	1.6440190695435	1.48932498962998	-0.964144825	4.884434
pemo1248	0.2419714608875	1.52998321699265	-2.555037	3.31705775
pend1242	-0.541700496405	1.55151324462066	-3.685985	2.49200325
peng1244	-0.170644723866	1.65238276947254	-3.52025875	3.171599
phai1238	0.849624118475	1.48197819032549	-1.93471025	3.93316725
phom1236	-0.22027802403	1.23844725879527	-2.565328	2.18987725
pila1245	-0.37858909819	1.6060728020036	-3.606187	2.6558165
pile1238	-0.8727526992575	1.45178761360557	-3.98615625	1.79583974999999
pima1248	0.3653786794755	1.4241868802772	-2.500043	3.262485
pina1252	-0.1306556830925	1.34797078051252	-2.69797125	2.56421725
ping1243	-0.576024631476	1.53458601901396	-3.7946755	2.3822445
pite1240	1.301804322491	1.5199082461995	-1.54535075	4.48343125
plai1258	0.2681979599105	1.66572059427867	-2.7717515	3.65283175
pnar1238	-0.8640050425535	1.54188233965315	-4.03212425	2.184134
pohn1238	-0.6716865479835	1.52248004425235	-3.9303515	2.20864125
poli1260	-0.0863203094699	1.67573027089093	-3.342469	3.07916425
popt1235	-1.05289861479	1.62076349325051	-4.45653375	1.89749225
port1283	-0.08465437731	1.65682241047493	-3.47871175	3.04952425
port1285	-0.869741693275	1.21529852489903	-3.39863125	1.43626525
psik1239	-0.6613687512885	1.54809193215474	-3.939722	2.24257975
pulu1242	-0.03005514632	1.50760587827668	-3.09381375	3.13329175
puma1239	-2.17431892006	1.41608757292801	-5.16524125	0.344118574999999
pume1238	0.6343250633955	1.60131735141281	-2.40386275	3.99284025
puoc1238	0.616093185123	1.55455886534108	-2.49046325	3.7619305
pura1257	-0.8452638717075	1.33919987883959	-3.64652075	1.74556125
pure1242	-0.6505245452615	1.5310480618787	-3.8409895	2.249564
puri1258	-0.757041535555	1.52313227442023	-4.06285825	2.11739175
qawa1238	-0.4456648907485	1.60531677082245	-3.77608875	2.73924225
qima1242	-0.1224185601455	1.75117657124665	-3.7376585	3.21755949999999
quer1236	-0.3511616687935	1.61023706684359	-3.594399	2.80995275
quio1240	-0.324669211685	1.51130508584912	-3.4056185	2.51717675
rabh1238	-0.413096112095	1.36563569619288	-3.1573645	2.21177875
rade1240	-0.690561393699	1.63189986300321	-3.99819175	2.414023
raji1240	-0.44120206227	1.41124144176353	-3.21412825	2.32507
rapa1244	-0.3007865962345	1.6172415143276	-3.707368	2.8070345
rapa1245	-0.345797862545	1.58495308414876	-3.8170705	2.59067675
rapo1238	0.079196572366	1.35121029200781	-2.58740475	2.707475
raro1241	-0.3488612916915	1.63763749735648	-3.8479145	2.7657375
rata1244	-0.2440447328087	1.5778026994352	-3.4065955	2.82562875
reng1252	-0.6315719034555	1.70141377623917	-4.12320625	2.55700125
renn1242	-0.494157257495	1.59643037934303	-3.65918825	2.546557
rere1240	-0.97470166426	1.21193490775602	-3.498785	1.3100585
reye1240	-0.35579330008	1.55470251333286	-3.60961625	2.6067335
rian1263	0.862029594841	1.50109759556321	-2.04134375	3.90189749999999
rikb1245	0.584053800308	1.55940658202897	-2.4213	3.76407225
rong1264	-0.30392681124	1.51928208902567	-3.4772275	2.66406475
rong1266	-1.7199032945245	1.32005378009905	-4.45713225	0.632044424999998
ronn1241	-0.245489541085	1.62866508106127	-3.39465325	3.04599275
roto1249	0.074868480845	1.27557457880609	-2.39171075	2.60062075
rotu1241	-0.308301249905	1.59306559723493	-3.69193775	2.77918025
rovi1238	-0.034374781756	1.34348822643275	-2.645055	2.6225085
ruch1235	0.8407614029935	1.6177144637862	-2.3054945	4.25552899999999
ruka1240	-0.6238779274305	1.46455389936361	-3.65012775	2.11579925
ruma1248	0.8442256393975	1.47703245542956	-2.03646425	3.93839575
rung1258	-0.22752767681	1.76092495286512	-3.90801175	3.176586
rung1259	-0.678855870019	1.57079785658027	-3.95791225	2.31141275
russ1263	-0.115123466228	1.69635856071987	-3.39807725	3.17125575
russ1264	-0.09965157053505	1.60731617406596	-3.31151525	3.02180275
saaa1240	-0.945129130629	1.50270947613765	-4.11323675	1.95288175
saaa1241	-0.458073260482	1.27624163443576	-3.12733275	1.93779375
saar1237	-0.4210484350325	1.40704592312032	-3.3295375	2.220592
saba1267	-0.7356265878495	1.58853058589809	-4.02336075	2.116827
saba1268	0.8480325134945	1.5894538662699	-2.094247	4.34328425
sabu1255	-0.196760076027265	1.49742411184743	-3.2979455	2.5928765
saga1262	-0.148149093465	1.64469400350806	-3.41647825	3.014923
sais1237	0.625483522115	1.45773505814311	-2.2159035	3.520458
saka1289	-0.135877466079	1.32676435329071	-2.8938485	2.5353185
saka1291	-0.172925178756	1.69105437714257	-3.81562175	3.00903525
saki1247	0.001486307355	1.40417347258227	-2.913917	2.703432
samb1305	1.36808603657535	1.33122041377453	-1.01143875	4.14873275
samb1311	1.426665882363	1.35056268830093	-1.03455025	4.27312475
samo1305	-0.212572654125	1.56605060889799	-3.52509775	2.80749675
sanb1241	-0.66959716512	1.53044311836329	-3.93266525	2.1828105
sand1278	-0.9850909406395	1.57489018701833	-4.40074375	1.93533
sang1321	-1.027016050775	1.23997052139676	-3.4744055	1.277797
sang1331	2.059860854565	1.68715149516449	-0.9523445	5.5456775
sani1269	1.4060595745	1.49125840843768	-1.334672	4.57963524999999
sanj1284	-0.478348090119	1.52287704978086	-3.6172985	2.37693799999999
sanm1289	-0.219778400285	1.60246465881869	-3.47873725	2.8492545
sanm1295	0.21113988438	1.49455882034161	-2.6627455	3.2155235
sanm1301	-0.128072907329	1.52085276881221	-3.27404025	2.79332949999999
sant1436	-0.081250022155	1.57407799850047	-3.18623475	2.9855495
sant1451	-0.93754582208	1.53908002317659	-4.148511	1.819083
sapo1253	-0.012815166142	1.36431907747637	-2.75719375	2.65586175
sapu1248	-0.514040237487	1.60563838179476	-3.8031	2.53024975
sara1327	-0.64615857982	1.53593389568592	-3.79827175	2.23400475
sars1236	0.313041566295	1.63994931846002	-2.70806875	3.72898
sata1237	1.45110522439	1.4943820727615	-1.33679	4.5973255
sauk1252	0.139743713776	1.12327258369628	-2.027372	2.46767525
saur1249	-0.2869110937285	1.6441449506132	-3.703166	2.88797975
savo1255	0.23988996483	1.28796710610145	-2.33426575	2.94177225
seda1262	-0.565070732	1.66872510898895	-4.1006935	2.523826
seim1238	-0.57598802105	1.60341236179877	-3.94728575	2.352385
seke1241	-0.4205374375121	1.27568427444135	-3.01497475	2.01710925
sela1259	-0.4992350458155	1.52004164177478	-3.62669325	2.43612075
sela1260	-0.2694135820505	1.55932364218058	-3.5710665	2.64699175
selk1253	-0.1751377339425	1.64126113042005	-3.57036425	3.0232345
sema1265	-0.391817724715	1.62471525660155	-3.83735725	2.75899625
sema1266	-0.442110076959	1.57400168452792	-3.65310275	2.704826
seme1247	-0.499021541274805	1.59894194589863	-3.79210225	2.3456505
seng1281	1.476251863712	1.41188211787669	-1.20940725	4.480448
seri1257	0.4364061155735	1.55612005816331	-2.51908025	3.681799
seve1240	0.1932454267825	1.63750831335629	-2.948522	3.57307924999999
sgaw1245	1.26728371688	1.56835221565556	-1.6329005	4.4103015
shab1252	0.0134760502835	1.64157647878041	-3.180009	3.28768599999999
sham1280	-0.19485633487	1.62012432866108	-3.5097815	2.89335975
shan1283	-0.216596397195	1.55903642480792	-3.38889025	2.78489475
shaw1249	0.194151451472	1.67931883823812	-3.15621975	3.65430175
shil1265	-0.445734896575	1.62468230527107	-3.7973705	2.656602
ship1254	0.087863905539	1.46031760092295	-2.864573	2.916924
shix1238	0.79593823382	1.31486866326271	-1.7137535	3.549798
shol1240	-0.205496489769	1.61325176612066	-3.5710145	2.98767475
shon1251	-0.09247822454	1.73879078935168	-3.57780425	3.38264575
shor1247	-0.100535645235	1.69004792505636	-3.47068175	3.13924575
shos1248	-0.488850251108	1.48156416925246	-3.6766865	2.24334
shua1257	-0.953457271361	1.61278499248626	-4.30073325	2.113234
siaw1243	-1.092751627612	1.36750504560758	-4.0200705	1.40695075
sich1238	-0.2691468260015	1.33540608455244	-2.9165235	2.38166225
sici1249	1.7536515775235	1.55797503401371	-1.01908025	5.12562
siee1239	-0.6634490254895	1.43632468393994	-3.79806125	2.02456025
sier1250	-0.3613863935	1.53165704327356	-3.4705765	2.535455
sika1261	-0.556332086845	1.62758300595107	-3.91098775	2.50183575
siks1238	0.291674011814	1.55006969895129	-2.6920785	3.40328899999999
siku1242	-0.3972928822155	1.5655276618077	-3.747165	2.63774675
sile1255	-1.0457383371336	1.26884123993051	-3.63635675	1.41592175
sina1266	0.946238226921	1.18120399155547	-1.30144725	3.3668875
sing1264	1.00493221469	1.37538825311094	-1.537337	3.866929
sioo1240	0.19963156790855	1.19506635769836	-2.061198	2.6519495
siri1273	-0.4063049762615	1.54405948166402	-3.4788645	2.5769115
situ1238	0.21377150713	1.3101242034639	-2.290661	2.94985275
skol1241	-0.33056797878	1.55991413853483	-3.665918	2.66025525
slov1268	-0.13926179595	1.55414739688529	-3.21158275	2.91788975
sobe1238	0.0611829396355	1.33141331068723	-2.6479645	2.626107
soch1239	-0.2582497349955	1.48542414275541	-3.192335	2.6677075
soga1242	-0.0060955341	1.54468428785044	-3.04501425	3.0703435
sons1242	-0.4161981673835	1.5386061142905	-3.62560825	2.4465815
sooo1254	-0.229209384645	1.63144572609223	-3.49756475	2.9955065
sout1528	-0.2062890695855	1.70383645528631	-3.539673	3.137733
sout2649	-0.25513388433	1.63734477231388	-3.66227075	2.7422245
sout2674	-0.37451015215	1.57821894551096	-3.59098075	2.601867
sout2679	2.061842438615	1.59084824688194	-0.748233575	5.4062585
sout2715	-1.02667811919992	1.31542017497443	-3.7254225	1.47990875
sout2728	-0.118947373435	1.35802323452462	-2.85422625	2.584835
sout2729	0.45573892636	1.29406205970172	-2.0524855	3.04631649999999
sout2730	2.221118094975	1.556706697599	-0.496631175	5.64223299999999
sout2782	-0.928587002321	1.52250917459553	-4.124115	1.84241724999999
sout2807	-0.070767974559	1.65976869195664	-3.4620825	3.21459725
sout2826	0.8570391932205	1.6474386349512	-2.1995025	4.1059005
sout2856	0.176756375385	1.31551722346467	-2.424179	2.95341275
sout2857	-0.930741106833	1.26613891049687	-3.65115075	1.51942425
sout2859	-0.5672794965185	1.25507044363567	-3.0625625	1.77908375
sout2869	-0.98194286927	1.43278127874614	-4.06700675	1.76479975
sout2896	2.15840008814	1.5574946116996	-0.591507675	5.6036385
sout2918	-0.48910486424	1.63317150873935	-3.7239825	2.59242075
sout2954	-0.4582168051585	1.60720560008376	-3.90304075	2.57318975
sout2956	-0.72964288524	1.66184752950567	-4.13459325	2.44871325
sout2959	0.160767522355	1.67983109790029	-3.02634625	3.670981
sout2976	-0.2805734813525	1.49457238532364	-3.234018	2.58296
sout2985	-0.670153247433	1.59860654356803	-4.00316	2.12725175
sout2994	0.90647349242	1.55206525513133	-2.141622	4.13233175
sout2996	-0.701195895696	1.62535269671321	-4.11987275	2.25289175
stan1289	-0.1240449552025	1.68901838075497	-3.656568	3.2410015
stan1290	-0.0391848454435	1.65843602693829	-3.40940975	3.26687825
stan1293	-0.11457863355	1.61687831033047	-3.35819975	3.0696885
stan1306	-0.5176466285	1.50601731511573	-3.6603695	2.41942325
suba1238	-0.324164690065	1.60304584044917	-3.7054715	2.71119825
sude1239	-0.223709046568	1.43960154315004	-3.16646575	2.5114135
suku1259	-0.037626225933	1.65105020356552	-3.38044075	3.13862125
sumi1235	-0.836538695076	1.19961512448182	-3.2887145	1.42354375
sunw1242	-2.18990574183	1.40198811830672	-5.2981815	0.2520804
supy1237	1.42853379621215	1.58322123197766	-1.426823	4.798163
surg1248	1.2576352349	1.52760701330104	-1.60535825	4.55700625
surs1246	-0.6298634647055	1.34441851019118	-3.485456	1.94609275
swah1253	-0.1271719005235	1.64653390645348	-3.439026	2.9842415
taba1263	1.62196473547	1.61056111723046	-1.305334	5.06593225
tagi1241	-0.5783203211059	1.37400115622731	-3.29800025	2.02977624999999
taha1241	0.0119761776865	1.70281540159153	-3.422833	3.36172574999999
tahi1242	1.75509448947	1.54889860518478	-1.01025525	5.07345475
taia1239	-0.6315315683545	1.33445914135995	-3.3449735	1.96986225
taji1246	-0.5608216348225	1.55267238775629	-3.779269	2.421401
taku1257	1.60597432859	1.4518825963252	-1.03894325	4.67895075
tali1259	-0.6120709245265	1.36952044943329	-3.4848165	1.98222475
tama1331	-0.1361127112411	1.66439201361275	-3.718994	2.96073425
tama1365	0.722339899978	1.57531208217725	-2.20207875	3.97843575
tamb1254	-0.8070605644105	1.6218278216645	-4.17133975	2.08076749999999
tami1289	-0.13912151425	1.67777338332026	-3.46773825	3.1629915
tane1237	-0.9815174148945	1.46265196299219	-4.1686395	1.6850095
tang1336	-1.759016548414	1.21984888063923	-4.270816	0.489734249999999
tang1347	-0.186781921963	1.25385205146672	-2.634819	2.29928425
tang1348	-0.732058263986	1.50934731883524	-3.91109625	2.0817445
tang1373	-0.6139433447985	1.50034652586379	-3.68885925	2.1814595
tang1377	-0.965841942939	1.40303116842611	-3.9906465	1.5937305
tara1313	-1.567302888888	1.24148388377484	-4.04079325	0.733089724999999
tata1255	-0.42947822139	1.58579025665101	-3.66246375	2.605515
tata1257	-0.75145402068	1.59360396295201	-4.2059335	2.31076875
tata1258	-0.2868525244865	1.58136951818138	-3.479219	2.88539349999999
taul1251	0.27108848713	1.35824710712971	-2.530168	2.9732815
taus1251	-0.5787843171765	1.62620734910574	-3.85901875	2.3804595
taus1253	0.0051023386575	1.5118658166716	-3.07285225	2.966428
tawa1286	0.0976060959485	1.64390020942352	-3.2869595	3.44595975
tbol1240	-0.851044583956	1.53963919483476	-4.08450975	2.0293405
tean1237	-0.982784926865	1.4572065469354	-4.211862	1.69599475
teda1241	-0.108618150633	1.66681566835173	-3.398087	3.16130025
tedi1235	-1.23133135952	1.45702508551534	-4.23044825	1.4799805
tega1236	-0.1920127209465	1.62221523192888	-3.48242425	2.99984125
tehu1242	0.623960911991	1.64120304938088	-2.5338905	4.0872875
teke1275	-0.105752021	1.66180575643386	-3.46774925	3.28123625
tekt1235	-1.003833107903	1.63735711236816	-4.387817	2.201035
telu1262	-0.25386520737	1.6229903817926	-3.47717225	3.0148615
temi1246	-0.3690281011465	1.57876995924861	-3.61251675	2.67506575
temp1235	-0.775831355439	1.59974980878361	-4.1577695	2.15557475
teng1272	-0.243780293947	1.73145527595022	-3.90107125	3.1604765
tenn1246	0.2455391837875	1.69420959821108	-3.01981925	3.66480225
teop1238	0.0267968640535	1.31780952628395	-2.57201725	2.7497425
tera1251	-0.439525585297	1.62647966307032	-3.73187325	2.787461
term1237	1.0009253662985	1.4539785012022	-1.677138	3.99667125
tern1247	1.692194385346	1.64253111619897	-1.30261875	5.2305735
tete1251	-0.569837948365	1.50236621941535	-3.49965775	2.34830775
tezo1238	-0.221553369339	1.48894286265194	-3.16759925	2.67008975
thad1238	-1.6095037437295	1.38679581622211	-4.5218825	0.837781675
thak1245	-0.830501783364	1.30761981067183	-3.42824475	1.70063975
than1259	-1.4845059069475	1.50634716225319	-4.65720525	1.13475825
thao1240	0.1046227903935	1.32887037277455	-2.471415	2.7902545
thul1246	-2.01792106784	1.47975829545032	-5.079649	0.740516425
tibe1272	0.64266262293	1.46021656420165	-2.08958025	3.53265
ticu1245	-0.640738985995	1.58397943527706	-3.9152965	2.374703
tief1242	1.629537914895	1.43533307296479	-1.066751	4.6145555
tief1244	1.49395574881	1.43562679204357	-1.20384775	4.5644755
tien1242	-0.108663724562	1.60898733354841	-3.29945575	3.086484
tiga1245	-0.431434318965	1.3745413351989	-3.2248495	2.1328525
tika1246	-0.9423275635465	1.52830110077209	-4.225119	1.95200625
tiko1237	-0.5825282025815	1.62314221274923	-3.80168875	2.41217675
timn1235	-0.5974709313105	1.56526890207856	-3.842364	2.148477
tina1248	0.2991294019815	1.42714057270607	-2.527183	3.0890005
tiri1258	-1.0166044058115	1.47532241650143	-4.20872325	1.7251525
tiru1241	-0.906597976755	1.51971497273587	-4.03156875	2.00348425
tita1241	-1.048517387682	1.51031933420475	-4.4292245	1.61189725
toab1237	-0.3417560108485	1.41033941457636	-3.283817	2.32373625
toar1246	-0.0408547812855	1.3184654773517	-2.5549755	2.56386624999999
toba1268	-0.6002895854815	1.59926182666449	-3.945809	2.4242685
tobe1252	1.7899439891	1.70344423394673	-1.2111275	5.52259175
toda1252	-0.2541111312845	1.53180904598109	-3.2593675	2.79743025
toho1245	-0.28425681277065	1.51676355168613	-3.424668	2.687822
tojo1241	-0.970098146115	1.69346176849965	-4.621016	2.054236
toke1240	-0.2475470383975	1.48454359566358	-3.2807345	2.6452985
tomb1244	-0.6785120267585	1.60176299344984	-3.91969925	2.37443025
tong1308	0.08816510506	1.6757623006182	-3.32380075	3.414328
tong1318	-0.031486473031	1.68214758092471	-3.43540875	3.268768
tong1325	-0.3170018509465	1.59087663550312	-3.65324725	2.7860395
toor1238	0.327378752653	1.6766603880117	-2.889059	3.805333
tora1259	0.4594428282625	1.28745008836145	-2.0973425	3.12282375
tosk1239	-0.1791693423105	1.68714023248763	-3.73198525	3.1119325
toto1302	-1.5382544483875	1.46664357968172	-4.781491	1.11533575
touo1238	0.15156322476875	1.38731002103812	-2.598409	2.9020275
trin1274	-1.01231902949	1.50403073474921	-4.1226175	1.636171
trio1238	0.3778884866	1.59178764984754	-2.60036275	3.5000895
trum1247	0.197871549549	1.4471990298845	-2.54791725	3.166809
tsam1247	0.294010692745	1.55143610148135	-2.71627875	3.390691
tsat1238	1.679744916665	1.52747718058694	-1.016333	4.88877075
tsha1245	-0.3902536525235	1.32054955712056	-2.9907655	2.10483925
tsis1238	0.067938332075	1.60755276040617	-3.27079125	3.034291
tsix1234	0.6460787703985	1.5839648836508	-2.466016	3.83899025
tsog1243	-0.2059036907778	1.70621624689532	-3.9240395	3.29402
tson1249	-0.1011508598775	1.73806144945408	-3.6646735	3.2066555
tswa1253	0.437580585605	1.53220773154435	-2.52260525	3.59174525
tswa1255	-0.0873839809485	1.60901175668733	-3.42620725	3.0984525
tuba1278	-0.8349266709061	1.52654243672741	-4.0689855	2.144878
tugu1245	0.9673985531725	1.36756532287585	-1.603025	3.7840255
tuka1248	0.86903860963	1.44069710310978	-1.87294075	3.85681525
tuki1240	-0.668916374322	1.58685639155563	-3.886823	2.29024375
tula1252	-0.5523658893645	1.45752484473792	-3.65546075	2.13408575
tulu1258	-0.2194889966915	1.63360314606053	-3.435653	2.94548074999999
tuml1238	-0.6257858086585	1.2470406136133	-3.0755425	1.73754925
tung1290	-0.5434472785155	1.54714846750929	-3.82464375	2.33171325
tunn1238	-0.028153103915	1.6606955644587	-3.44876775	3.17699825
turk1303	-0.052474350365	1.74858406091328	-3.6574575	3.508832
turk1304	-0.0348890657025	1.64925679851574	-3.24088125	3.0989045
tusc1257	1.09680087508	1.5640054858114	-1.89061775	4.34837799999999
tutu1241	-0.376520312983	1.26234834222723	-2.91229375	2.14499175
tuva1244	-0.29472556495	1.48538174841487	-3.40381475	2.5543045
tuwa1243	-0.77593519851	1.44028249009741	-3.82734275	1.88043525
tuwu1238	0.9522037706375	1.50108569696002	-1.8586465	4.06693475
ubir1237	1.3140704320845	1.29501012178964	-1.087199	4.06609675
udih1248	1.689153265405	1.59519888292878	-1.15676025	4.9847595
ughe1237	0.079081222612	1.35009862941927	-2.687953	2.819791
ugon1239	0.5898713305235	1.49178170972249	-2.3540635	3.70875125
ulch1241	0.132408610531	1.55865927729164	-2.903496	3.26101475
ulit1238	-0.544939491225	1.56636866743592	-3.74769525	2.3506855
umbu1257	-0.0656134852475	1.61589809137005	-3.255207	3.17106925
umbu1258	-1.093741135595	1.35995069631586	-3.964491	1.4911845
umes1235	-0.146576545948	1.47774572034772	-3.11767925	2.69696375
unua1237	-0.983838779695	1.20608594302793	-3.4844655	1.296549
uppe1275	0.1981691785125	1.39661345315014	-2.53579875	2.897399
urar1246	0.50546058562	1.55879505666589	-2.4928555	3.68215025
urav1235	-0.561921270789	1.45628227291545	-3.61844175	2.2046125
urim1252	-0.3660303785	1.30875928816721	-3.11600725	2.27704699999999
urip1239	-0.8380749089725	1.22077933711818	-3.38096175	1.481295
utes1238	1.08106421311	1.48860692257429	-1.6455325	4.0139305
uuuu1243	1.380829128005	1.40214539401854	-1.22115275	4.323254
vano1237	-0.985756673731	1.45663325827608	-4.13996725	1.6854885
veps1250	-0.4607885924385	1.58339251272621	-3.7783745	2.41998599999999
vera1241	-0.439452073463	1.38244155166001	-3.38642825	2.30642275
viem1243	0.592416392696	1.41432446115787	-2.105223	3.4481535
viet1252	2.030889398075	1.5521403984195	-0.762302	5.32582949999999
vunj1238	-0.1806629954335	1.73636918097643	-3.740617	3.12713625
vure1239	-0.425868982415	1.38236112937517	-3.33296375	2.26545725
vwan1235	-0.1428933307385	1.57815122512443	-3.4419485	2.94619575
wadj1254	-0.913355184626	1.6796367832525	-4.40849175	2.23502
waga1260	-0.246240778177	1.57292120854112	-3.5508595	2.6707065
wage1238	-0.755410534245	1.65920409768554	-4.170072	2.33576525
waig1244	2.03943486937	1.58818295844565	-0.757409925	5.3970315
waim1251	1.0126347508985	1.28340221672063	-1.3993975	3.71950075
waim1252	0.71935256505	1.36109317558757	-2.025429	3.3033235
waim1253	0.335550093558	1.64465005642992	-2.81967725	3.8789035
waiw1244	0.3915460996205	1.6322536744236	-2.65602875	3.8095335
wala1266	-0.621123331457	1.36594819923736	-3.51958325	1.88673625
wall1257	1.66256184401635	1.55476692618458	-1.12374925	4.8939515
wamb1257	-2.15291496925	1.43364407545241	-5.30750675	0.484034374999998
wand1267	1.878549327675	1.47887527104857	-0.7777324	5.05925575
wand1278	-0.5240584766905	1.6188579709352	-3.9308515	2.651753
wang1291	-0.3746620046385	1.58693525597884	-3.57735575	2.7005155
wanm1242	1.488474495724	1.5490342294842	-1.282831	4.78508375
wara1294	-0.855015530913	1.50400820253225	-3.9903995	1.978076
wara1300	-0.359957981684	1.54438391174295	-3.75242675	2.56512425
wara1303	0.6558451934255	1.58460857795834	-2.3579425	3.9796585
ward1246	-0.41026837974	1.62233430375889	-3.71990375	2.7697555
ware1253	1.529579684528	1.48646184177423	-1.08605425	4.73517074999999
ware1255	0.6862945863055	1.56119739922767	-2.24290875	3.769553
wari1268	-0.22846245176	1.54317004246515	-3.370465	2.816385
warj1242	-0.65278359392	1.54272882068199	-3.81910875	2.35107875
waro1242	1.480018303909	1.52039024222127	-1.35783475	4.6067775
waru1265	-0.369986740186	1.64160836634176	-3.66700775	2.69541425
wash1253	0.138666331787	1.48965163892056	-2.908366	2.9705975
wawa1246	-0.404398066016	1.49743514858964	-3.44112725	2.3755385
waya1269	0.3365542733715	1.59806968996247	-2.77380475	3.567665
wayu1241	-2.076670088	1.43603322753467	-5.28330375	0.535691849999999
wayu1243	-0.9606033358985	1.51292385875624	-4.22480025	1.8331965
wels1247	-0.087668566405	1.6666507725616	-3.5060515	3.29925525
weri1253	0.353326423325	1.18462271464483	-1.90683225	2.7194635
west2354	-0.1183936633955	1.67207404196876	-3.551687	3.160052
west2369	-0.125066728796	1.62403656179994	-3.30302975	3.05591
west2386	-0.499953808215	1.54674796427354	-3.63990775	2.51180675
west2392	-0.502604856305	1.55306919648447	-3.607575	2.52981175
west2396	1.00033899363	1.56548624162717	-1.90542775	4.213034
west2397	-0.282099151119	1.60565886436265	-3.54327	2.81108825
west2415	-1.2838256835995	1.31257204011852	-3.97674075	1.107137
west2418	-0.58637881527	1.32912508653384	-3.14162425	1.89698225
west2430	1.0166007883507	1.57663868196807	-1.90119	4.43715575
west2441	-0.331634422985	1.60561417757664	-3.7446825	2.74018375
west2466	1.82773719845	1.4566329074758	-0.727220575	4.8801975
west2516	-0.961757575	1.57414769643561	-4.37381375	1.91125475
west2519	-0.435708811215	1.55060359402007	-3.69257875	2.47225825
west2548	-0.562662365755	1.58662646857034	-3.8572245	2.39730875
west2555	-0.876835646935	1.49326900668297	-4.093558	1.80665425
west2557	-0.53070702181	1.66360051021863	-3.905527	2.66721099999999
west2560	-0.8175763199925	1.61892371621309	-4.2648455	2.1410145
west2594	1.180149025285	1.46431679785773	-1.457764	4.254616
west2600	1.80496349991225	1.68501349476546	-1.27254675	5.2610255
west2615	0.20884751876	1.5727642465687	-2.912873	3.3812785
west2618	-0.248929135425	1.60900115177253	-3.583778	2.9166705
west2632	-0.586946847505	1.60756639245962	-3.84322525	2.5054375
west2635	-1.04434667697	1.62666521010671	-4.49652825	1.93735775
west2644	-0.388504005839	1.54478698693908	-3.58166675	2.5319725
west2650	-0.476622603783	1.52909450688599	-3.83736125	2.419317
west2763	-0.08029952509	1.65742649785493	-3.416972	3.14412
west2778	-0.3059551409335	1.44098147152467	-3.10494825	2.5241355
whit1269	-0.98309895894775	1.42576855165102	-3.9692545	1.58605225
wiru1244	-1.355553504115	1.38677179554631	-4.25621275	1.235563
woii1237	1.52724011896	1.46074774682693	-1.092967	4.612923
wola1242	-0.0634688673595	1.50232439184291	-3.26485725	2.6961485
woli1241	1.5929110488101	1.5095174771828	-1.18843825	4.81765325
wood1236	0.2399275481225	1.65027466118861	-2.9892535	3.67482375
wotu1240	-0.50154896133	1.60165741138817	-3.891051	2.51687025
wuch1236	-0.445501773345	1.64567679763376	-3.864341	2.61120675
wudi1238	1.548090100565	1.58164362939149	-1.225101	4.84098275
wusa1235	1.463194544425	1.59789254285857	-1.36849175	4.84439575
wutu1241	-0.7026916351743	1.5407287686378	-3.9557345	2.14657175
wuvu1239	-0.62554513928	1.55362218740828	-3.856857	2.34173025
xamt1239	-0.08110928429	1.68252980389536	-3.48041375	3.16822725
xara1244	-1.047706054705	1.48793959012198	-4.1416585	1.6482435
xava1240	0.670389353769	1.48699920856244	-2.1206795	3.8600155
xhos1239	-0.0300111093285	1.6315964505936	-3.382896	3.00447025
xish1235	2.05475310956	1.57012339819839	-0.67914855	5.48143275
xokl1240	0.519411790304	1.57273818929376	-2.52266575	3.82061874999999
yaak1241	-0.169374704465	1.63371016186429	-3.588804	3.0937205
yaey1239	-0.50750813401	1.56454645871177	-3.76525725	2.5464815
yagu1244	0.608991992765	1.59981889129864	-2.31901225	3.99071425
yaka1277	-0.571419108795	1.61153118834767	-3.95818725	2.33633174999999
yaki1237	-0.302175562445	1.58189722525723	-3.45888425	2.72569499999999
yaku1245	-0.01498139062755	1.67449105675213	-3.24950375	3.2831335
yale1246	-1.265683940415	1.29612735592997	-4.08913425	1.09774825
yama1264	-0.8808961149565	1.60335729628815	-4.20800375	2.14847625
yami1254	-0.59203081322	1.59435086994261	-3.7939095	2.33494725
yami1256	0.1136637222477	1.46219521158777	-2.82344475	3.06802575
yamp1242	-2.173146794735	1.47913362968552	-5.385153	0.428111325
yane1238	-0.258861805071	1.40819940571244	-3.06810075	2.51082675
yano1261	-0.457490013018	1.55189746291811	-3.71649475	2.5099
yaoo1241	-0.065486238145	1.72113249839852	-3.79463625	3.2899895
yape1248	-0.5267611928064	1.52128545465044	-3.75674575	2.39452825
yapu1240	-0.583049727035	1.25036408656661	-3.07202325	1.79227225
yaqu1251	-0.446755924115	1.5181019326165	-3.61446125	2.32616575
yare1248	0.8881235272915	1.22533905934183	-1.360004	3.4398175
yasa1242	-0.3905765457548	1.67607981148827	-3.81065575	2.8262785
yatz1235	-0.5607471164945	1.52362106774058	-3.65926775	2.36994925
yaul1241	-0.09672040856025	1.37464742666893	-2.8690965	2.67881975
yaum1237	0.12586883825605	1.10289943639091	-1.990117	2.37014425
yawa1261	0.675117635349	1.35630171776481	-1.908116	3.54237375
yawu1244	-0.359524412078	1.66962649703447	-3.71115125	2.8663635
yecu1235	0.842248510236	1.569681049813	-2.12119525	4.01967925
yele1255	0.3930428097655	1.45957544268435	-2.48577525	3.27158625
yems1235	-0.614477953085	1.55571766715068	-3.9368765	2.324531
yind1247	-0.545885494845	1.50411094350234	-3.59741625	2.2563855
yoga1237	-0.766365042405	1.4886506413987	-3.70129025	1.9674115
yoku1256	-0.96147529292	1.61885064848518	-4.522245	2.00808775
yona1241	-0.395332162336	1.56581033388689	-3.7068945	2.72725799999999
yong1280	0.694169717619	1.49410500317549	-1.99203925	3.91556175
yora1241	0.3620699523905	1.45152282510786	-2.391283	3.1818755
youl1235	1.096926500895	1.34507786384577	-1.538199	3.78848075
youn1235	0.915163032038	1.56564178766046	-2.006157	4.0915515
yuca1254	-0.3162592558695	1.63284593258502	-3.58427025	2.853435
yuch1247	0.848730871815	1.5912299626234	-2.01919625	4.07695525
yuec1235	-0.22853893577	1.50793623842627	-3.4848355	2.59037025
yukp1241	0.0198930271955	1.60885235156279	-3.09940075	3.43517
yulp1239	-0.409999740821	1.54428458036666	-3.5969375	2.424023
yura1255	-0.935834069883	1.55651763143859	-4.20219225	1.97232625
zaba1237	-0.1584409872005	1.45922658291472	-3.1110515	2.69252975
zaca1241	0.16088357390545	1.39277659330391	-2.5988755	2.94697625
zaca1242	-0.437009988595	1.53252592160561	-3.471202	2.4128905
zaiw1241	1.738962038085	1.56534552365132	-0.98733865	5.16027924999999
zakh1243	0.837324101471	1.34331730247817	-1.710249	3.64500225
zamb1245	-0.3258616685365	1.66537048367589	-3.820239	2.98142375
zani1235	-0.15280537462	1.52639856352819	-3.2272535	2.86770475
zapa1253	0.41462189478	1.53962513124017	-2.58680125	3.63766025
zarm1239	0.774898848068	1.5775090383592	-2.2565435	4.14035049999999
zaye1235	1.5585659800985	1.42719235171766	-1.07009475	4.59316025
zays1235	0.61331486447	1.44893036642677	-2.19165375	3.57155975
zeme1240	-1.4160086554435	1.31073971637367	-4.13791025	0.93656195
zenz1235	-0.18190450504	1.54721463345901	-3.30900575	2.86011825
zhab1238	0.2284698290695	1.36575477367241	-2.37747275	3.05674125
zinz1238	-0.110274881475	1.69674267427612	-3.59744175	3.1690975
zoog1238	-0.5357131084205	1.51799163087987	-3.583851	2.3816105
zulg1242	-0.625204078965	1.61911520486155	-4.0265845	2.47114375
zuni1245	-0.666508251509	1.47484005041028	-3.72066575	2.2261095
