Estimate	Est.Error	Q2.5	Q97.5
abar1238	-1.207177353315	1.02358141221046	-3.45367775	0.553886075
aben1249	-0.4877371766595	0.957893993216571	-2.40078775	1.34229375
abkh1244	-0.799637688271	1.19187600102675	-3.24789425	1.46384375
abua1245	0.196597065140485	0.88546911429125	-1.50759825	1.96545575
abun1252	-0.6800896785385	1.05732979637907	-2.7247195	1.32572925
acha1249	0.30707726835	0.941554708593997	-1.597075	2.185722
ache1245	-0.7788208913025	1.11804733945582	-3.04869	1.399662
achi1256	-1.424742493961	1.17214715233725	-3.82987	0.687902425
achi1257	-0.232006807192	1.09613041722673	-2.416463	1.89285325
achu1248	0.254342534025	1.11813069196363	-1.94576325	2.4861605
acol1236	-0.30362423233	1.15026898893035	-2.62506275	1.89676525
adan1251	-0.160785630845	0.974302123933656	-2.05840425	1.735277
adon1237	-0.412793961015	0.909371543751374	-2.23080425	1.3598535
adze1240	-0.693948587	0.845679940413138	-2.470394	0.887709424999999
aeky1238	-0.9121121873435	1.06025008171694	-3.089409	1.08986825
afar1241	0.66012196473875	1.15944371245285	-1.47850525	2.94864275
aghu1255	-1.13287308376	1.12250201832818	-3.3588615	0.993416774999999
agob1244	1.40307531294065	1.04071097597861	-0.6039377	3.52663325
agua1253	0.765802794585	1.18528065379989	-1.47490475	3.1720405
agut1237	0.65264420135	1.18745518895997	-1.62596025	3.09418825
aheu1239	0.698581241245	1.05752241847635	-1.3154945	2.79986475
aime1238	-0.4724344386605	1.08092954038781	-2.6229245	1.567615
ainu1240	-0.5125902188515	1.18434135201843	-2.942389	1.696276
ajas1235	-0.545338339835	1.22377063471455	-3.0042085	1.86532875
akei1237	-1.9451060364644	0.990916427844704	-4.142761	-0.166469300000001
akha1245	-1.324160262885	0.907862531904201	-3.1816625	0.344866675
akoo1248	-0.0304611463875	1.01627238592956	-2.13830875	1.86479425
akun1241	-0.3255260560655	1.07347105758115	-2.53857525	1.65999625
alab1237	0.618764530417875	1.20570922422423	-1.66602075	3.2056235
alab1254	-0.2116719123295	1.01723681115888	-2.21080675	1.794661
alag1248	0.085856652105	1.01556865606505	-1.8672285	2.10094175
alba1269	0.42828954412	1.0647877254344	-1.63494425	2.59497775
aleu1260	-0.607331461324	1.14727105073372	-3.0846575	1.4948905
alor1247	-0.228136680346	0.945560768290556	-2.127365	1.56621675
amam1246	-0.7202612546665	0.842476119979386	-2.511646	0.899194474999999
amap1240	0.000994795346	0.932531377245854	-1.89034525	1.8001145
amar1272	-1.87046436646	1.07070235578896	-4.14424175	-0.00884257200000283
amdo1237	0.87204444509	1.11480336023315	-1.2543875	3.1986705
amii1238	0.3630346321915	0.98477784152252	-1.5129375	2.27473375
amis1246	0.279420166359	0.932330086089126	-1.511767	2.08432125
anei1239	-1.21151397814	1.15754718685366	-3.73100725	0.886117124999999
anfi1235	0.4460832267335	1.01928600902479	-1.5495065	2.483049
anga1288	-0.661595947808	0.855770194513603	-2.48483525	0.975300024999998
anuf1239	-0.5685103646	1.18031472095596	-2.96640975	1.61312825
anuu1241	-0.9715628087995	1.04808756689093	-3.1492065	0.952222424999999
aona1235	-0.219485185927	0.869823021853462	-1.90843525	1.433723
aoua1234	-0.82797909762	1.18742657719259	-3.2224495	1.54136725
apat1240	-0.07146952816895	0.925568533927903	-1.95526725	1.69947975
apin1244	-0.55182032983	1.21304405741868	-3.1002375	1.66930975
apma1240	-1.974057373005	0.966338427702974	-4.04355675	-0.200975525
apur1254	-0.2138984923006	1.08332857160383	-2.41597175	1.9424185
arak1252	-2.065940259075	0.938217425513728	-4.07476925	-0.375496800000001
arao1248	0.901225433763	1.11408017827054	-1.194713	3.195617
arap1274	0.7154458419775	1.15109944803851	-1.41248325	3.01796975
araw1276	1.048084806995	1.04365056683182	-0.993271775	3.17503025
arbo1245	0.2962976950775	0.896232493171624	-1.5072305	2.053193
arch1244	0.197860156427	0.971312683485723	-1.7324205	2.1450435
area1240	-0.0358487211275	0.889194507536354	-1.81290175	1.70057925
aree1239	0.507981570649	0.888903832173251	-1.179073	2.2703325
argo1244	-0.5450788648065	1.17425400891794	-2.98544075	1.67373075
arhu1242	-0.88713994393	1.15353272238638	-3.27921675	1.268795
arig1246	-0.2297877131275	1.17052650902117	-2.59134825	2.0770025
arom1237	-0.152717208826	1.09209605428376	-2.3623385	1.93816925
arop1242	-0.2320929701985	0.915775031902042	-2.06484625	1.580012
arop1243	-1.0631195832096	0.995423869120633	-3.086892	0.8014634
aros1241	-0.104860509354	1.00445100716673	-2.1495975	1.8888535
arta1239	-0.7784172487675	0.901082080156517	-2.59305	0.903946799999998
ashe1272	1.1737229832675	1.19584930419889	-1.11362925	3.7415835
asoa1238	-0.817594171905	1.1711989196406	-3.336763	1.35544075
assi1247	-0.523414800055	1.17811831474388	-2.88527575	1.73662225
asut1235	-0.066741087562	1.12269714905002	-2.2843875	2.148798
atam1240	0.433942745825	1.04239972919824	-1.53681625	2.67790275
athp1241	0.72221916451	0.831267641096748	-0.8397907	2.36690325
aton1241	-0.0919658947705	0.932793101270504	-1.94016225	1.69085975
aulu1238	-2.02193567497	0.860618782018332	-3.803921	-0.462313700000001
auuu1241	-0.0942690357585	0.817198513268909	-1.7186715	1.47087725
auye1238	-0.4070447322125	1.01404824428711	-2.4581485	1.5454765
avac1239	0.6895991927895	1.17627079640286	-1.47934	3.01217025
avat1244	-0.6314989983875	1.03511777259157	-2.789777	1.3486515
awac1239	-0.2196269568485	1.08759758281705	-2.394689	1.85786525
awad1243	0.384059323027	1.07533445990427	-1.69684175	2.587037
awad1244	-0.6082857342735	0.863363677919935	-2.35095025	1.1051955
awar1249	-0.259471198929	0.917049306498888	-2.25483925	1.49466975
awet1244	0.371151700655	0.998817083380483	-1.53636	2.40892325
axam1237	-1.9423065491765	0.880323501568901	-3.83086875	-0.303305125
axiy1235	-1.362345677298	1.07324526627758	-3.593444	0.610479474999999
ayac1239	-0.377796894275	1.14138152645182	-2.72065125	1.845849
ayiw1239	-0.0769240908525	1.01395144635912	-2.16458325	1.93070475
azha1235	-1.3904347209765	1.06212250821534	-3.55897325	0.5844072
baba1266	-0.85658149737	1.06574754864983	-3.135889	1.050343
baba1268	-0.86586967312095	1.07284393460087	-3.02921275	1.11459225
babi1235	-0.7391368204125	1.16752185627326	-3.183838	1.4521335
bafi1243	1.15045963639	0.969270629343771	-0.688560225	3.1177395
bafu1246	-1.001234354645	1.00774416596098	-3.13975825	0.791914825
baga1272	-0.268668515575	1.15689611830168	-2.607824	1.927057
bagi1246	-0.518351106345	0.970148235467608	-2.396229	1.3156555
bahi1252	0.55524306192	0.790438775759683	-0.906034325	2.13892875
baim1244	0.5922295755865	1.05321701117733	-1.39197925	2.6577635
baka1272	-0.2921623067626	1.17970090980202	-2.77759825	1.991245
baka1274	-0.643800849723	1.19198974443593	-3.102176	1.6695575
baki1244	-1.535364045539	0.89914509096781	-3.3931585	0.183814799999998
bala1311	0.204969922129	1.09706188797227	-1.8712145	2.34189475
bala1315	0.9449436749055	1.19331949749718	-1.36048675	3.534057
bala1316	-0.48600996685	0.925086997724844	-2.404606	1.267972
bali1278	-0.5972189778193	1.14829736841866	-2.8792	1.66408075
balo1261	-0.9857760210345	1.18823114704551	-3.5020405	1.24448875
balu1257	-1.39147997942	1.04065860403269	-3.59666625	0.5364859
bamb1269	-0.32503532381	1.20833987838761	-2.7870965	2.0007865
bamb1270	-0.046403748855	1.11982387897616	-2.2562155	2.22315925
bamu1253	-0.049110360854	1.02206258033018	-2.053854	1.93965074999999
bamw1238	-1.1349173614	1.15562643372752	-3.59478525	0.912141724999998
band1344	-0.514439698145	1.26220884122279	-3.06315625	1.91433225
bang1354	-0.479595231309	1.19246930357441	-2.9164585	1.77246225
bang1363	-0.149816742165	1.10271386207085	-2.25010025	2.0030865
bang1369	0.29256994849027	1.03028623890201	-1.651741	2.34859125
bant1281	0.798656086998	0.798946511236631	-0.728792475	2.46849225
bara1357	-0.3544663843525	0.860823223980336	-2.0930305	1.34188675
bara1370	0.510687171282	1.02795078470112	-1.47296675	2.62195075
bare1279	0.13040148051	1.07933430502939	-1.998202	2.33867675
bari1286	-1.866671690649	1.06228297894679	-4.13001925	0.00145505769999658
baro1253	-1.5749702908575	0.985635870771238	-3.678198	0.267920049999999
basq1248	0.5311229783795	1.15193107728275	-1.6435155	2.8550155
bata1289	-0.544929132935	1.17609613282624	-2.81945225	1.69599725
baur1253	0.4589082229165	1.17070116690944	-1.67724625	2.76907525
bawm1236	0.0796100867105	0.994709601310541	-1.909771	1.9453285
bayb1234	0.745874196643	1.13312234307698	-1.35181325	3.083062
bebe1248	0.8101284577505	1.12096239558707	-1.383165	3.093315
beem1239	-0.0609080365985	1.16196110760626	-2.45463075	2.18557125
beja1238	0.850787833117	1.1926439001494	-1.3633455	3.337796
beka1241	1.01308578051115	1.05718998508653	-1.01944425	3.1827715
bekw1241	-0.485989631334	1.12960916848276	-2.7482695	1.5880835
bela1254	0.66085134047	1.20551449601698	-1.6438875	3.200483
belh1239	0.7321613563936	0.810113071430671	-0.786767725	2.36061875
bell1243	-0.75330507491	1.18728808388228	-3.1939295	1.5054465
bemb1257	-0.407759004192	1.226300128935	-2.95142225	1.96992925
benc1235	-0.46425634232776	1.01814729717641	-2.4752755	1.50538175
beng1282	-0.3842287559	1.19647868159229	-2.722537	1.79016225
bent1238	-0.3002778734673	1.01333546796403	-2.30345575	1.614039
bert1248	1.08694120676	1.07090123556271	-0.93118795	3.224428
bhoj1244	0.39924035434	1.05391580798383	-1.6124365	2.45116475
biao1253	0.0117339986035	1.04049580885602	-2.051147	2.1265285
biao1254	0.947574891295	1.05524057152178	-0.952973975	3.07010475
biao1256	0.6100662070955	1.1464375959145	-1.5281	2.9086945
biat1246	1.0484794072	1.00965497489168	-0.869128575	3.0053605
bidy1244	-0.47773608467	1.20616724469798	-2.90172175	1.813632
biha1246	-0.266558080125	0.983919805123175	-2.17487725	1.70568475
bila1255	0.297156724763045	1.10246496079999	-1.954995	2.32811575
bili1260	0.809127537693	1.1953196091422	-1.36522475	3.25074
bimi1240	-0.337710795897	0.979344792893622	-2.3526475	1.5014885
bina1277	-0.9417245174135	0.957870516750714	-2.941299	0.832263074999999
bini1246	0.573476639415	1.10480004975614	-1.56864525	2.85292925
bira1253	0.01195916759	0.941126001001464	-1.89883975	1.77970225
birr1240	-0.55741228052195	1.22409055772793	-2.99863375	1.71251
bisu1244	-1.5805479772	1.02773244665543	-3.7622915	0.298525474999998
bitt1240	-1.12128407562555	0.913655341047526	-2.9037105	0.578297699999999
biwa1243	-0.181601297185	0.877977281169234	-1.9197855	1.53250425
blab1237	0.3976386780755	0.84057054515104	-1.2407545	2.10985
blan1242	-1.259448597395	1.06680663247942	-3.5029665	0.725715975
bodo1269	0.3689407916225	0.97259972636661	-1.52941075	2.29315
boht1238	0.472091642273	1.0470455034329	-1.6077405	2.578896
boka1249	-0.2284900719945	0.987911998248859	-2.1615955	1.76693325
bola1250	-1.6312157209245	1.04961260937092	-3.972419	0.235626099999999
bolg1251	-0.2391351843785	1.1149915258986	-2.49793475	1.906297
bolo1262	-0.98074634653	1.19681805198791	-3.43823	1.17691275
boly1239	-1.155171432413	1.1324869691169	-3.535121	1.028977
bomk1234	1.53344738762	1.1490061505191	-0.655841	3.93594899999999
bona1250	0.876491122938	1.06443493183683	-1.07247025	3.01988975
bong1284	-0.5898822053845	1.18206675881489	-2.9694085	1.64348125
bong1289	0.7533756705	1.06405646514111	-1.25601	2.9237915
bori1243	-0.009226444943	0.907159339395276	-1.76764325	1.79241775
boro1277	1.021188179337	1.03179256117507	-0.917217975	3.06508925
boro1282	0.7073396586288	1.18625707272065	-1.6037275	3.19717625
boun1243	0.9283666394775	1.10982159002338	-1.221535	3.174645
brah1256	-0.758890650225	1.124115997061	-3.05311625	1.36730525
bret1244	0.5686750150601	1.15691815280664	-1.652971	2.9386015
brib1243	-1.08384418387	1.17960883758987	-3.601446	1.07503
buga1247	-0.816886684583	1.0125813794066	-2.87520275	1.140093
buga1250	-1.2251057165585	0.917837483470803	-3.17801675	0.433913574999999
bugh1239	0.3040901120563	0.831018156665463	-1.30594375	1.9001225
bugi1244	1.04579871603	1.18334913219545	-1.148217	3.57486725
bugl1243	-0.838858450515	1.20991391326125	-3.39072225	1.4031525
bujh1238	-0.3214005612965	0.838751444431672	-1.983267	1.2281015
buka1257	0.92997115378	0.988983791769861	-1.02234525	2.9245765
bull1247	1.502025611295	1.15151170747507	-0.6131344	3.93991425
bulo1242	0.13457821195	1.06843235242488	-1.9984725	2.255627
bumt1240	0.5633231895005	1.02594890501977	-1.4979325	2.570586
buna1276	1.0714731000005	0.971432943672978	-0.74866805	3.08388975
bund1253	0.4695093208585	1.11599330814616	-1.61321925	2.719898
bura1292	-0.545006459345	1.03573829747614	-2.69265	1.5564775
burj1242	-0.404500361571	1.13251669125497	-2.648141	1.740124
burm1264	-0.8843012635165	0.982347663188526	-2.86107675	0.973079174999997
buru1296	-0.4461490208475	1.1168509681788	-2.697718	1.65087875
buru1320	0.3587476374085	1.07889298535745	-1.7756645	2.4944365
bush1247	-0.3325766986435	1.18349840603912	-2.64220225	1.9050705
buwa1243	-0.683399590236	0.915444414468938	-2.571835	1.09496575
byan1241	-1.347305627055	1.05181538375909	-3.49994575	0.598713074999995
caac1237	-0.623188257272	0.93070755478578	-2.50160075	1.131935
cabe1245	-1.0665301338835	1.13468378514646	-3.3609145	1.0263605
cacu1241	0.20075311067165	0.921465737178609	-1.64635075	2.00684925
cahu1264	-0.485224514384	1.16598308547225	-2.83438525	1.715934
cald1236	0.5361459532595	1.09275034923959	-1.536461	2.82023475
caml1239	0.617564328445	0.796657826707774	-0.898396475	2.26286175
camp1261	0.765940763391	1.193619276179	-1.471524	3.3678595
cams1241	0.6429093651555	1.13627075448531	-1.50261225	3.0047055
cane1242	-0.4962734609025	1.12505954118631	-2.7781225	1.6308925
caom1238	-0.347709686392	1.10397921616514	-2.54721375	1.74394325
capa1241	0.8245984927085	1.1109757209917	-1.2641545	3.08714125
carn1240	-0.779607147021	1.13869415198464	-3.1761285	1.415488
caro1242	-0.42103531943275	1.20826076394054	-2.815753	1.94802275
cash1251	1.16674458400195	1.11366196199144	-0.8264441	3.5333465
cavi1250	0.8110539899515	1.10757135991245	-1.32176925	3.00399025
cayu1262	0.41509948573	1.03848684651679	-1.5883375	2.520863
cemu1238	-0.785094634595	1.00800045152144	-2.7646325	1.17312075
cent1989	0.3046874729735	1.11842817735463	-1.842318	2.4985565
cent1990	-0.768871635233	1.19477992295909	-3.1688805	1.414319
cent1992	-0.39335122083805	1.03386389576202	-2.470949	1.63387075
cent2004	-0.83191179519	0.974066322676907	-2.922857	0.951112924999999
cent2050	0.2674336673065	1.01061051096277	-1.6522705	2.2854215
cent2084	-0.10843338588	0.934131918254388	-1.91122	1.731572
cent2100	0.121248275886	0.92307100822586	-1.6784805	1.873361
cent2127	0.65507478356	1.15076281124771	-1.6025995	2.914705
cent2131	0.497005039463	1.03245620164312	-1.511385	2.52600275
cent2140	0.80188100493195	1.04251271611828	-1.16306275	2.83687399999999
cent2150	-0.55079782086405	1.19826079672973	-2.962085	1.70573425
cent2292	-0.7595596232165	0.883085842392867	-2.50906175	0.9880046
cent2314	-0.6176775820435	1.14924411889893	-2.974536	1.62110975
cent2322	-0.547575966675	1.2324105746972	-3.07459675	1.79766399999999
chac1249	-0.3829370652605	1.07005660788413	-2.5044405	1.7369215
chac1251	0.055842877442	1.06708935327693	-1.974634	2.25554125
chad1249	-0.659677189201	1.20114089589248	-3.086184	1.6400655
chak1270	-0.872932192765	1.0723597949812	-3.05028075	1.12590575
cham1309	0.2394234245235	0.907594112753864	-1.45975475	1.9897725
cham1312	0.612198723885	1.18298243663668	-1.65704	2.9794625
cham1315	0.861944607736	1.15302004737086	-1.33517725	3.31054625
chan1313	-0.17362055610375	0.856556106921812	-1.92831775	1.50080975
char1269	-0.6705878475777	1.04414608387593	-2.76000275	1.27433225
chas1234	-0.4109493885095	0.898666138246563	-2.217719	1.2633015
chec1245	-0.519194702531	1.08120664175357	-2.67593975	1.622336
chek1238	0.3368439648365	0.832894458127616	-1.29997025	2.00219775
cher1273	0.79085283659	1.20652283158746	-1.51697425	3.2963035
chhi1245	0.826515903315	0.813138283485131	-0.736009975	2.5241055
chil1280	0.5950501265615	1.09647629555934	-1.4897705	2.79329475
chim1312	1.005150400599	1.15409107498829	-1.218694	3.418921
chin1286	0.908343993689	1.10239220639821	-1.19884675	3.18619875
chip1241	0.5589168239682	1.13021854511018	-1.572979	2.79849575
chip1261	-0.603493252708	1.18248984532245	-2.96194875	1.58824875
chiq1248	-0.550339950995	1.17519991908605	-3.02054975	1.7477775
chir1283	-0.770712364423	0.835999496028921	-2.46608125	0.767995899999999
choc1276	-0.61582360849	1.22989772797986	-3.173351	1.75424275
chot1239	0.160117924715	0.881565646220161	-1.62781325	1.971114
chra1242	-0.526573065635	1.05832671008662	-2.768477	1.4354905
chuj1250	-1.80757561465	1.0456517207385	-4.11207375	0.0944342599999999
chuk1273	0.606320614179	1.22776469101195	-1.67772725	3.1238135
chuv1255	-0.769221254395	1.14072764443616	-3.12366875	1.3782025
chuw1238	0.99801374977	1.12979754687715	-1.18248375	3.3773075
coat1243	0.449650622624	0.88757199902695	-1.26334225	2.22579375
coca1259	-0.32679709223	1.12300891890956	-2.51922275	1.791132
cogu1240	-0.868292561555	1.14372621015405	-3.2397975	1.236646
colo1256	-0.228696354115	1.10199068569444	-2.48815425	1.92808725
colu1241	0.9327247293055	1.19410176450772	-1.30403325	3.50209574999999
cong1236	-0.40673857985485	1.19859703806507	-2.74442625	1.87679
copa1237	-0.365316398233	0.904910123201776	-2.24381	1.3387365
cors1241	0.6326846665575	1.22787069193293	-1.61238125	3.096783
cosa1234	-0.751841951815	0.870147330323503	-2.46879425	0.961400599999998
crim1257	-0.5237111652165	1.15000670733468	-2.90345325	1.615077
cros1244	0.1973582893005	1.031448550061	-1.80316175	2.23507475
crow1244	0.772983078605	1.1960808268724	-1.465613	3.1684005
cube1242	0.4195993338975	1.10726713943275	-1.75619075	2.55462125
culi1244	-0.633090692853	1.12796708229228	-2.919961	1.5463045
cusc1236	-0.5320902751415	1.16527441104346	-2.7548295	1.7473295
czec1258	0.6335932931755	1.18377025479944	-1.587029	3.16559675
daai1236	-1.4202201589955	1.09603314964404	-3.7919095	0.59073435
daas1238	0.9630732830585	1.04001472186858	-1.02832475	3.0431175
dadi1250	0.3348767278715	0.920548752679286	-1.5199005	2.09381425
dagb1246	-0.5627929222795	1.17284007383706	-2.92050175	1.6370725
daka1243	-1.973272943277	0.882748761744828	-3.8922715	-0.374815800000001
damp1237	1.186392090255	1.14258122386198	-0.91787775	3.5534425
dand1238	-0.461895638947	1.08000031123686	-2.5629585	1.6829705
dani1285	0.55613307664785	1.11388805626303	-1.567313	2.802119
dara1250	-0.1703559287057	0.919762759037124	-1.99784675	1.61857125
darg1241	0.5268435795805	1.01541410898698	-1.55186	2.522833
darm1243	-1.353271296315	1.05350234834458	-3.5176685	0.632221124999999
dawr1236	-0.86998289784	1.05998804212507	-3.07758675	1.0942555
daza1242	-0.531836747133	1.22919368114502	-3.094174	1.800551
dege1246	-0.416219726905	1.11587346058383	-2.70828325	1.63170725
dehu1237	0.1616507079315	0.985975541025096	-1.78072475	2.0121515
dera1248	-0.662760513649	1.05624977928715	-2.88294025	1.39005625
desa1247	0.314293424195	0.927446759527707	-1.481339	2.13635625
dhao1237	1.0360112524075	1.10637733044734	-0.989413925	3.3156115
dhim1246	-0.7219156178075	1.0169484977357	-2.846939	1.2071865
dibo1245	-0.818150729715	1.14423709132447	-3.233899	1.38114525
dido1241	0.177658292325	0.920916167461445	-1.65128	1.96186725
diga1241	0.142049303621	0.973418894373229	-1.8048005	2.04303275
digo1243	0.83804937362985	1.17002339662639	-1.3197435	3.15611975
dima1251	-0.046885045536	0.908386443271717	-1.84022525	1.774287
diri1252	-0.1819975903825	1.20101292292061	-2.63685175	2.19301575
djam1255	0.5910012119225	1.12535094370874	-1.49557875	2.99999125
djee1236	1.1334421916175	1.13415364816726	-0.96933725	3.553262
djeo1235	-0.4403895332073	1.16382544855223	-2.75902375	1.70650825
djin1251	0.7622940648665	1.15996907973656	-1.35981525	3.16841225
dobu1241	0.7861208985235	0.909006337010585	-0.9981339	2.63101525
domm1246	0.903573565545	0.939974512029025	-0.8785931	2.8361205
doro1266	-0.067426839555	0.852521327060264	-1.7491665	1.6038045
drun1238	-0.0851351127645	1.00214533633453	-2.08577375	1.929442
dual1243	0.3541998037485	1.05363508841677	-1.68613075	2.42038825
dumb1241	-0.30051308488	1.0531696713948	-2.45578125	1.796799
dumi1241	0.421964463298	0.808575989604905	-1.103539	2.045273
dupa1235	-0.648632174941	0.975696453305736	-2.628649	1.13734775
duru1236	-0.47127845285745	1.04573159633247	-2.5670255	1.5947505
dusn1237	-1.0993236123405	1.09975860627955	-3.39543075	0.9815298
dyul1238	0.702713210855	0.92927698513212	-1.143606	2.518344
dzao1238	0.9682808267205	1.07048193007198	-0.99224405	3.18931875
dzon1239	-0.670908579645	1.00496686853663	-2.70642075	1.183341
east2328	-0.8141129718945	1.14954085881772	-3.28866125	1.3115535
east2332	-0.356032113296	1.11198159049754	-2.59364925	1.7742375
east2342	-1.42624124517	1.12191118379771	-3.8128295	0.562894649999999
east2443	-2.094172535518	1.02600152139322	-4.2343695	-0.234321975000001
east2447	0.8317109424255	1.1421956905807	-1.2589585	3.1922695
east2485	0.7508853661745	1.09655469534193	-1.37406525	2.96688825
east2516	0.812675337285	0.929568330388679	-0.98305425	2.6386615
east2694	0.01686637054	1.07801635942591	-2.1384505	2.1024695
east2773	-0.0344382818615	0.815447819970105	-1.67830525	1.56377525
east2782	0.76547810809	1.14930309077591	-1.41488125	3.1319965
egyp1253	0.692377926645	1.16413363381071	-1.4958295	3.10274425
eipo1242	-0.2988458700838	1.03653718014825	-2.2965685	1.65030475
ekar1243	-0.4984191735732	1.06497454738163	-2.5958935	1.596277
elna1235	-1.1217682713545	1.12382400155274	-3.49067825	0.878802925
emae1237	-1.1011271600675	0.97034491279691	-3.0559465	0.70439005
emai1241	0.0431944091575	1.09039190262063	-2.13930575	2.14984075
embe1260	-0.88006035234	1.20381786748387	-3.330857	1.28539
embe1262	-0.6871432386115	1.14582149330921	-3.06250375	1.38828175
enap1235	0.640424742034	1.14580901102923	-1.57585175	3.00365875
enuu1235	-1.232575237687	0.984774254848734	-3.307476	0.572208749999999
epen1239	-0.6727464546	1.15789097495479	-3.1191295	1.5300595
ersu1241	-0.351998399589	1.01521065079163	-2.40063375	1.6334915
erzy1239	-0.573562991485	1.14361652149237	-2.84958875	1.57668825
esan1238	0.153824003805	1.11093921264497	-1.9983285	2.309392
esee1248	0.64342680729	1.09420292066675	-1.4574875	2.72552125
esim1238	-1.089464343125	1.04422360481958	-3.34949675	0.757276099999999
esto1258	-0.89488050844935	1.17434887670931	-3.336694	1.26104575
eton1253	0.925793539043	0.985545098900977	-0.931460575	2.88250875
even1259	0.494315591144	1.14497676281188	-1.732656	2.890988
ewee1241	-0.32992725391	1.11175575763037	-2.5706735	1.77452175
fare1241	-0.66076993715	1.21837196294043	-3.113767	1.5766
faro1244	-0.6695121892125	1.10747101762074	-2.91614125	1.48940775
fass1245	-0.569579509630835	0.948085766187626	-2.51709275	1.2041445
fiji1243	1.1067557915115	1.07550843160405	-0.9337994	3.2606775
fili1244	0.1178918611615	0.968809054690785	-1.73953525	2.0190325
fina1242	-0.8855892064735	0.822179239872186	-2.56645075	0.664046924999999
finn1318	-0.621666357603	1.14231360221188	-2.969585	1.57379075
fonn1241	0.610867728055	1.11636741830106	-1.5494835	2.7801505
fore1265	-0.559411448485	1.15237186051242	-2.9725215	1.64684375
fuln1247	-0.532051022198	1.19746708900037	-2.84251675	1.79352925
furr1244	-0.473178115835	1.25831828726787	-2.99560825	1.95744225
furu1242	-0.795280874209	1.21757106166212	-3.35508375	1.49867675
futu1245	-1.316023223935	1.12185978212687	-3.73133325	0.798062849999999
fuyu1242	-0.752870524738	0.897475258251781	-2.5900255	0.930916974999999
gaan1243	-0.298330232291	0.986446479663783	-2.30213325	1.67206625
gade1242	-0.63778838562965	1.24163398112728	-3.1626215	1.70562575
gaga1249	0.71955553092	1.14273503303395	-1.43434075	3.05415775
gahr1239	0.4116089531	1.10526977612061	-1.7028875	2.6811585
gale1259	0.7509534285205	1.12270504850352	-1.46862825	3.03693875
gali1258	-0.7069804384005	1.18926242438455	-3.3001955	1.514245
gali1262	1.028887166416	1.04027721950002	-0.912995975	3.16131725
galo1242	0.287861804949	0.918612533108902	-1.4940645	2.126558
gami1243	-0.772988325968815	1.13065137679314	-3.0584345	1.25002425
gamo1243	-0.56949030155	0.97588018295428	-2.551862	1.248975
gand1255	0.110007083406	1.08162721549224	-2.0704715	2.22668625
gang1266	-0.041428718189	0.865607751140244	-1.780128	1.67217225
gant1244	0.42737763403	0.844765141615233	-1.169933	2.0178575
gapa1238	0.4447741330625	0.906647841948124	-1.3591795	2.24940525
garo1247	-0.18778714387	0.959374299321924	-2.1363015	1.67969575
gayo1244	0.346044253528	1.06206433350369	-1.69700575	2.487023
gbay1288	-0.584474819035	1.21360958093403	-3.0829085	1.7118215
geba1237	-1.3351497855	1.06600795022185	-3.50600475	0.668568325
gela1263	0.21851458930105	0.857563788545587	-1.5126645	1.86181825
gheg1238	-0.353395534791	1.09577761245235	-2.459582	1.7709165
ghod1238	0.279208458191	0.971380897922611	-1.548215	2.24313
ghom1257	0.783480478541	1.18602580790824	-1.442694	3.14598425
gilb1244	-0.51993649136	1.1958814179592	-2.9501205	1.7672605
gily1242	-0.1811802367525	1.12396713646883	-2.37193725	2.01427375
gira1247	0.282761861158	0.83818871164097	-1.3621225	1.91482175
glav1244	-0.072700307959	0.890635182074756	-1.88391525	1.6649625
gofa1235	-0.7609211648025	1.02084956337442	-2.837931	1.15717725
gogo1265	0.6388584537465	1.00199718122202	-1.3175295	2.667821
gola1255	-0.0652728298445	1.15487015409119	-2.41875175	2.14140075
guah1255	-0.584065761135	1.14388031482018	-2.877433	1.56939375
guan1266	0.69404016839	0.989869561339171	-1.20077	2.72267975
gube1234	-0.4552761048885	1.22038311016435	-3.01182225	1.84974975
gude1246	-0.582614046391	0.912678352899538	-2.38823	1.14735575
guer1243	-0.663682751405	0.963129257312217	-2.631727	1.101301
guhu1244	-0.71686774108	0.830253306173369	-2.40884425	0.89916
guiq1238	-0.2601538714645	0.997522507258145	-2.3241535	1.618948
gulf1241	0.659888711205	1.18998167415217	-1.68905975	3.056344
guma1254	0.336924251204	0.91192888731161	-1.3521285	2.14759925
gumu1244	1.0366530466955	1.08604670711762	-1.00939825	3.210229
gunw1252	1.297201349445	1.16658800636756	-0.80005815	3.81511275
guny1241	-0.690775201078	1.15961578750482	-2.990831	1.4611085
gura1251	0.88688683303	1.15811071491364	-1.27787225	3.332093
guro1248	-0.61169250385	1.15824988221011	-2.976987	1.542155
guru1271	-1.272286810993	1.17062580095359	-3.72767725	0.863201824999998
gyel1242	-0.25954069736	1.21465943564587	-2.767984	1.94298175
haaa1252	0.97298063574	1.15863587274867	-1.1467075	3.37835125
hadi1240	-0.63261089638	0.986616617344277	-2.65196075	1.213459
hadz1240	0.626172135525	1.12640674925394	-1.594164	2.9042475
haka1240	0.103252572668	0.996265652787829	-1.8898345	2.12384725
halh1238	-0.735659734165	1.11067078162639	-3.0613635	1.37217075
hali1244	-0.033994380087	0.885621473381713	-1.81846325	1.652468
halk1245	0.51889402773	1.10469891941505	-1.6568615	2.643617
hame1242	0.675199554369	0.919508879555959	-1.05861225	2.54978575
hang1263	0.393630002875465	0.83827214749763	-1.207599	2.07841175
hani1248	-1.357235774495	1.06167249662542	-3.554492	0.635130524999999
haru1245	0.4448721261465	0.836897417675538	-1.212033	2.110121
hass1238	-0.61369581734	1.13006246573579	-2.89440325	1.4431255
haus1257	-1.02726855131	1.16759907927842	-3.434902	1.13764325
hawa1245	-0.5044346639718	1.20068360178338	-2.9282065	1.762471
hehe1240	0.363500684885	1.08249013044815	-1.803943	2.42366375
heil1246	-0.7753699551355	1.16010967111631	-3.1886465	1.40830375
hela1238	-0.4645800486075	0.837707092610433	-2.2136685	1.19266475
here1253	-0.3445462089725	1.21288890962242	-2.830991	2.04405775
hida1246	-0.577504777415	1.14520802261889	-3.03129025	1.53980175
hind1269	-0.497571914555	1.13762360704092	-2.8223645	1.603101
hoaa1235	-0.624181718226	1.12964327176312	-3.027882	1.42319975
hoav1238	-1.094225004172	0.999877705577283	-3.20154125	0.765421675
holo1240	-0.349716202343	1.20758242871312	-2.9262875	2.01948
hone1235	-1.090534949425	1.12253287131366	-3.38098675	0.970616599999999
honi1244	-1.162052809005	1.02543570097215	-3.22205025	0.767044874999999
hooo1248	0.986269468275	1.12729654436307	-1.075989	3.2516305
hopi1249	-0.497116550925	1.12865283217001	-2.80166	1.59367525
hote1245	-1.0057274505815	0.832416880234682	-2.66527075	0.52672215
hozo1236	0.94669072653515	0.944525125427963	-0.8335787	2.8924585
hrus1242	0.1213691022145	1.00421396300812	-1.879676	2.0568385
huaa1248	-0.62730575303	1.1863870912235	-3.00164625	1.6455835
hual1241	1.26581665234	1.12459649325372	-0.823375325	3.613164
huam1247	0.4607416462625	1.09098717185799	-1.568049	2.69405525
huar1255	-0.422312528285	1.13316321700573	-2.71289575	1.72453025
huas1242	-0.6782398617695	1.12194353430659	-2.9693035	1.48006525
huba1236	-0.514235015295	0.949668549442973	-2.4670285	1.276293
huic1243	-0.993883835195	1.10034119837363	-3.19870975	1.097015
hula1239	0.565532084354	0.906649662081082	-1.23979775	2.354428
hula1244	0.545870393869	1.21327601400629	-1.721544	3.13162375
humb1243	-0.6505702551585	1.13004188771968	-2.9033485	1.56641675
hung1274	0.625607450511	1.16932381258483	-1.6529005	2.9827255
hung1275	0.660597540275	1.12030652655512	-1.506529	2.9282135
hunz1247	0.0222072191905	0.941807834982599	-1.83861325	1.85101075
hupd1244	0.1285292166825	0.935665602591944	-1.75060525	1.90303425
huuu1240	-0.4996548347175	0.8416048224987	-2.155256	1.20724625
iaai1238	-0.58113078201655	0.941560104552968	-2.520395	1.18025925
iatm1242	0.0229711122915	0.901077039825623	-1.75688925	1.77652575
ibal1244	-1.026730249168	0.86787612625506	-2.90058575	0.603797525
iban1264	-0.2961136181975	1.0784201987778	-2.48936825	1.7955785
iban1267	-0.711702830245	0.914677031476651	-2.538663	1.04341925
ibat1238	0.646109699125	1.1297828877743	-1.50215475	3.083542
ibib1240	-0.274691113875	1.05770841297779	-2.47594875	1.75566375
icel1247	0.6297505324705	1.16542897443201	-1.595453	3.07882675
idii1243	1.569569865815	0.994734587021718	-0.35371855	3.54424375
idun1242	0.4526297554475	0.865596386360142	-1.22356675	2.17175925
ilaa1246	-0.1681247124	1.20779389995889	-2.62293775	2.176206
iliu1237	-0.779375847824	1.04714937809107	-2.91259525	1.14494425
ilon1239	-0.8365412493095	0.882651101041006	-2.61583825	0.910942725
imba1240	0.386077559275	1.02648030070518	-1.56928225	2.45660375
indo1316	-0.025903783881	1.0356908795904	-2.1255875	2.00702825
ingr1248	-1.047685282425	1.09286150153538	-3.385432	1.0104905
ingu1240	-0.494785531393	1.08205632962318	-2.74908675	1.6653805
iqui1243	0.0923580342725	1.13371322586933	-2.16814775	2.29651775
irar1238	-0.92890295284	1.11213937299684	-3.23392225	1.2013735
iris1253	0.699061331546	1.17633855323333	-1.592717	3.1018375
irul1243	0.6773738508385	1.15788800185947	-1.37977425	3.02432275
isco1239	0.9271940851815	1.13590090852998	-1.1390475	3.28713
isir1237	-0.5406486533385	0.989966240346177	-2.52580975	1.29160075
isna1241	-0.2639886022025	0.992303468775291	-2.309272	1.70907
ital1282	-0.5709946499365	1.1813421634143	-2.9164025	1.662738
itza1241	-1.031038723766	1.15087726935956	-3.52830075	1.11166225
iumi1238	-1.421795685745	0.99538683835497	-3.57727525	0.539911724999999
ivat1242	0.999311598775	1.15597202245482	-1.283189	3.441813
iyoo1238	-0.401602061385	0.84308659860367	-2.12178525	1.2098735
jahh1242	0.5596609953655	1.01956633827713	-1.3723235	2.61155625
jalk1242	0.274552395011	0.99365180093073	-1.721827	2.2540815
jama1261	0.2424631722165	1.09455131993058	-1.94888975	2.46707025
jamb1236	0.913819801785	1.16570819026785	-1.2942065	3.22700875
jams1239	-0.6421412663505	1.06260696800957	-2.9291945	1.38799175
japh1234	0.84889251672765	0.97800345637546	-1.04373875	2.801314
jaqa1244	0.851754643775	1.17735183339342	-1.298706	3.34834375
jara1266	-0.48462129192	1.05116208792257	-2.60473	1.5947555
java1254	0.2761915754545	1.03476917755772	-1.74440375	2.390303
jede1239	-0.8424484116512	1.04415239739055	-3.03660725	1.091836
jeha1242	-0.970473644875	1.05016010082798	-3.16501	0.947011449999995
jina1244	-0.5311844103175	0.98423270098106	-2.53091375	1.33810825
jurm1239	-0.4710168426655	1.21231397727494	-2.96139225	1.80097925
kaba1278	-0.764354003555	1.14078611741273	-2.97689175	1.33937825
kaba1281	-0.55892928541175	1.16061246485016	-2.88137875	1.57573325
kaby1243	0.794194390352	1.1586732280728	-1.41620225	3.12037374999999
kach1280	-0.37932372753	1.07411712810162	-2.5228035	1.658575
kach1284	-0.31032074422215	1.00081769992322	-2.33366275	1.57524725
kafa1242	-0.675043244557	1.04882129291996	-2.76575125	1.31692425
kagf1238	-0.187603069315	1.19130543393586	-2.620532	2.03800925
kagu1239	0.4009868639195	1.08659395390496	-1.75121875	2.53684025
kaik1246	0.567814013	0.937674355339886	-1.2754955	2.412279
kaki1249	-0.6931341611335	1.02247527069748	-2.78745775	1.26357025
kala1384	-0.2892472680865	1.20116562414413	-2.78990275	1.93541825
kala1399	0.6615924621375	1.1447179624034	-1.5031705	3.00330725
kali1308	1.069207300295	1.16334082156748	-1.12217725	3.43105275
kalm1243	0.5396017660155	1.19888206527281	-1.679611	3.087256
kamb1297	1.04690668256	1.14520115608533	-1.08518875	3.39494149999999
kamb1299	1.1040611341345	1.0772295235936	-0.846439	3.2150655
kamm1249	-0.5604769923515	1.08777249501276	-2.8158695	1.5043765
kamu1260	-0.2160010440655	1.06337863211152	-2.315334	1.79841925
kana1286	0.24635945956	0.85166458298723	-1.4448305	1.9288615
kani1286	0.236209273489	0.929617488531434	-1.613733	2.041
kaon1241	1.03414465213	1.19190090829732	-1.205033	3.4492795
kara1482	-0.58480211738275	1.18219116462577	-3.10062	1.67814375
kara1486	-1.6842893818795	1.06627455750495	-3.90331475	0.236600949999999
kara1487	-1.089115916185	0.805131651263825	-2.723388	0.420473324999999
kara1500	-0.496219113243	1.18649996510665	-2.94477975	1.77687625
kare1335	-0.683621820939	1.17044749763327	-3.0939365	1.4490845
kare1338	-0.5604610102785	1.16150933968401	-2.908802	1.65810299999999
kari1311	-0.7569925398505	1.1423183852995	-3.0852185	1.38456925
karn1252	-1.61284916491	1.01859362903055	-3.71752675	0.242728375
karo1304	0.5819937197	1.1559847929997	-1.56373575	2.8618935
kash1277	0.69663334817	1.15310240496417	-1.53126775	3.120359
katb1237	-2.013351481615	0.843873470761567	-3.744427	-0.486757225000001
kats1235	-0.205835174621	1.0151715682942	-2.17257925	1.75400625
kava1241	1.2156410015555	1.06019929874668	-0.681453425	3.378013
kaya1315	-1.39823127036	1.09681231655272	-3.74203025	0.592899299999998
keap1239	0.55693430745	0.924173549688327	-1.1993745	2.38692424999999
keig1242	-0.68558731477305	1.20970286403888	-3.1458005	1.5444995
kele1255	-0.500562305675	1.23539380041511	-3.09183475	1.83297125
kele1258	-1.38834292463	1.01640058109558	-3.48208525	0.437515174999999
kele1259	-1.058034962864	0.798669174941443	-2.684588	0.50694445
kemb1249	0.7491007157845	0.966098718704506	-1.19228825	2.75101325
keme1240	-1.1752902607645	1.05929667640881	-3.4889675	0.629795424999999
keng1240	-0.1345836516275	1.12641454221519	-2.46619925	2.0975375
kens1248	-0.799224525435	1.11194967480946	-3.0280205	1.34070675
kenu1236	0.736197150705	1.16599665519568	-1.50201675	3.07756575
keoo1238	-0.0492117505255	0.989818200681866	-2.01922325	1.85711325
kera1255	-0.609223903326	1.00734390562387	-2.66393075	1.29727075
keri1250	1.06634648389935	1.12406478554645	-1.09970325	3.46526675
kesa1244	0.34917087693165	0.866197313537036	-1.331324	2.0398275
kett1243	-0.5415768549635	1.12386817752485	-2.86427875	1.554967
kgal1244	-0.5611769542515	1.15227327924594	-2.99272125	1.60525
khak1248	-0.6034032397945	1.18836192962967	-3.29876625	1.6397415
khal1275	0.0466310669406	0.847254737247285	-1.61580775	1.74816275
kham1282	-0.6493029836555	1.10399253688197	-3.0098665	1.4125215
khan1274	-0.97092764424	1.09793954213449	-3.24821925	1.12871875
khan1278	-0.45586776220655	1.0420502907602	-2.69137775	1.471368
khar1288	-0.81953864180635	0.82778236681317	-2.44390575	0.71907485
khez1235	-0.60157790001885	0.804807335052868	-2.2312185	0.909332949999999
khin1240	-0.29823430654495	1.024762035219	-2.247183	1.718027
khmu1256	-1.069799048266	1.10100910676557	-3.24646675	1.0167235
khva1239	0.1265925134945	0.901616751609056	-1.635606	1.90259775
kich1262	-1.406984141485	1.158462538311	-3.8989085	0.724058825
kiku1240	0.6415145136805	1.10526192580104	-1.4956535	2.72452525
kile1243	-0.512750012325	1.16572735420254	-2.85258575	1.652072
kili1267	-0.223449308124	1.0143225842008	-2.2656905	1.6626835
kima1246	-1.106208521855	1.09417232833697	-3.513991	0.856752625
kimm1245	-0.173750171907	0.91872475710713	-2.04722625	1.58872775
kimm1246	-0.390962841687	1.06813735330449	-2.5609965	1.629444
kina1250	-0.45952884717	1.13484282592251	-2.79145925	1.640547
kinn1249	-0.473785778945	1.09707294745766	-2.76569075	1.697641
kiow1266	-0.62021694566	1.19276471066234	-2.9643955	1.59461675
kips1239	0.89339787477	1.10795565624377	-1.24600225	3.1353595
koda1255	1.179775758168	1.09341119358221	-0.8832434	3.44250375
koho1244	-0.5436279844035	1.07053267974709	-2.69686375	1.42480225
koir1240	-0.864992299745	0.819087287509966	-2.494234	0.686010424999997
koit1244	-0.2576578593061	0.93612078250995	-2.1295335	1.58112774999999
koko1269	0.308287850499	0.882725366229032	-1.38024575	2.078242
kolc1235	0.003795074822	1.07770449076348	-2.252854	2.10495925
komb1274	-0.99280901374	1.10259099768299	-3.26964025	1.05216475
komi1268	0.6026116308523	1.16995616919184	-1.63945425	3.04521225
komi1269	0.7178906242085	1.153781248958	-1.50316175	3.168599
komo1260	-0.39676505709	1.20725821613487	-2.815742	1.823216
konk1267	0.666617536583	1.16081525286044	-1.531505	3.0080275
kony1248	-0.0581635228675	0.871530050706063	-1.78582975	1.62223425
koon1244	0.1063413290395	1.2038090736087	-2.167183	2.35413175
koor1239	0.0501871735775	1.04858403890128	-2.0312395	2.0428775
kore1280	0.590718389222	1.1670588055805	-1.686204	2.8885645
koro1298	-0.7624619069853	1.15556974311884	-3.29551275	1.36899675
kosa1249	-0.47890714103	1.05499990944435	-2.67617925	1.550957
kove1237	-1.724407488455	1.08047937087657	-3.977046	0.209776224999999
koyr1240	-0.4496900441195	1.19024260236743	-2.888024	1.799834
kryt1240	-0.311477456365	1.03340191521311	-2.3390535	1.79609825
kuan1247	-0.29263645736705	1.21161742925824	-2.73652375	1.999621
kuan1248	-0.85647114025	0.916702714366201	-2.77286475	0.912458149999999
kuii1252	0.317661302556	1.13518042330751	-1.84742625	2.5968325
kuik1246	0.2705808534285	0.98726725820098	-1.70700475	2.307967
kuku1273	0.628156509561	1.19389087092477	-1.65132	3.03619625
kuku1280	-0.1824949577745	1.03828007001469	-2.1285415	1.89658775
kulo1237	0.811065802217	0.891067738237525	-0.858031225	2.6602725
kuma1276	-0.414336559075	0.931127420491826	-2.2927265	1.35401175
kuma1280	0.880085658241	0.918866480319593	-0.870237225	2.79548225
kumb1268	-0.7037512434375	1.20270376327958	-3.182488	1.512461
kumz1235	-0.68569788530965	1.14891784248403	-3.02038475	1.45451499999999
kunb1251	1.239882497894	1.13488204058688	-0.8674827	3.67755075
kuni1267	-0.598096696061	0.837941867104586	-2.2902265	0.992953675
kuot1243	-1.81640294689	1.00496932543257	-3.87306125	-0.0598946075000028
kusa1251	-1.1361226423725	1.01649850180815	-3.2663775	0.7085143
kusu1250	0.1100470653765	0.988767608914384	-1.864193	2.12877975
kute1248	-1.14391205001	1.09550306283912	-3.53825825	0.914902799999997
kute1249	1.0366190408178	1.15380714305514	-1.132716	3.41612375
kuyy1240	-0.4605448687165	1.08722553267646	-2.5839715	1.660619
kwai1243	-0.2485279940995	0.843305860284369	-1.96262975	1.37394525
kwam1249	1.15778826906	0.978634012360398	-0.61308135	3.075995
kwam1252	-1.58627350222	1.05960691515821	-3.83888675	0.251060149999999
kwar1239	-0.3481139460575	0.849182421444317	-2.03282625	1.31100475
kwaz1243	-0.548501657477	1.11296878582491	-2.6885425	1.60649775
kweg1241	0.7759706395835	0.990348695778482	-1.08214	2.7968605
kwin1241	0.6991765136	1.19876408340098	-1.53281375	3.2213475
kwom1262	0.3597374879675	0.833577336699905	-1.232724	2.0197085
kxoe1243	0.8449475241705	1.20753396457272	-1.38621325	3.3430695
kyer1238	-0.3971284373085	0.839730512818511	-2.125941	1.210484
laal1242	-0.416531720826	1.12038635959842	-2.77712925	1.74317725
labu1248	-1.086648739925	0.809443352669623	-2.777129	0.4166694
labu1249	-0.4433700946525	1.06717620546938	-2.6491105	1.56767275
lach1248	-0.39297710152	0.96017894625341	-2.4154635	1.43956325
lagw1237	-0.59578657775	0.989140571849176	-2.50103975	1.2946405
lahu1252	-1.344617982922	0.91121404047539	-3.2265505	0.320368174999998
lahu1253	-1.50276236837	0.989618030956164	-3.54959775	0.331939149999997
laiy1246	1.26701132261	1.08048377384952	-0.814542375	3.50720675
lala1264	-0.2579942229955	1.21324967963112	-2.709557	2.01846
lala1268	-0.370640885206	0.918114738956749	-2.2858645	1.37594675
lama1277	-0.239946611499	0.91186675406351	-2.02085475	1.530464
lama1288	-0.225189430795	0.92314087928353	-2.06331375	1.59450775
lamb1269	-0.256419101396	1.11444917213771	-2.47038125	1.996043
lamb1273	1.06035306923675	1.13146294589185	-0.971581825	3.501465
lamk1238	0.378366934947	0.936138727600763	-1.44506525	2.25656775
land1256	-0.320284512112	1.18149929531391	-2.88041325	1.864348
lash1243	-0.423801607859	0.925849197153988	-2.3033265	1.30752625
latv1249	0.45736084705	1.12263810925941	-1.686153	2.73758475
lave1248	-0.8319171466835	1.08300062085356	-3.06186775	1.1910385
lave1249	-0.61440935577	1.04853426944377	-2.65869675	1.43319075
lavu1241	-0.19584125371155	0.983708182447426	-2.16905975	1.70972775
lazz1240	-0.5427512031375	1.13407846450897	-2.94929225	1.62012075
lega1249	-0.457405279743	1.208614937059	-2.8965165	1.82028725
lega1250	-0.316666367485	1.20787264694206	-2.77278125	1.92033425
lele1276	-0.08632741626295	0.984194803512692	-2.0567335	1.834843
lemb1266	0.3617257414	0.854596635639739	-1.31676325	1.9774125
leme1238	-1.7397805685525	1.08634306889891	-3.98805275	0.21218735
lena1238	-1.588930322865	1.05359542734563	-3.83495175	0.18646965
lend1245	-0.2485926977	1.1837461407217	-2.6420745	2.07046825
leng1259	0.307447934905	0.989334147793972	-1.606226	2.233521
lepc1244	-0.859935693935	0.95079981455827	-2.7726795	0.866823375
lese1243	0.782519385327	1.06169567850842	-1.24185625	2.9341085
lewo1242	-1.33090273373	0.909460531106524	-3.2230465	0.343207549999998
lewo1244	-0.119986738635	0.918219890979398	-1.96867375	1.665431
lezg1247	0.1070378614735	1.03703068158887	-1.88298225	2.132974
libi1244	-1.11804449938	1.17911432910634	-3.592313	1.04870825
liby1240	0.6992684770375	1.15317616074995	-1.49203275	3.0657715
lihi1237	-1.354255724115	1.07616622331497	-3.725002	0.576135224999999
liki1240	-1.104583776078	1.18764916576288	-3.63696925	1.1071005
limo1248	-0.646999354018	0.882259218773139	-2.4281475	1.0261545
ling1265	-2.03564124695	0.842042071397748	-3.79080075	-0.50248375
lipo1242	0.5052140931375	0.972368034019913	-1.39375975	2.47691025
lish1245	0.8288377419195	1.16729809738561	-1.358114	3.203614
lisu1250	-0.676309244183	0.864669723228533	-2.385271	0.929956074999999
lith1251	0.736817875899	1.11612218108262	-1.34809225	3.10601525
lito1235	-1.107760843663	1.1319882377316	-3.38500825	0.978227024999999
litz1237	-2.00923443576	0.826900623881673	-3.73881475	-0.511087125
livv1243	-0.8462199631645	1.17515312069622	-3.37278875	1.292442
logo1259	-0.661171127543	1.17140586876289	-2.966731	1.54789325
loka1252	0.10403091738345	1.03499472505889	-1.94836325	2.13827125
lolo1259	0.32033637747	0.960578971954818	-1.544294	2.246132
lomb1257	0.25026510039	1.09304702526732	-1.8823985	2.451945
loni1238	-1.38233928295145	1.0434995032234	-3.556392	0.470917875
lote1237	-1.25181448863	1.07599685299921	-3.53442525	0.77063995
loth1237	-0.5065674041495	0.857911270426309	-2.28211	1.1562145
louu1245	-1.426257647884	1.02983468582899	-3.6175655	0.470122324999999
lowl1260	0.56381102309	0.979170887885907	-1.36289275	2.52571575
lowl1265	-0.0381394528215	1.01023658465745	-2.0971715	1.96347775
lozi1239	0.423271487206	1.14959511881982	-1.84398	2.68945
luan1263	-0.5884342028795	1.07965836680832	-2.78207	1.5069185
luch1239	0.3980084301095	1.00314844434522	-1.57704725	2.36426675
ludi1246	-0.55704715232685	1.13801630446574	-2.8779255	1.57526575
lugb1240	-0.64205891969	1.16587452323701	-2.95221375	1.58693325
lugu1238	0.883856366767	1.10681291859843	-1.24317525	3.17049675
lule1254	0.980276424358	1.15816796165202	-1.1545885	3.28713499999999
lumu1239	-0.785376686324	1.11459259776117	-3.046087	1.39686625
luok1236	1.60786844584	1.09679538992908	-0.338529225	3.96993575
luse1252	-0.820347082098	1.1846493726739	-3.19234225	1.380252
lush1249	0.1529987200075	0.975672495596807	-1.8266345	2.13745425
lush1252	-0.05798798505	1.07768102973718	-2.24080625	2.06518175
lusi1240	-1.840083880475	1.12988845835015	-4.216741	0.169915024999999
luva1239	0.764394668465	1.05894675475758	-1.25203125	2.902004
luya1241	0.147203379022	1.13153528975459	-2.0012385	2.4760825
maan1238	0.73556734732925	1.20742349091321	-1.53762125	3.2269925
maas1239	-0.1065991366265	1.0520812807877	-2.243666	1.84029225
maba1270	-0.93350586992	1.19296956515227	-3.444661	1.30842775
maba1277	-0.433166603537	1.165064172262	-2.879031	1.759058
mace1250	0.1059127646705	1.10177233441046	-1.9635465	2.4553645
maco1239	0.7548692715175	1.17235002102288	-1.54656375	3.1169705
mada1285	-1.709775852865	0.994119770236948	-3.8525165	0.0867298949999995
madi1260	-0.488949067585	1.12927940106418	-2.852968	1.584759
madn1237	0.0895263562535	0.997359609134757	-1.8801345	2.0864155
maee1241	-1.9987373004	0.821113383095612	-3.75368725	-0.534739625
mafe1237	-2.186052891955	0.946612005372473	-4.23633225	-0.485059325000002
magd1235	0.401588097955	0.886948979830444	-1.4364645	2.09805575
maib1239	-0.19509527126195	1.09681754768217	-2.40083875	1.86834675
mail1248	0.163212954012	0.989595918512842	-1.7531485	2.1206235
mais1250	-0.560833397934	0.913919901185135	-2.4419705	1.121117
mait1250	0.303214468231	1.0031920983805	-1.6692555	2.31749025
maja1242	0.2162222502845	1.02680222088493	-1.85265925	2.29287375
maka1304	0.2090344894355	1.07356935677998	-1.93318375	2.23370525
makc1235	0.1805905644465	1.14374807190452	-2.12985625	2.476552
makh1264	0.11982783547	1.16458334189006	-2.213085	2.21930875
makh1266	1.20844451915	1.12423810804933	-0.95142045	3.46299924999999
mala1463	0.8848366491005	1.15152516328336	-1.2611155	3.370849
mala1464	1.012437746624	1.17115668135461	-1.127835	3.48546925
mala1479	-0.287039921684	1.13653508417328	-2.686445	1.9103815
mala1522	-0.85966632544	1.15529458689505	-3.2775915	1.3176085
male1289	-1.8317578000825	1.04723723052446	-3.99836025	-0.00388837712500067
male1297	-0.87070865432	1.16184835101219	-3.24240825	1.3303555
malg1251	0.0924705485095	0.946951477058445	-1.70607375	1.9532005
malo1243	-2.11815722374	0.882956453847813	-3.892375	-0.46360835
malt1254	0.717651900883	1.18861644935543	-1.55964025	3.17687675
malu1245	-1.98821863492	0.837862629668373	-3.72016325	-0.471433425000001
mamb1294	-0.238639341388	1.00473093585102	-2.25738725	1.78034975
mamb1296	-0.2581253545109	1.18941099256194	-2.64823	1.9390205
mamv1243	-0.453313148691	1.15325919804823	-2.78729325	1.80436
mana1288	0.464636211225	0.942919617739777	-1.3145035	2.37488575
mana1298	0.357373214984	0.86276348126321	-1.40329725	2.04825575
mand1415	0.6056377197795	1.14733119330958	-1.676988	2.99331075
mand1436	-0.532411964975	1.2665842540922	-3.1919505	1.79002825
mand1440	-1.657410980125	1.08956037947855	-3.89080025	0.359702249999998
mang1378	-1.1415504631125	0.95944575772856	-3.07836125	0.693488975
mang1381	1.0727601482715	1.20292653350997	-1.08327775	3.6399155
mang1394	-0.84761308552405	1.18457201008085	-3.26628675	1.34560825
mang1401	-0.521699753167	1.14923964403977	-2.84060075	1.72142325
mang1404	-0.9332603556435	0.810054746125172	-2.6047585	0.573756274999999
mang1405	0.697636566775	1.06843518253962	-1.4007645	2.89598775
manm1238	-0.509172410182	0.856267051690346	-2.2138705	1.21249875
mann1248	-0.383924593846	1.26381570776819	-3.02303775	1.979553
maor1246	-0.521491840425	1.21063959482454	-3.0180265	1.7919725
mapo1242	-1.02153113623	0.791545829364657	-2.63833825	0.432174974999997
mapu1245	0.7117874758955	1.15692448405199	-1.4789385	3.09888125
mara1378	0.583060689453	1.18294652474555	-1.68596125	3.06962675
mara1386	0.2785035953175	0.967853448577134	-1.59593875	2.23625725
mara1399	-1.985861536835	0.817958670123172	-3.70400625	-0.5327802
marg1265	-0.365035356935	0.966456362385721	-2.2723655	1.43727625
mari1424	0.092690473367	0.978958113641385	-1.878188	2.0255585
mari1426	-1.909007912598	1.10990196990777	-4.22043025	0.123892599999999
mari1440	0.9040195257825	1.12530424506413	-1.22978825	3.27247475
mars1254	-0.5269882863823	1.21924992343218	-3.0833725	1.7349995
mart1255	-0.461844368646	1.07038773432269	-2.5090175	1.55831075
maru1249	0.26337655307	0.974629789226313	-1.6080255	2.1697555
masa1322	-0.60092331392	1.00150440902815	-2.6320215	1.2783945
masb1238	0.255002471772	0.997512898289295	-1.704132	2.225039
mati1250	0.2442604715165	1.02130447442235	-1.706122	2.3775565
mato1252	-0.786706844101	0.798730461964553	-2.35111475	0.776937674999999
mats1244	0.53484743293	1.11232536074107	-1.48728075	2.745097
matu1259	1.09912492962795	1.19451918887809	-1.114906	3.53948525
matu1261	0.067767001745	0.934505964174789	-1.8565015	1.9839835
maun1240	1.168227498125	1.13184838639326	-0.9014427	3.638561
maxa1247	0.786456720315	1.17602031914637	-1.44090025	3.2539465
maya1285	-1.0745616751845	1.12106290975142	-3.4121165	1.0886035
mayo1261	-0.729357680735	1.21582340164794	-3.23903425	1.66498125
maza1304	-0.654535972174	0.914575234381022	-2.463239	1.09929025
mbaa1245	-0.5622888998025	1.20669019703902	-2.95439425	1.8150135
mban1263	-0.85106713565	1.21194680843972	-3.281915	1.4704905
mbar1260	-0.4858903036175	1.05933748189736	-2.68049525	1.56058825
mbay1241	-0.5178794637548	1.07388503547569	-2.71199975	1.5179985
mbug1242	0.124000031265	1.07859623668251	-2.04958725	2.24834875
mbul1263	-1.681539956605	1.02916161536718	-3.862505	0.143265975
meen1242	-0.2818111493305	1.04607239009655	-2.3750325	1.78073675
mehe1243	0.323851569684	0.790810841555996	-1.23831775	1.92433725
meke1243	-0.3144511554475	0.873939338942374	-2.03667075	1.37022925
melp1238	0.9163052920244	0.911328159112171	-0.7950726	2.7692035
mere1242	-2.066416379605	1.01647564280021	-4.1248905	-0.317009875000001
meta1238	-0.756332180255	1.06941436239533	-3.00634325	1.27892325
mezo1235	0.4290095606185	0.973127601691392	-1.467938	2.37089825
mezq1235	-0.35877400781695	1.01265955081994	-2.43587875	1.536357
mich1245	-0.676886894903	1.1512006726427	-2.96721075	1.4496655
midd1327	-0.841677503818	0.85873214532591	-2.5238385	0.795747224999996
miju1243	0.175948240342	0.990085336508377	-1.79904525	2.18401874999999
mika1239	0.61325891438	1.14749959636322	-1.583123	2.86606
mikm1235	0.538494274145	1.17502681745412	-1.685628	2.932191
mila1245	0.25684390427925	0.972183262794734	-1.70244225	2.189103
mina1268	0.923297192585	1.13784250614319	-1.23743175	3.23103725
mina1276	-0.751845488551	0.912379300195791	-2.5888215	1.01116425
mini1251	-0.907700751445	0.918975083568586	-2.80680625	0.866371799999998
mini1256	-0.5633702503225	1.16768467330485	-2.9954125	1.68897075
minn1241	-0.55285662027	1.12426194892664	-2.932693	1.59324525
miri1266	0.7114499128855	1.17770593998186	-1.50597225	3.03480375
misi1243	1.081181697155	1.12162135990954	-1.09573775	3.45325375
misk1235	-1.02479690891	1.10350268092283	-3.348636	1.020717
mixt1426	0.57467001925	0.905934171371048	-1.14980475	2.4212615
miya1259	0.469355549505	1.15706644576525	-1.6734845	2.83691775
miya1266	-1.209256435595	1.13490605194521	-3.582436	0.896813199999999
mlab1235	0.6696646221005	1.12766942593437	-1.43751775	2.937898
moba1244	-0.5620338450085	1.22683192502274	-3.1227555	1.68548025
moch1257	-1.599590182915	1.07740860602812	-3.90206025	0.366602349999999
moco1246	-0.52292848393	1.1658487458993	-2.848409	1.7870785
mode1248	0.615895497975	1.19293581716904	-1.69284675	3.05789625
moii1235	-0.72417537886255	1.07409026600443	-2.94722275	1.33571875
moke1242	0.68845108503	1.17889560425804	-1.57026475	3.1671955
moki1238	0.40837972895	1.11730501199853	-1.74175375	2.62360274999999
mokl1243	0.468802642617	1.1245561358147	-1.693241	2.7094535
mokp1239	0.4601139415025	1.04969302481135	-1.56181375	2.581287
moks1248	0.505751193908	1.12197418456979	-1.6288725	2.8102725
mong1338	-0.419512609187	1.20011221616315	-2.86835525	1.84798725
mono1275	0.150787626377	1.04644033444224	-1.854472	2.25343925
morm1235	-0.715840537259125	1.08156792222586	-2.91777225	1.28517075
moro1287	1.37959657395575	1.16572326496973	-0.7754488	3.8519175
mort1237	-0.3625288615705	1.14353382590344	-2.70569	1.88027125
mose1249	1.176216048725	1.12796613849637	-0.971677325	3.46656025
motl1237	-1.6713727675415	1.11363707637361	-4.1298175	0.348110975
motu1246	0.24206135226	0.913415468050344	-1.64821425	2.083396
moun1252	-0.5567507373225	0.889562358358286	-2.31966275	1.22078625
movi1243	0.235031957551	1.08137722828465	-1.9419525	2.36720975
mpad1242	-0.5048206623195	1.11652494437136	-2.71096375	1.6304395
mpii1239	0.69729336079665	1.09168513437677	-1.37875425	2.92745525
mpot1240	1.011820728681	1.12162335864906	-1.074232	3.33633525
mpur1239	-0.6427347604282	1.04631817048208	-2.720404	1.3828675
mual1241	0.8078020265118	1.05939335091698	-1.2079325	3.01022775
mudu1239	1.163208941435	1.1806157054956	-0.975379225	3.7152245
mudu1242	-1.588124839565	1.11569671201534	-3.98016175	0.477801
mull1237	0.5250462417845	1.04133055295277	-1.5261745	2.623229
munc1235	-1.320026262375	1.11522542433714	-3.5197235	0.738602725
mund1320	0.9397713222165	1.21214274059329	-1.389251	3.4962825
mund1325	-0.58056676814	1.0144367917616	-2.58215125	1.4305145
mund1328	-1.211242786335	1.03101611250108	-3.4770955	0.5459565
murl1244	0.9154840583995	1.13989434610199	-1.18154375	3.2917855
muru1266	0.327034545257	1.1625012182886	-1.91477875	2.68531075
musa1266	0.4478849639435	0.83343993732537	-1.182531	2.048723
musg1254	-0.3528957378715	0.96907100728392	-2.29853975	1.53266875
mwag1236	-1.2067891894396	1.13925060785769	-3.6316765	0.8371458
mwan1247	1.274595106435	1.13281769247291	-0.922204725	3.51817824999999
mwan1250	-0.648090894485	1.18584991201754	-3.069883	1.5023235
naka1262	-1.33162517976	1.09154461156194	-3.6437155	0.604516949999997
nali1244	-1.782684205505	1.04286423181474	-3.931448	0.0692071174999998
nama1268	-0.97987168362	0.959039742864068	-2.96097425	0.760061349999995
namb1293	1.627002859455	1.00384051953361	-0.228075375	3.66749225
namu1246	-1.168441429425	1.03513591777055	-3.4038975	0.768722799999999
nana1257	0.454408080388	1.13611976510601	-1.6007945	2.7843795
nand1266	1.35062076734	1.08628098647886	-0.67393435	3.64164975
naru1238	-0.759873947149	1.16262100536692	-3.121023	1.4641055
nati1244	-1.93022320335	0.888420307001693	-3.81295125	-0.352886525
naue1237	-0.858503492899	1.05957696832052	-2.9743355	1.148532
naur1243	0.7598142032155	1.1998195157297	-1.5594245	3.2271045
nava1243	-0.5595541467925	1.12589657815011	-2.81347275	1.490326
nawu1242	-0.505236339306	1.18127698780945	-2.78194175	1.92253575
naxi1245	-1.42840908506	1.0117647411182	-3.521012	0.487309099999998
ncan1245	-1.146821018735	1.03887096874023	-3.2917515	0.716031599999999
ndam1239	0.83634829078	1.09968552112244	-1.2727225	2.94691425
ndog1248	-0.439211761945	1.23603576760039	-3.0463825	1.9288465
ndom1245	-1.0786938411	1.09432138629946	-3.43321875	0.875707424999997
ndun1249	-0.8218165072385	1.19849670156288	-3.296805	1.340297
negi1245	0.3409427414405	1.11774922851585	-1.77370875	2.45991025
neha1247	0.301839413955	1.04157301582987	-1.81326025	2.41648925
nend1239	0.234330394715	0.849709447331298	-1.473826	1.900508
nene1249	0.6187805090505	1.16041769959953	-1.6303495	3.0520735
neng1238	0.530663205445	1.06898992403686	-1.4703695	2.71381975
nenn1238	1.586683120445	0.993557222287723	-0.2713051	3.69775425
nese1235	-2.002423895345	0.836555892245541	-3.74876625	-0.508922075000001
newa1246	-0.3968529484875	0.8540124713956	-2.1637635	1.21742875
nezp1238	0.928566420389	1.18667425921989	-1.200109	3.38346225
ngab1239	-0.993834725689	1.22079744649887	-3.53042275	1.2542525
ngal1292	1.0690167075105	1.22711691010528	-1.2025185	3.66113375
ngam1268	-0.3914828533375	1.05723836405097	-2.641366	1.69124225
ngan1291	0.6319344747655	1.20650576992927	-1.68119475	3.08900475
ngar1235	0.7552094659985	1.08645877455527	-1.24137025	3.05323275
ngar1283	0.6436904607195	1.20449018603697	-1.6487	3.1076405
ngar1284	0.6578006006355	1.21103487346285	-1.50208975	3.0580085
ngba1284	-0.7146310672115	1.18587370074318	-3.17431225	1.52558225
ngba1285	-1.036633060769	1.13714063057431	-3.425157	1.141026
ngit1239	0.75799100214	1.07140744019104	-1.3186685	2.95519875
ngom1268	-0.9406182774772	1.23741835977505	-3.48191125	1.3298085
nhan1238	0.518135799535	1.1803828037139	-1.78052025	2.78437175
nige1253	-0.94780076212	1.16424503481933	-3.270474	1.246397
niha1238	0.725548408095	1.14325887783408	-1.46251825	3.137236
nisg1240	-0.818185184165	1.16702060933128	-3.27965375	1.323582
niua1240	-0.336037860205	1.11638124535268	-2.65594925	1.727338
niva1238	-0.4359734332225	1.17044673085137	-2.8037995	1.748428
njan1240	-0.6147548973615	1.06833302925687	-2.772092	1.45025475
noct1238	0.513650473002911	0.901548893059692	-1.19561025	2.39279275
noku1237	-1.776948743581	1.08285663964108	-3.93069125	0.23983715
noma1260	1.062452564365	0.969205959177081	-0.78858345	3.0260485
noon1242	-0.426373548695	1.2050204694816	-2.845614	1.8779395
noon1243	-1.07491530556	1.040673460486	-3.22420675	0.762162249999999
nopa1235	0.28860020197	0.925517293226045	-1.45044425	2.21031775
nort2671	0.768365845808	1.13275671385854	-1.44873075	3.04689475
nort2684	0.31041243915125	1.09222706562909	-1.84853375	2.5145675
nort2690	-0.611265939759	1.22124057185284	-3.155598	1.653724
nort2697	-0.22252597804	1.04691129760247	-2.24232525	1.8409055
nort2699	0.7184876217775	1.23531436606597	-1.55390775	3.31876675
nort2702	-0.0357725051555	1.07125722581553	-2.20332125	2.07515975
nort2722	0.4590139531885	1.00047762131503	-1.50413775	2.48303275
nort2723	-1.377021564885	1.02028149416202	-3.4221855	0.509698125
nort2724	-1.16565601946	0.970809351014443	-3.252067	0.608857324999997
nort2732	-0.9049494534225	1.16409055643067	-3.30350425	1.27854925
nort2745	0.601879431111105	1.17384564151841	-1.59411725	2.97445725
nort2747	-0.6722558500305	1.15231201150533	-2.96019425	1.48746275
nort2774	-0.816060487375	1.14316935485207	-3.143832	1.3082455
nort2775	-0.41671385164	1.20990078332814	-2.8979195	1.84778875
nort2845	-0.5266290094315	1.12185538567529	-2.79309425	1.550838
nort2885	0.18641794417	1.0362392054923	-1.83676125	2.23685125
nort2930	-0.4292475138773	1.03248355417651	-2.4433925	1.53639775
nort2938	-0.374548446602	1.0602935767153	-2.407653	1.73608625
nort2942	-0.5194161758565	1.19869657891499	-2.98699575	1.80229225
nort2954	-0.2571862499275	1.14971533459286	-2.6175995	2.01554225
nort2959	0.7172135908375	1.11765218401124	-1.3530515	3.02470275
nort2961	0.63663292287	1.17794025362753	-1.513243	3.1016445
nort2972	-0.915930211516	1.22286552708851	-3.39668975	1.301216
nort2980	1.258798577929	1.20812685529724	-0.9794321	3.829661
nort3047	-0.633511413022	0.933104131275995	-2.52565175	1.201617
nort3139	0.82406834683	1.11820004911613	-1.25906825	3.18066375
nots1237	-1.819335803595	1.01979023589954	-3.97098225	-0.00190922700000059
nsen1242	0.969589917962	1.24337006274388	-1.42022025	3.4969605
nucl1235	0.5968025127925	1.16169112398517	-1.59033575	2.91721975
nucl1240	-0.4048132165285	1.09012617422687	-2.49387425	1.68322875
nucl1301	-0.565678650048	1.19315266840542	-3.02469	1.69179425
nucl1302	0.364752178433	1.13903399898855	-1.8739055	2.693182
nucl1305	0.924169376176	1.22823231579952	-1.35452025	3.43341175
nucl1310	-1.414667771043	1.07862594176877	-3.7058975	0.544265225
nucl1327	1.004320070603	1.21577700854001	-1.28231825	3.38881075
nucl1347	-0.463429308425	1.1686902298299	-2.94859875	1.71862125
nucl1417	-0.487385608845	1.06436851642764	-2.76545175	1.4896495
nucl1452	-0.8426656039335	1.06516760682051	-3.16415225	1.16874825
nucl1458	-0.2530912083675	0.915243639224453	-2.14548875	1.4760135
nucl1593	-0.57457728614375	0.911276542964103	-2.4607975	1.11970175
nucl1595	-0.7468766178202	0.988113687358224	-2.61938825	1.10369575
nucl1622	0.373267439484	1.10452961016886	-1.78729625	2.54330724999999
nucl1633	-0.66575812063465	1.14169958942392	-3.01862275	1.48146125
nucl1643	0.5909187559186	1.15680110864146	-1.652713	3.04574075
nucl1706	0.6510096338025	1.1389551752709	-1.45840825	2.99828675
nukn1238	-0.8266893326035	0.807085853327442	-2.3797145	0.70373485
nuku1260	0.655023202963	1.11830710197284	-1.5013545	2.86097925
nung1282	-0.602214376335	0.939501235047305	-2.51630575	1.179785
nupe1254	-0.4875538646445	1.18547138611709	-2.9806445	1.743105
nusu1239	-0.6608324642765	0.871998056065657	-2.53752075	1.0121555
nyah1250	0.71953382993	1.14121749054864	-1.473051	3.0968985
nyak1260	0.857857094652	1.04971170850257	-1.17155275	2.87725325
nyal1254	-0.55921115373775	1.09776803484464	-2.7661475	1.53538825
nyam1285	-0.98715128902865	1.13495341785523	-3.2710195	1.126521
nyan1307	1.02611869811	1.12404867937645	-1.077427	3.400618
nyis1236	-0.02485359483145	0.913186569580551	-1.84552275	1.75131525
nyor1246	-0.0395552877535	1.0805012021312	-2.1984965	2.02453125
nzak1246	-0.6532409608345	1.15360969324781	-3.1050835	1.4576195
nzak1247	-0.60448374955	1.24481282094122	-3.1624915	1.76488775
obok1239	-0.750611628725	1.04041275551814	-2.81753825	1.2069155
occi1239	-0.5271132139205	1.20697662767569	-2.98973075	1.8323645
ofay1240	-0.5263834235255	1.16618038795659	-2.93195175	1.7354195
oksa1245	-0.0833254708715	0.941708787086674	-1.95346125	1.71822374999999
oloo1241	-0.12463890783	0.844024587305353	-1.816661	1.466049
omie1241	-0.5172178008425	0.897407392058759	-2.28899775	1.15061325
onon1246	0.948083711514585	1.14386831242498	-1.1792785	3.37690325
onto1237	0.68164488197	1.12214082656792	-1.41409825	2.98997125
oriy1255	0.70253338592	1.16480725988252	-1.47145025	3.18826375
orok1267	-0.732203447246	1.07448205302632	-2.99555425	1.30517975
orok1269	-0.74404227332	0.928895143207422	-2.67151575	0.965472374999999
orow1242	-0.509154410802	0.999345314222527	-2.54742825	1.40524125
otta1242	0.6375307779169	1.20528525566628	-1.67278575	2.95549425
owaa1237	0.51493519822	1.08133702568086	-1.51107475	2.6873165
paaa1242	-1.18790931309	1.16101712290427	-3.654689	0.964786625
paas1238	-0.42855688193	1.16179356763741	-2.972753	1.7352155
paco1243	0.193194405355	1.08514907804283	-1.97537725	2.313542
pagi1243	-0.78847317039	1.11098019091218	-3.11523725	1.285341
pagu1249	0.245131161545	0.946829852532129	-1.658882	2.06168375
pahn1237	0.008926806531	0.967086139175365	-1.92894075	1.85881225
pala1344	-0.483245578706	1.17125690116947	-2.901551	1.69573675
pamb1243	-0.74410424026	1.20140965996238	-3.20493175	1.505417
pamo1252	1.269348273433	1.18418073659855	-0.8548013	3.73351825
pana1307	-0.2727377599665	1.13985366645668	-2.60833875	1.91323225
pang1287	0.521693530152	1.10798312099648	-1.6320885	2.7723735
pang1290	-0.756732767815	0.912027773219569	-2.591653	0.982816724999999
panj1256	0.60836732753	1.19207422908717	-1.64883325	3.0252715
pano1254	-0.713919912595	1.17024153932188	-3.044318	1.46947875
papa1265	0.1789118824585	0.905017925321038	-1.51864325	2.02802975
para1301	-0.952146293535	1.10716783925773	-3.2708025	1.1611115
para1302	-0.08528619428	0.906216750696344	-1.92680325	1.6757755
pare1272	0.6411150987665	1.12573664862547	-1.43505475	2.87519075
pate1247	-0.93889349195	0.807468116930233	-2.5691485	0.6428421
patp1243	-1.220263669836	0.996963029636365	-3.31826475	0.641348099999997
patt1248	0.850808329167	1.15779402090179	-1.269918	3.3020215
paul1238	-0.55174721717	1.16413284085946	-2.94558375	1.65361075
payn1244	0.1920140458185	0.867454583930844	-1.6217675	1.8765985
pech1241	-0.794936177500424	1.19348033305742	-3.23767775	1.45328075
peer1241	-0.0873137420815	1.08869803167294	-2.336578	1.97336575
pela1242	0.2094574227745	0.905705078450139	-1.58482175	1.97973775
pemo1248	-0.57493389366	1.17208179512215	-2.99858375	1.608096
pend1242	1.36436474813	1.10625073930255	-0.746152225	3.5891205
peri1253	-0.6862378343865	1.16437038087817	-3.086717	1.49826525
pila1245	0.6521486933175	1.16690385236015	-1.713674	3.0234575
pile1238	-0.0661465184012	1.01588457710638	-2.2204715	1.96746575
pina1252	0.465554196365	0.847683312626872	-1.2135045	2.1606455
ping1243	-0.17751636916	1.09338838710902	-2.38969175	1.989818
pint1250	0.49512711457	1.23375606523222	-1.82056325	2.993358
pipi1250	-0.891136966323	1.24261301316844	-3.560206	1.41291875
pite1240	1.0363381435445	1.18873502836869	-1.161356	3.346581
plai1258	0.519387023795	1.20709184241024	-1.88077225	3.0480385
pnar1238	-0.0130804398235	1.01378150111695	-2.0254525	2.0339505
pohn1238	-0.3293027112698	1.12431906643029	-2.60088675	1.7520885
poko1263	0.607719578135	1.1201482888151	-1.59265425	2.8446705
poli1260	0.5915553250035	1.1202397161379	-1.420801	2.8621955
popt1235	-1.857478752435	1.04720628527982	-4.1301505	0.0297492549999986
port1283	-0.6866209146055	1.2070623430303	-3.08541975	1.54511575
puka1242	-0.5401529649719	1.19438062945212	-2.9002305	1.70904099999999
pula1262	-0.3722212538965	1.16494310597785	-2.881928	1.86909375
pula1263	-0.4626569461965	1.22797080886331	-2.92236725	1.86703525
puma1239	0.881425554865	0.810464187321016	-0.630939175	2.6538415
pume1238	-0.440415340074	1.13873709338709	-2.745994	1.74232774999999
pure1242	-0.76319937674	1.16495455826358	-3.1501065	1.5895455
puri1258	0.779792435835	1.0859168769517	-1.34316525	2.95956475
qanj1241	-1.803436710425	1.09028508067006	-4.180003	0.187789149999999
qawa1238	-0.514355313859	1.19013092336441	-3.11476975	1.6936295
quer1236	-0.622851433003	1.03051009943002	-2.67659275	1.41701475
quio1240	1.48301622148195	0.938889542000741	-0.321088575	3.40929125
rabh1238	-0.08770731251	0.952046003253086	-2.10810375	1.7617805
rade1240	-0.51922806343	1.03395204353015	-2.61481825	1.476694
rama1270	-0.9783301151805	1.15022479916421	-3.34635175	1.114208
rapa1245	0.754025463135	1.13595456550747	-1.473675	3.1446105
raro1241	0.760807617165	1.15361541694491	-1.458494	3.0006375
rata1244	0.751049122085	1.13532004584622	-1.4715725	3.05588799999999
raut1239	-0.8717561399935	1.10142051175281	-3.1687135	1.150923
remb1250	0.041971894848	0.988341065160703	-1.98396025	1.94146325
remo1247	-0.72839205261	1.1304757814507	-2.96528875	1.4407885
reng1252	0.2883389323705	1.03434630522498	-1.771625	2.35702575
reye1240	1.08793345231	1.13680582534123	-1.02156825	3.47134325
rian1263	-1.068573064959	1.08036180018966	-3.30066575	0.885866249999999
roma1326	-0.205252273036	1.07506642598902	-2.36764975	1.8962565
romb1245	-0.41239620919235	1.03641723754493	-2.5509045	1.489339
rong1264	-1.114746631938	1.16770224146607	-3.509267	1.054931
ronn1241	-1.178559100115	1.15086358414521	-3.73947175	0.88947455
roto1249	0.1269056884895	0.896767143153781	-1.55861125	1.9550645
rotu1241	-0.5346028573648	1.18217509358451	-2.92130525	1.76060725
rovi1238	-1.115893822945	0.99343915532564	-3.23527075	0.636134724999999
ruch1235	-1.209733717617	1.15787289303414	-3.63260675	0.96857275
ruka1240	0.417365524471	0.921118505885134	-1.34249725	2.26896225
ruma1248	0.2163388868535	0.979229570437481	-1.7744115	2.1410035
rung1258	-0.5791530975155	1.13454997519221	-3.01172225	1.58284275
rung1259	0.649359803719	1.02492838238716	-1.232422	2.706602
russ1263	0.5606581200075	1.17752624861124	-1.68263625	2.92028675
saaa1240	-0.10858782872645	0.959290545938514	-2.14561	1.75261675
saaa1241	-1.930626972151	0.949651164579549	-3.913177	-0.175683850000001
saar1237	0.1883674088045	0.85308973467544	-1.47876375	1.821599
saba1267	0.790459630505	0.992657967970544	-1.0759985	2.81392725
saba1268	0.1099241352655	1.04590015848299	-1.9657155	2.2273695
sabu1255	1.104700630202	1.10874465176229	-1.06393875	3.44567775
sais1237	1.230440447742	0.975711130658537	-0.551881125	3.21897275
saka1289	-2.08523104766	1.04088163121602	-4.1828195	-0.157208775000003
samb1305	-0.0140940363275	1.0548447857078	-2.10508925	1.984555
samb1311	-0.0693529881375	1.04060498884306	-2.10441975	1.9402725
samo1305	0.7304245205325	1.14899153968303	-1.4625495	3.191288
sana1295	-0.734120694855	1.24005631312828	-3.23487625	1.65882225
sanb1241	0.38699707504375	0.89876607747677	-1.3526715	2.182543
sanb1242	-0.810569968675	1.21542459098367	-3.22736825	1.4455435
sand1278	-0.199097670254	1.09865397857397	-2.45927175	1.9907145
sang1331	-0.2622273169245	1.1849644910654	-2.6812975	2.0572135
sani1269	-1.432170435985	1.08901112745581	-3.64129625	0.609056574999999
sanj1284	1.316774053076	0.935772839084083	-0.4845414	3.11853675
sanm1295	0.13746614897	0.86971340443969	-1.63198525	1.809761
sant1436	-0.4929443140314	0.94008993150943	-2.4448085	1.2334995
sant1451	0.603839166261	0.918948152880483	-1.19025325	2.4626675
sapo1253	-0.02133847136145	0.89635828609258	-1.78235975	1.80838375
sapu1248	-0.628514867285	1.05047614557879	-2.81145225	1.34973425
sara1321	-0.527826661705	1.13746014359175	-2.82994275	1.5664205
sars1236	-0.2879697756315	1.17354426817895	-2.6545365	1.937801
sasa1249	-0.62769046994	1.14544371656855	-2.98003075	1.40160075
sata1237	-0.5476345283807	1.20686389873079	-3.106851	1.7007405
sauk1252	-0.89961625362	0.795616529319633	-2.53333875	0.529668774999999
saur1249	0.796536485465	1.1251605851587	-1.36466625	3.11164575
savo1255	0.1186107246668	0.904352719632101	-1.6310445	1.9106005
seda1262	0.4438878211005	1.02048407769279	-1.487204	2.4879605
seim1238	-0.423658231027	1.14342091294755	-2.8029035	1.781442
seke1241	-1.965362079975	0.961463074322659	-4.00907975	-0.180918225
sekp1241	-0.5704402010465	1.03652376192693	-2.72838525	1.369708
sela1259	-0.4285573552085	1.20123715208968	-2.83571825	1.94292725
sela1260	1.356710973705	1.07008049316892	-0.7578224	3.605598
sele1249	-0.657972060251	1.03548305249802	-2.844938	1.1910055
selk1253	0.6213170649725	1.13715323235035	-1.5184335	2.949652
sema1265	0.6470827561165	1.0985931319305	-1.42756575	2.81385425
seme1247	0.469490087855	1.07299655139418	-1.559273	2.57470875
sene1264	1.0941692384605	1.13298803953187	-1.01621725	3.3817715
seri1257	-0.656091080775	1.19510853491106	-3.1223215	1.66205075
seve1240	0.6843852833505	1.23879520372431	-1.58910475	3.27994425
sgaw1245	0.2931323009569	1.09191605372142	-1.74640925	2.5725615
shab1252	0.148253993885	1.04758516835333	-1.92692625	2.2018235
sham1280	0.170961720362	1.09955295200617	-2.027085	2.3234135
shan1283	-0.176854697685	1.14993111085558	-2.4327975	1.986763
shaw1249	0.69025037596	1.17696845879528	-1.5087605	3.1776845
shee1238	-0.5984942881	1.14242192958917	-2.88842325	1.5613575
shil1265	-0.3610881481375	1.19687700449587	-2.7938765	1.9408785
shix1238	-1.460787388485	1.04179612042035	-3.64343175	0.515876299999998
shol1240	1.1146525004825	1.14080223065802	-0.920724875	3.46968875
shon1251	-0.156306453319	1.20339941890835	-2.5641305	2.13614675
shor1247	-0.549995107348	1.12895178879846	-2.9955725	1.5804535
shos1248	-0.51078570323305	1.19626691836822	-3.06055075	1.73696025
shua1257	0.063233903345	1.04627967861004	-2.00679125	2.12332375
shwe1236	-0.0684016800865	0.952582389766825	-1.93360825	1.7448665
siam1242	0.2470900546135	0.98265612290523	-1.78359775	2.14829575
sich1238	-1.2308032057955	1.09191000013994	-3.6244435	0.714270074999999
sici1248	0.7977499367811	1.20487823192457	-1.428438	3.25408125
siee1239	-1.442337766055	1.08273167580264	-3.71631625	0.546961474999997
sier1248	0.52122832958	0.987265033924381	-1.47584075	2.54862425
sier1250	1.5000030703835	0.92407341239738	-0.263483275	3.390886
sika1261	0.6134662426099	1.1359554620577	-1.5132265	2.9693515
siks1238	0.839202936779	1.14230419368723	-1.23461825	3.14025175
sing1264	0.625014122465	0.948614601297492	-1.14238675	2.6571045
sini1242	-0.555716477825	1.15070254877543	-2.91765825	1.64565375
sioo1240	-1.183544637036	0.912863639231004	-3.03630225	0.515476924999999
siri1273	-0.306792162786	1.15343594532415	-2.55490475	1.9353995
situ1238	0.8665617209215	0.955517504508636	-0.99313585	2.828657
siwi1239	-0.4936264563725	1.16247022110379	-2.949905	1.64845649999999
siwu1238	-0.6487766348	1.03893536576816	-2.8171875	1.22383
skol1241	0.6612804388535	1.14897239668608	-1.63923075	2.90370025
slov1268	0.5282118396115	1.18801908080866	-1.71034225	2.898387
sobe1238	-0.4200122405895	1.01585985273874	-2.473505	1.44537625
soch1239	1.32996490726	0.965440321740475	-0.53936515	3.305879
soga1242	1.2453587836485	1.16104840166097	-0.91051525	3.59534325
soni1259	-0.3676410519595	1.1976797829783	-2.8464695	1.8815665
sons1242	0.77546463277215	1.11104613257912	-1.4111425	3.0500175
sooo1254	-0.1010914768455	1.04729726881019	-2.14419725	2.00652875
sout1528	-0.686151892604	1.1612528642323	-3.12395525	1.46568975
sout2649	-0.6997609246155	1.2171031887379	-3.29094775	1.511749
sout2674	0.7395307183605	1.18295247986688	-1.4830305	3.10942825
sout2679	-0.831114747197	1.14966904975277	-3.2901925	1.3900485
sout2728	0.7418614452185	1.00479966956766	-1.11543375	2.838887
sout2729	-1.67418854911	1.03623917755197	-3.7799885	0.225459699999999
sout2730	-0.1559010219015	0.979213710594228	-2.09052775	1.81439325
sout2782	0.06560782292	1.05666587667499	-2.034178	2.08917
sout2807	-0.3019079604025	1.23722080622978	-2.9775615	1.9600815
sout2857	-1.893590908425	0.905796619685884	-3.843659	-0.23633295
sout2859	-1.8142202651	0.932577949168721	-3.85235175	-0.0853680775000015
sout2869	-1.5850417333185	1.06022234502677	-3.82760325	0.234063324999999
sout2896	-0.4525548548332	0.931412789173593	-2.3234745	1.37256325
sout2918	-0.7515364693475	1.14135324869965	-3.194238	1.394151
sout2956	0.164251401975	1.09589735871679	-1.9470695	2.28809725
sout2959	-0.5754940532305	1.19484091988279	-3.03500725	1.621992
sout2976	-0.9069933535695	1.11701223871163	-3.1860995	1.18114075
sout2985	0.82226207228	1.08435670699515	-1.28156875	3.06736325
sout2994	-0.410204326803	1.14524731711124	-2.683412	1.76881875
sout2996	0.734264640105	1.1850644753632	-1.492818	3.066652
sout3236	1.12203363186	1.08756036517681	-0.9193121	3.418715
sout3261	0.445363685752	1.0068191012083	-1.474517	2.55458925
stan1289	-0.594809830155	1.1481677567216	-2.9693175	1.57373875
stan1290	-0.570577535226	1.15144764897247	-2.83962425	1.62748575
stan1293	-0.568539817075	1.12020740694796	-2.8750835	1.55331175
stan1306	-0.163766943695	1.11516670220689	-2.3902545	2.067985
stan1318	-0.7096486063	1.14554496617044	-3.0250245	1.58951525
suba1238	1.686008356265	1.15163222876846	-0.345435675	4.23588175
sund1252	-0.4785904923245	1.14883000538603	-2.7776715	1.734401
supy1237	-0.174350753003	1.19288549859031	-2.70049225	2.083786
surg1248	-0.5734775633265	1.11829340646906	-2.81784625	1.58381125
swah1253	0.47816619643	1.15864979023339	-1.71140875	2.782984
swed1254	-0.6683086743525	1.16512341981434	-3.0119945	1.50685575
taba1263	0.1398918433845	0.986017092710173	-1.86777575	2.0950015
tabo1241	0.201804469697	1.01268222293177	-1.8350995	2.2846805
tafi1243	-0.6200570506675	1.03934223729609	-2.81663825	1.332761
taga1272	0.404625184269	1.08876240891104	-1.727406	2.55697675
taga1273	0.70612767658	1.04759537819354	-1.27203225	2.81089
tagw1240	-0.195575142107	1.16012749756171	-2.598407	2.019831
taha1241	-0.4612966029615	1.19773550866237	-3.0041555	1.7605075
tahi1242	-0.552443411565	1.22175209233273	-3.1831555	1.710696
taia1239	-0.102446799844	0.9489125877222	-2.14442575	1.6839425
taji1246	1.374857552745	1.10892966352197	-0.686775	3.71141825
tama1365	-0.7192694288505	1.06122466390955	-2.98012725	1.242859
tamb1254	0.4982717128425	0.942136024990654	-1.3290285	2.29016575
tami1289	0.891339975655	1.17370666749784	-1.25615525	3.394673
tane1237	-1.191352793435	1.06085949125526	-3.45852975	0.739855324999998
tang1336	-0.7253325403365	0.862333499050311	-2.5411165	0.9343225
tang1347	-2.08690267255	0.946173318783816	-4.07022375	-0.36895435
tang1373	-0.2239141751662	1.09533411552803	-2.4385125	1.86698025
tang1377	-0.136481477295	0.965949536740303	-2.085816	1.69600825
tari1256	0.572457543944	1.06527443699371	-1.4384295	2.70640175
taul1251	-0.732601293687	0.928999180008297	-2.65297725	1.0946865
taus1251	-0.81573165752	1.06638463243264	-3.04703025	1.16092925
taus1253	-0.5872060544316	1.11132602339748	-2.8993955	1.50366325
tawa1286	0.922012260402	1.15744540280683	-1.359619	3.223747
tbol1240	-0.2855279586025	1.07799138975454	-2.412432	1.837353
tean1237	-1.172381780593	1.052683039813	-3.4088985	0.803466649999998
teda1241	-0.436492348886	1.2282818470349	-2.90343675	1.8892615
teke1275	0.92646739999	1.14563278311724	-1.2979535	3.234221
telu1262	0.469506959142	1.21228434918224	-1.84726875	2.91674575
temb1272	-1.01596406527	1.16335906103019	-3.397465	1.10596375
temo1245	-0.692998697849	1.07618336667852	-2.9628805	1.368914
temp1235	0.292457766231	0.943224859769087	-1.5815205	2.07022225
teng1272	0.5546429714785	1.15994919109458	-1.62264775	2.9352335
tenn1246	0.76398509830605	1.12630438135877	-1.39436275	3.060041
teop1238	0.121998755196	0.856789989322674	-1.47526525	1.80473575
tera1251	-0.755826987036	1.13537250018771	-3.129273	1.3735415
tere1279	-0.40201898584	1.17112212911009	-2.86095975	1.79808325
tern1247	-0.32457590907	1.0288457132345	-2.4057635	1.6030165
tezo1238	-0.0792403930355	0.966226341672612	-1.975573	1.7330405
thad1238	0.4344225311535	0.971775943426914	-1.49866075	2.4117485
thak1245	0.690506535327	0.937954593009006	-1.1515585	2.65647525
than1259	-0.51120476874	1.01738250375958	-2.546948	1.53479525
thao1240	0.87952825028	0.896056661552729	-0.8235836	2.713785
thul1246	-0.152516006823	0.890671175811473	-1.92637475	1.65481775
tibe1272	0.4113744447555	1.04396793737152	-1.57536375	2.58902975
tief1242	0.59735605618475	0.909479050929936	-1.1645895	2.41288275
tief1244	0.4572607014015	0.915733786611919	-1.3423505	2.28991
tien1242	-0.107227119955	1.13710703126502	-2.40978975	2.0707435
tiga1245	-1.525201056245	1.10909342016229	-3.84211375	0.476389674999999
tigo1236	-1.0520878375255	1.09278527428761	-3.4582105	0.937750024999999
tika1246	-0.15193000199	1.07831723710747	-2.30666725	2.01217274999999
tiko1237	-0.923196871876	1.15633627564702	-3.3322075	1.168607
timn1235	1.7933012738595	1.14036014248858	-0.35132875	4.1795225
timu1262	0.6274195578555	0.960487969553876	-1.2777035	2.57434975
tina1248	-0.4235911858385	0.949725513917411	-2.3837395	1.42214125
tiri1258	-0.34313978993925	0.952320260207929	-2.26331575	1.45699275
tita1241	-1.355079293026	1.02571319558887	-3.411566	0.504327325
tivv1240	-0.8251126480645	1.13783671941327	-3.15772	1.2751025
toab1237	-0.267292540114	0.944107104263491	-2.16082	1.4630685
toba1268	0.862107652635	1.14235563531359	-1.27163875	3.2362305
tobe1252	0.444129556745	0.983533935175201	-1.449243	2.372275
toho1245	0.820654587995	1.10500590816619	-1.2824695	3.166345
tojo1241	-1.54460655569	1.12431053513914	-3.93355875	0.536126099999998
toke1240	0.732163165577	1.13817073617926	-1.41047525	3.07762275
toma1245	-0.2960873963245	1.24423623923401	-2.819248	2.00779875
tomm1242	-0.06789032205	1.03151849170127	-2.10117025	1.8718515
tond1249	-0.460621930365	1.07772314909782	-2.6056455	1.61072549999999
tong1308	0.1631659995725	1.05871743320852	-1.89316375	2.24999375
tong1325	0.7543877946955	1.13954510566909	-1.4329115	3.0051515
toor1238	0.4558928302085	1.0690324529776	-1.5912525	2.538018
tosk1239	0.287238671963	1.13856120641532	-1.915647	2.47851875
tote1238	0.95655936947	1.16083115466343	-1.27476175	3.31152475
toto1302	-1.03882144348	1.06374286304771	-3.3154985	0.906773024999999
trio1238	-0.2473665006475	1.1645419321372	-2.47945875	2.0483725
trum1247	0.50380866410525	1.04971545995651	-1.501576	2.60743725
tsat1238	-0.5868275059585	1.16111229015365	-2.9927375	1.59988375
tsha1245	0.6026799068995	1.06767793675077	-1.46504875	2.825734
tsis1238	-0.449906860881	1.17254948046615	-2.838331	1.81198425
tsix1234	0.80600355227	1.24151970732881	-1.56726675	3.199794
tson1249	-0.495140093485	1.20482319101936	-2.8989155	1.82769975
tswa1253	-0.6005661789325	1.14936032209826	-3.053556	1.53071225
tswa1255	-0.4685394133365	1.15911111950934	-2.97224125	1.6623945
tuge1241	1.4044467492085	1.09980278241084	-0.613511825	3.6375005
tugu1245	-0.8703868313445	1.07837742924142	-3.123324	1.0736065
tuka1248	1.07743559329412	1.168747640517	-1.02576475	3.63061124999999
tuki1240	1.205661258615	1.03034814822958	-0.72016435	3.26800625
tulu1258	1.020447490341	1.11578471860573	-1.05172025	3.281431
tumu1242	-0.5401320502685	1.17438862322097	-3.02308875	1.629663
tune1261	0.676195063642	0.963388372281411	-1.24123975	2.57536325
turk1303	-0.51475656738	1.1449670765883	-2.84836025	1.67535825
turk1304	-0.555465038798	1.16399112090254	-2.817206	1.59607225
tusc1257	0.928264268742	1.20302701922754	-1.2366615	3.3805795
tutu1241	-2.175604221585	0.905687299065555	-4.0654005	-0.574459625000002
tuwa1243	-1.0754867388775	0.794518014470126	-2.71765525	0.436276074999997
tuwu1238	-0.654310416372	1.04547720974914	-2.7911945	1.233631
udih1248	0.5633846663985	1.15482798927735	-1.68159525	2.73563775
uduk1239	1.03388781369035	0.957467633399943	-0.77615515	3.0198385
ugon1239	-0.5489211540538	1.12110786440195	-2.8507905	1.538298
ukra1253	0.5697396127895	1.20810787863963	-1.65208775	3.02398124999999
ulch1241	0.251174595053	1.10460615150554	-1.89845575	2.46986025
ulit1238	-0.6473546444635	1.18715829261079	-3.08971025	1.50740975
ulwa1239	-1.024413401413	1.20667239212134	-3.4436595	1.2860405
umbu1258	0.9792155072	0.928054591046246	-0.771163425	2.8833695
umes1235	0.80738222418315	1.16159891610069	-1.476935	3.31018825
unua1237	-2.05007199591	0.849448025120859	-3.8017495	-0.4983568
uppe1275	-0.50942280989	1.06736908049737	-2.763245	1.4627695
urak1238	-0.1042518787675	1.11944225807084	-2.34492375	2.05626925
urar1246	-0.5101144993365	1.1248281789026	-2.883483	1.7372385
urav1235	-1.3746687782545	1.08766250598159	-3.69533725	0.598225049999999
urim1252	0.3183560546435	0.804671428965688	-1.2507085	2.01035475
urip1239	-2.004092847945	0.816343257185655	-3.7732775	-0.541338775
urni1239	1.222905522632	1.20940432495082	-0.998049775	3.80072449999999
utes1238	0.756740939405	1.1648107636504	-1.4697795	3.15714074999999
uuuu1243	-1.131956704105	0.970023061839684	-3.13714075	0.648963524999999
vano1237	-1.12800877231585	1.05971018668266	-3.39984525	0.81265135
veps1250	0.423998987156	1.13601794986089	-1.8467165	2.6244185
vera1241	-1.7954099106455	1.06966683768899	-4.156268	0.105187649999999
viem1243	0.0980139124962	1.0227200987964	-1.9525265	2.13390275
voti1245	-1.1378236733575	1.08052313709577	-3.37174875	0.914933424999997
vure1239	-1.799965149915	1.06304357598411	-4.1219695	0.0411242524999998
vwan1235	0.348735984305	1.08547584926097	-1.7972625	2.514468
wadj1254	0.7924518676445	1.16815819995695	-1.527087	3.25984525
waga1260	-0.72450721092	1.16235738487423	-3.120978	1.41520425
wage1238	0.9237923360735	1.18711970834084	-1.26675725	3.46994125
waig1244	-0.75363802121	1.17058512261307	-3.18135875	1.41337725
waim1251	-0.1841879418395	0.908383339413007	-1.99215575	1.5828995
waim1253	-0.474017141135	1.09995977083818	-2.63295525	1.5949615
waiw1244	0.620042489615	1.191668472761	-1.6419615	3.020929
wala1266	-0.297232354385	0.844594854174332	-2.0031565	1.34106125
wall1257	0.82811979531725	1.10870127699795	-1.2874295	3.09255075
wamb1257	0.7567887839715	0.822225347790756	-0.7662241	2.444868
wand1267	-1.063035502575	1.12329831631979	-3.4135405	1.039391
wand1278	0.0620171930693	0.892118831646136	-1.68903025	1.83287525
wanm1242	-0.7816015235	1.17840538118917	-3.328925	1.511592
wann1242	-0.6269922496695	1.17335698357067	-3.06409	1.498391
waor1240	-0.46551880708	1.18052497392666	-2.86660375	1.8034415
wara1294	1.4141647736255	1.0906790651884	-0.55093785	3.65839875
wara1303	-0.471838120031	1.15375790287301	-2.866707	1.70321125
ward1246	0.98779462975	1.19253666811086	-1.087942	3.4253415
ware1253	-0.875946537209	1.10329828106406	-3.18706925	1.216857
wari1268	-0.7976969642795	1.15431221054719	-3.2297175	1.34929375
warj1242	0.2271487174415	0.944288068629357	-1.613364	2.176591
waru1265	0.560527503151	1.18794837633444	-1.67314	3.05489525
wawa1246	-0.5468576638	1.08188715852192	-2.82027925	1.4690445
waya1269	0.538858289545	1.13072034925904	-1.59416825	2.89235025
wayu1241	0.38496937303195	0.833105069170457	-1.2343595	2.110278
weda1241	0.78672173813	0.916637318768682	-0.93525	2.64710925
wels1247	0.5730753289615	1.15077736726719	-1.60092825	2.9485785
weri1253	-0.82016488915	0.849499383549221	-2.60919275	0.819022574999999
west2354	-0.5903385991175	1.12536890195654	-2.9348125	1.5258985
west2396	-1.242537908946	1.07664377374733	-3.5112705	0.696439974999999
west2397	0.164923930655	1.07795708000418	-1.962886	2.39642325
west2415	-0.3545290332545	0.844519771023459	-2.06630025	1.2723505
west2418	0.535672676031	0.936182687201931	-1.267363	2.3801005
west2430	-0.9608198647335	1.17178719074425	-3.4515905	1.3053065
west2466	0.5893519769065	0.911552871088202	-1.19698325	2.4237175
west2516	-0.656574317174	1.0081477181551	-2.75947925	1.14608375
west2519	1.10754094026	1.07923314234707	-0.798354425	3.3632435
west2548	0.35410033957	1.09445186404525	-1.69504825	2.55857875
west2560	0.64593644417	0.937750687368204	-1.1190745	2.51114125
west2564	0.45299526694	1.00680264369762	-1.52805775	2.3502115
west2594	-0.0427797580935	1.13502175383256	-2.364338	2.19423475
west2600	-0.345047573165	1.05816437297432	-2.55436175	1.56992675
west2615	0.8284487062155	1.15944384290021	-1.41837775	3.21619525
west2632	0.63889055519	1.21585251078077	-1.65896725	3.03025299999999
west2635	-1.813240929785	1.04104585343097	-4.0391625	0.106132599999998
west2650	-0.404264419302	1.10030360292898	-2.699317	1.62855425
west2763	0.8262037712245	1.13727994006186	-1.33354625	3.238474
west2778	-0.976921842932	1.1124570622453	-3.260215	1.056816
whit1269	-1.608217505123	1.05196718187517	-3.88143125	0.22566615
wikm1247	-0.2260440585125	1.03926628411346	-2.23726375	1.8197945
wiru1244	0.832284417535	0.922169584985128	-0.98045745	2.70223725
woii1237	-0.992315963425	1.12157475326628	-3.27286	1.1146345
wola1242	-0.3735341447395	0.982312747226085	-2.367063	1.47056825
wola1253	-0.584324716852	1.08271461628146	-2.68373575	1.5416065
woli1241	1.33303211723	1.14999534413819	-0.7940481	3.697759
wood1236	0.535755646405	1.1229032076929	-1.56809625	2.7584265
wotu1240	1.15941320800535	1.09185615890581	-0.856597875	3.50595949999999
woun1238	-0.9467239343293	1.20099616948037	-3.4808035	1.29795075
wuch1236	0.6191454106275	1.12145061074055	-1.5227945	2.947468
wudi1238	-0.717902654234	1.03291751166755	-2.873121	1.20030225
wuna1249	0.7336124109405	1.1706456030515	-1.512733	3.14966825
wusa1235	-0.779169896714	1.0676643200109	-3.12549475	1.16099625
wutu1241	0.953986276493	1.050057211355	-0.988912825	3.1067255
wuvu1239	0.43251551828146	1.05916216338872	-1.596188	2.5531015
xamt1239	-0.472091133339	1.12165774846415	-2.7267725	1.66998
xara1244	-0.421000353495	0.944471190333536	-2.2768775	1.43578275
xava1240	-0.37392957527	1.18203972992717	-2.8010385	2.06606825
xish1235	0.55239689328	1.00792726478662	-1.406426	2.66066575
xokl1240	-0.47800109502	1.18972430811444	-2.9163155	1.7496435
yaak1241	0.972096139051	1.08775907093941	-1.036756	3.1857165
yaey1239	-0.043268281386	1.07614818509458	-2.1989125	2.02785425
yagu1244	-0.464088858941	1.16321142667298	-2.9199675	1.71598775
yaka1269	-0.0036819544	1.18026153856051	-2.36590575	2.3788575
yaka1272	-0.665759049469	1.1769199061363	-3.0971585	1.48696525
yaka1277	-0.1381502949275	1.07761651782349	-2.327886	1.985887
yaki1237	0.8461394243435	1.18805903218959	-1.39163525	3.3223395
yakk1236	-0.214434155769	0.870288541971867	-1.9110085	1.494911
yaku1245	-0.581893585895	1.18663076719253	-3.02031275	1.733171
yale1246	-0.36590006813	0.884792160177784	-2.18650075	1.32361425
yama1264	-0.46755388446	1.18090808587391	-2.9067685	1.866917
yami1254	0.842577588471	1.12565114908878	-1.33047475	3.100023
yami1256	0.450249490435	1.16893921275352	-1.7786395	2.8858175
yano1261	-0.497723102215	1.180373310339	-2.9712085	1.755435
yaoo1241	-0.1690386632305	1.15091967326152	-2.4891015	2.083449
yaou1238	-0.487447841176	1.18914245205045	-2.87217175	1.8341205
yape1248	-0.67887790066	1.22457583476267	-3.2484725	1.54399925
yapu1240	0.13810361895685	0.792024329834048	-1.3917385	1.74904425
yaqu1251	-0.4114232342901	1.22694875580965	-2.88865675	1.841336
yare1248	-0.396719377313	0.887670830105749	-2.24004875	1.227248
yatz1235	1.455492526633	0.938077598114762	-0.30533485	3.34997975
yaul1241	-0.171726492139	0.874171963270557	-1.943163	1.537249
yaum1237	-0.77744894839	0.79295135268541	-2.348733	0.704095699999998
yawu1244	0.492415678955	1.20595204872677	-1.8099085	3.01005575
yecu1235	0.3055146968	1.13522849822851	-1.9042825	2.47676375
yele1255	0.925095143025	1.12616017766269	-1.2978075	3.2227415
yems1235	-0.7686105188635	1.07618837085491	-2.99066425	1.17540275
yidi1250	0.671421114575	1.19700195605626	-1.5879195	3.04041175
yind1247	0.0288693267745	1.09201162194128	-2.08889625	2.204525
yoga1237	-0.8676573663665	0.897773535749041	-2.66853525	0.841813624999999
yoku1256	0.5067274711881	1.12542100668442	-1.66723775	2.7658475
yona1241	0.57641149102	1.07485023589126	-1.473126	2.78516
yong1270	-1.675542544545	1.06147002333996	-3.8255925	0.365464874999999
yong1280	-0.99969587403	1.1152418494429	-3.25679975	0.9973991
youl1235	-0.438234878199	0.863572477436619	-2.17237475	1.24758
youn1235	0.57929161375305	1.04310080556083	-1.35488475	2.71498125
yuca1254	-0.75399702832	1.20230317371488	-3.3010215	1.440709
yuch1247	0.67499631984445	1.19711725450257	-1.55663075	2.99608
yuec1235	0.3185985899025	1.05592436560162	-1.72803275	2.438588
yulu1243	-0.5908305933695	1.20930563261538	-3.144836	1.61805375
yura1255	0.6084501759335	1.13182892544315	-1.5326575	2.8091005
zaba1237	-0.2543961545415	0.993646227114674	-2.296417	1.6144905
zaca1241	-0.509990768966	1.06599140095391	-2.64998575	1.53238625
zagh1240	-0.3565157447555	1.21096478341177	-2.86885775	1.89088175
zaiw1241	-0.1591482858695	0.954790293569305	-2.0321075	1.795385
zand1248	-0.605142712025	1.21734984293883	-3.0741655	1.6862155
zani1235	0.257400769945	0.931566822056478	-1.58174225	2.14140025
zapa1253	-0.6229723013525	1.08893073296437	-2.73434875	1.49846125
zarm1239	0.949790379785	1.15805415583516	-1.240332	3.301696
zaye1235	-1.4613577497315	1.09657807586328	-3.7486685	0.650673674999999
zays1235	-0.246936861655	0.974506811971986	-2.20408575	1.587807
zhab1238	-0.505290612575	1.0576905798038	-2.671583	1.5636655
zoog1238	1.48049471283	0.928739788988918	-0.238562375	3.338345
zulg1242	-0.5069820140053	0.90301547648292	-2.31512275	1.22798275
