Estimate	Est.Error	Q2.5	Q97.5
abar1238	-1.16060453354	1.55636611172158	-4.564853	1.742581
abee1242	-0.50603946876	1.8007326316076	-4.43060275	3.0215785
abkh1244	0.219250540191	1.79187137707295	-3.19617475	3.7780285
abun1252	-1.273562935535	1.71074371496707	-5.0602795	1.981771
acha1249	1.3998388872895	1.73250844361299	-1.800866	5.1512115
acha1250	-1.082584214355	1.58545336517812	-4.33965825	1.88045575
achi1256	-0.15112095158	1.62297463255469	-3.42706725	2.91932725
achi1257	-0.60281434511	1.637586655434	-3.983857	2.534029
achu1248	-0.66632856891	1.6691895223958	-4.08244825	2.604704
acol1236	0.663283114695	1.62168415894503	-2.55361575	3.96550725
adan1251	-1.55887721923	1.71529693537891	-5.175852	1.56284525
adon1237	-1.3549746158866	1.6699645796857	-4.9727215	1.589173
adze1240	-0.31126202254	1.28900844138803	-2.91730875	2.159526
afar1241	1.83820916908	1.70001254330307	-1.3442745	5.28133225
aghe1239	-0.9339080926765	1.51857190438548	-4.265159	1.893293
aghu1255	-1.21811686805	1.51576325706665	-4.4146355	1.53491925
agob1244	1.9896559208725	1.65003721474954	-0.998930575	5.64943675
agua1253	-0.8055393129592	1.73885953115828	-4.42240525	2.52141075
agut1237	-1.390110488591	1.55715157470591	-4.74205775	1.31058075
aheu1239	-1.18796812643	1.86191980026152	-4.9786175	2.11948875
aime1238	1.6602114573595	1.68062323803622	-1.39908225	5.23709575
ainu1240	0.184390956683	1.9069515758909	-3.489611	4.02732225
ajab1235	-0.6355404405385	1.78219724940897	-4.48873325	2.73776325
ajie1238	-0.3244148366885	1.46519803905268	-3.287209	2.46177575
ajyi1238	0.8669850158365	1.52777204054277	-2.11793225	3.9426845
akha1245	-0.638296859545	1.38636019819018	-3.38673575	2.25052525
akoo1248	0.35039231657	1.44078633556629	-2.3718545	3.32753375
alab1237	-0.8427456563798	1.76341219161588	-4.73012075	2.493509
alab1254	2.622302353765	1.69143531492689	-0.336558575	6.29145
alag1248	-0.7638396206	1.53825190534844	-3.8661005	2.07320075
aleu1260	-0.782012486184	1.6647292752556	-4.33694775	2.228222
alor1247	-1.566280535385	1.66933792445448	-5.25648575	1.36806175
aluk1238	0.20790779578	1.84725936405273	-3.338269	3.945179
alya1239	-0.7399095473995	1.7179731557167	-4.298023	2.499959
amah1246	-1.395220787349	1.62811466002054	-4.968045	1.68578249999999
amap1240	0.51657357153	1.34786733255925	-2.166061	3.13948749999999
amdo1237	0.3379960279885	1.88749644481755	-3.05909925	4.20906875
amii1238	-0.9499851037948	1.7577525603059	-4.57716975	2.35214775
amis1246	2.74450286712	1.51258020767662	0.052025975	5.87796025
anei1239	-0.5549702744345	1.65669674226959	-3.88809025	2.485959
anfi1235	0.74850744719	1.64083806895927	-2.30218475	4.18274225
anga1288	-0.475067560679	1.4538784941442	-3.45153275	2.30006575
anta1255	1.58122810987	1.61163170179393	-1.3584945	5.07937325
anuf1239	-0.798342366447	1.70871204606484	-4.39599375	2.40437475
anut1237	-0.391674398805	1.8102659750521	-4.073562	2.93946825
anuu1241	-0.84928917246235	1.4709654412187	-3.72755625	2.10150225
aoua1234	-0.6405588290475	1.63409687654438	-4.001202	2.40335875
apat1240	-0.24146093503	1.54512691904884	-3.2722935	2.74261424999999
apin1244	-0.84526915875	1.78886976020497	-4.73653925	2.44790375
apma1240	0.840317796773	1.17075299448464	-1.48266775	3.119078
arak1252	-0.029294756445	1.32978186942182	-2.62393425	2.763073
arao1248	0.9336374632335	1.56780957745108	-2.06924625	4.1286305
arap1274	0.1176622628295	1.75182854600032	-3.15709175	3.71883875
araw1276	1.61477417718	1.57148952155451	-1.269835	5.05929625
arbo1245	0.347089061135	1.37076757948785	-2.4530825	2.88267925
arch1244	0.6465788163997	1.81377297016624	-2.6857925	4.35817874999998
area1240	-0.8005774770973	1.61839880016221	-4.3830165	2.13702575
aree1239	-0.426091096479	1.45273590003078	-3.4441015	2.2460585
argo1244	1.5813617181	1.74103400703174	-1.44600175	5.291594
arhu1242	1.124457570995	1.43033302619925	-1.57401775	4.08974425
arig1246	1.70464295448725	1.69867535836314	-1.31750625	5.14198875
arop1242	0.60866513485	1.46412097010299	-2.25615275	3.454665
arop1243	-0.801104793455	1.56027187611593	-3.9683065	2.2762995
aros1241	-0.741878515885	1.69986391197896	-4.32086575	2.42435525
arta1239	2.13869384704	1.37346509001672	-0.525186875	5.01880475
ashe1272	-0.701280228295	1.5595363376913	-4.06924325	2.252371
asoa1238	-0.24955414914667	1.6419498461934	-3.647923	3.0378075
assi1247	-0.767574573272	1.693719718086	-4.3727015	2.4265885
asut1235	1.701792728565	1.6310013928491	-1.4114125	5.170693
atay1247	3.045518323505	1.53974707377923	0.357968725	6.491803
athp1241	1.17722851588	1.65979355545675	-1.76991025	4.86368799999999
aton1241	0.5099928603435	1.67110744485794	-2.730792	3.943878
auuu1241	0.970396802748	1.33386204488036	-1.69079125	3.6090205
auye1238	0.7285579747815	1.50408514672123	-2.1097095	3.7732945
avok1242	0.8308173978905	1.52587359352371	-2.12807725	3.94569075
awac1239	1.4243663692775	1.70518621876147	-1.70415525	4.86190249999999
awad1243	0.86193054605	1.64987377970973	-2.15581725	4.29880575
awar1248	-0.498204994363	1.22078443211094	-2.99115675	1.82226325
awar1249	1.1421163054225	1.29605930579644	-1.29356325	3.8310845
awji1241	-0.37275583795	1.81067731188676	-4.29539825	2.93224975
awtu1239	1.04691961487	1.34338261507885	-1.5847425	3.7085385
axam1237	-0.882524108177	1.27958830529049	-3.4424025	1.5443925
axiy1235	-2.752908458905	1.63537407040306	-6.276728	0.180249949999999
ayac1239	0.566218111175	1.82456067625705	-2.7864465	4.31754
ayiw1239	-0.8260215734655	1.72075963968982	-4.38643325	2.30277925
baba1264	-0.904448984555	1.52903292638364	-4.1830925	1.83411
baba1266	-0.6453423446925	1.49227063516793	-3.80944575	2.0499325
bafa1247	-0.00603205551	1.42531884269148	-2.8254915	2.797533
bafi1243	-0.2519193669765	1.6692179841248	-3.72811675	3.128848
bafu1246	-0.726280983625	1.48159618083313	-3.89968025	1.959486
baga1272	1.35569334155	1.57798493489816	-1.685131	4.5675225
bagi1246	-1.2403027811715	1.6363931907771	-4.760307	1.56970624999999
bagv1239	0.7124279186006	1.83945183783816	-2.61139625	4.4892935
baim1244	0.4050204232905	1.75087666369122	-2.81231175	3.83415
baka1272	1.8578409795335	1.71963659274823	-1.169266	5.766031
bala1311	-0.83493334397	1.69905982850609	-4.32452625	2.22982275
bala1315	-0.3191366029865	1.73505073219425	-3.881108	3.1041185
bala1316	0.628207217005	1.46097023580285	-2.19651175	3.58147975
bali1278	-0.531048074012	1.70241451163271	-4.0977245	2.63885925
balu1257	0.771448422071	1.45642722660814	-2.187051	3.63451425
bamb1270	0.70169532701	1.61989658934452	-2.566657	3.7349085
bamu1253	-0.54052430428215	1.62739227408621	-3.91679225	2.55616225
band1344	2.053646055545	1.63218531904494	-0.98605245	5.516126
bang1354	2.331872622425	1.80357812250451	-0.988323425	5.90601175
bang1369	-0.459752623823	1.66919545281126	-3.79740975	2.886905
bank1256	-0.107976935435	1.48148501791417	-2.94782875	2.6825915
bant1281	1.263211943575	1.66913020556802	-1.68275575	5.0672005
bara1357	1.070436574155	1.76428117356161	-2.1586365	4.848154
bara1380	2.0872665385	1.63469401459796	-0.93213225	5.6991085
bari1286	-0.697261142175	1.51311526878134	-3.80901925	2.205438
baro1253	-0.7037677741695	1.44548497340722	-3.78075	1.89258675
bash1264	0.337066161595	1.82014448360027	-3.25915225	3.98760549999999
basq1248	0.5539958901695	1.78352256419239	-2.9661025	4.22997775
bata1285	-0.4044990213912	1.71080216242856	-3.8975465	2.79444825
bats1242	0.6870653337805	1.81831777891871	-2.66242175	4.59919375
baur1253	-1.296792004583	1.7327808369544	-4.97872775	2.00110825
bawm1236	-1.6006559760435	1.42853963984515	-4.543861	1.03261925
bebe1248	0.34576013636	1.64146426775348	-2.95214025	3.52920075
beka1241	-0.651081262882	1.75210503918091	-4.227794	2.44964525
bela1254	0.854949405815	1.66445516904157	-2.2015225	4.14531925
belh1239	1.2118018484915	1.65293587534479	-1.66549375	4.9099985
beli1257	-0.414630352865	1.74012965681737	-3.956357	2.86771875
bell1243	-1.441054883085	1.64967390094902	-4.92740675	1.69115125
bemb1257	-0.25854240077	1.8567005771162	-3.995009	3.23040875
beng1282	-0.4054188012745	1.72288325265496	-4.0531945	2.89728449999999
bent1238	-0.101506094525	1.56023708740255	-3.18487225	3.03053875
bert1248	0.481663412545	1.72229328117802	-2.9423655	3.72384925
bezh1248	0.7266568700475	1.83026532253229	-2.636251	4.516455
bhoj1244	0.8228588012835	1.84102141240798	-2.63010775	4.59491025
biaf1240	0.27860952329	1.73221622389154	-3.1376995	3.73450025
bian1252	-0.4767167433605	1.44216752083955	-3.41485675	2.16624875
biao1253	0.888053430614	1.6568834481696	-2.16216625	4.3187945
biao1254	1.010944697725	1.78472725453218	-2.28265175	4.95070825
biao1256	0.80617693974	1.7716661222529	-2.48869575	4.4492145
bier1244	-0.76486908405	1.3139974449315	-3.349629	1.670878
bign1238	-0.728052356785	1.2966920413135	-3.476634	1.793871
biha1246	-1.0446821646399	1.64881941214346	-4.381286	2.061049
bilb1241	-0.400748148875	1.41061284621781	-3.44897975	2.29245025
bimi1240	1.67225523738	1.47740605877819	-0.910220075	4.77546575
bini1246	0.5069754028155	1.67146591821311	-2.742425	3.825284
bira1253	1.213717822515	1.37386419631354	-1.421562	3.98592925
bisu1244	-2.130116753855	1.56266139684336	-5.58139825	0.765704349999996
bitt1240	-0.6333201113335	1.46164496434738	-3.70238275	2.1002195
biwa1243	0.876253551125	1.38191258504897	-1.742514	3.61005625
blab1237	0.53885613717	1.34384911533323	-2.079773	3.16427225
bodo1267	1.2129514649	1.64785278934024	-1.788578	4.71412025
bodo1269	0.4552028405095	1.62762945179552	-2.747605	3.75678075
boka1249	-1.54773318227	1.6839272274838	-5.10367	1.56615775
bola1250	-1.145084977178	1.64271695734043	-4.52838925	1.84245675
boly1239	-1.6424961218505	1.74709705872178	-5.33525025	1.49679025
bona1250	0.2887744755439	1.85428347329899	-3.20037925	4.048987
bong1285	-0.790055293685	1.78515994967011	-4.497264	2.64753375
bong1289	-0.775797506734	1.71406758969363	-4.46326375	2.44977825
bora1263	0.0088052945295	1.60516768162921	-3.27203075	3.210704
bord1248	-1.364678048127	1.70377430912791	-5.054563	1.66345875
boro1277	1.264842393755	1.71568289027292	-1.92243775	4.593533
boro1282	1.067650629755	1.66283646228945	-1.949977	4.4971965
boto1242	2.204455851775	1.70283296723164	-0.956677675	5.80298575
boun1243	-0.6389137647385	1.74165116052664	-4.239125	2.6645725
boun1245	1.58149338161	1.39140762095815	-0.954301425	4.4936135
brah1256	0.1743772383	1.90235064688573	-3.37528975	4.01396675
bret1244	-1.00226943266	1.61635499149797	-4.44098925	2.00722025
brib1243	-1.09733694794	1.72801472741126	-4.7958555	2.1119295
budu1248	0.6744370854675	1.8660162574678	-2.795365	4.41753
budu1265	-0.9034022061838	1.77015666990188	-4.592648	2.38233699999999
budz1238	-0.530103161785	1.73060628132741	-4.03205175	2.79243825
buga1247	-1.0799516919017	1.61256761480888	-4.5934425	1.95387875
buga1250	-1.2634991241495	1.4692054381599	-4.157408	1.4821135
bugh1239	0.729830359076	1.35961991912997	-1.944175	3.40146975
bugi1244	1.95217486997	1.66759173411307	-1.09976775	5.36540725
bugl1243	-0.9746384122	1.70010827066325	-4.67775725	2.123922
bujh1238	1.092572240485	1.7504402281886	-2.2382975	4.77322825
bull1247	-0.31784958332815	1.76506387495752	-3.86517425	3.171177
bulo1242	-0.664743407076	1.59882745607296	-3.94104875	2.421389
bumt1240	0.4070549228505	1.86267237228868	-3.28596775	4.03793199999999
bura1292	-0.1294789380465	1.55048049134413	-3.1493015	2.860859
bure1242	-0.78741604554	1.60770637987163	-4.01959225	2.29587
burj1242	1.31688123835	1.62972238337978	-1.7788135	4.655414
burm1264	-1.09568146862	1.48169258809575	-4.134172	1.69580825
buru1296	0.28576609252	1.89370486430095	-3.42274375	4.05436975
buru1320	-0.555064404166	1.58315372258657	-3.84936625	2.43798775
busa1253	1.10877787549	1.56648876345194	-1.87582875	4.1973975
bush1247	-0.2603609366379	1.83627432001222	-3.888423	3.3496995
buwa1243	-0.79295432223	1.51606010077106	-3.93902925	2.169412
bwat1240	-0.2645526483001	1.50232690066667	-3.450578	2.55238875
byan1241	0.6467270661995	1.87134701168152	-2.9410045	4.6508755
caac1237	0.988927510775	1.46738331985257	-1.91043675	3.87875825
cahu1264	-1.583959399581	1.67810980052377	-4.9830865	1.48208
cakf1236	-1.55744013424255	1.61439658641601	-4.71696425	1.4949345
camp1261	1.419698028215	1.55122152513663	-1.42205175	4.7704055
cane1242	-0.844466772539	1.68032423240374	-4.29129875	2.24112225
caom1238	1.642465790139	1.68487226709933	-1.38370325	5.1774095
capa1241	1.5390799331915	1.63081301742284	-1.34498	4.87505649999999
carn1240	1.72549572471	1.63348031822027	-1.253223	5.19309825
caro1242	0.0423942410035	1.7536776552735	-3.55941825	3.32510575
cash1251	1.506421446939	1.6185854400096	-1.39934425	4.85611025
cavi1250	0.8832983286865	1.56497930627863	-2.1733645	4.025753
cemu1238	0.18147113329	1.51274508155156	-2.9352865	3.22572725
cent1989	-0.741059468675	1.69421895583998	-4.458943	2.35886675
cent1990	0.0276983308695	1.65365745149293	-3.39698625	3.185345
cent1992	-1.152637413855	1.62404859054422	-4.6831985	1.8333725
cent2004	1.15437661068	1.71753423758607	-2.034315	4.92686075
cent2050	-0.9149704347845	1.71650689763484	-4.50561375	2.28993925
cent2090	-1.29048787992	1.63330746567033	-4.80383475	1.5688855
cent2126	0.251955884408	1.86824731297964	-3.55752525	3.99681825
cent2127	1.254394698555	1.68323409819677	-1.897259	4.781959
cent2131	0.938951991815	1.72574111167954	-2.24634975	4.80106
cent2142	0.81703026783	1.73862231711184	-2.58135975	4.46367825
cent2150	-0.758965718755	1.67954515447276	-4.20859175	2.39297725
cent2292	2.179378886003	1.37346602096132	-0.477483025	4.949588
cent2314	1.159899511175	1.44994328201349	-1.831913	4.034601
cent2322	0.0781461542015	1.93351515914163	-3.6174765	4.32718425
chac1251	0.8755386073275	1.5399308156871	-2.10585225	3.90032049999999
chad1249	-0.5016088025905	1.7065796047981	-3.99430925	2.67717175
chak1270	-0.724616827568	1.50984677196282	-3.71092375	2.361571
chal1275	1.1357937315345	1.46503380955216	-1.59715525	4.207125
cham1309	0.703818575185	1.82742378325777	-2.66200175	4.54419875
cham1312	1.557678325435	1.59662316887165	-1.2573175	4.834362
chan1313	-1.273300619419	1.38579150029378	-4.2130615	1.34914175
chas1234	1.112667527607	1.67194179703661	-2.088207	4.54924425
chec1245	0.47130931542	1.87617616478715	-3.2067875	4.22887475
chek1238	0.8203859441235	1.32634371228569	-1.69670225	3.36255675
chen1255	0.18017110078	1.90501959779394	-3.50400525	4.06008525
chep1245	1.1675000705725	1.76355785486774	-2.1126815	4.92706375
cher1273	1.2221023700125	1.66764501974517	-1.89701625	4.74859549999999
chhi1245	1.224956552194	1.65980542554789	-1.71308175	5.062761
chic1270	-0.744953678986	1.70081042690133	-4.14579175	2.43437125
chil1280	-0.55297037002	1.67735018304746	-4.14653325	2.49556375
chim1302	0.8008943510105	1.74108394971263	-2.545311	4.47272425
chip1241	0.269381276232	1.85320675469372	-3.13409225	4.01627474999999
chip1261	-0.594378114605	1.70374236358367	-4.1584255	2.53172775
chiq1248	-0.915894572135	1.69933020866414	-4.515609	2.32410325
chir1283	-0.61485667068	1.38158386889003	-3.40470375	2.14054525
choc1276	-0.402757566818	1.71909264977664	-3.88755775	2.895267
chon1284	0.86626896407	1.41964838508148	-2.03552275	3.66201825
chot1239	-1.182360477795	1.45812740164994	-4.11797675	1.50315775
chra1242	1.210697652335	1.59211079817446	-1.922516	4.53225125
chuj1250	1.461037283184	1.45746435824767	-1.384394	4.5064505
chuk1273	-1.7760640711175	1.80243229663098	-5.663125	1.411983
chuv1255	0.6434212237635	1.80906472983929	-2.8025775	4.4664675
chuw1238	-0.051178183785	1.75947425914156	-3.75180875	3.46917599999999
cici1237	0.066267886706	1.7489501277897	-3.36924625	3.49701975
coat1243	-1.133999826115	1.61078816931465	-4.42123475	1.81730175
coca1259	1.23559085757	1.53059314026224	-1.66257225	4.48580425
cofa1242	1.55136034608	1.65353752947039	-1.33863925	4.99066175
colo1256	1.433828201604	1.80401977212932	-1.9029605	5.25244499999999
colu1241	1.0217879144035	1.70337102808517	-2.1221505	4.42572
coma1245	0.782441107664	1.73673577810967	-2.53398225	4.3751065
como1259	0.8002314447575	1.82226078603627	-2.43717875	4.53457174999999
cong1236	-0.3001026124275	1.84264294940437	-4.21719475	3.20828449999999
copa1237	-1.641181298278	1.68021992125529	-5.13969525	1.445699
cori1240	-0.766571425374	1.64603430101261	-4.091739	2.419974
cors1241	1.3191326629235	1.60638446660539	-1.56613525	4.7914415
cosa1234	-0.3947474918015	1.39448181933894	-3.18152425	2.40316
cree1270	1.1937484251665	1.63164317698782	-1.9255565	4.536079
crim1257	0.318492710355	1.78201654799826	-3.18850625	3.88498975
cros1244	0.209253379442	1.64958280402477	-3.0748195	3.3889415
crow1244	-0.60947020634	1.67980681893803	-3.901466	2.61636725
cube1242	0.1818316156415	1.54118673823623	-2.902471	3.2248055
culi1244	-1.135647582884	1.77537689606794	-4.89369575	2.177358
czec1258	-2.323403796505	1.8402291987296	-6.08638625	1.076755
daai1236	0.11901884678	1.5631656798701	-2.88300425	3.33474375
daas1238	-0.3943868104285	1.58722311236934	-3.7569335	2.5894335
dagb1246	-0.740639847485	1.64864822883539	-4.1732	2.32704249999999
dagi1241	-0.82174125341	1.71780526952412	-4.41255225	2.53886225
daka1243	-0.17302892402	1.15480692182496	-2.5463615	2.0570325
damp1237	-0.6102204506155	1.69940301878475	-4.310653	2.49682125
dana1252	-2.41023973604	1.66481550828137	-5.89793675	0.666931449999998
dani1285	0.308569950189	1.81867941901311	-3.1088515	4.1207595
dara1250	1.066124194925	1.74822185942694	-2.3408615	4.75862325
darg1241	0.5796957448865	1.85128570700099	-2.91699875	4.458354
darm1243	0.654005378312	1.87184316663065	-2.8847155	4.60653
daur1238	0.0489241024045	1.83613203106983	-3.52157275	3.76075825
dawr1236	2.7015385771555	1.75180188141214	-0.493342325	6.4433015
daww1239	-0.9389035797	1.69486079965262	-4.4429665	2.25339675
daza1242	-0.3430597861195	1.79269731330046	-4.15895425	3.08947875
dege1246	1.04505131309825	1.55427120361053	-1.9620855	4.17780525
dehu1237	1.801293279931	1.50600130508038	-1.0242505	4.84429
dera1248	0.06337323145	1.42741586444479	-2.76696975	2.8703165
desa1247	1.47384253322	1.4399023009969	-1.3148685	4.48793999999999
dhao1237	-0.436770343431	1.83723155169169	-4.133036	2.8921605
dhar1247	1.828954321215	1.70420910202062	-1.40733625	5.38106124999999
dhim1246	0.878219899146	1.69993576845738	-2.3003685	4.499444
dibo1245	0.3158361954545	1.85557403291879	-3.51931625	3.89000125
dido1241	0.70879477971	1.82048199235864	-2.6736065	4.50520799999999
dier1241	-0.495647054117	1.74452035931769	-4.07260525	2.70252825
diga1241	0.5136360002865	1.7222853491153	-2.80727025	4.0861275
digo1243	0.28507610807	1.67551555501915	-3.101126	3.58759475
dima1251	0.155246115164	1.51658826939148	-2.77896125	3.2120445
diri1252	-0.09513675409	1.88570836410333	-3.9228875	3.5931195
djee1236	-0.55241572091	1.64372968589635	-3.851268	2.53491224999999
djin1251	-0.332694120601	1.69475336803797	-3.9030845	2.8685745
djin1253	-0.67611933486425	1.80019139880497	-4.540911	2.75889475
domm1246	1.285318914925	1.40629912102671	-1.4325445	4.15455775
dong1285	0.2055884153755	1.85916564829722	-3.61359175	4.076986
doro1266	1.9322737509385	1.36749386476159	-0.615715675	4.7735975
drun1238	0.71725015684	1.73983090426213	-2.568236	4.15971275
dumb1241	0.1642763715695	1.59591613038909	-3.1388855	3.0932625
dupa1235	1.937462231533	1.57105271215409	-0.883490325	5.1907755
dusn1237	0.577195730578765	1.52063198053851	-2.436148	3.59555325
dutc1256	0.9950183957965	1.73748430107694	-2.248716	4.73076975
dyir1250	0.193818843026	1.71530726984257	-3.47640575	3.36703174999999
dzao1238	0.87474024912	1.75785873015329	-2.4431425	4.57179875
dzon1239	0.638492601384	1.81453276122859	-2.685083	4.4895835
east2328	0.58534567331	1.7455669619462	-2.64815075	4.09632275
east2332	-1.286556591151	1.72374802308513	-5.019952	1.88954975
east2342	-1.54738100677	1.6271220613186	-4.76206475	1.51845624999999
east2379	-0.630810809375	1.72679329184152	-4.25685575	2.61077249999999
east2443	0.247128494105	1.37507131992356	-2.56795025	2.999843
east2516	2.145663314895	1.56666452371123	-0.612314775	5.4357585
east2555	1.161439569075	1.63898026552547	-1.847072	4.58149299999999
east2690	-0.4322694953152	1.77480262580232	-4.00286875	2.8738745
east2773	1.2230082202335	1.67924894407336	-1.8104715	4.75023275
east2782	-0.3410483284805	1.78665176537556	-4.189255	3.05050174999999
egyp1253	-0.366881489895	1.74681847557654	-3.88784075	2.961533
eipo1242	0.7981520101495	1.54544974697212	-2.131192	3.96902075
elem1253	1.57451811063	1.44291383488198	-1.143658	4.5643145
elna1235	-0.200542911025	1.62878558412071	-3.31231625	3.12631225
emae1237	-0.980823597808	1.45307815137081	-4.098997	1.67031325
emai1241	1.1574537517505	1.58822773107697	-2.00844025	4.35739175
embe1260	-1.357966267744	1.52945912271692	-4.73731525	1.4494215
embe1262	-1.14552107295	1.68855578482947	-4.62113425	1.97489775
enap1235	1.0177818031693	1.55414166579006	-1.90865175	4.20364675
enuu1235	-0.25025424168	1.5666699954572	-3.445615	2.79051275
epen1239	-0.941775792475	1.70441822734951	-4.5968055	2.29582075
ersu1241	0.71328120745	1.82833210466519	-2.60671725	4.40378825
erzy1239	0.11118787656	1.84696345446917	-3.46323225	3.82600024999999
esee1248	-0.068006546839945	1.42300714793711	-2.961002	2.56344725
esim1238	-0.8993446308055	1.60913950173897	-4.3511005	2.03285075
esto1258	0.183846731337	1.75914098657193	-3.194682	3.69103425
even1259	0.21708226937	1.80773766171393	-3.35890025	3.84972625
ewee1241	-0.891217995525	1.79222772819788	-4.7701135	2.3706445
fala1243	-0.1152674094165	1.59017047203023	-3.36983925	3.02053575
fare1241	-0.47744582224	1.5962698646249	-3.686415	2.53809425
faro1244	0.7836010529135	1.73294259323933	-2.464354	4.66461375
fefe1239	0.3045667458375	1.44980852638735	-2.44670725	3.20216049999999
fiji1243	-0.4273602109165	1.80127835815268	-4.059705	2.9342335
fina1242	2.043194697615	1.29769490538789	-0.4297827	4.670449
finn1318	0.0419116125845	1.74085084195329	-3.30109725	3.57768925
fonn1241	-0.6181808248624	1.76534935463637	-4.3284755	2.764139
fore1265	0.138399387477	1.79935824758117	-3.33609725	3.80246549999999
fuln1247	-0.92043822211095	1.674517789462	-4.441297	2.25480875
furr1244	-0.960789363164	1.71037100660655	-4.36985275	2.1888725
furu1242	3.098853825715	1.66730663886109	0.13430785	6.57585925
futu1245	-0.777071512305	1.68985444266057	-4.2450055	2.3879315
fuyu1242	0.824924365614	1.39485026277286	-1.83016625	3.49950049999999
gaaa1244	-0.7300017914765	1.77828200002166	-4.50952525	2.55979275
gaan1243	-0.0224419734455	1.53350845153921	-2.89906675	3.03444175
gade1242	-0.453425289485	1.72246073658011	-3.96838775	3.00840225
gaga1249	0.300228458	1.74935274455175	-2.908825	3.946518
gahr1239	0.298086054087	1.83532812046543	-3.207959	4.07948025
gali1258	-0.83839961391	1.63040655610042	-4.491561	2.17288
gali1262	1.591690943127	1.57315088746967	-1.26400525	4.938831
galo1242	-0.15572640718	1.51583439070675	-3.23670775	2.784301
gami1243	1.64335384268	1.66600402233131	-1.4189785	5.1434525
gamo1243	2.5051623961925	1.64341918536521	-0.3235473	6.105143
gang1266	-1.17924885501	1.42182868116983	-4.103023	1.47205075
gant1244	0.011035345316	1.26588921410893	-2.4819085	2.4841015
gapa1238	-0.2515507882	1.44048109768228	-3.190526	2.424086
garo1247	0.529541247125	1.68925021479953	-2.6345045	4.0506045
gata1239	1.2963630964315	1.62999058288713	-1.69152025	4.775791
gayo1244	-0.675602494946	1.7684276834989	-4.40336	2.62734625
geba1237	-2.856179934605	1.63486609675878	-6.25558425	0.128164674999999
geda1237	-0.44476510178	1.41840256630096	-3.39972525	2.1696615
gela1263	0.17661735711	1.41465798106746	-2.6001795	2.9717145
ghad1239	-0.309722647485	1.69589216381672	-3.81024425	2.8592155
ghan1242	-0.86037226796	1.80727386576805	-4.742624	2.4468035
ghar1239	0.093464610847	1.51106565291752	-3.08253275	3.0087525
gheg1238	-0.6658412565015	1.60252928966827	-4.10995	2.36320475
ghod1238	0.628063562695	1.85302762728493	-2.93367275	4.6124295
ghom1257	-0.499673444575	1.70682764974847	-4.078335	2.61734925
gilb1244	-0.387501576705	1.67158896377768	-3.917151	2.64047699999999
gily1242	0.261148558114	1.84526056960239	-3.23606125	4.14548775
glav1244	-1.0628033472605	1.57725174480048	-4.48748575	1.96755675
gofa1235	2.660367802295	1.73926031228394	-0.35454675	6.46877225
gogo1265	2.08705952702	1.62630958660293	-0.9512107	5.45788025
gola1255	-0.34893761472	1.80455523054887	-4.0427025	3.1601855
guah1255	0.463274833135	1.68301507879481	-2.783019	3.92386125
guan1266	0.752960781185	1.7642918753992	-2.70521025	4.40488625
guan1269	0.9475849351765	1.47984194609842	-1.8230355	3.8652365
guat1253	-0.683622535493	1.68861642123617	-4.13951675	2.576172
gube1234	-0.552158923417	1.76666958284407	-4.28317975	2.7189345
gude1246	0.1869070353035	1.39945280749143	-2.51720875	2.9190505
guer1243	-1.615191007905	1.68082079871505	-5.14317525	1.49802875
guiq1238	0.7484906864555	1.75274268764485	-2.52845625	4.377923
gulf1241	-0.52816103353	1.77267620595869	-4.2423675	2.67870225
guma1254	-0.89862921567	1.66074046176079	-4.47645675	2.214681
gumu1244	1.6122720761827	1.80951216153419	-1.66361375	5.50951425
gunw1252	-0.4218857523205	1.7094195196076	-3.82522225	2.84686149999999
guny1241	-0.282121848447	1.7960797439561	-3.9873295	3.27975575
gura1251	-0.49963955186	1.47965143449941	-3.374788	2.2828355
guru1261	1.24872228431	1.64190137050327	-1.6908055	4.63213075
guru1271	-1.3083554403	1.63151821606489	-4.73708075	1.7685575
gyel1242	-0.302103616979	1.73795966431287	-3.80226025	2.98808025
haaa1252	-0.38135295790165	1.78137287698732	-4.005211	2.91959124999999
hadi1240	2.76245245626	1.70955915290539	-0.28366055	6.40083425
hadz1240	-0.823607079555	1.82818200996684	-4.4202315	2.7375195
haka1240	-1.159979660165	1.41297800214405	-4.188664	1.43495675
halh1238	0.175714807205	1.78067353414299	-3.2603605	4.02293274999999
hali1244	-0.4633692180975	1.5171400860123	-3.63467125	2.26478525
halk1245	1.224695288805	1.71481584021555	-1.98312575	4.994622
hame1242	0.222975716912	1.42016065575905	-2.77495125	2.91783125
hang1263	1.445341077779	1.40714916133668	-1.18795775	4.3825885
hani1248	-0.471298480957905	1.65225733067669	-3.728806	2.862495
hano1246	0.635274697355	1.33203174083619	-2.02248175	3.1837145
haru1245	0.7155113564465	1.29163408845065	-1.73595175	3.179513
hass1238	-0.2944896354603	1.81576817325858	-4.090063	3.03681975
hava1248	-0.59757625422	1.80343111124955	-4.506844	2.8886655
hawa1245	-0.27422901891	1.84810692815027	-3.98833775	3.15521825
hebr1245	-0.511998942922545	1.70582103338721	-4.15748675	2.6345475
hehe1240	0.152845196396	1.65434611304107	-3.0002715	3.38059825
hela1238	1.18676467922	1.7274029468796	-2.035072	4.94535975
here1253	-0.235046933465	1.79032224150711	-4.209072	3.16246775
hida1246	-0.67653895614	1.6947191979798	-4.03554625	2.514813
high1276	1.930963003303	1.51929779456125	-0.8205149	5.247428
hind1269	0.30582941255915	1.79768580458025	-3.0861085	4.083555
hoaa1235	-0.479668620175	1.83649715114562	-4.27282725	3.08916225
hoav1238	-0.96023503946	1.62617015101087	-4.43594775	1.909998
holo1240	-0.3269567053865	1.72615449409203	-3.84534225	2.97913949999999
hone1235	-1.132935381516	1.56611161021796	-4.4001805	1.7292435
hooo1248	1.027742719504	1.64780612160589	-1.99693725	4.358513
hopi1249	1.26940230814	1.64965770209411	-1.728499	4.85095799999999
horp1239	0.730671856605	1.73005709170861	-2.45268	4.39792475
huaa1248	-1.41974844586	1.78523548609454	-5.17390825	1.9422525
hual1241	0.85341336355	1.64302157027668	-2.09395975	4.4533205
huam1247	-1.14142856858	1.77590221171138	-4.9859655	2.10932075
huar1255	0.97944788301	1.68566152471664	-2.0963685	4.50519875
huba1236	0.05419218458365	1.4622122409212	-2.79986325	2.849611
hula1244	-0.464099338565	1.77974679337308	-4.15709675	2.857395
humb1243	-0.4304519962135	1.76650179506815	-4.063491	3.17248425
hung1274	0.176351984912	1.89734141006216	-3.28741625	4.0608995
hung1275	-1.106272234985	1.78571179059783	-4.871132	2.219737
hunz1247	0.73197173852	1.83265327333765	-2.6419105	4.50778325
hupd1244	1.80039506717	1.48201495443771	-0.926786325	5.04590025
hyam1245	-0.7180954721425	1.6643484574782	-4.02299075	2.52243125
iaai1238	0.62772436285	1.45896373068172	-2.358224	3.50994875
iatm1242	1.464881826669	1.45134988040765	-1.257078	4.5428155
ibal1244	2.7418762484375	1.57967187377605	-0.138804725	6.01386275
iban1264	-0.51471629001	1.73179691366063	-4.101344	2.69370524999999
ibat1238	2.0172294761965	1.65201675054755	-1.08203	5.520839
ibib1240	1.833985319117	1.60302009301126	-1.1156465	5.0531465
idum1241	0.1381979144228	1.71102955032398	-3.2204465	3.57176075
idun1242	-0.73638719159	1.50060265963398	-3.91103475	2.078805
ikkk1242	-0.35294052189	1.7551242402404	-3.93406975	3.14444175
ilaa1246	-0.27652697066	1.81929942626726	-4.01273125	3.09092775
iliu1237	-1.12354040316	1.70332236654606	-4.7173585	2.03021175
ilon1239	2.30816295305	1.3659290768625	-0.250521925	5.088073
imba1240	1.59379591539	1.81832533141722	-1.74405	5.4770385
indo1316	1.60401702551	1.54686515771152	-1.3467385	4.757206
ingr1248	-0.1793117327485	1.7795906584142	-3.732846	3.42663049999998
ingu1240	0.5697692573045	1.82483140038692	-2.947311	4.377845
iris1253	-1.122557108221	1.74708378463306	-4.9195925	2.07938224999999
irul1243	0.134020555425	1.87371989153899	-3.61886825	3.734757
isco1239	1.465856218965	1.6238707355063	-1.50966675	4.90551624999999
isin1239	2.76021998584	1.48262232868688	0.0410737825	5.9393865
isir1237	-0.948350880632	1.51026903050449	-4.08666775	1.8727185
isna1241	2.373462165685	1.65353760404707	-0.5692244	5.96614075
isth1240	2.091938373175	1.54652648593405	-0.6042814	5.54342475
isth1241	1.9665926747515	1.56166092015161	-0.7390224	5.27646425
ital1282	-0.672119277115	1.60690828986931	-4.062344	2.29047475
iton1250	-1.104274505195	1.70239507898613	-4.7507235	2.0393275
itza1241	-0.612132792437	1.56534804835716	-3.91617975	2.387701
iumi1238	-0.797927621051	1.4181138770533	-3.66915025	1.926065
iwal1237	-0.824773460623	1.45117813667771	-3.806032	1.8227095
iwam1256	0.53223430631	1.34270465759272	-2.24237075	2.996855
iyoo1238	-0.33871698597725	1.2798098631148	-2.87688175	2.08225525
jahh1242	-1.2584078971	1.68002753727904	-4.80079675	1.83548425
jalk1242	-0.99993316206	1.46054415005903	-3.98585825	1.7799345
jama1261	-0.903753789419	1.8581078442285	-4.748945	2.59811025
jamb1236	-0.590130603759	1.75856569235815	-4.43683	2.5670835
jams1239	0.3918533443035	1.40137347338192	-2.47252325	3.0834645
japh1234	0.7763933184715	1.71978934732049	-2.44592675	4.58088725
jaqa1244	0.576518661105	1.71520431519761	-2.70725725	4.2483115
java1254	0.8906237774615	1.51466782536121	-2.0884685	3.84050925
jede1239	-1.1600742908335	1.76974048124562	-4.951621	2.027977
jeha1242	-1.163818462791	1.7266118685502	-4.97022975	1.9045285
jina1244	-1.25661120829	1.64126421971101	-4.7120095	1.82249325
jita1239	-0.5726508716515	1.75146314824114	-4.21389225	2.86976475
juan1238	1.2356809350505	1.73745925276703	-1.8651785	5.04311725
juku1254	-1.40192887063765	1.62709267705371	-4.7361235	1.6677415
jurm1239	-0.267567844834	1.68302885159604	-3.77032525	2.8506265
kaba1278	0.38903385333	1.8639872190904	-3.08251275	3.86398675
kaba1281	-0.0969146082227	1.74594021202026	-3.76145225	3.208945
kach1280	0.79535681314	1.74699134012303	-2.51114475	4.269419
kach1284	2.4557394563905	1.71890183168769	-0.6654619	6.31561225
kada1242	0.235833697925	1.85472257175387	-3.2855595	3.94456575
kado1242	-1.144615776833	1.54685110882227	-4.30730475	1.78103975
kafa1242	2.483576545385	1.7877507244186	-0.766842825	6.281015
kaga1256	-1.3812457873073	1.57403472960879	-4.809941	1.39528174999999
kagu1239	1.131449276846	1.57939462101422	-1.973671	4.348571
kaik1246	0.929338312887	1.80361624786612	-2.5492815	4.57715025
kaki1249	1.667195433045	1.56510301116418	-1.20226925	4.9889685
kala1384	-0.167312629717	1.75143601591934	-3.66498475	3.200301
kala1399	-0.709033349763	1.76422482281684	-4.41264	2.54989
kalm1243	0.227834870615	1.80111546264795	-3.35329075	3.90104875
kamb1297	-0.31096314234	1.75759782918434	-4.05440875	3.006653
kamb1299	1.5739310736975	1.63901915062805	-1.43856875	4.963956
kamm1249	-1.6822259207855	1.69145059587191	-5.26923775	1.45643125
kamu1260	1.481825978295	1.60605063499053	-1.550664	4.613047
kana1286	2.56881197396	1.35360933410688	0.079617495	5.3122955
kana1291	-1.06457975916	1.70032631879917	-4.48686575	2.19139099999999
kani1286	1.0790036307155	1.3916264453253	-1.59555225	4.01013575
kaqc1270	1.16567781122	1.49652076840251	-1.678871	4.16171425
kara1476	1.6181509113555	1.68518531900602	-1.3724285	5.21201975
kara1486	-0.6170835792765	1.49243782937506	-3.82755925	2.30001575
kara1487	2.727147433554	1.44781408962588	0.11863775	5.8067875
kara1500	-0.4993650410228	1.71806074909944	-4.081346	2.7183615
kare1335	0.0242575842645	1.80948004214054	-3.539299	3.72391825
kare1338	1.3493925364125	1.67539337839516	-1.77381175	4.86776125
kari1311	-0.7589301627335	1.70127744223749	-4.26505225	2.5140415
karn1252	-0.49290095899	1.32071794210802	-3.1765215	2.06633224999999
kash1277	0.328507463462	1.78134238035204	-3.01257125	3.98879675
katb1237	-0.825343651205	1.23101792572204	-3.3222345	1.51250025
kats1235	-0.4466828557445	1.65891887669515	-3.51375175	3.067011
kava1241	2.867551957555	1.60716461292357	0.062175155	6.4547495
kaya1315	-2.29337334173	1.53653668903538	-5.41440775	0.657594699999998
keap1239	2.2985057232	1.48637010513809	-0.31044075	5.5520905
keda1252	-1.488169938765	1.66376261767517	-5.06871775	1.47566
keig1242	-0.530644011075	1.87568570798399	-4.48934075	3.18690899999999
kele1255	-0.9348388772545	1.71041922157226	-4.39216	2.24505775
kele1258	0.41816577488	1.42486587790052	-2.44456925	3.15806525
kele1259	2.5284957379	1.36271372306737	0.0223652575	5.3352805
kemb1249	-0.69737453767	1.69758125975529	-4.18635175	2.4167395
keme1240	-1.306312268105	1.57674612395566	-4.69162	1.4911385
keng1240	-0.6112552314845	1.89042498965004	-4.59142	2.889934
kens1248	-1.1232710447675	1.69359934635496	-4.8923755	1.94332525
kenu1236	-1.2869281015935	1.69312099761672	-5.07014175	1.931941
keoo1238	-0.2257356242455	1.60770492454106	-3.47678775	2.85808075
kera1255	-1.294993430865	1.61059763101498	-4.6914505	1.5508015
keri1250	-0.6605661703395	1.84617990180845	-4.5493235	2.73149275
kesa1244	0.426707079221	1.29344175881955	-2.12422725	3.05421275
kett1243	0.13305902479965	1.76589753020235	-3.315551	3.78927975
kgal1244	-0.591906765793	1.7895254215677	-4.449872	2.75693824999999
khak1248	0.283843453215	1.82306914182005	-3.25835925	3.96073525
khal1275	1.148751619409	1.63922500986311	-1.72220075	4.79376875
kham1282	0.10354855902	1.85866737991622	-3.48983425	3.8535275
khan1274	-0.861578109245	1.70687800501585	-4.356115	2.37054425
khan1278	1.60237188362	1.46928043928596	-1.117626	4.65092299999999
khar1287	1.7737627425085	1.66170265305799	-1.26134925	5.34597825
khas1269	0.6419973174665	1.37916512974858	-1.9504905	3.49491125
khez1235	-0.9004189927815	1.38635203711446	-3.75850575	1.749895
khin1240	0.718887963535	1.85483874371195	-2.77620525	4.4681265
khmu1256	-1.0909291296175	1.58150804866476	-4.26431125	1.93447175
khum1248	-1.115452702753	1.42670115576072	-4.22521875	1.700456
khva1239	0.718998449535	1.82672363413934	-2.654203	4.53045875
kich1262	1.182638472496	1.51906800266445	-1.7506785	4.23647375
kiku1240	-0.033759197577	1.67802421639386	-3.49361725	3.25047425
kile1243	0.112902913854	1.85733661510166	-3.35986725	3.96592525
kimm1245	-0.4125207705245	1.56605061151071	-3.49727075	2.799745
kina1250	-0.560395323405	1.66069693036054	-4.0390165	2.46063925
kinn1249	0.32346726744	1.83382384099048	-2.9443815	4.083433
kiow1266	0.895884612632	1.77633530996537	-2.376866	4.71130925
kips1239	-0.1367059266	1.71314252095321	-3.69118675	3.25102175
koda1255	0.226773726375	1.87838054812161	-3.48007775	4.1177165
koho1244	-0.37732289753645	1.59409399042112	-3.599062	2.66451625
koit1244	1.5991615940725	1.37316202624089	-1.0694355	4.44601375
koko1269	0.232967299709	1.41650946026182	-2.67098275	2.9551905
kola1285	-0.349719061027	1.78953596022694	-4.00972325	3.000644
kolb1240	-0.7989628380187	1.70504567820067	-4.4540755	2.373347
kolc1235	2.07572616625	1.61492630793427	-0.924569475	5.3503425
kolu1245	-0.8022749088255	1.53745284332847	-4.01179175	2.02007375
komb1274	-1.064318061968	1.55569576992836	-4.18516425	1.8804375
komc1235	-0.957118299932	1.48488440904218	-4.246411	1.6813765
komi1268	0.1025090729255	1.84337196027095	-3.46880575	3.749118
komi1269	0.173492601013	1.87339095965251	-3.5470855	3.93705175
komi1270	-0.44304959539	1.38605971272944	-3.25088275	2.18152775
komo1260	-0.48285271883	1.85841371970529	-4.37175425	3.10617374999999
kona1242	1.626746800415	1.54794882645725	-1.2553675	4.9184625
konk1267	0.294570256819	1.89748680968568	-3.444684	4.10829224999999
kony1248	-0.954971466525	1.37593470459893	-3.70641325	1.6599345
konz1239	0.23380526702	1.63750461326214	-3.10223875	3.470999
koon1244	-0.2572318818475	1.80340092841575	-4.059234	3.13208825
koor1239	2.089304242755	1.7070590607678	-0.971098475	5.752352
kore1280	0.1733876875	1.86467543585916	-3.53061275	3.98430525
kore1283	-0.539545845655	1.5630904097581	-3.6026415	2.51097525
kork1243	0.770969257435	1.64378467073629	-2.35072875	4.305081
koro1298	-0.2466901935145	1.46255481250559	-3.1970445	2.59725075
korr1238	0.1941462454018	1.92497239831679	-3.569122	4.1218075
kosa1249	0.76236019437365	1.51927605648488	-2.1314865	3.86585775
kosr1238	2.11764299513	1.71228659072198	-1.07078	5.6939655
kota1263	0.2023583292655	1.83542495164264	-3.456126	4.01009575
koti1238	0.302752851295	1.72348889524207	-3.07634125	3.64066274999999
kova1243	-0.421570817253	1.32062088232122	-3.0025995	2.20804775
kove1237	-1.0348290100445	1.66353429661378	-4.521652	2.081404
koyr1240	-0.1791154757485	1.92652723916673	-3.96174075	3.59218325
koyr1242	-0.1077125804085	1.85006191738419	-3.691464	3.51284249999999
koys1242	-0.7110826299875	1.59305630561884	-4.03417825	2.24343975
kryt1240	0.699132580095	1.84588509226292	-2.73428725	4.401713
kuan1247	-0.14631154594	1.86285521571244	-3.88547825	3.4570905
kuan1248	-1.407408332026	1.56779239233022	-4.59637025	1.39694925
kuii1252	1.189315815086	1.69754927298857	-1.99580225	4.796868
kuik1246	1.6807283143215	1.64756386177087	-1.28028175	5.10643549999999
kuku1280	-0.482021584161	1.8037705430099	-4.310061	2.9323015
kulu1253	1.160758075615	1.6607404774269	-1.89234025	4.61323625
kuma1276	0.615954397815	1.41592909991622	-2.2350515	3.50637425
kumb1268	-0.247544383685	1.70532457891764	-3.85957475	3.0912115
kumz1235	0.8536173681785	1.69080982580454	-2.3242265	4.639339
kuna1268	-0.25641093877	1.8134422876121	-3.78583125	3.35333124999999
kuni1267	0.32644405022	1.40533649971388	-2.525125	3.0101955
kunj1245	-0.424049716044	1.66278986520751	-3.858005	2.80602475
kuot1243	-0.556113282319	1.3304899332561	-3.1915275	1.96772375
kusa1251	-0.979768975454	1.65141071080375	-4.48586025	1.95945325
kusu1250	0.992890363026	1.66783495908851	-2.2143885	4.4742365
kute1248	-1.298043515819	1.62526445780084	-4.76564375	1.7354285
kuvi1243	1.211456932695	1.68393380458511	-1.88774875	4.7488065
kuyy1240	-1.15825332942	1.68159336057005	-4.59126125	1.92308125
kwai1243	-0.65469680792	1.53939726352771	-3.79304325	2.30413275
kwam1249	-0.17329023258	1.66396913906482	-3.5197635	3.0904825
kwam1252	-0.901887172417	1.60287328170373	-4.322761	2.02683875
kwar1239	-0.504293606846	1.49675846148846	-3.59274075	2.317074
kwaz1243	0.8487405949175	1.66716413531855	-2.258123	4.23753049999999
kweg1241	0.530702577878	1.59048187309947	-2.7109075	3.6906215
kwom1262	1.5329413928835	1.38692942470519	-1.07235425	4.41771325
kxoe1243	0.543813811649	1.76475600341146	-2.8637285	4.38019775
kyer1238	1.125808193151	1.77699254417501	-2.08830575	4.80793675
laal1242	-0.938617591225	1.83213229068309	-4.7754705	2.59816775
labo1244	-0.983911485635	1.32087668075233	-3.611633	1.4741825
labu1248	-1.185765913933	1.40974046415383	-4.053619	1.3187605
laiy1246	-0.29993914523	1.6913942420863	-3.7715345	2.824543
lakk1252	0.682612033785	1.80195414225922	-2.75593775	4.244496
lala1268	1.74648678651	1.39005795918965	-0.901604825	4.712403
lama1277	-1.2252808709675	1.67342186127198	-4.8153055	1.76177225
lamb1272	-0.110173582075	1.67876468714424	-3.6063855	3.29737375
lame1260	-0.6722069017035	1.29453717486282	-3.197276	1.77161924999999
land1256	0.804523210934325	1.64824329794756	-2.5066155	4.01379525
lang1320	-0.5964433639445	1.55231945856548	-3.7892335	2.29642975
lash1243	1.0786590501885	1.69882473729035	-1.99819675	4.53776625
latv1249	0.406131413862	1.74705858756099	-2.89550825	4.0329335
lauu1247	-0.4527616556865	1.54019962373146	-3.72681175	2.54204775
lave1248	-1.35583716477	1.78481787169806	-5.230519	1.82502975
lavu1241	0.018702052881	1.49411043435812	-2.99060775	2.881571
lazz1240	0.29950939521	1.91799937812086	-3.46476275	4.13598
lega1250	-0.32527796681	1.89168576667436	-4.14061725	3.415678
lele1267	-1.142944782873	1.62172725253983	-4.5407725	1.84118075
lele1270	0.44329344271	1.38785908458395	-2.51399925	3.0386425
lele1276	-0.9835405780925	1.70031072097933	-4.42534125	2.1629635
lemb1266	1.3406831090695	1.31973687972459	-1.031752	4.145753
leme1238	-0.641960921601	1.64287549767391	-4.09550325	2.44653925
lena1238	-0.929273459462	1.62218947543886	-4.36361075	2.03049
leng1259	-0.419627446705	1.54413493312226	-3.55590575	2.50293825
leti1246	-1.044553299368	1.7102147973685	-4.83868275	2.06312525
lewo1242	-0.7602682837451	1.32482513555598	-3.43213825	1.631023
lewo1244	-1.15327899983	1.64000587942642	-4.6827465	1.8410695
lezg1247	0.7014938467195	1.8693984703436	-2.804308	4.5748255
libi1244	-0.054777778315	1.71042407109918	-3.5569615	3.13687525
liby1240	-0.2910175055865	1.80665455388629	-3.97811775	3.159557
liji1238	-1.0172724025335	1.66120101566869	-4.32431375	2.12452025
lika1243	0.242284131965	1.61993311196906	-3.0170615	3.2965835
lill1248	0.712807662123	1.7034683747236	-2.515616	4.34777575
limo1248	2.27628876928	1.51751187516014	-0.55703085	5.43539175
ling1265	-0.7320428035275	1.2099106226771	-3.20338375	1.62282325
lipo1242	0.81143945493	1.72383772402624	-2.291482	4.506622
lish1245	-0.4116743440401	1.59110627687679	-3.60039425	2.61212825
lisu1250	1.114476936775	1.6721510529779	-1.85346875	4.72073725
lith1251	0.4639555436385	1.8082648709981	-3.0368235	4.20814424999999
litz1237	-0.723514704307	1.23612443749077	-3.3112945	1.63631325
livv1243	-2.77649968382	1.94426193637315	-6.98998225	0.6128148
loba1239	-0.065542569425	1.70903373778885	-3.6217355	3.156675
logo1259	0.031273919635	1.57775026428198	-3.099017	3.1085795
loka1252	0.5856540686315	1.60053301778194	-2.62208875	3.885472
lolo1259	0.886295861335	1.74690588481854	-2.28823225	4.64874675
lomb1257	-0.87049247082	1.66661357583004	-4.52701325	2.11626675
long1395	-0.6640582752644	1.59110854493745	-4.10798775	2.2426595
loni1238	0.507604561305	1.38748266112241	-2.36195325	3.14644025
lote1237	-1.157587648832	1.66311820455499	-4.62977775	1.78947375
louu1245	0.8226701388717	1.39548878015392	-1.9339	3.64848325
lowl1260	0.76884252997	1.52074251118575	-2.07559925	3.83063124999999
lowl1265	1.0621392663	1.70223102211249	-2.00957775	4.6901275
lozi1239	-0.141484014495	1.71538784985742	-3.70580975	3.1286925
luan1263	-1.004482497307	1.74681206907889	-4.95254675	2.19373975
luch1239	-0.297923408055	1.75361454401971	-3.62713525	2.96408749999999
ludi1246	-0.27202848278	1.91678267177464	-4.1045995	3.42806625
lugb1240	0.4780590435675	1.73023134169323	-2.83210175	3.94932774999999
lugu1238	2.00924970114	1.62128919166265	-1.1726655	5.3150105
lule1254	0.25175235792	1.8071387446663	-3.25956725	4.01322725
lumb1249	-0.2566358355675	1.84822834043585	-4.014834	3.26523625
lumu1239	-0.8070221090528	1.68609509816978	-4.3580325	2.47552025
lund1266	-0.219522064672	1.85614853495756	-3.9055185	3.365448
luok1236	-0.5658423864625	1.73292642032844	-4.1632795	2.84978925
lush1249	-1.588966186705	1.43153840466972	-4.66394225	0.971623499999996
lush1252	1.1323308748016	1.7488158456361	-1.9632735	4.88926474999999
luva1239	-0.2815084661085	1.82981955872599	-4.0222715	3.2059315
luya1241	-0.145508618575	1.68634568892879	-3.75143225	3.17130699999999
maan1238	-0.6110442647585	1.79321202304986	-4.429245	2.788645
maba1277	-0.537306359	1.8681585243601	-4.2768105	2.98763
mace1250	0.0985652031412	1.57608044391937	-2.89789	3.17599675
maco1239	-0.907111092802	1.70260007750129	-4.49848275	2.2901275
macu1259	-0.796691267928	1.65031233769002	-4.26028825	2.432211
macu1260	2.20879588325	1.66908698985421	-0.689756	5.84158875
mada1285	-0.60242633464	1.37560720742463	-3.508329	2.002325
madi1260	1.32108041943	1.56326905617464	-1.591364	4.601259
maee1241	-0.6112974123465	1.28046265967483	-3.269501	1.88894475
mafe1237	0.12952741641915	1.26962802240376	-2.389298	2.67169875
maib1239	-0.935464179935	1.6531435839595	-4.485262	2.17729624999999
mail1248	0.72101877546	1.62745329028745	-2.397578	4.135432
mais1250	0.7640355928	1.44232398223861	-2.1001015	3.56936375
mait1250	1.07961776881	1.80610933542276	-2.16580475	4.91291699999999
maja1242	1.2296043213645	1.58339131063054	-1.7401945	4.45177025
maka1304	1.206409260925	1.54141916754518	-1.69761575	4.277079
makc1235	0.80180730772	1.70503258785096	-2.31958025	4.38259325
makh1264	2.211128829215	1.71433072513204	-0.98148445	5.67142225
makh1266	0.499479701348	1.71295905143138	-2.92406925	3.9261745
mako1251	-0.195165332605	1.89299492468314	-4.1298155	3.37535875
mala1463	0.1095019275045	1.92670313070277	-3.63132975	4.30515375
mala1464	0.145094449235	1.99320608231578	-3.7141025	4.11334575
mala1522	0.8567295425383	1.45591615556876	-2.01671175	3.61528174999999
male1284	2.06289486235	1.58817852657662	-0.8498572	5.5208195
male1289	-0.6102934277925	1.46733903202438	-3.5776295	2.11280675
male1297	-0.2787764299215	1.66619095822753	-3.6916865	2.898558
malg1251	-1.102088728686	1.6742850518379	-4.50591425	2.03868
mali1285	-1.211761074335	1.66748509876336	-4.827652	1.90731875
malo1243	-0.201034995618	1.26820807527604	-2.74218625	2.34939825
malt1254	-0.512920857523	1.7899223310714	-4.0915065	3.01118925
malu1245	-0.60343726937117	1.30923499028606	-3.38239975	1.927904
mamb1294	-0.6571453098125	1.53662969278606	-4.0054255	2.1744215
mamb1296	-0.245233162794	1.87100849468652	-3.96598425	3.3456665
mamm1241	0.76602656189	1.47600848414226	-2.02850225	3.75603175
mamv1243	-0.075382165475	1.55499877531811	-3.31981825	2.865351
mana1288	1.0058768484005	1.78880053838079	-2.31990425	4.75596475
mana1295	1.2380879617805	1.31468373064317	-1.22803125	3.8334345
mana1298	1.642677388303	1.42986389297341	-0.961763175	4.66667
mand1415	0.221826877164	1.82090841566335	-3.15281025	4.025529
mand1440	0.464432123415	1.42753006318461	-2.387433	3.33317675
mang1378	-0.677919033436	1.51669613609863	-3.78199925	2.1333665
mang1381	-1.245041892349	1.81078482425068	-4.94464275	2.07708325
mang1394	0.0815903480855	1.62528964871396	-3.01120375	3.18024775
mang1401	-0.3262653716055	1.85547771403574	-4.219929	3.20738725
mang1403	-1.17629075463824	1.64038513960279	-4.61573825	1.6779225
mang1405	-0.0254923815595	1.63382333555739	-3.44272875	3.11388325
manm1238	-0.454867038245	1.39607761834364	-3.3170745	2.2217985
maor1246	-0.201563014354	1.71293892943529	-3.654559	2.98726325
mapo1242	-0.973074926774	1.44288872558606	-3.89292525	1.71527975
mapu1245	0.86724841912	1.74168439368511	-2.4521735	4.513388
maqu1238	-1.268174825445	1.52309301893221	-4.48463825	1.583696
mara1378	0.3732831426138	1.89336011727453	-3.18913675	4.1553525
mara1379	-0.5782985421825	1.36280366320887	-3.33121925	2.00344175
mara1382	-1.726501114655	1.4982112075972	-4.92399575	1.09886675
mara1399	-0.6910577598627	1.26025100621512	-3.2972215	1.750863
marg1265	-0.5052757028471	1.60248775254709	-3.77902175	2.620462
mari1426	0.0875354008975	1.47419341742842	-2.96415	3.03726475
mari1440	-0.45836677357	1.7287870303341	-3.969732	2.8419515
mart1255	-0.569206602499	1.6411642186691	-4.0402115	2.5470655
maru1249	0.928626763235	1.70748285495234	-2.3393145	4.394357
masa1322	-1.3193220119015	1.65054871723994	-4.80870325	1.798076
masb1238	1.32643944347995	1.60237731366052	-1.6731155	4.67524149999999
mask1242	-0.81000841522945	1.25685368519842	-3.3654975	1.525462
mati1250	1.239055881651	1.54785197480968	-1.5575555	4.46866175
mato1252	-1.3244706544485	1.32695066494619	-4.06463975	1.104531
mats1244	1.095179059689	1.66782455675975	-1.95124575	4.779037
matu1259	0.03264137999	1.83101663153402	-3.62796275	3.56244175
matu1261	-0.407041939185	1.47399861151308	-3.518723	2.2536505
maun1240	0.1667369984965	1.60887700078396	-3.00188775	3.52938625
maxa1247	-0.740618401093	1.7113256944038	-4.241014	2.4978915
maya1285	-1.04317217278	1.81089219442072	-4.85501975	2.307445
mayo1261	0.8749698996085	1.55578844878885	-2.03023875	4.04965125
mayo1264	0.80925298614	1.76045874008783	-2.307206	4.54512625
maza1304	-0.2248955818575	1.41720804908067	-3.02636825	2.52782675
mbaa1245	-1.3240201424325	1.55781724478412	-4.345544	1.47621275
mban1263	2.60502554055	1.67679901720334	-0.44085145	6.1061395
mbar1260	-1.215757855835	1.66085861809246	-4.740029	1.98379125
mbay1241	-0.284742246185	1.61731321191018	-3.49951425	2.859232
mboc1235	0.521628216087	1.43369929337925	-2.137024	3.44715625
mbol1247	-0.573329968755	1.82023277898328	-4.32549775	2.8312205
mbul1263	-0.4518635387885	1.32815473195503	-3.09568925	2.13287499999999
mbya1239	1.15644599239335	1.58198268806943	-1.82391275	4.48862199999999
meen1242	2.51606169646	1.68249100050133	-0.5568964	6.0421535
mehe1243	1.189131692625	1.33706635120743	-1.34961725	3.8467385
meke1243	0.92153564354	1.34792649857557	-1.69132	3.617227
mele1250	-1.127410067071	1.62457039993613	-4.53004575	1.864772
melp1238	0.8187957985253	1.2860236126429	-1.62595525	3.483617
mere1242	0.50674177918	1.37077191698017	-2.22168225	3.2468305
mezq1235	1.081161073055	1.55854378417465	-1.8672485	4.1421075
miju1243	0.538440701375	1.71782031771983	-2.8303545	4.003189
mila1245	-0.02856758087	1.60089588110173	-3.21316075	3.226007
mina1268	-0.581007525325	1.72611088726875	-4.20422125	2.725928
mina1276	-0.5941474219065	1.45828236193052	-3.55972575	2.261777
mini1251	-1.40336515266	1.59354244259708	-4.77292825	1.49359875
mini1256	0.980915814975	1.67841403649468	-2.173403	4.53778
minn1241	0.97251428960165	1.79787002154994	-2.47554325	4.99163425
misk1235	-1.08442078421	1.80576607823116	-4.8710235	2.22493075
mixt1426	-0.390291114826	1.53797173317072	-3.43562925	2.643344
miya1259	0.465662483804	1.90509727641818	-3.19809675	4.4195425
miya1266	0.2736384469865	1.52196995656458	-2.6052275	3.251658
mlab1235	-2.03428875978	1.65227253388687	-5.57629825	0.810918374999994
moba1244	-0.7307932880855	1.78940794045862	-4.46241325	2.5926475
moch1257	1.8066583104	1.49760195922352	-0.9156454	4.90384325
moco1246	-0.778002235345	1.75292533015089	-4.38540425	2.527541
mode1248	0.8404653903925	1.75662386475395	-2.4281615	4.55712125
moha1258	-0.5975894266585	1.7341547468553	-4.11564325	2.75837125
moke1242	-0.714588683021	1.72132060103245	-4.3413415	2.5693645
moki1238	-0.411774014985	1.7626705365373	-4.20836125	3.019774
mokl1243	-1.513443467505	1.70659893151475	-5.3668835	1.57887675
mokp1239	-0.0280645971245	1.55520026351437	-3.15804925	3.011955
moks1248	0.1815993435665	1.89537003977148	-3.48033	3.98397625
mono1270	3.03682275672	1.71682817914427	-0.0668811375	6.72649799999999
mono1273	-0.512172494414	1.68488396490745	-4.08279225	2.5745775
mono1275	0.6329570119219	1.71060296339083	-2.653939	4.12028099999999
morm1235	0.637207323675	1.4290844870223	-2.080999	3.57870875
mort1237	-0.26507442573352	1.78388535396617	-4.00636075	3.10681825
mose1249	0.627892363886	1.59866394832508	-2.2599695	3.91248225
motl1237	-0.6702489603695	1.67922409788714	-4.1006565	2.53017975
motu1246	2.1343456270555	1.38895193397615	-0.45149275	5.06412674999999
moun1252	1.3125416664835	1.36307655318665	-1.2078125	4.281585
movi1243	-0.7863622321755	1.67561057876053	-4.3713695	2.3174425
mpad1242	-1.0333678289695	1.74862779871916	-4.88998675	2.2110165
mpii1239	-2.1425297766	1.72744386021153	-5.879115	0.923777749999999
mpot1240	0.71448042599	1.71540180798605	-2.63865125	4.17276875
mpur1239	-0.9715017251	1.70087859512273	-4.53259975	2.36206225
mual1241	-0.690198692705	1.62578976897089	-4.10765225	2.34093025
mudu1239	0.227965374835	1.86161636298407	-3.33899475	3.81810074999999
mudu1242	-0.867599069255	1.70009353062874	-4.47443425	2.133492
mull1237	-1.1585353440885	1.67668555941063	-4.6362355	2.15695075
munc1235	0.032465514305	1.59484368933226	-3.05430225	3.3255565
mund1325	-1.039095740445	1.55974606560911	-4.27279925	1.746151
mund1326	0.898609765315	1.50493024963171	-2.02389175	3.932172
mund1328	-1.18688529409	1.55532705472219	-4.594899	1.7203925
murl1244	0.24630539023345	1.75119922002691	-3.423822	3.75231125
muso1238	-1.35182431131	1.34048140247853	-4.109149	1.0463185
muyu1244	-0.769990815382	1.72870468990699	-4.24886725	2.4493795
mwag1236	-1.33582647757	1.61810666178663	-4.55729125	1.73761525
mwan1247	-0.182538577102	1.8252888335471	-4.254991	3.23711175
nade1244	0.654614745489	1.66753564064708	-2.5801675	4.09692525
naka1262	-1.233961045264	1.63736459606953	-4.71125975	1.6102295
nali1244	-0.5729172592915	1.41024818768834	-3.4196915	2.17781675
nama1268	-0.762153582305	1.44522891209609	-3.75606425	1.98472475
nana1257	0.246163947525	1.81562869803777	-3.194901	3.8381375
nand1266	0.5924012078395	1.63202467450109	-2.793889	3.8351305
nang1262	-0.834753553745	1.70213174254282	-4.4837435	2.28617075
nant1250	0.89726970289	1.6696512513757	-2.20998025	4.35295375
nara1262	-0.6573440958225	1.6848505398971	-3.990191	2.681015
naue1237	-0.998129109075	1.74920110266755	-4.6846485	2.3778575
naur1243	-0.3277297227605	1.69447665991885	-3.8769275	2.93513325
nava1243	1.8259184852285	1.67661801170248	-1.24569475	5.53927
nawu1242	-0.91291294843	1.70387955614712	-4.6102385	2.19597825
naxi1245	1.023811509275	1.72579658601548	-2.116845	4.83337125
ndam1239	0.293685436121	1.64465677796065	-2.9596515	3.5132155
ndog1248	-0.836405340774	1.70001990042161	-4.2557195	2.3287295
ndun1249	-0.617895990576	1.58635840005108	-3.933103	2.43836125
neha1247	-0.76818102470785	1.67753856513618	-4.33413475	2.39432175
nend1239	-0.1968937021725	1.3279135524579	-2.805778	2.2865705
nene1249	0.055438007925	1.94829286280576	-3.8004035	4.04900425
neng1238	2.113260173235	1.61833994639317	-0.95250245	5.52572875
nenn1238	1.84698356758	1.55080362354098	-1.04730125	5.0671995
nese1235	-0.56947467744205	1.29958567316703	-3.23719975	1.97237725
newa1246	1.17550887776	1.74822240074745	-2.129045	4.8195345
nezp1238	0.770247840285	1.77850482531857	-2.5625715	4.71530925
ngaa1240	-0.318501084508	1.76300352344389	-3.97624475	2.9234055
ngab1239	-1.2117251461295	1.68402847754453	-4.8238035	1.93545225
ngal1292	-1.03118323805	1.7818673822547	-4.79054275	2.34405899999999
ngam1268	-0.546121954668	1.61915388423659	-3.660552	2.5042125
ngan1291	0.0546887563855	1.89404820932597	-3.61308325	3.87556724999999
ngar1235	-0.78037813761	1.72165434231346	-4.380203	2.42776075
ngar1283	0.940006987689	1.62720984805286	-2.114285	4.39523575
ngar1284	-0.355934061995	1.79383693674908	-4.05069325	3.1270105
ngas1240	-1.6558037546885	1.60772710760879	-5.0412045	1.3409555
ngba1284	1.8088687624795	1.58391668841807	-1.00766925	5.06746749999999
ngba1285	0.7542095450935	1.54271979948402	-2.33559125	3.83403425
ngit1239	1.04146255354	1.55673062315812	-1.944609	4.168804
ngom1268	-0.256351259025	1.81895670291551	-4.128936	3.1589275
nhan1238	-0.36690855067	1.69266279476015	-3.92887025	2.938928
nhen1239	-1.3538854246586	1.65685236364028	-4.7742445	1.63630225
nila1242	-0.67942935778115	1.77290561588828	-4.39557625	2.636005
nina1238	1.01192831269	1.5971222073797	-2.06285875	4.24741875
niua1240	-0.318125208905	1.7049435501902	-3.974723	2.8031345
niue1239	-0.246944476175	1.81956417211847	-3.878447	3.3313625
niva1238	0.87543724816	1.74660560110496	-2.5204805	4.47186325
njan1240	-1.123228386525	1.63218694274882	-4.46368375	1.91561225
noct1238	-0.2566035405315	1.51153943543325	-3.17452475	2.71210299999999
noon1242	-0.3864908925515	1.82330756401304	-4.070627	3.13225825
noon1243	-1.12439409739	1.55587536566732	-4.63811175	1.68283725
nopa1235	-1.39268974317445	1.64690136076287	-4.78646675	1.67693224999999
nort2671	0.455718901503	1.78178365128112	-2.7674005	4.13605
nort2684	-0.8702407705315	1.68163399174244	-4.39222275	2.2145575
nort2690	0.0255496630635	1.91310798251471	-3.8748605	3.969806
nort2697	0.774517621461	1.83075837953236	-2.6958545	4.6075615
nort2702	0.48703139348	1.84878420032903	-3.11139175	4.25484875
nort2722	0.6732639162565	1.71652938095463	-2.5587555	4.182045
nort2723	0.893682765663	1.81566861901468	-2.4580245	4.6476685
nort2724	1.08169131955	1.7539956669147	-2.23854175	4.77146424999999
nort2732	0.346218687705	1.94567356585916	-3.34134	4.31015599999999
nort2745	0.122927020615	1.8583473895987	-3.5450945	3.873492
nort2747	0.939363027895	1.75967403636497	-2.4022035	4.61236024999999
nort2774	1.234521138955	1.50207836550925	-1.50647425	4.38272675
nort2839	0.2310030665305	1.17405801497219	-2.09524125	2.546479
nort2845	-0.26761902649	1.76417736180447	-3.8446345	3.0821475
nort2847	-0.9949813255355	1.62785865910263	-4.5035615	1.97477525
nort2885	1.43414653506	1.62553449668949	-1.55536025	4.75484675
nort2930	1.9047308296535	1.60872289038118	-1.0412135	5.200747
nort2938	1.394637499495	1.70208926475406	-1.77003325	5.034909
nort2942	-0.56048458906	1.65550451689884	-3.9940555	2.60941475
nort2954	0.711998434535	1.71969530689951	-2.39287025	4.4040115
nort2957	0.260454112025	1.37077209828574	-2.3222075	3.04099825
nort2961	0.307413701285	1.81163126167987	-3.1558695	4.143364
nort2972	-1.380158426011	1.72834627272889	-4.988596	1.68078875
nort3047	-1.081037665255	1.55706288790477	-4.33343475	1.80602125
nort3139	-0.611226299855	1.69603586544762	-4.2635895	2.71059075
nots1237	-0.4068379168485	1.30919451232159	-3.01271525	2.06268075
nucl1235	0.57526500985	1.76742688125746	-2.73684225	4.359436
nucl1240	-1.20706347067	1.57933570852502	-4.51791675	1.745785
nucl1301	0.03339493367	1.80615532795861	-3.42060025	3.58482275
nucl1302	0.50532600567	1.88084333153587	-2.978478	4.42801825
nucl1305	0.192529454425	1.93879982939945	-3.5326595	4.07261775
nucl1310	0.08446909895	1.57986001994739	-3.07050975	3.32191825
nucl1417	1.446676918491	1.42050249441357	-1.23684275	4.38837175
nucl1458	0.934128442519	1.28827452068169	-1.43580175	3.56313799999999
nucl1593	1.192562786785	1.47858977695121	-1.54575475	4.29038775
nucl1595	-1.062562553584	1.45944657276609	-4.043745	1.63178
nucl1622	1.233993537875	1.74736560511005	-1.946865	4.91731149999999
nucl1633	1.007327056615	1.65566006640118	-2.0778575	4.49425325
nucl1643	0.168948857595	1.87826858869659	-3.43076775	4.1132695
nucl1706	-0.59991431172	1.76621759413403	-4.33689825	2.6360955
nuer1246	-0.422841693385	1.8037505761942	-4.25258475	2.97100825
nukn1238	-1.441445332286	1.33181105570286	-4.21149675	1.10977975
nupe1254	0.4763350293455	1.62046718726354	-2.71905025	3.70296174999999
nusu1239	1.1325408327475	1.67529747020893	-1.78095	4.57860675
nyah1250	-0.73372796076	1.73286408510155	-4.37774575	2.422485
nyak1260	0.3890603936	1.62983683421061	-2.913078	3.5757465
nyal1250	0.56297482563	1.65163848788054	-2.713216	3.7631345
nyam1285	-1.470592532485	1.61683443375472	-5.000822	1.560631
nyan1301	-0.205314434243	1.73907750841774	-3.728325	3.16067975
nyan1307	-0.13243341492165	1.75794467517467	-3.68535975	3.30924075
nyat1246	-0.674987779281	1.72208710768028	-4.217486	2.5475455
nyor1246	0.166793561572	1.74516093882768	-3.31830875	3.54861375
obok1239	-0.954992895773	1.53999915506942	-4.0929065	1.920851
occi1239	-0.83563170298	1.63582958583014	-4.4112905	2.1685485
ocot1244	-1.386235016901	1.65768190942924	-4.71746775	1.7296045
okan1243	0.94698503398	1.79216647353348	-2.336163	4.78552425
okin1246	0.19589575115	1.86126989842621	-3.4752585	3.95182025
oksa1245	1.75821619088	1.49657593321159	-0.922179125	4.99318524999999
oloo1241	0.78653604979205	1.40137389492165	-2.0119045	3.590674
olut1240	2.02979194562	1.53437592196977	-0.6425492	5.33348574999999
omie1241	1.42702244757	1.45408933865229	-1.29801975	4.44847075
onto1237	-0.25445895115	1.79495741490717	-4.0034	3.05713874999999
oriy1255	1.2124137013	1.77357478987371	-2.13256725	4.827498
orma1241	-0.51567474394	1.69837597577439	-4.25346825	2.59658499999999
oroc1248	0.3593193890785	1.84348589292514	-3.1849555	4.02059425
oroh1237	-0.8553643663145	1.64584788943406	-4.13607575	2.21935225
orok1265	0.1977875170205	1.81201047501419	-3.3791645	3.83558125
orok1266	0.360085527825	1.52124788276903	-2.6461985	3.466573
orok1267	1.72758469718	1.54096328616962	-1.129049	4.97010024999999
orow1242	-0.45202839163	1.54335376823044	-3.7152815	2.4496805
otta1242	0.2584255919445	1.728594139231	-2.9991265	3.9193045
paaa1242	0.9229423359135	1.56071277411205	-2.03085175	4.147752
paam1238	-0.382795935375	1.25446054616925	-2.870802	1.9889435
paas1238	0.91509693554	1.56055750767483	-1.87821475	4.1697775
paco1243	-1.0578211242705	1.7386569620077	-4.88229875	2.24602575
pagi1243	0.41602298666	1.49384050538661	-2.37563125	3.28659175
pagu1249	-1.229778432353	1.71240644551513	-4.716924	1.9367865
pahn1237	-0.265485542462	1.57892855133683	-3.31203575	2.87756725
pait1244	-1.2646844218315	1.47285548191041	-4.2611225	1.4763015
pala1344	1.576574122301	1.60399246238269	-1.35386725	4.9248945
pali1279	-0.9493323638895	1.66605710378261	-4.36274625	2.259082
pana1307	1.711312651401	1.64255810035348	-1.215303	5.1241995
pang1287	1.960938393485	1.6771406821225	-1.206709	5.33712524999999
panj1256	0.368659232915	1.849107030548	-3.20186475	4.1671295
pany1241	-0.3333731244655	1.81634512978312	-4.0490135	3.14722175
papa1265	0.069475304025	1.43211778542173	-2.71243975	2.79811225
para1301	-0.32388592505	1.67994574579811	-3.887672	2.913492
para1302	-1.0609101000885	1.48089983837316	-4.054617	1.71054549999999
para1311	-1.127363484507	1.6697388589249	-4.73171225	1.94335
pare1266	1.182515055825	1.64473654657736	-1.82124925	4.6623145
pare1272	1.03352033496665	1.72018737386857	-2.30953325	4.5566905
pate1247	-0.7395628081085	1.41729307211878	-3.72541225	1.82986375
patp1243	-0.966914281805	1.53718083992825	-4.1586205	1.737223
paul1238	-0.48778914692	1.74756518391677	-4.1389005	2.80156025
payn1244	-0.147813785005	1.35475653086883	-2.99264175	2.370571
pech1241	-1.085886894953	1.75494676798041	-4.9993225	2.1485575
peer1241	-1.365261544295	1.67157146185307	-4.75157975	1.61157675
pela1242	1.3733876551665	1.72641955674182	-1.69345625	4.97290275
pemo1248	0.830995942852	1.60897567777346	-2.26644625	4.204807
pend1242	-0.4240586650585	1.60166240796022	-3.66875625	2.7886745
peng1244	1.1557680869018	1.72896641179767	-2.13883975	4.82324475
phai1238	-1.85347458182	1.71058883378068	-5.457509	1.2919685
phom1236	-1.189709051901	1.38735641317231	-4.01308425	1.4829465
piap1246	-0.587746818205	1.59999464850072	-3.972225	2.4136725
pila1245	-0.733244178145	1.79524103697729	-4.61771575	2.570215
pile1238	-0.791418880682	1.74362217551552	-4.385156	2.40748574999999
pina1252	1.05341965971	1.29036011878962	-1.33474	3.75855825
ping1243	-0.1452610184003	1.76218523000331	-3.73717825	3.14811375
pipi1250	0.5927700553115	1.65212438761326	-2.50471775	4.02373875
pite1240	0.143935809247	1.88205901161697	-3.61873575	4.03319575
plai1258	0.2067397264295	1.73211701098073	-3.295098	3.7541105
pnar1238	0.846720061893	1.47397047957923	-1.85954675	3.9741985
pohn1238	-0.3925306615125	1.72898698084528	-3.99627225	2.84189325
poko1263	0.0132699142155	1.72303909895569	-3.395849	3.39381875
poli1260	-2.33031474859	1.73938493457981	-5.9490035	0.987807424999998
popt1235	1.1713871161205	1.47829677875741	-1.7023815	4.28570099999999
port1283	-0.877621834995	1.6717651087095	-4.40725475	2.12294
port1285	-0.831047021436	1.25801743368349	-3.398491	1.5382865
psik1239	-0.548252980379	1.49639817893924	-3.5406055	2.35895024999999
puin1248	-0.164160993151	1.61568608285465	-3.34079125	3.07394375
puka1242	-0.335724064423	1.79758553767137	-4.026522	3.16651275
pulu1242	-0.3866330518735	1.78611705086074	-4.13269825	2.9262035
puma1239	1.272150513175	1.65833561601153	-1.68900275	4.808001
pume1238	1.22683584569	1.66291442772303	-1.85084725	4.695439
puoc1238	-1.09128359155	1.72011988628905	-4.793024	1.95992525
pura1257	1.634137488294	1.55150350722174	-1.25229375	4.88426675
pure1242	-0.710012298579	1.70468972673555	-4.112418	2.490979
puri1258	0.291661993312	1.79151783603818	-3.160081	3.92820275
qima1242	1.808644083325	1.70719668413432	-1.2227595	5.43201375
quer1236	0.295398517957	1.62129022865802	-2.87428625	3.342228
quio1240	-1.155690292297	1.58143568759879	-4.549637	1.7186295
rabh1238	0.4763050505535	1.63815413808276	-2.73641525	3.93437125
raji1240	1.038498742909	1.64115536659303	-2.12725275	4.44005525
rama1270	0.942969105125	1.56931984705814	-1.9983155	4.1499965
rapa1244	2.34920282767	1.69551387725654	-0.7634367	5.87477125
rapa1245	-0.23098109056	1.82717254180301	-4.03653675	3.32201975
raro1241	-0.24760071555	1.87371729239187	-4.15038275	3.139875
rata1244	-0.581764481341	1.76869653161823	-4.2593355	2.88086925
raut1239	0.9041480684	1.7750700141177	-2.3543015	4.55869525
remo1247	1.979781178705	1.62767195904418	-0.979707725	5.45053125
reng1252	-1.24080770788	1.65643572598775	-4.68372375	1.8408915
renn1242	-0.4558112116475	1.76199382338031	-4.02771525	3.0745575
reye1240	-0.3712511937555	1.59708637695702	-3.630955	2.685695
romb1245	-0.0508609223905	1.51594237166588	-3.0679875	2.799264
rong1264	0.438285433331	1.76902031127388	-2.99077675	3.92810975
ronn1241	-1.457449997035	1.61895326313221	-4.8024615	1.66295225
roto1249	0.09099208323	1.42404007012378	-2.76046775	2.852877
rotu1241	-0.279119686985	1.75881906973914	-3.868602	2.935173
rovi1238	-0.994271905639	1.65460462748664	-4.66627525	1.8626685
ruch1235	-1.0299444823225	1.73561269775441	-4.693681	2.2858005
ruka1240	2.61233700061	1.56504685556843	-0.2053403	5.9409125
ruma1248	1.7920416261295	1.62536262360507	-1.23339075	5.0661515
rung1258	-0.465723621735	1.83770491708562	-4.1359575	3.12960525
russ1263	0.3377176084	1.84259604018234	-3.266497	4.056639
russ1264	0.335191889862	1.79436665045923	-3.15744375	3.947522
saaa1240	-0.878529515193	1.63207134347034	-4.211123	2.16958575
saaa1241	0.79991977468	1.15203308782045	-1.47936425	3.04852375
saam1283	-0.5577720968063	1.64840702668361	-4.0704605	2.576021
saar1237	2.55164174727	1.40777407664379	-0.00748830474999998	5.47159999999999
saga1262	0.61856145324	1.65114696746062	-2.60021775	3.818829
sais1237	2.9201069335	1.55952392847821	0.175504525	6.45502775
saka1289	0.386973832205	1.38899018175271	-2.3268875	3.24306125
saka1291	1.55308936845945	1.63960574337545	-1.48301575	5.0608905
samb1305	-1.654299177185	1.56156148586258	-4.84532925	1.18359475
samb1311	-1.678224136215	1.57323725218983	-4.96281675	1.12625925
samo1305	-0.25527158549	1.75714204714814	-3.85936475	3.07041825
sana1295	-0.284214031643	1.74102308745013	-3.91649225	2.84416724999999
sanb1242	-0.91991336711	1.75444970552673	-4.68984125	2.35339375
sand1278	1.73884945634	1.72455267592136	-1.37501775	5.4057295
sang1330	-0.2783073938605	1.70005954805375	-3.74396275	3.06332725
sang1331	-0.580150142957	1.77058588904049	-4.254467	2.6653955
sani1269	-2.80684677447	1.61168924331623	-6.33983175	0.0139721799999988
sanj1284	-1.28436051618	1.65872108317179	-4.5749035	1.76629825
sanm1289	0.809623798134	1.8280312309107	-2.53311675	4.72078275
sanm1295	-1.7626400682705	1.64393945642176	-5.169181	1.22725499999999
sant1436	-1.6969764575925	1.68463122114516	-5.21960525	1.37758025
sant1451	0.042837908585	1.50346801890984	-2.8031075	3.02850225
sanu1240	-1.3385651423325	1.53074703572503	-4.601571	1.49573475
sapo1253	-0.2643384688215	1.46903702310837	-3.222021	2.4836575
sara1321	-0.582185796842	1.79447008283567	-4.290012	2.73003675
sars1236	-0.648743149842	1.77257871785035	-4.360965	2.6709925
sasa1249	-0.507044814203	1.77350666743425	-4.36240975	2.797252
sata1237	-0.416739207725	1.71192212607018	-3.95440375	2.8543365
sauk1252	-1.273891005566	1.27009657101965	-3.891059	1.02601975
saur1249	0.755492835305	1.86223072852265	-2.71381075	4.649063
savo1255	0.524002742755	1.39895189568221	-2.27291325	3.23266925
saya1246	-1.443843194845	1.62715759419258	-5.064052	1.657153
seda1262	-1.19740547041	1.70820133088395	-4.908922	1.86662175
seim1238	-0.2662453904955	1.75783522682663	-4.00228575	3.18986175
seke1241	0.837189007757	1.16201744505248	-1.45887675	3.09486325
sela1259	-0.497369788725	1.763171762208	-4.2894485	2.79265775
selk1253	0.1014322617435	1.82625620306869	-3.41743075	3.91867475
sema1265	-1.14005373768	1.73802405987501	-4.76483175	1.97096775
seme1247	-1.00928979089	1.66852071831426	-4.48281525	2.02674375
seri1257	-0.781750505907	1.70150154743914	-4.1823275	2.3608225
seve1240	0.2819645790455	1.86104497734585	-3.23352475	4.01837825
sgaw1245	-2.656191529555	1.76449663123373	-6.35081425	0.462511999999999
shab1252	1.5902695448747	1.57230887423078	-1.3134285	4.8301395
sham1280	0.958489161267	1.68397117977038	-2.31431675	4.245564
shan1283	-0.572402675205	1.51638951745703	-3.58239225	2.263513
shaw1249	0.4086784363	1.88871707549554	-3.16705875	4.30612949999999
shil1265	-0.54284492702	1.72884534909865	-3.96391675	2.78738
ship1254	1.728819458491	1.64903675699774	-1.2188985	5.29660775
shix1238	0.8879618264905	1.73761939541373	-2.35831425	4.68454425
shol1240	0.1666128071115	1.88912542599346	-3.44442075	3.89245324999999
shon1251	-0.2954376016	1.80057527864365	-3.892527	3.1015615
shos1248	0.643939203528455	1.69599866921627	-2.49415475	4.19758725
shua1257	-1.020372298815	1.69690648486014	-4.57026625	2.198062
siam1242	-0.681861397536	1.36700378851625	-3.386046	2.00999099999999
sich1238	0.764397799705	1.78229148164654	-2.587194	4.82723424999999
sici1248	-0.848556732275	1.66857050051264	-4.45434575	2.123059
siee1239	-1.049156321595	1.63511673642016	-4.43197325	2.054282
sier1250	-1.24412736882	1.62038663000264	-4.65727475	1.68277125
sika1261	-0.501822524195	1.75568559538647	-4.01808725	2.8529515
sile1255	-0.333237004682	1.32704105702258	-3.050684	2.12916225
sina1266	2.2701895782	1.38640504673412	-0.210736625	5.1416985
sing1264	-0.040451074373	1.58250757979567	-3.1523835	3.13531024999999
sion1247	0.914856366065	1.67938155016815	-2.23965	4.35111775
sioo1240	-1.17088637800695	1.39415739240038	-4.06147125	1.4844655
siri1274	1.943674774455	1.52267571033695	-0.723027325	5.25969575
situ1238	0.773734547935	1.73692772448169	-2.4611235	4.6135295
siwi1239	-0.362996036275	1.81927980026743	-3.9817195	3.01297325
skol1241	0.15309291249	1.9004792985543	-3.69515675	4.1194755
slov1268	0.6945445729025	1.68776325547257	-2.49241125	4.3923935
sobe1238	-0.839352038895	1.55063011334695	-4.164001	2.0814575
soch1239	-0.98842968991	1.55178442688951	-4.16848525	1.99268775
soga1242	-0.5284782765962	1.71668882555279	-4.1315455	2.54130649999999
soli1239	-0.265443170885	1.85859078147499	-4.0493885	3.2542315
sons1242	-0.125984353095	1.73202688967584	-3.68383775	3.1673365
sooo1254	-1.3949961926885	1.67034967219851	-4.98054625	1.649119
sout1528	0.713924182965	1.58081814646236	-2.2763595	4.108373
sout2649	0.83923616752	1.75528997982162	-2.45433975	4.50334425
sout2674	0.130662415952	1.84184588155039	-3.39462725	3.805969
sout2679	0.20224519091	1.76868087237164	-3.336996	3.859086
sout2728	0.644956192011	1.79117017255646	-2.736178	4.31522575
sout2729	0.983120316051	1.75510238050466	-2.23496875	4.87845724999999
sout2730	1.0601900783111	1.70648764372987	-2.0003055	4.650662
sout2797	-0.50581007247	1.2824489975299	-3.20226975	1.92031
sout2807	2.3815260500115	1.74542189662169	-0.774224625	6.07465325
sout2856	-1.1163065972613	1.63063493157639	-4.501771	1.8818325
sout2857	-1.02928122402	1.3526381076619	-3.741504	1.4935365
sout2859	-0.004431864925	1.20723785984705	-2.59808625	2.32931475
sout2869	-0.89461335463575	1.60049328704866	-4.25403225	1.9781935
sout2954	0.1622586683975	1.91505984722203	-3.6374835	4.168975
sout2956	1.3007772430155	1.72206779971804	-1.939802	4.87560875
sout2959	-0.62539695551	1.77067612883146	-4.17856075	2.85223074999999
sout2976	-1.210394397467	1.56351436540991	-4.321515	1.76645675
sout2994	-0.636675632547	1.73181068040671	-4.253229	2.67925325
sout2996	0.8613157498555	1.78364196975728	-2.46589075	4.61189399999999
sout3236	1.42489395287	1.71323267060546	-1.72979	4.80063675
sout3261	0.676325074885	1.86535247272147	-2.98654925	4.42668425
stan1289	-0.73676240669	1.5792728167461	-3.97304675	2.23974325
stan1290	-0.7953179971465	1.66424063673361	-4.31012625	2.1307115
stan1293	0.052085439262	1.75541977149843	-3.485083	3.5262955
stan1306	-1.08621717379485	1.69141531217072	-4.68291375	2.11631
stan1318	-0.3509756300294	1.7297580015945	-3.86037825	3.05023175
sude1239	-0.797880338525	1.74787135399809	-4.43738875	2.3885885
suku1259	-0.3529194542965	1.80677743081285	-4.22975975	3.1066145
suku1261	-0.557017572665	1.79238823182486	-4.16944875	2.94797575
sumi1235	-0.999460116425	1.39830547593072	-3.85985825	1.62152375
sund1252	-0.35063061441	1.63399025661434	-3.6399	2.68821825
sunw1242	1.2408597474035	1.65919288146485	-1.75252625	4.56936099999999
supy1237	-0.7573470642345	1.68774251997522	-4.4017395	2.4777485
surg1248	0.044221515495	1.95665368180628	-3.5895185	3.94676325
surs1246	-1.060136449688	1.56104874460176	-4.2583735	1.89132225
swah1253	0.452566800395	1.67486961212461	-2.81235475	3.70317925
swed1254	0.3053144346145	1.79727026299557	-3.14176475	3.94873275
taba1263	-1.14359218969	1.70454233708083	-4.6268165	2.028911
tabo1241	2.171307782375	1.73824664246412	-1.12040525	5.8164905
taga1272	-0.0250564207685	1.49045602396797	-3.05785375	2.843693
tagw1240	-0.9065516777355	1.72978335267755	-4.726892	2.35668275
taha1241	-0.3889201648705	1.70074065323469	-3.703958	2.83383
tahi1242	-0.328880700748	1.80995674375424	-4.32429175	3.09322524999999
taia1239	0.8588370454315	1.35757052680325	-1.7460585	3.4386785
taji1246	-0.2347506124227	1.56000568497042	-3.419899	2.73074775
taku1257	-0.359995562019	1.77864722502497	-4.15059725	2.91729425
tali1259	-0.360531063179	1.55504710747911	-3.5305895	2.586604
tama1365	0.171553867015	1.37127556037387	-2.610529	2.83414875
tami1289	0.12392828848915	1.94405992208713	-3.6346425	4.09708375
tane1237	-0.927764155755	1.70366325995726	-4.57832775	2.105591
tang1336	-0.4631072818335	1.36883610149633	-3.21861775	2.15638525
tang1347	0.080872740915	1.32683930839118	-2.55611225	2.8864485
tang1348	-0.8747696895355	1.71476183189715	-4.5217035	2.21549274999999
tang1377	-0.2928951883735	1.59956957824312	-3.404868	2.884418
tani1257	2.181259996658	1.64825116787712	-0.77955595	5.70240675
tari1256	0.177334472065	1.45787900934141	-2.818724	3.011036
tari1263	-0.4937658569475	1.78021775983451	-4.12831975	2.89167475
tata1255	0.524998317044	1.78680207170558	-2.73681575	4.17420675
tata1257	-0.87322896474	1.68746484070916	-4.662646	2.1436225
tata1258	-1.61120592989	1.70851696904061	-5.20387725	1.56906275
taul1251	-1.420497136181	1.59656384483319	-4.79801025	1.461005
taus1251	-0.81973734537279	1.70637893544166	-4.3984085	2.356646
taus1253	0.77159065873395	1.6291562735281	-2.19215775	3.960904
tawa1286	2.031136531005	1.69199753506128	-1.04725075	5.64654099999999
taya1257	-0.465171053859	1.72341878858185	-4.0394175	2.78262925
tbol1240	-0.5725272942875	1.65387079307973	-3.9714735	2.38810525
tean1237	-0.931831961772	1.69740711252566	-4.5566625	2.0756265
teda1241	-0.3283962115295	1.853946482059	-4.05953725	3.315535
tedi1235	-0.9217491126995	1.56387884695456	-4.20762075	2.01884725
teke1275	0.108904263257	1.80737632087006	-3.50722175	3.6468445
tekt1235	1.774427519915	1.48112614760488	-0.972176875	4.84819825
telu1262	0.178701825485	1.88139935211961	-3.48108625	4.168996
tene1248	1.19541550281	1.58000465087428	-1.82124825	4.54112
tenn1246	0.061318712548275	1.69888738202829	-3.238536	3.424831
teop1238	-0.1169609039395	1.39962417572793	-2.91820175	2.557748
tera1251	-0.511026254825	1.63132345324468	-3.74683725	2.675925
teri1250	-1.182563661868	1.64698042174168	-4.64511725	1.9457855
tern1247	-1.1825128544035	1.68557814910558	-4.61494	1.9842005
tete1251	0.35057080936	1.57834192178281	-2.6102005	3.585509
thad1238	-1.289962908515	1.49106214621697	-4.41052525	1.53544125
thak1245	0.97840937147155	1.78599848103053	-2.36107575	4.658998
than1259	0.922823457999	1.85185039820867	-2.57932075	4.77692575
thao1240	2.86807923385	1.46856930003047	0.118288035	5.96200125
thul1246	1.0745497794035	1.66795903752312	-1.89593975	4.56785575
tibe1272	0.3838326272355	1.83156688056197	-3.1926845	3.9417875
tibe1274	-0.5828144219185	1.65733049050899	-4.0169895	2.54383225
tief1242	-0.5920126665525	1.2972681390197	-3.22623525	1.84706675
tief1244	-0.4894396279375	1.32469185684099	-3.0559375	2.0516715
tien1242	0.206408795483	1.87935871845784	-3.714951	3.832573
tiga1245	-0.6363462822105	1.56505930698811	-3.953986	2.3978375
tigo1236	-1.449369962985	1.64170221336723	-4.868021	1.576608
tika1246	-0.846638202525	1.65263287860362	-4.24652275	2.21855374999999
tiko1237	-0.573553212055	1.75761567648557	-4.19686275	2.7166895
timn1235	-0.658819652648	1.74401136188033	-4.2933255	2.58133875
timu1262	-0.83735907181	1.70632968521248	-4.5272175	2.2338605
tiri1258	-0.3996828192255	1.5722500407159	-3.64530425	2.64769625
toab1237	-0.16740891533805	1.5046353998384	-3.24915875	2.676499
toar1246	1.32558860743475	1.44342168740089	-1.480927	4.22318125
toba1268	-0.823255120445	1.75882911569152	-4.44807525	2.44763075
tobe1252	-1.122840283683	1.74289526742925	-4.7697185	2.0507925
toho1245	0.5906806276635	1.65689671640098	-2.6183045	4.02214925
tojo1241	1.51128087989	1.54502380259993	-1.390959	4.6588845
toke1240	-0.2524127755805	1.79141697329856	-4.0119855	3.10255175
toll1241	-0.923797409045	1.73519041826665	-4.573459	2.322352
tond1249	-0.3427660705485	1.67048203315041	-3.71577075	2.93112524999999
tong1308	-1.0563241133905	1.77913273912903	-4.704079	2.25337474999999
tong1318	-0.2818603949155	1.7761369146994	-4.0565485	3.13219425
tong1325	-0.256149154582535	1.77816894408433	-3.99953275	3.099324
toor1238	0.3111499860685	1.64966340053034	-2.92615225	3.526143
tosk1239	-0.93519839809	1.7118515985162	-4.4977235	2.251552
tote1238	-0.1095140957614	1.73021283344159	-3.6413375	3.20568
toto1302	0.762511960585	1.74455444851135	-2.552567	4.3179075
trio1238	0.6883840585845	1.63048552308771	-2.31807325	4.08839425
trum1247	1.826484614502	1.60902720805779	-1.084062	5.329584
tsam1247	1.07530237007625	1.35971507738732	-1.55359525	3.866837
tsat1238	0.8254735253555	1.6569116925669	-2.32170525	4.3190275
tsha1245	0.24717062113	1.81683761149833	-3.29080175	3.93490475
tsis1238	0.3980389067615	1.62968882847504	-2.9563155	3.7470165
tsix1234	0.57598767027	1.82070686321237	-2.827652	4.33505175
tsog1243	-0.33038070267905	1.86727457951192	-4.17004775	3.2748675
tson1249	-0.282246661036	1.74502406511617	-3.82237	3.01437225
tswa1253	-0.4871847728195	1.79152651496136	-4.26676775	2.80581974999999
tswa1255	-0.294927881925	1.83777016844833	-4.09525525	3.31273375
tuca1252	1.595695846235	1.44715867113037	-1.2137595	4.680913
tuge1241	1.2326516515755	1.68924146630025	-2.00404125	4.73391825
tugu1245	-1.039170137196	1.65634368212728	-4.48622375	1.90305775
tuka1248	-0.540298073742	1.78017832073026	-4.2738985	2.79187425
tuki1240	-0.1256794893185	1.722441521482	-3.5358845	3.22777525
tula1252	-0.585912538475	1.48863963655475	-3.73167225	2.2494305
tulu1258	0.19446499822	1.92067026277695	-3.399721	4.177249
tune1261	-0.15234054092	1.5804325354583	-3.29869675	2.94034325
tung1290	-0.521415712645	1.69400500932787	-4.147399	2.67243775
tunn1238	-0.554036742898	1.74322011199789	-4.12712425	2.905855
turk1303	0.071179523392	1.71149541602397	-3.25100575	3.53675625
turk1304	0.049063340965	1.9264852318151	-3.71589125	3.92048
tusc1257	-0.7489341194334	1.68706552319723	-4.20853525	2.37319275
tutu1241	-0.07475854528005	1.26742290702638	-2.72771775	2.4766805
tuva1244	-0.3165197154705	1.81505056388084	-4.03585525	3.0902975
tuwa1243	2.530085408229	1.36609601899279	0.0362815575	5.34103475
tuwu1238	-1.0114419434975	1.78902705573109	-4.8117375	2.43283
udih1248	0.1055724031365	1.92242454252176	-3.76851175	3.9434875
udii1243	0.73635010691	1.8060643467052	-2.6492895	4.374813
ughe1237	-0.9418141995785	1.67466505034033	-4.472292	2.1719605
ukra1253	0.928286855856	1.59885595683542	-2.09098875	4.37349675
ulch1241	0.3315434920795	1.86061080554244	-3.215568	4.22385825
ulit1238	-0.25642735505303	1.71645718397954	-3.85692525	3.01778375
ulwa1239	-0.4250934068215	1.78767106802163	-3.9660295	2.92276624999999
umaa1242	1.798552405415	1.67625087025682	-1.28509375	5.42886625
umbu1257	-0.20877861828075	1.82903804767457	-4.050679	3.04493374999999
umbu1258	1.808581922685	1.43269952507769	-0.828404625	4.8880255
umes1235	0.10226427487	1.87153281196199	-3.6736235	3.83285825
unua1237	-0.7072779784975	1.19280587632972	-3.12309025	1.594209
uppe1275	0.344176499545	1.37658074974017	-2.295504	3.197678
urak1238	-1.3018815187565	1.75353790924896	-5.05195525	1.7996935
urar1246	-0.0936830591635	1.59644527385001	-3.23185775	3.1028535
urav1235	-1.04224725601	1.63370289675983	-4.53397825	1.98509
urim1252	1.057027094585	1.38732365750948	-1.635421	3.97887325
urip1239	-0.61105352165	1.26397822927335	-3.1956525	1.84370475
utes1238	-1.5784896656565	1.67277890771665	-4.95801325	1.48559175
uuuu1243	-0.31946313715	1.49020634059276	-3.41133925	2.5131005
vano1237	-0.934156384349	1.71053336481358	-4.5902105	2.1032425
veps1250	0.2869731256905	1.70989133601308	-3.02889875	3.73545549999999
vera1241	-0.581260068364	1.63783785521506	-3.96622725	2.48798825
viem1243	-0.305441051755	1.54882183026832	-3.54948025	2.86755525
viet1252	-1.3146210591217	1.69728171976467	-4.97919425	1.7614855
vinm1237	-0.8149504682625	1.24019352964795	-3.29064475	1.5658855
voti1245	-0.13768549681	1.86288740658465	-3.73926225	3.65946275
vunj1238	0.716349498773	1.68778318193564	-2.58205525	4.14120725
vure1239	-0.5757087993335	1.64409928198531	-3.95621025	2.499775
vwan1235	0.021853175844	1.57549871008719	-3.0485335	3.103265
waga1260	-0.628806682149	1.72292032620306	-4.207338	2.69269075
wage1238	-1.19865528351005	1.82285259985329	-5.096436	2.11934225
waig1244	-0.85373482118765	1.70763907991709	-4.4103135	2.44627725
waim1251	1.737847244728	1.38618924515999	-0.92382435	4.69942825
waja1257	-0.43564726888	1.74719706386026	-4.111091	2.78882425
waja1259	-0.319686242866	1.46839272996577	-3.270691	2.539506
waka1274	-0.493969350595	1.66414080254174	-4.054688	2.520107
wala1266	-0.464369141771	1.48344003483153	-3.52194075	2.3723285
wall1257	-0.288370327415	1.74331348536526	-3.90546525	3.05850475
wamb1257	1.2586688758635	1.64667871391473	-1.635324	4.86764525
wand1267	1.0588283611625	1.50621880795846	-1.864334	4.2095155
wand1278	-1.14263622517	1.57418653272109	-4.42817325	1.76751775
wara1294	2.05692489193	1.67571351941067	-0.92070625	5.77985699999999
wara1303	-0.75091825004	1.77016841663335	-4.469967	2.60959375
ware1253	-0.49769640996005	1.61363681439108	-3.8361115	2.531944
wari1268	0.1711943983945	1.63059796937818	-2.90913375	3.42767275
warj1242	0.39280712498	1.43910606925774	-2.4257605	3.19294425
waro1242	1.00704232098	1.50819993879755	-1.90778725	4.082581
warr1255	1.625802005366	1.64594767563168	-1.3924345	5.10532975
waru1265	-0.5553327358965	1.75318797980273	-4.055011	2.7568255
wawa1246	-1.14280629529	1.75585538441565	-4.7179625	2.045645
waya1269	-0.87105308431	1.6565990295234	-4.44366825	2.21688
wayu1241	1.244799907565	1.64349759150597	-1.661377	4.62471775
wayu1243	1.306313266835	1.64671045360222	-1.69153875	4.7624855
wels1247	-1.0650726754715	1.65677879110734	-4.634653	1.85039075
west2354	1.038185733161	1.71619297159547	-2.06402825	4.65210774999999
west2369	-1.286546327987	1.64180605201911	-4.74685175	1.578625
west2392	0.646007494488	1.72694638711617	-2.67252975	4.13124375
west2396	-1.77302585849	1.75792522924147	-5.542185	1.55944475
west2397	-1.329001941015	1.6706227993045	-5.003089	1.67043875
west2415	1.16498541331	1.75228407943697	-1.93635125	4.78831274999999
west2418	1.0370385384375	1.72993534716935	-2.2400985	4.61865875
west2441	-0.5229369165305	1.778316784375	-4.3946945	2.7743665
west2466	-0.770731039356	1.31537700141974	-3.59771225	1.64760275
west2516	0.5289037289805	1.52217185899859	-2.5056645	3.37293625
west2519	-0.455981783612205	1.788303096408	-4.354618	2.79354625
west2548	-0.7527711363165	1.76850266750362	-4.52666425	2.58617825
west2557	-0.48565679474005	1.55470478284219	-3.643053	2.4212965
west2560	-0.92750142185	1.70260316563378	-4.5776025	2.16823475
west2594	-1.02184400587	1.57306707732238	-4.29642425	1.92027625
west2600	-1.13790875101137	1.72482507314749	-4.84853225	2.06655125
west2618	-0.725661574912	1.69152723206946	-4.28349825	2.369951
west2632	1.1201335208	1.76636093443635	-2.218344	4.74468
west2635	1.5053313827565	1.47143157099256	-1.29161375	4.50453825
west2644	-1.5650691407415	1.65997146074379	-5.06384275	1.624402
west2650	-0.589350422639	1.72273181706416	-4.16555025	2.64507325
west2763	-0.611204513125	1.66932617122758	-4.370046	2.49265175
whit1269	-0.951663081825	1.60249977968496	-4.306908	1.8610285
wiru1244	2.047538374195	1.51772739903162	-0.685563425	5.36831474999998
woii1237	-0.0602736366802	1.56750922981201	-3.33679475	2.9915005
wola1242	2.494006457565	1.67498700456625	-0.5344183	6.12699525
wola1253	2.553817032698	1.67718266985006	-0.447996525	6.25556525
wole1240	-0.333303856475	1.71781321267856	-4.007031	2.92846975
wood1236	0.304238912225	1.72676825902434	-2.9689295	4.011782
wotu1240	2.21855924385	1.64294183028642	-0.73742535	5.67268099999999
wuch1236	0.200773702496	1.77359471724762	-3.22054175	3.728815
wudi1238	0.04374947664	1.63348344662689	-2.9915325	3.31628725
wusa1235	0.30861641231	1.66181584143272	-2.8686095	3.8157005
wutu1241	0.324115642108	1.84438820615046	-3.18011725	4.08065925
wuvu1239	-0.2428466976165	1.73299991213014	-3.73968025	3.12404725
xamt1239	1.50890108407	1.81414683864895	-1.71390725	5.44875824999999
xara1244	-0.2566360846741	1.53457158129809	-3.32058775	2.7667095
xhos1239	0.1753601963315	1.8623661616713	-3.56560525	3.84574824999999
xish1235	0.801027902454	1.69529352574214	-2.377333	4.38137325
yaak1241	-0.06409284003155	1.60883578535953	-3.23852375	3.396946
yaey1239	0.89971031389555	1.86489582601352	-2.5964855	4.75533275
yagu1244	-0.550124623114	1.66595531831558	-3.9313095	2.61957925
yaka1269	-0.4977967307535	1.78017155704255	-4.23222925	2.78326225
yaka1272	0.75003093435	1.6836994974028	-2.45998325	4.1442935
yaka1277	-0.8283586234755	1.62390313798923	-4.1990945	2.03326425
yaki1237	0.796800072929	1.72959171421734	-2.45469	4.34558075
yakk1236	1.0278312844125	1.67687575316124	-2.07286125	4.48675724999999
yako1252	0.697397637184	1.53126463595905	-2.347122	3.78628325
yaku1245	0.2041109816655	1.84806558407263	-3.21177925	3.926571
yale1246	1.049663032714	1.3944648858171	-1.5716435	3.8659685
yami1254	2.218407909875	1.66024028223666	-0.622345425	5.85641525
yami1256	-1.577082042836	1.65406887413507	-5.088355	1.53577275
yane1238	-0.5191677386025	1.43500985868599	-3.29171225	2.2521535
yank1247	-0.37322540622	1.80908391718433	-4.1634445	3.15922225
yano1261	-1.13849294905	1.75803562724015	-4.860542	2.084283
yano1262	-0.7541353835	1.66921740346227	-4.144557	2.4124135
yaoo1241	-0.0699228713025	1.89018264890959	-3.8519795	3.452751
yapu1240	0.906843160155	1.36942338116522	-1.760608	3.6685045
yaqu1251	0.520704183445	1.75432902740007	-2.69566125	4.3156535
yasa1242	-0.234450393875	1.77110012341005	-3.857875	3.19486375
yatz1235	-0.8530210519825	1.63168514491788	-4.192974	2.2120725
yaum1237	-1.395994660045	1.28760188462175	-4.17046125	1.00275225
yawu1244	0.8240554229015	1.6786133767215	-2.45619525	4.2544345
yele1255	-0.8426859121695	1.80951647564875	-4.53637375	2.44978875
yems1235	2.641418671235	1.75859722867662	-0.444598225	6.47864699999999
yind1247	-0.57125758521	1.65808509320194	-4.117832	2.54982
yoga1237	1.749895770395	1.33668090434401	-0.76291045	4.5228555
yona1241	1.47902916473	1.82184185595247	-1.91499175	5.47221425
yong1270	0.9653105200505	1.79732526363557	-2.34897975	4.9217505
yong1280	-0.48075069682	1.57009081977872	-3.75003825	2.54339674999999
youl1235	-0.388008054659	1.41286835442423	-3.212254	2.3161645
youn1235	1.24663950735	1.87893938499684	-2.1446305	5.2320125
yuca1254	1.143374084246	1.65148399857219	-1.85884675	4.7760755
yucu1253	2.0296834608195	1.55747901686852	-0.810556825	5.57319
yuec1235	0.65741759198075	1.75388126129582	-2.8023315	4.23449649999999
yuqu1240	-1.540431147255	1.55961101418299	-4.753464	1.33451625
yura1255	-1.554733145925	1.57036207292675	-4.71134475	1.30944075
zaba1237	-0.2941851965375	1.59252073524628	-3.5768415	2.690637
zaca1241	0.149724139065	1.36803512662807	-2.404065	2.93295075
zaca1242	-1.457108607825	1.64378415500393	-4.8705535	1.5313165
zagh1240	-0.328370917888	1.82825220518715	-4.10672425	3.18907174999999
zamb1245	-0.057937215437	1.76185161140218	-3.46945	3.4547875
zani1235	-1.7369951659485	1.68088676844508	-5.21782075	1.3192645
zarm1239	0.19162874982555	1.87238829870951	-3.3516935	3.890054
zaye1235	-2.8490330767	1.6617793588698	-6.390944	0.242894849999995
zays1235	2.131254744955	1.5888010676543	-0.715557875	5.44773549999999
zeme1240	-0.234789339115	1.47623201518935	-3.17662725	2.629122
zinz1238	-0.50130763457	1.84726903144725	-4.28528825	2.876931
zoog1238	-0.955025364772	1.63345875140341	-4.24583475	2.021471
