Estimate	Est.Error	Q2.5	Q97.5
abad1241	-1.2275899349165	1.11983718801982	-3.66029525	0.680539424999998
abee1242	0.211705795975	1.12087706185638	-2.08087	2.48329025
abkh1244	0.82800693592	1.19289127993402	-1.396478	3.460462
abua1245	-0.229353740921	1.00933088549507	-2.2768715	1.872884
abun1252	0.9756804218835	1.19899823551709	-1.12176475	3.624941
acha1249	-0.224147062835	1.13033279609794	-2.54543675	1.97291625
acha1250	-0.98295513633	1.20742590024105	-3.51431725	1.1089825
ache1245	0.120097177709	1.19716506971129	-2.21522125	2.6430075
achi1256	0.6943599312555	1.17998484942526	-1.424636	3.2145
achi1257	0.418120850302	1.10101918667086	-1.75640225	2.69606125
achu1248	-0.42998129379	1.16058091684525	-2.89410875	1.74691075
acol1236	-0.0644444171545	1.17276464583523	-2.571175	2.30895275
adan1251	0.3999279970975	1.06185867257065	-1.60909375	2.607789
adny1235	0.8507334837585	1.19103638728441	-1.33709275	3.41880625
adon1237	-0.32843189193	1.09962566806312	-2.773431	1.664644
adze1240	-0.9154691396025	0.953750679271755	-2.89759675	0.795027924999999
afar1241	-0.1128210803005	1.23234521425007	-2.6297895	2.348247
aghe1239	-0.5719497894205	0.954975852486714	-2.5634305	1.14116725
aghu1255	1.4358938355165	1.27120995089009	-0.641334075	4.26310624999999
agob1244	-0.21556400781355	1.08395670006442	-2.4839055	1.85107549999999
agua1253	-0.2848439971305	1.16868757361954	-2.8599035	2.00595225
agus1235	-0.14651878455525	1.18908641417104	-2.64120325	2.1074395
agut1237	-0.2719632067802	1.11435251340583	-2.676637	1.89028425
aheu1239	-0.08603497624485	1.14862064790155	-2.4913055	2.15678575
ahin1234	-0.6307328132495	1.08766891286332	-2.9629345	1.35975025
aime1238	-0.03219982328845	1.02249907001854	-2.0660805	2.07458575
ainu1240	0.56350111949	1.21842527521351	-1.629435	3.21173725
ajab1235	-0.423284522485	1.19396638243569	-3.0887435	1.79258424999999
ajie1238	-0.8200686729968	1.15830473340091	-3.29150975	1.31738775
akha1245	-0.0595147431435	0.992277312079483	-2.092	1.91091675
akoo1248	-0.18064328451715	0.958575370141951	-2.08900525	1.79289775
akun1241	-0.3573073433545	1.07944083701069	-2.52484675	1.664219
alab1237	0.098291481341	1.14823178474575	-2.302368	2.3820205
alab1254	0.889938025954	1.12517093627635	-1.069429	3.31148325
alac1244	-1.3827232532855	1.14479371899653	-3.82691975	0.5810446
alag1248	-0.505608484551	1.04959872502127	-2.76104175	1.41608525
aleu1260	-0.20247662062	1.14171789506868	-2.5567045	2.0477085
alor1247	0.2633697561195	1.0676550441133	-1.897374	2.410813
aluk1238	0.8038721905222	1.16106636932428	-1.25658925	3.29365275
amah1246	0.595339072596	1.10849460014957	-1.518845	2.92904525
amam1246	-0.894739737401	1.01992306045915	-3.064135	0.989846399999997
amap1240	-0.81976060005	1.04722136497087	-3.03821725	1.0762635
amar1272	1.0660461678685	0.952890279841174	-0.61325915	3.13801875
amar1274	-0.801761123748	1.24665733241524	-3.48930625	1.35619575
amas1236	0.182947265414	1.17267787549362	-2.2625325	2.46984425
amdo1237	-0.192984162822	1.17781935163453	-2.5846495	2.11443824999999
amii1238	-0.2058601080485	1.05966480084774	-2.413405	1.8828185
amri1238	0.2856508268462	0.974744865077397	-1.6351225	2.26403075
anei1239	1.2617776053405	1.11477966326593	-0.64934045	3.7387085
anfi1235	-0.3285636687388	1.14851542703416	-2.80903425	1.8287585
anga1288	0.7861634726075	0.973629410651853	-0.910749425	2.78429924999999
anga1290	-0.8055774193925	0.979909864032688	-2.830732	1.0578625
anuf1239	-0.4751537409975	1.13164136146323	-2.92052625	1.61869225
anut1237	-0.2430809543465	1.20280137715808	-2.792068	2.07247925
anuu1241	-0.05859180539025	1.00733850217848	-2.212794	1.9478415
aona1235	0.614191678759	0.978036444672348	-1.19167925	2.68407325
aoua1234	-0.157541129765	1.18106655418577	-2.5712585	2.11606925
apat1240	0.02107998825	1.10846443045772	-2.21609675	2.2548695
apin1244	0.139194621965	1.15872048788127	-2.03078525	2.54688124999999
apma1240	-0.091825305784	0.844875010536506	-1.77029825	1.6296315
apur1254	-0.189797534708	1.14034426045499	-2.58541675	2.069412
arak1252	1.0196198973335	0.900739655644236	-0.558015425	2.934788
arao1248	-0.29949846125745	1.08252268710528	-2.58449025	1.77158075
arap1274	0.2187182182809	1.17440912762739	-2.05913225	2.67139575
araw1273	0.1941002992825	1.11595658608688	-1.9150325	2.4589355
arbo1245	-0.42140264536135	1.10950582559738	-2.768837	1.72613825
area1240	-9.61513000000171e-06	0.992809469891675	-2.100994	1.878046
aree1239	-0.301505714123	0.969828560452453	-2.2883155	1.51184675
argo1244	0.836048365736	1.17657907163612	-1.282981	3.39999449999999
arom1237	-0.1588912868885	1.16007116228631	-2.63590675	2.07373825
arop1242	-0.63884232992	1.03038619187422	-2.9043955	1.21991275
arop1243	0.242753797787	0.986169860232982	-1.63429625	2.3254005
aros1241	-0.381449356953	1.09794115915587	-2.6859905	1.65492525
arta1239	-0.6017664573725	1.14360108074148	-3.110651	1.514098
ashe1272	0.6458682369305	1.12838584479082	-1.516304	2.9926095
assi1247	0.28430302952447	1.12495015495123	-1.75528375	2.584809
asur1254	0.4731949020235	1.18805602167701	-1.79453475	2.99795625
asut1235	-0.9300789686585	1.03703237460075	-3.13018575	0.90048555
atam1240	-0.230557347726	1.16896056970249	-2.649993	2.03037625
atay1247	0.01713392753	1.04311131342401	-2.15699875	2.06884725
athp1241	1.3698823795575	1.11144097159021	-0.55625025	3.6865565
atii1237	-0.299399856226	1.13609547245257	-2.6267285	1.842304
aton1241	0.0321038542745	1.06290333723616	-2.1286415	2.13500425
aulu1238	0.490714467342	0.814900810825558	-0.98444055	2.22980675
auuu1241	-0.61734180884205	0.990443660216181	-2.7502415	1.15300575
auye1238	-0.442494460379	1.01737593449092	-2.60080575	1.48286525
avac1239	0.219555048015	1.15857004035949	-1.988117	2.6764135
avok1242	-0.451928327354	1.10108350913781	-2.75234575	1.6085815
awad1243	0.267215172671	1.08312467933871	-1.80442075	2.52053325
awad1244	-0.5208669172705	0.960952702406231	-2.47388275	1.3340205
awap1236	-1.04200982497	1.02614077277292	-3.1954295	0.769894775
awar1248	-0.8541321554895	0.939467870452089	-2.793135	0.811437524999999
awar1249	-0.1375986313695	0.948046448143462	-2.11933	1.79766075
awet1244	-0.302911660651	1.02138037696507	-2.37688725	1.6948995
awji1241	-0.134004269315	1.17963515952253	-2.49949025	2.28656725
awtu1239	-0.748537235305	1.01000612081314	-3.008061	1.0671825
axam1237	0.57712417672	0.840053123315281	-0.9453552	2.3704855
axiy1235	-0.3355859866655	1.20891823201962	-2.95477425	1.87498925
ayac1239	-0.12179060193285	1.12074455245577	-2.4871325	2.06193075
ayiw1239	-0.3231378037613	1.039842234682	-2.593345	1.6427025
azha1235	-0.3453641133384	1.14622677395319	-2.89259425	1.879153
baba1264	-0.660707022869	1.0243656110262	-2.80343575	1.178498
baba1266	-0.5015905702637	0.982498088042876	-2.50305425	1.33784175
baba1268	-0.477099914105	1.16947969839595	-3.00204575	1.63516925
babi1235	-0.0400322279345	1.10794573683684	-2.166141	2.25630125
bada1257	0.68326404986	1.14164358329962	-1.4473425	3.15066625
bafi1243	-0.0352265257889	0.867546957343527	-1.70073575	1.75110625
bafu1246	-0.4546751025295	0.979516637488751	-2.46514575	1.33099525
baga1272	0.5927032634515	1.0739475913423	-1.47504025	2.789779
baga1273	0.805076259555	1.11383402597957	-1.16404075	3.15791775
bahi1252	0.2241995441207	0.887151964669496	-1.486842	2.0024445
baim1244	-0.00365845937775	1.09046632892036	-2.265341	2.18091625
baki1244	0.536645030443	0.863012106658311	-1.08485625	2.3072215
bala1311	-0.23129923038145	1.16711490317544	-2.648073	1.98894925
bala1315	-0.101657138188	1.17145716910538	-2.38020775	2.24090924999999
bala1316	-0.636377820753	1.11570093061948	-3.028357	1.404131
bali1278	-0.1844317638523	1.22738081761352	-2.69618	2.15885099999999
balo1261	-0.908322097338	1.13974091911845	-3.36319275	1.08541275
balu1257	-0.36866069565	1.07590328175763	-2.5485645	1.73695225
bamb1270	-0.1928104925318	1.171760701477	-2.648944	2.058
bamu1253	-0.419639711597	1.00734361503301	-2.49736325	1.490451
band1344	-0.36657546314	1.20346698525331	-2.87091325	1.86695675
bant1281	1.236399566047	1.07370397522421	-0.597712225	3.4693155
bant1288	-0.303988374103	1.16100955816319	-2.70675225	1.95029524999999
bara1357	-0.607778874376	0.985170640219118	-2.718387	1.22370375
bara1369	-0.103615025519	1.12050674028559	-2.366589	2.00541075
bara1370	-0.356113866505	1.17750751556907	-2.81994975	1.904961
bare1276	0.273639938372	1.15114251522825	-1.98987475	2.72591125
barg1252	0.0163518934835	0.984746343133388	-1.96196975	1.91833875
bari1286	1.057949820129	0.952657816258823	-0.60766775	3.1193505
baro1253	0.05791828116535	0.971520392512138	-1.929096	2.06782175
basa1282	0.839584353936	1.14595239611985	-1.22276125	3.2637355
bash1264	-0.0729596597805	1.15221764695665	-2.41082575	2.1872895
basq1248	-0.197126123445	1.1239150044119	-2.51975525	1.9356915
bata1289	1.0360296614585	1.17730061023265	-1.02340875	3.58327224999999
baur1253	0.375901934699	1.11980991717497	-1.736172	2.7277935
bayb1234	-0.113213711378	1.11576100408399	-2.43068475	2.122174
bebe1248	0.343128286129	1.06465035598831	-1.7085425	2.6157345
beem1239	-0.472000316425	1.14908711143715	-2.9484665	1.71549175
beka1241	-0.2191814580165	1.17573295883059	-2.629818	1.9626635
bekw1241	-0.0467141396825	1.0071110621303	-2.06739175	1.979477
bekw1242	-0.1669956461085	1.12144977201861	-2.512823	1.99478925
bela1254	-0.0671179638995	1.15285214447199	-2.42048725	2.2082815
belh1239	1.418737924347	1.10647205508072	-0.483055525	3.797912
bell1243	-0.5517302453355	1.08403605746077	-2.9931365	1.45842649999999
bemb1257	-0.603649933771	1.15990922612413	-3.09433125	1.48974575
bert1248	-0.2636153332934	1.13645708950769	-2.59432025	1.92141575
bhoj1244	-0.178919147222	1.15062498926346	-2.61842825	2.36683625
bian1252	-0.573451612409	0.960363986252738	-2.57429825	1.25147725
biao1253	-0.206562788965	1.186588980473	-2.57842075	2.15003275
biao1254	-0.193599358375	1.12788860362189	-2.560123	1.98773824999999
biao1256	-0.1817377338385	1.22818937305132	-2.68249075	2.25741175
bier1244	0.54218211431085	0.85842672815393	-1.0619495	2.30668399999999
bign1238	0.74732868059795	0.816273975142946	-0.737181875	2.49502575
biha1246	-0.3494001509925	1.13623012436825	-2.78197725	1.856361
bila1255	0.8595120317595	1.10582615743802	-1.102072	3.17798075
bilb1241	-0.2885828214025	0.933774121018312	-2.11051325	1.51756475
bili1260	-0.1197848530315	1.21535193288484	-2.65887625	2.22877125
bimi1240	-0.6074051479075	1.02453161191654	-2.765333	1.27740975
bina1277	-0.861921963355	1.1026663215407	-3.2305625	1.19646025
bini1246	-0.1413391981245	1.09255913105095	-2.36822375	1.93133925
binu1244	-0.0354899820725	1.1108939576654	-2.31418325	2.16294775
bira1253	-0.280755504367	1.0991292813025	-2.6088095	1.8138655
bisu1244	0.31504816314465	1.04643767193327	-1.680661	2.4302005
bitt1240	-0.2666742998145	1.11103921473969	-2.6287455	1.86761175
biwa1243	-0.561342599409	1.00653844636154	-2.6458845	1.34466675
blab1237	0.26839612826	0.977221563066688	-1.67706325	2.22596675
blan1242	0.0774837868075	1.08757660361707	-2.11365125	2.229035
bodo1269	0.271809906299	1.01379099580893	-1.65823775	2.32449925
boht1238	0.6949681453275	1.14645999572448	-1.48302525	3.083046
boka1249	-0.3027911579155	1.16429825857947	-2.60816075	1.95666774999999
bola1250	0.992090369135	1.00574369772034	-0.756873925	3.07823825
boly1239	-0.241588077524	1.14438303941206	-2.6085455	2.008772
bomb1262	-0.848468780836	1.11005559635484	-3.29961425	1.22381275
bomk1234	0.175007281013	1.10226874254357	-2.014529	2.39663575
bona1250	-0.3006718234245	1.16500830489769	-2.73429825	1.94673125
bond1247	-1.101836523293	1.12154708368091	-3.38339125	0.822130674999999
bong1289	-0.434873322905	1.17795215956613	-2.99513175	1.838679
bora1263	0.4410273361995	1.18824504405566	-2.03201225	2.90954999999999
boro1277	-0.252190563106	1.15697593443233	-2.672974	2.06994025
boro1282	0.46245820554	1.14683304676199	-1.7050015	2.8062295
boto1242	-0.402120636286	1.16797626392277	-2.92353125	1.77225925
boun1243	-0.278767498045	1.16042333993906	-2.68621575	1.97193
boun1245	-0.174200756658	0.977621471980732	-2.171132	1.7045385
bret1244	-0.143814285418	1.1199519155383	-2.446607	1.97284549999999
bube1242	-0.06471552283	1.09889378409613	-2.26240325	2.07787
bubi1250	0.75882964578095	1.20157844251725	-1.44385725	3.3617615
budu1265	-0.378760178165185	1.13804066923973	-2.760846	1.75077775
buga1247	-0.244195284788	1.14307899674135	-2.58943875	1.9939
buga1250	0.0616786451875	0.96705692807439	-1.8292585	1.96193025
bugh1239	0.3007514313415	0.956641512803954	-1.5369925	2.27355725
bugi1244	-0.300311092060405	1.15376147668009	-2.75323325	1.90564725
buhu1237	-0.293913309068	1.13340847605709	-2.65268975	1.85163125
bujh1238	-0.446183341807	0.926567455911536	-2.4010675	1.2894285
bull1247	0.95072360245	1.12496336268982	-0.970750725	3.519973
bulo1242	-0.24123237104	1.16692237178241	-2.68428325	1.9644395
bulu1251	0.415989482994	1.09965998099976	-1.7015175	2.7724925
bumt1240	-0.275686057111	1.15643653113265	-2.69573175	1.96169975
buna1276	0.24417181227835	1.06968322947108	-1.92330375	2.42635825
bund1253	-0.017146185258	1.19379283489356	-2.55291975	2.3757575
bura1292	0.96114280708	1.08346924516317	-0.90150645	3.23851975
bure1242	0.0052269675015	1.1277304567271	-2.43027425	2.24312075
burj1242	-0.10143351196	1.12903578122941	-2.3788285	2.19407575
buru1320	-0.627945032199	1.09047672446569	-3.00693075	1.34120325
busa1253	0.0614375295135	1.12961238195145	-2.28631075	2.32966275
bush1247	0.6722356387165	1.11658184243091	-1.430821	2.99722725
buwa1243	-0.4630640140755	1.07485779880836	-2.79702625	1.62135725
bwai1242	-0.0018886223315	0.927112681129129	-1.92948075	1.78182375
bwat1240	-0.764810271601	1.13987780536128	-3.258283	1.456044
byan1241	-0.3634236292095	1.09633697921607	-2.65880975	1.67869075
caac1237	-0.68995057378	1.11023847964782	-3.060763	1.37625
cacu1241	-0.9312823910935	1.24092662045829	-3.6623705	1.193097
cahu1264	0.371255269915	1.13351726497959	-1.84796125	2.8406525
cakf1236	0.77237123842	1.07848385576224	-1.11566375	3.18469375
cald1236	-0.355612072155	1.12078853129193	-2.72157125	1.8009815
caml1239	0.742974392377	0.955990002127034	-0.9856525	2.64290575
cane1242	0.12484372048	1.20093645815619	-2.17783325	2.64415525
caom1238	-0.234670540525	1.13717103291649	-2.49697625	2.0155975
carn1240	-0.06406302051835	1.17824684884039	-2.43380425	2.268878
caro1242	-0.0937476680865	1.22111491830457	-2.6916305	2.22219224999999
cash1251	-0.605277216043	1.13393469653817	-3.01701225	1.47430325
casi1235	-0.523576374943	1.151200570996	-2.9842275	1.6327615
cayu1262	0.0863157861855	1.09272389978241	-2.086044	2.357141
cemu1238	-0.7727520659985	1.13934884898625	-3.279893	1.29558875
cent1989	-0.091043657581	1.19933947051501	-2.43235825	2.23653525
cent1990	-0.0815216148785	1.13349335310373	-2.39543525	2.145397
cent1992	-0.28054754338	1.15814894083901	-2.75569925	1.984172
cent2004	0.0591448245913	1.09930820126965	-2.1602	2.31567725
cent2050	-0.2278998937351	1.0968758663894	-2.59277075	1.94525525
cent2084	-0.496056390631	1.13819997766902	-2.863301	1.6626535
cent2087	-0.2034345143195	1.19883978566974	-2.69320675	2.1339785
cent2090	-0.240804722122	1.11293458373709	-2.641915	1.874869
cent2091	-0.2038910929435	1.19297358351989	-2.6148345	2.177968
cent2100	-0.6259425143485	1.1853566398898	-3.26051175	1.60336475
cent2126	-0.13337141955855	1.13989240518926	-2.482207	2.012958
cent2127	-0.2031447869545	1.17871587640351	-2.69194875	2.11711575
cent2131	-1.1277814515155	1.16197527122934	-3.697058	0.898475599999997
cent2140	0.066900393123	1.05503019296866	-1.92710725	2.137005
cent2142	-0.2405307283975	1.14409236915807	-2.556784	2.1031065
cent2292	-0.637951330965	1.14054407961879	-3.0590925	1.43348375
cent2314	-0.1129904613855	1.18319083491177	-2.54749475	2.1526775
cent2322	-0.038710261402	1.2293068051486	-2.49053375	2.485915
chac1251	0.31285726067	1.05315067883137	-1.68101325	2.58315675
chak1270	-0.095295598155	1.06336813558249	-2.26034375	1.99847225
chak1271	-0.4212515832785	1.10584460528421	-2.73208325	1.6679485
chal1275	-0.42030782447285	1.10847420607358	-2.91440725	1.6578985
cham1312	-0.15492079892	1.12223370238121	-2.50382125	1.9820815
cham1315	0.490727909745	1.16822742317674	-1.7124575	2.91311025
chan1313	0.4600431157295	0.946438310839612	-1.301125	2.41991725
char1269	0.2656074679215	1.1083934264209	-1.87601675	2.541773
chas1234	0.1755202905805	1.02956406600631	-1.83471775	2.2696965
chek1238	0.3583928910208	0.981335513688718	-1.5208625	2.3688305
chen1255	-0.057152842351	1.21249180086651	-2.70188725	2.344531
chep1245	-0.56765453884	0.958599504838814	-2.59497225	1.22627325
cher1273	0.1453453542445	1.13033244690988	-2.015228	2.36778925
chey1247	0.36491932766	1.1615964199836	-1.74514625	2.7608815
chic1270	0.17715694555885	1.14630750789015	-2.019611	2.735359
chil1280	0.14305161220255	1.13438137605135	-2.197542	2.49274174999999
chim1302	-0.3303015535215	1.15703017099623	-2.701397	1.95102775
chin1286	0.0057073521205	1.16925234003034	-2.288309	2.3872775
chip1241	0.233530335035365	1.09588843199209	-1.9017655	2.5937975
chip1261	0.214664047821	1.14702750430673	-2.03643075	2.64812125
chiq1248	0.372171889133	1.13109677312709	-1.76999225	2.7097665
chir1283	0.8605681942045	0.924090997033175	-0.773155375	2.79692375
choc1275	-0.3100042590213	1.12173828420084	-2.7766875	1.81978175
choc1276	0.195685940237	1.17114000556084	-1.970993	2.626127
chon1284	-0.102019004014	1.20922868191259	-2.53885675	2.34627525
chot1239	1.88334290556	1.14072353215369	-0.0865736125	4.171592
chra1242	-0.19189929825395	1.17435264119017	-2.595186	2.10553825
chug1252	-0.2904175208835	1.06879328715023	-2.56212825	1.7429625
chuj1250	0.95680887681	1.18488290213125	-1.130784	3.58673175
chuk1273	-0.20407787319095	1.16663034499811	-2.61668975	2.02179575
chuu1238	-0.1282024548385	1.20590210525096	-2.5401495	2.33593575
chuv1255	-0.164022782423	1.21084855380877	-2.7330655	2.1501835
chuw1238	-0.533646048515	1.07377186265379	-2.80276925	1.42951625
cici1237	-0.105723882783	1.1232673879227	-2.38652225	2.084586
coat1243	-0.17776309757345	1.00994230035662	-2.29015725	1.85494875
coca1259	0.196826979184	1.11162797522621	-1.95680175	2.523686
coeu1236	-0.18430771344655	1.10742966114358	-2.43909075	1.926938
colu1241	-0.498611999515	1.13824818430821	-2.9403875	1.68840525
coma1245	-0.592146129833	1.09918830281285	-2.90131775	1.4616725
como1259	-0.6309341468675	1.16076021487042	-3.1303625	1.4379105
cors1241	-0.063132162018095	1.27173226266988	-2.67329925	2.53216175
cosa1234	-0.2910730089345	1.08801609425674	-2.60191825	1.816591
cota1241	-0.262784275011	1.07864932573505	-2.55137425	1.770223
cree1270	0.1579192358855	1.15427926242318	-2.20831025	2.56914375
crim1257	-0.09461776202845	1.20995431697695	-2.6096945	2.35069725
crow1244	0.378606139919	1.13631040231901	-1.79198025	2.86126475
cube1242	-0.86186775772445	1.18816926565402	-3.4735415	1.2726105
culi1244	-0.5604283700405	1.14290221417914	-2.938843	1.622961
cusc1236	-0.3535011990855	1.16737017740561	-2.7730925	1.80200625
czec1258	-0.1137616058515	1.15216381220377	-2.5389915	2.18737775
daai1236	0.3448310637825	1.04717424003669	-1.6276625	2.6044015
daak1235	0.408448465631	1.11774852929228	-1.713695	2.70752975
daas1238	-0.4352399647245	1.12880423404631	-2.7841275	1.6682435
dadi1250	-0.6183761532955	1.06495230851862	-2.84082675	1.43892325
dagb1246	-0.4750893062336	1.10818777182919	-2.87152725	1.6523565
dagi1241	0.1709577716655	1.20681933562692	-2.1776955	2.522617
daka1243	0.258481279418	0.824189182749734	-1.36231825	1.95113675
damp1237	0.5552549850175	1.11859975421243	-1.5170185	3.05812375
dana1252	0.55000162557	1.04218465060095	-1.398548	2.72835925
dand1238	-0.107849958806	1.20704182718854	-2.6089845	2.33979925
dara1250	-0.173606228536	0.950942547968626	-2.103303	1.68018475
dard1243	-0.0962822295872	1.16097722131684	-2.48013575	2.19812325
darm1243	-0.3692380510285	1.11217953586838	-2.71222675	1.67437775
dawr1236	0.580035191695	1.11375763435939	-1.48359625	2.8862255
daza1242	-0.170638239964	1.16072793384571	-2.536172	2.04035075
defa1248	0.18969972626	0.959412606821286	-1.748035	2.0842475
dege1246	-0.114352906845	1.04911789836626	-2.2555135	1.8690345
dera1248	1.224197025994	1.07662455607852	-0.64577395	3.38434625
desa1247	-0.87348348632	1.2132679015783	-3.5917915	1.2790315
dhao1237	-0.46335140299975	1.15706025962939	-2.91078825	1.74909275
dhim1246	0.47845409014	1.03923058480345	-1.47414325	2.615451
dhuw1249	0.02468063042755	1.19481915486324	-2.4248785	2.470413
dibo1245	-0.7754326344665	1.12432901120468	-3.242879	1.09760825
diga1241	-0.0907314595082	1.01025913855488	-2.078023	1.9575065
digo1243	-0.98853654807	1.10146808899	-3.27233325	0.901873399999998
dima1251	0.822704137525	1.03882918241339	-1.05267225	3.08662775
djam1255	-0.3604327618382	1.10413513745256	-2.62443325	1.7892005
djee1236	0.590505781509	1.12048391828497	-1.4437365	3.024538
djeo1235	0.387604885854	1.08812855367373	-1.687642	2.66591225
djin1251	-0.239777192848	1.09711045168303	-2.5471905	1.829711
dobe1238	-0.211558377065	1.17045270852449	-2.636773	2.0835505
dobu1241	0.3194154408895	0.979169011598206	-1.68287375	2.30669925
doma1260	-0.054887408723	1.2024424091492	-2.59009475	2.43102475
domm1246	-0.477542811535	1.00546798511142	-2.51301675	1.49973125
doro1266	-1.201907666196	1.08223645904019	-3.6087095	0.622438174999997
drun1238	0.97135697021	1.12567506448514	-1.023574	3.29116025
dumb1241	-0.525586386436435	1.09528387160024	-2.8938075	1.52615475
dumi1241	0.660071984055	0.949336422339334	-1.0597315	2.5978455
duru1236	-0.0608180738685	1.18367032124032	-2.519816	2.2624085
dusn1237	0.211287141428	1.06863664750851	-1.97234	2.26694725
dutc1256	-0.077595610376	1.15372932795086	-2.44410425	2.1200785
dyul1238	-0.068089444747	0.96543978602266	-2.1907525	1.79129075
dzao1238	-0.187607987715	1.15512825097151	-2.700593	1.975122
dzon1239	0.0256948950535	1.097193285066	-2.1703535	2.293927
east1236	-0.270461415224	1.17228402449858	-2.8001455	1.9813405
east2328	-0.159091601275	1.22981825447169	-2.69874825	2.1785035
east2332	-0.191025674456	1.17847827549368	-2.577725	2.18990725
east2342	0.3688384507315	1.10199839713171	-1.792084	2.6014665
east2443	0.0883956685675	0.929550437281137	-1.834441	1.9217725
east2447	-0.147783139331	1.14690431415234	-2.534277	2.0713905
east2485	-0.4219390621325	1.14022736195687	-2.726809	1.74973
east2516	-0.2996745947385	1.01158266552107	-2.3556675	1.66367725
east2555	-0.8876587400725	1.13592727496244	-3.30214775	1.08541525
east2556	0.498237588451	1.0419033366604	-1.497099	2.7023885
east2690	-0.279027784682	1.16460787491346	-2.722215	2.02584725
east2773	-0.1578903881815	0.895403051654362	-1.9725985	1.6023405
east2782	-0.31265309349	1.108800249722	-2.71124325	1.7976095
egaa1242	0.8321229175353	1.16499031891716	-1.35343475	3.23510224999999
eipo1242	-0.3304560092345	1.06758390037254	-2.53258775	1.7981595
ekar1243	-0.41474041463745	1.06577088289304	-2.7285305	1.62090274999999
elip1238	0.0203295782924	0.889278338320572	-1.6375975	1.7986795
elna1235	0.36680449069025	1.09931097657843	-1.68872	2.66267025
emae1237	0.3885012797945	0.932036040210323	-1.37899375	2.258242
emai1241	-0.05175884393	1.04372338587568	-2.19994925	2.026757
enap1235	0.1362185580576	1.10825832344737	-2.14932525	2.4187955
enuu1235	-0.393959059583	1.14202614574967	-2.78634025	1.78314975
ersu1241	-0.448441892895	1.16158557443007	-2.97399	1.78674925
erzy1239	-0.00611265197	1.16160092445271	-2.29351825	2.4040385
esee1248	-0.0687995795542	1.08773070163661	-2.30935125	2.11373275
esim1238	-0.5319810211395	0.974619624564699	-2.61991225	1.2352485
esto1258	-0.0339241234375	1.20474036580374	-2.55922525	2.29806075
even1259	-0.0373997876205	1.18687049438316	-2.56659675	2.43226125
even1260	-0.062525379447	1.1635105850475	-2.44626675	2.2466105
fait1240	-0.314882586608	0.967033570663339	-2.41055725	1.57970225
fala1243	0.540486987849	1.14987894300088	-1.72234375	2.89197624999999
fare1241	-0.446184796357	1.18913518799588	-2.91833575	1.786027
faro1244	-0.1310242334027	1.2436248240831	-2.66341425	2.296402
fass1245	-0.849379912778	1.06446269989318	-3.19959125	1.0326985
fasu1242	-0.26483363386	1.06196115783732	-2.39531625	1.87094425
fiji1243	0.455685996551	1.13351667725654	-1.63200075	2.88293225
fili1244	-0.3351648444878	1.13523288586544	-2.81376975	1.8700965
filo1235	0.452934965447334	1.02450860175458	-1.48021375	2.52700775
fina1242	-0.654515371385	1.14617644835726	-3.023584	1.40479125
finn1318	-0.0453732051265	1.16340067404989	-2.43023775	2.32399575
fonn1241	-0.42265687649905	1.18381454849468	-3.028941	1.835971
fore1265	0.0144978148915	1.21197898684105	-2.44813375	2.487698
fran1266	0.654070654455	1.21629286671972	-1.5358975	3.1337255
fuln1247	-0.744806201019	1.19364322220852	-3.29176825	1.466567
furr1244	-0.290791990139	1.12126294413338	-2.7198855	1.93796275
furu1242	-0.77479791579	1.17695231648951	-3.230475	1.413973
futu1245	0.9678953019795	1.05647945415273	-0.923429725	3.251866
fuyu1242	-1.152494643165	1.13575589448054	-3.59138625	0.755893724999999
gaaa1244	-0.385192023055	1.15795196424856	-2.82326375	1.78615575
gaan1243	0.91133215503	1.07109552432808	-1.027388	3.171389
gada1258	-0.63134012805	1.17623512034508	-3.06755025	1.51747525
gade1242	0.5344035652315	1.07538170840407	-1.4911155	2.8487875
gaga1249	-0.1054693638094	1.10634506149635	-2.351811	2.06736225
gahr1239	-0.1728213864335	1.15711512704395	-2.50945875	2.1121935
gale1259	0.853537123755	1.15771702456976	-1.202953	3.35472275
gali1258	-0.07957056615005	1.19594037117929	-2.59165175	2.31013274999999
gali1262	0.2486400881921	1.11160582424912	-1.975917	2.6030505
galo1242	-0.2051457606606	1.1254912964941	-2.511472	2.02907724999999
gami1243	-0.112609795157	1.12351775975768	-2.4464005	2.04775775
gamo1243	0.452753048317	1.05591168206869	-1.56191625	2.72328425
gang1266	1.834160326658	1.12616929540082	-0.117803175	4.175606
gant1244	-0.094987033275	0.971150787883213	-2.0523145	1.87387375
gapa1238	-0.41520840566945	1.00174888157441	-2.541722	1.463593
garo1247	0.0061465326205	1.07766655421657	-2.1609055	2.18975425
gayo1244	0.961322384255	1.13170104022578	-1.114742	3.40351125
geba1237	1.37831884446	1.17748115196587	-0.63321565	3.97808825
gebe1237	0.5279726605365	1.08992719161473	-1.521133	2.8484405
geda1237	-0.219879498621	0.939587033557116	-2.1280565	1.6153275
ghan1242	-0.5108218327875	1.13077541789162	-2.8782245	1.59149575
ghar1239	-0.11951208360625	1.02299118088389	-2.2225115	1.80288724999999
gheg1238	-0.1232677106038	1.20002888745033	-2.52391825	2.32029625
gilb1244	-0.13346298539	1.17136443986612	-2.67160825	2.27013425
gily1242	0.625101365159	1.15898665501476	-1.49448775	3.22148275
gira1247	-0.2191517222965	0.932290379908395	-2.09032325	1.5612285
glav1244	-0.48024525099305	1.10788295542265	-2.80417775	1.57864975
gofa1235	0.5846716194375	1.09554810323497	-1.51903225	2.79397525
gogo1265	-0.139440721112	1.06736124561593	-2.29680775	1.96074725
guah1255	0.1821782077285	1.15085015642346	-1.947188	2.59026975
guam1248	-0.212211619694	1.12379878427867	-2.53382525	1.93095
guan1266	0.21713691412965	1.02589690161802	-1.7801885	2.280966
guan1269	-0.889714042535	1.22717377654539	-3.652127	1.2426195
guat1253	0.5973999148965	1.12113067809316	-1.5640185	2.950709
gube1234	-0.392144666065	1.14129065846581	-2.742908	1.81259675
gude1246	-0.01329909698	1.03483177541851	-2.085988	2.01180125
guer1241	-0.705402051886	1.03843975589379	-2.915704	1.1552575
guer1243	-1.4036035700415	1.16711300201223	-3.91186425	0.550868925
guhu1244	-0.8512222866835	1.0421887844729	-3.04612475	1.12182375
guiq1238	-0.2468197692715	1.08551299825869	-2.4555625	1.81432025
guma1254	0.50247907604675	0.976548671370128	-1.33956675	2.54778175
gunw1252	0.261009573945	1.09899587022714	-1.9677875	2.48767975
guny1241	-0.2289725106987	1.16535991782961	-2.647055	1.9831975
guru1261	0.1139267320815	0.876007442150868	-1.6137625	1.8198055
guru1271	0.0401404321125	1.12306241246324	-2.36894975	2.32164225
gusi1247	0.67538668253	1.07273272933946	-1.24717075	2.96467225
gwen1239	-0.64847844057	0.980478584387588	-2.7344065	1.1771725
gyel1242	-0.289584858667	1.13230607626057	-2.68818825	1.914118
haaa1252	0.49074127559	1.1518001282367	-1.75621425	2.88494975
hadi1240	1.013074305813	1.14985336243308	-1.01996075	3.36931625
hadz1240	0.042548866783	1.11801669777323	-2.12043725	2.228115
haka1240	0.7527230250755	1.05992313878087	-1.15640625	2.96309525
hakk1236	-0.203955086698	1.11743936512884	-2.504356	1.96396575
halh1238	-0.1220728242835	1.16425237740965	-2.47294475	2.163848
hali1244	0.1738835036955	1.01537977263976	-1.7994365	2.30241775
halk1245	-0.58114329008815	1.13420892002552	-2.963173	1.42243275
hame1242	-0.43670405306	1.12514593194134	-2.72333075	1.795825
hang1263	-0.3586870270355	1.01530050678803	-2.3873905	1.564214
hani1248	-0.35039636103	1.15955878806676	-2.79600775	1.81947325
hano1246	-0.10316463570545	0.924752586305806	-2.046119	1.773279
haru1245	-0.335371649156	0.964221509324562	-2.28536925	1.53370125
hava1248	0.154255749945	1.17997887400311	-2.104179	2.48712775
hawa1245	-0.19830753667	1.18752732898755	-2.668229	2.18152325
hehe1240	-0.7902684796205	1.05401746386066	-3.0483355	1.03542125
hela1238	-0.50970731189503	0.942472209403384	-2.51524025	1.242613
here1253	0.520178070821	1.10386233880386	-1.41573675	2.95524125
hida1246	0.2677908784525	1.07181364752096	-1.81530125	2.60628125
high1243	0.49579586044515	1.04032909143548	-1.407284	2.685223
high1276	0.566550902096	1.08791900841718	-1.3058845	3.017595
high1278	0.449550467925	1.02820910211114	-1.48326325	2.51441425
hixk1239	0.279095979073	1.14379038422491	-1.886763	2.667102
hoaa1235	-0.4295627809355	1.13180033675598	-2.71985225	1.729082
hoav1238	-0.461464165534	1.07992100559941	-2.82733425	1.52288125
hone1235	0.3442857540285	1.04688163812956	-1.80390175	2.4635855
honi1244	-0.375157384728	1.17978023358208	-2.86487225	1.93285425
hopi1249	0.3071987478565	1.06219069855011	-1.72614375	2.5140135
horp1239	-0.119473110805	1.04415233188706	-2.19808325	1.962196
hote1245	-0.3452267215755	0.92825558021768	-2.25472075	1.49926075
huaa1248	0.0296402333585	1.16703005778162	-2.3658705	2.313327
hual1241	-0.13565600770865	1.11312626656803	-2.48112175	2.06057425
huam1247	-0.493524354122	1.15263445956673	-3.00504775	1.65474725
huar1255	-1.1004017712655	1.17290862357608	-3.59259725	0.936771624999998
huas1242	-0.2517751710605	1.08295639680973	-2.52421375	1.843413
huba1236	0.2578912369085	1.0548123111666	-1.7591975	2.4323265
huic1243	0.305173967091	1.13304480171265	-1.81811825	2.6468645
hula1239	-1.103175287394	1.08626402338634	-3.5740355	0.71957615
hula1244	0.72165199325425	1.12706195616721	-1.346659	3.15543
huli1244	-0.4318710482105	1.02008909938514	-2.5097995	1.5672415
hung1274	-0.1052217362765	1.18494212621972	-2.64481975	2.25079825
hung1275	-0.10738135275	1.18975257373908	-2.54298525	2.40261125
hunz1247	0.31145338841	1.15357614676949	-2.028519	2.77874275
huuu1240	-0.209361933375	1.04567533152724	-2.38821475	1.8564205
iaai1238	-0.500245121192	1.12598732742261	-2.879504	1.58652525
iama1237	0.3119754383373	0.932789917435201	-1.479096	2.21301999999999
iatm1242	-0.5999304572105	1.03711806858882	-2.75443875	1.42390775
ibal1244	-0.615320547729	1.09350888993173	-2.9766285	1.38401325
iban1264	-0.2257233555158	1.1261164410275	-2.618602	1.99825425
iban1267	-0.544558453202	1.1678267073949	-3.109754	1.6417215
ibat1238	-0.3146000265815	1.18598036732974	-2.742987	2.08462575
ibib1240	0.42625279762885	0.994336061804717	-1.473616	2.45090125
icel1247	-0.1139773824705	1.12700133329342	-2.4170525	2.1443955
idii1243	-0.117569208487735	1.01996354379104	-2.2726805	1.86506775
idom1241	0.923576907872	1.13164386901738	-1.04965625	3.29813625
idum1241	-0.288502437673	1.13312240135808	-2.589996	1.9847475
idun1242	0.034668155367	0.926514752271364	-1.886147	1.89516475
iliu1237	1.276707524575	1.17916037295848	-0.76698035	3.78588025
ilon1239	-0.605335530758	1.12894560208347	-3.028487	1.47755975
imba1240	-0.296295251742	1.07536471236932	-2.620615	1.77189275
ingr1248	-0.007612093882	1.193825890508	-2.48733225	2.32871225
iran1262	-0.2888264934802	1.15983866747663	-2.870855	1.92822075
irar1238	0.85123661007995	1.09556033564682	-1.19080325	3.2334615
iris1253	1.26869376892	1.28028057118734	-0.972135625	4.06419175
irul1243	0.011987213557	1.18628802942406	-2.4711755	2.38137675
isco1239	-0.879936542226	1.17053682208419	-3.52640825	1.2023495
isin1239	-0.6449600121185	1.10092789324787	-3.07519325	1.30083725
isir1237	-0.1984197571095	1.03360482916621	-2.3477765	1.84251025
isna1241	-0.453649593268	1.15237141236408	-2.793431	1.76761075
isth1240	0.6608969600075	1.08888722456374	-1.3021365	3.09403299999999
isth1241	0.6075482473899	1.08285179532497	-1.378055	3.01320975
isth1242	0.614453573194	1.08860406728251	-1.38497675	3.027101
ital1282	-0.10206802161835	1.20265724967302	-2.61009825	2.29408825
iton1250	0.472116994419	1.13311079669747	-1.71632025	2.799314
itza1241	0.4542531437605	1.1777416172499	-1.8225555	2.915514
iumi1238	-0.099489126865	1.03798730150228	-2.22004075	1.99017175
ivat1242	-0.145865684005	1.18233318304645	-2.57465725	2.2179105
iwal1237	-0.3450594553985	0.950264174100013	-2.25960025	1.499038
iwam1256	-0.7845242112985	1.03308643677232	-3.02608125	1.08088025
iyoo1238	-0.78646459439	0.985698984263104	-2.81105275	1.0304635
jahh1242	0.035468063335	1.17418304724668	-2.31964175	2.33623925
jalk1242	-0.015125953959	1.01356092937856	-2.1374285	1.97365475
jama1261	-0.41737952962865	1.0992148206462	-2.70925225	1.776583
jamb1236	-0.12516205148	1.22608989688727	-2.718855	2.3019655
japh1234	0.6423658706745	1.04647957707743	-1.35987325	2.82168275
jara1266	-0.32283593987	1.15003550859748	-2.69607625	1.92976225
jede1239	0.9043748186318	1.19355076985955	-1.2175805	3.50174175
jeha1242	0.721184885476	1.16339838807445	-1.396215	3.17737324999999
jehh1245	-0.2868099706315	1.14046921522329	-2.694651	1.912765
jenn1240	0.7216770637725	1.16568112749286	-1.35599125	3.20045425
jeru1240	0.09407164142	0.896615588215091	-1.59254075	1.932802
jiba1237	0.663481063089	0.941585127427905	-1.071323	2.59042675
jina1244	-0.5457985730335	1.13472534869794	-3.02479975	1.57228275
juku1254	-0.541859171305395	1.07011553013942	-2.8775635	1.457036
kaba1278	0.863962205641	1.23894240008485	-1.3688445	3.56920875
kach1280	-0.048334471799	1.08463103370741	-2.24944525	2.08084125
kach1284	0.7908861072	1.10526694160414	-1.32021675	3.16281725
kada1242	0.604024972205	1.19175137775211	-1.577807	3.0973595
kado1242	0.2839928412145	1.0419251006104	-1.748495	2.461907
kafa1242	0.078874088389	1.13418568816945	-2.2171075	2.30290625
kaga1256	-0.2632674635045	1.11002329006627	-2.54029475	1.9313745
kagu1239	-0.8695006252	1.09130971222159	-3.2703945	1.1560805
kaik1246	0.24784228301	1.04320488266607	-1.758015	2.41988975
kaki1249	-1.0573475455375	1.12305624996718	-3.64319425	0.8632745
kala1384	0.49340432996235	1.08898881994991	-1.4932835	2.8192065
kala1399	-0.2149806591879	1.15665309395969	-2.6114345	1.9881755
kali1308	-0.692023946845	1.09963211192357	-3.107453	1.3313335
kalm1243	-0.076454016643	1.22323580113062	-2.55871925	2.32075049999999
kamb1297	0.178691946217	1.10054817943742	-1.89775375	2.411124
kamb1299	-0.4351414519785	1.09855654081461	-2.647698	1.7121885
kamm1249	-0.0910288905925	1.06108322780612	-2.2217745	1.99846675
kamu1260	0.226287232517	1.08511234228947	-1.819	2.5515855
kana1286	0.10265507036125	1.07864105186418	-2.12050225	2.2872655
kana1291	0.236272948003	1.12262705693215	-1.98452075	2.57315275
kani1286	-0.974309529815	1.04352331660525	-3.1121865	0.847088999999999
kank1243	-0.6132056926509	1.12032225392393	-2.94035325	1.50817275
kaqc1270	0.719357696165	1.16849176268849	-1.42966625	3.187461
kara1486	-0.490025973974	1.00731383586115	-2.66291375	1.34282875
kara1487	-0.6526776727205	1.11214575874098	-3.01573775	1.39046775
kara1500	0.1396928084574	1.20206019506971	-2.29961925	2.490705
karb1241	0.7008268222275	1.05073574928113	-1.1487695	3.005806
kare1335	-0.041809165185	1.19253751467159	-2.55625	2.405188
kare1338	-0.19792490915	1.15726603402132	-2.57399225	2.09022625
kari1311	0.1080283523585	1.12396513100302	-1.98200875	2.46063525
karn1252	0.3192317259455	0.914107969279615	-1.45195375	2.16170275
karo1304	0.16007920813145	1.20778591221825	-2.3188475	2.670581
kash1277	-0.0767304917345	1.17011846407487	-2.5484195	2.20001675
kask1239	-0.936529625846	1.14173903475513	-3.4379345	1.03100525
katb1237	0.5848498978815	0.776960100060167	-0.833098775	2.17808975
kats1235	-0.3839738081305	1.12994876012424	-2.79364525	1.72195825
kava1241	0.004350297053	1.04746808402822	-2.13642525	1.98649525
kaya1315	1.28517200196	1.13713182730406	-0.5982446	3.724084
keap1239	-1.031980368999	1.09023924763301	-3.4287975	0.895974749999997
keda1252	-0.070032334265	1.1070690848027	-2.40235725	2.11746025
keig1242	0.4030135564635	1.17325008698684	-1.91506875	2.81914525
kele1258	-0.446319103875	1.03607801281672	-2.68798675	1.46938325
kemb1249	-0.2726396089215	1.12554727289872	-2.57989125	1.90173075
keme1240	-0.756455326333	1.01703715675794	-2.8571815	1.155604
kens1248	0.3927465544855	1.12461206225381	-1.84763575	2.7680035
kenu1236	0.690679387196	1.1834605226446	-1.4383435	3.31959575
keoo1238	-0.4817396147145	1.17527430625762	-2.9194215	1.6842555
kera1255	-0.5504249705474	1.10757310317653	-2.88854975	1.4431505
kesa1244	-0.6502205483605	0.984939461257989	-2.7001005	1.21872825
kett1243	0.5510629452745	1.25232990380415	-1.834455	3.265238
kgal1244	0.3927345630205	1.10894947609634	-1.789021	2.81149625
khak1248	-0.0995471854295	1.14438469521865	-2.388772	2.177084
khal1275	1.438082675878	1.10709487245656	-0.4034718	3.870633
kham1282	-0.12246310676725	1.14974306186276	-2.498542	2.12116375
khan1274	-0.1967519466465	1.15846369318375	-2.45059525	2.034901
khan1277	0.6620310218125	0.902859550006945	-0.9715935	2.54911425
khan1278	0.163561391748	0.948650484295416	-1.7137665	2.09732275
khar1287	1.0942174219635	1.25657061481274	-1.1124135	3.882627
khas1269	0.327570185461	1.06844998555048	-1.79346425	2.48411725
khez1235	0.66567748785	0.897724926709276	-0.975332075	2.5218905
khmu1256	-0.188708856695	1.09460192818821	-2.49311225	1.964577
khum1248	0.73876574585	1.04197755358548	-1.1670225	2.897312
kich1262	0.769386771265	1.16785351449595	-1.33243475	3.38815875
kiku1240	-0.396892358717	1.10116072071547	-2.68549225	1.69113899999999
kile1243	-0.0817162889765	1.16219168772491	-2.41668875	2.1308815
kili1267	0.8954438646795	1.09000151567267	-1.06619125	3.2399925
kimm1245	-0.2564159159136	1.10263517611103	-2.67449275	1.8229745
kina1250	-0.2529551644135	1.14926638786579	-2.63762775	1.8802295
kinn1249	-0.1790375767715	1.14937194115227	-2.526553	2.10429675
kiow1266	0.099232677192	1.12104064775588	-2.14815075	2.43691525
koda1255	0.28868112508	1.15496872195275	-1.931686	2.61813625
koho1244	-0.277998084793	1.12863471768036	-2.64488675	1.92792725
koir1240	1.0232465916835	0.942089502309196	-0.6430748	2.92829375
koit1244	-1.20289752739	1.10140262628777	-3.52506725	0.67017815
koka1244	0.016876341186	1.12048281222603	-2.354043	2.1712485
koko1269	0.16811642466385	0.973166162973823	-1.85482825	2.1441285
kola1285	-0.1932672658695	1.15846420402215	-2.53152925	2.1044885
kolb1240	-0.123035122688	1.11632252629541	-2.3255725	1.9288535
kolc1235	0.17830503781365	1.06035038834102	-1.8673225	2.2490645
kolu1245	0.20850404247	0.923576180745324	-1.61247225	2.055504
komb1274	1.00382021083	1.17321626043686	-1.016317	3.62781349999999
komc1235	-0.628633271885	0.986657440218092	-2.6804795	1.17498975
komi1268	-0.0120889555565	1.22180318052615	-2.37159275	2.43451925
komi1269	-0.061938916436	1.20071715021767	-2.54221175	2.2887575
komi1270	1.38936795406	1.04664071113679	-0.40804425	3.547279
komo1260	0.490249203389	1.14792372660317	-1.640428	2.91131775
kona1242	-0.4428074687405	1.0183368776853	-2.54315125	1.5671035
konk1267	-0.0490582304545	1.18623949828253	-2.4587345	2.40450525
kony1248	0.455559086268	0.987698970898944	-1.4410165	2.53834275
konz1239	0.47367103930565	1.06194270165612	-1.55480725	2.76261675
koon1245	0.41905890339	1.07393386860694	-1.612601	2.6904415
koor1239	0.2731309399585	1.10695478434737	-1.918793	2.5321535
kore1280	-0.098898587671	1.2042271836814	-2.52479225	2.26036375
koro1298	-0.287593077385	1.12300950598245	-2.66702825	1.8020555
koro1313	-0.140030714346	1.05085988093285	-2.30725475	1.96638225
korr1238	0.023667916733285	1.1504398682898	-2.2186465	2.33577725
kosa1249	-0.270453612585275	1.11445250511119	-2.57207775	1.83493725
kosr1238	-0.13088389896	1.1833117167798	-2.57704925	2.20971525
kota1263	0.913739531805	1.17183271237735	-1.1247635	3.45035225
koti1238	0.321624195468	1.10027220109525	-1.86024075	2.566757
kova1243	0.3104187477005	0.91677336112095	-1.50418075	2.14776925
kove1237	1.1957692106765	0.981298037215291	-0.515519	3.32722525
koya1251	-0.132567308061	1.14493218708314	-2.38407875	2.083693
koys1242	-0.4347514751	1.16460199127143	-3.06285925	1.713807
kren1239	0.21380312379	1.18403460731593	-2.03825725	2.7974365
kuan1247	0.688418641806	1.10925521620704	-1.34579225	3.07405775
kuan1248	0.24386728926685	0.970440099208393	-1.6963445	2.157172
kuik1246	-0.3618280534545	1.03444835467555	-2.486201	1.607773
kuku1273	-0.222776746275	1.20735352092471	-2.691271	2.134051
kulo1237	0.291389904513	1.0495339342668	-1.76459375	2.42058925
kulu1253	1.463022465357	1.12094279305135	-0.449195825	3.8745675
kuma1276	-0.644490040877	1.111024971593	-3.00580375	1.32776325
kumb1268	-0.32510560992	1.1493715775128	-2.7286435	1.96499375
kunb1251	0.5391628130065	1.09155485138107	-1.49120125	2.73660475
kuni1267	-1.0124254781365	1.05584007566067	-3.25598025	0.948164524999998
kunj1245	-0.199676525074	1.20707320858125	-2.70583775	2.2633165
kuot1243	-0.3733850683075	0.999867291129442	-2.474548	1.52008725
kurr1243	-0.2298643394935	1.12026209787839	-2.46802375	1.90137775
kusa1251	-0.505784807473	1.0828043864347	-2.899075	1.572593
kusu1250	0.48993767821145	1.06133864903307	-1.4516255	2.71626925
kute1249	-0.601865949028	1.16208992081988	-3.05733725	1.52962975
kuyy1240	-0.15000753753	1.2021489501551	-2.666623	2.22664
kwai1243	0.141065479015	1.0088837214781	-1.94801	2.18365225
kwam1249	-0.3830521431215	1.13860345834916	-2.902574	1.76165475
kwam1252	1.49001820443895	1.03120470378963	-0.311015975	3.559397
kwar1239	0.1005878638985	0.973266240862218	-1.79537	2.075386
kweg1241	-0.3619768808805	1.1168423013538	-2.73547825	1.7992325
kwin1241	0.4797433300125	1.18662817966925	-1.75380175	2.966487
kwom1262	-0.470143760865	1.03532290130174	-2.6041305	1.5693065
kxoe1243	0.0962121922275	1.19407895351178	-2.2583055	2.57964025
kyer1238	-0.5977163928785	0.988539829334693	-2.698834	1.20961425
laal1242	-0.200903289341	1.16911024859014	-2.51846825	2.1304905
labe1239	0.2469305646905	1.03103067793278	-1.6879505	2.38866775
labo1244	0.7300070651455	0.829325122838682	-0.7823408	2.48439025
labu1248	-0.349361783955	0.887844676060971	-2.2327805	1.39742
lagw1237	-0.5277797421615	1.14568265993188	-3.04004475	1.688971
lahu1252	-0.06003321127	0.993617612942923	-2.063318	1.9022015
lahu1253	0.3853985087648	1.00945801833502	-1.48415925	2.377375
laiy1246	-0.3597118169745	1.13040592490496	-2.78362	1.76749
lala1268	-1.199592263599	1.1283667488468	-3.6281705	0.778734974999999
lama1277	-0.4224152880415	1.09664267599016	-2.78579775	1.5994425
lamb1269	-0.070392861207	1.23596506008436	-2.70206275	2.24993325
lamb1272	-0.6244464208805	1.03888573654048	-2.822824	1.30573675
lamb1273	-0.349468029258	1.12201145474283	-2.87647925	1.86628325
lame1260	0.5170343658855	0.849229080178007	-1.05539925	2.30992375
lamk1238	1.809702063055	1.16500890271754	-0.140250525	4.23340475
lamo1244	1.157449828126	0.97820896396565	-0.557628975	3.268365
land1256	0.247903110542	1.07121049829563	-1.91539225	2.36426675
lang1320	-0.6545216698825	1.05987159478256	-2.90992575	1.29476025
lara1258	0.1604323388184	1.04675943678389	-1.85268125	2.3482865
lash1243	0.1654958215745	1.04044159779466	-1.9227665	2.283872
latv1249	-0.108905218362915	1.18020534898313	-2.538014	2.10698225
lauu1247	0.074956860993	0.980261136408793	-1.8762495	2.08630525
lave1248	-0.2547470921375	1.16780074834639	-2.63219325	2.0495515
lave1249	-0.273505194342	1.17899094910407	-2.75260725	1.98653925
lavu1241	0.2779609056	1.01281315479064	-1.775393	2.273328
lega1249	-0.50345090278	1.12876077474396	-2.93090525	1.62353575
lega1250	-0.4068600271125	1.08539138211392	-2.67473875	1.6537545
lele1267	0.375942340535	0.945900363020756	-1.47798225	2.38603125
lele1270	-0.44013146704	1.0461103071234	-2.73549675	1.49165725
lele1276	-0.3851880057375	1.1570066510386	-2.78129825	1.825733
lemb1266	-0.50441342930775	1.00499109754252	-2.642437	1.3884
leme1238	0.5429472427225	1.01230951281643	-1.3454185	2.59138325
lena1238	1.4953902414706	1.03149677797379	-0.2937677	3.57163475
lend1245	0.3269163420725	1.08852188017802	-1.72192725	2.66883025
leng1259	-0.200935696165	1.015913255948	-2.27857	1.71432375
lepc1244	0.509976166774	1.0042073688269	-1.3855575	2.6156485
lese1243	0.697374909227	1.06402527617659	-1.15909775	2.9889965
leti1246	1.0401885626125	1.12027626149269	-0.920568875	3.37786024999999
lewo1242	0.4415896195168	0.880744956028285	-1.23477425	2.19087
lewo1244	-0.450429477403	1.09862044153055	-2.7554995	1.57493825
lezg1247	-0.008579578485	1.18891854353066	-2.3302435	2.3389855
lian1251	1.123507507395	1.03355695590505	-0.656251675	3.40677099999999
lihi1237	0.362334855487	1.06988763778192	-1.7480655	2.59092725
liji1238	1.0329298128655	1.13048511806953	-0.922773075	3.5350735
lill1248	0.314446676155	1.08427527691314	-1.750742	2.560126
limo1248	-0.58649280874765	1.16497608788445	-3.091692	1.62626225
ling1265	0.534822282847	0.77221691506143	-0.910183025	2.0994175
lipo1242	-0.399984209672	1.19039582956097	-2.9718155	1.8269235
lisu1250	0.965181387755	1.05835227768232	-0.888797375	3.2002165
lith1251	-0.148431164002	1.23355307333482	-2.6524125	2.26792775
litz1237	0.592611340284	0.773548120379381	-0.801816675	2.17666525
livv1243	-0.003444591773	1.21761125151025	-2.5057245	2.42211975
logo1259	-0.262436334764585	1.12126525371355	-2.61685575	1.8411435
loka1252	0.1629982304445	1.0261475409146	-1.8526	2.16603075
lolo1259	-0.361664392389	1.15383317712464	-2.68448375	1.81941125
lomb1257	-0.136946200625	1.1513175217482	-2.58039175	2.0677985
long1395	-0.2594029744845	1.03299041923671	-2.4275245	1.70145925
loni1238	-0.426012340995	1.06213518962947	-2.69845575	1.50732275
lote1237	0.73113789287595	0.996557787360809	-1.09503775	2.8306965
loth1237	0.59835998205525	0.964770303708785	-1.07879175	2.59995725
lotu1250	-0.599549913515	1.11364060617744	-3.02450125	1.35062325
louu1245	-0.404186618163	1.06050660886073	-2.700314	1.60250225
lowl1260	0.70933343228	1.07982111711581	-1.32788275	3.0056005
lowl1265	-1.222733785433	1.15023439773466	-3.63456875	0.850241474999999
lozi1239	0.732959622481	1.09239673484253	-1.27246325	3.03865375
luan1263	0.9845291490785	1.12978298448249	-1.01232375	3.3618275
lubu1243	-0.61129704391	1.16641716872977	-3.024741	1.46522175
ludi1246	-0.025584617525	1.16892141608379	-2.3766015	2.37967075
lugu1238	-0.6518859391235	1.07564252711409	-2.98036075	1.2994005
lule1254	-0.043449902125	1.25467647860189	-2.71673375	2.5548315
lumb1249	0.7357098233	1.11946894587463	-1.3502245	3.0634455
lund1271	-0.48171817011	1.21374752974155	-2.98208925	1.803854
luok1236	0.7504560735675	1.06328910619461	-1.1274255	3.04200149999999
lush1249	0.617504253712	1.0780327402533	-1.324346	2.96719775
lush1252	-0.70331210839	1.14796066591326	-3.1108115	1.31615225
lusi1240	1.1738925458083	0.980185334296461	-0.641257625	3.2621335
luva1239	-0.5008514561215	1.10539802288544	-2.7930625	1.58864525
maan1238	-0.136408879385	1.17084385515902	-2.57814025	2.21119875
mace1250	-0.15760283213	1.16733669848402	-2.53204175	2.03718775
macu1260	-0.7735925692625	1.18399120821934	-3.37064475	1.441972
mada1285	-0.099557592448	0.981823622963774	-2.08276175	1.889318
madn1237	-0.5436963365385	1.11534305602664	-3.000486	1.55286325
maee1241	0.712664399585	0.804460191761631	-0.73407145	2.38621575
mafe1237	0.7339983456725	0.876502357396714	-0.804300825	2.547944
maga1260	0.0889681878845	1.12926670961322	-2.18157075	2.39522275
magd1235	-1.1368940379085	1.1158800255019	-3.54332025	0.793367449999999
maib1239	1.29795251778405	1.21390164895877	-0.79851115	3.9643375
mais1250	-0.875765694307	1.0831929487851	-3.35230125	1.02399475
mait1250	0.2124503040025	0.997167534395566	-1.77970475	2.29791325
maja1242	-0.3101616322	1.12708596590925	-2.60337575	1.743103
makc1235	-0.1810676130465	1.13734213566067	-2.48616075	2.052616
makh1264	-0.640775140719	1.13784328629131	-3.11072725	1.4952515
makh1266	-0.721480886608	1.17598688584418	-3.38153625	1.28638425
mako1251	0.517435562085	1.05626322092505	-1.44197825	2.80693075
mala1463	-0.02492348910905	1.2280794192296	-2.55491225	2.3817085
mala1464	0.0606838545145	1.22749713641864	-2.348641	2.62557999999999
mala1479	-0.129410603129	1.14525463300658	-2.485808	2.1233805
mala1534	-0.546822295202	1.16200176076983	-2.97116725	1.62639425
male1284	0.115191532271	1.05609966526225	-2.22057075	2.17382175
male1289	0.9281988413475	0.943751815037083	-0.73396505	2.9606175
male1297	0.216494843167	1.13455502583716	-2.018094	2.45185925
malg1251	-0.3820235989685	1.10090190024292	-2.829536	1.640287
mali1285	-1.3639916771875	1.13806516609343	-3.807199	0.603158525
malo1243	0.8345162469278	0.85945037394728	-0.70447635	2.658456
malu1245	0.78725223287295	0.825774601349297	-0.7128886	2.4998315
mama1275	-0.09689558249	1.17420778096204	-2.5072105	2.10213875
mamb1294	-0.3756567203	1.12077370025755	-2.6776335	1.687061
mamb1296	-0.6178535618735	1.14064921732191	-3.078406	1.52213649999999
mamb1306	0.381157787505	1.08337030826282	-1.77977125	2.70980425
mamm1241	0.8535360883645	1.11571820163803	-1.10848775	3.365015
mana1288	-0.0656302551295	0.980112003527661	-2.087555	1.8863535
mana1295	-0.064961562371	0.960991597128749	-1.97331175	1.89286175
mana1298	-0.531366231016	1.03170852603797	-2.63958725	1.42827575
mand1415	-0.085655235856	1.23345093844703	-2.63917525	2.319272
mand1440	-0.20033204238	1.03086476889105	-2.3547545	1.78738725
mang1378	-0.2799157798105	1.14168921887285	-2.730336	1.89720225
mang1381	0.28473318911	1.11877754269628	-1.90106775	2.60535425
mang1394	0.58930466691455	1.13297191884043	-1.5427325	2.96250875
mang1401	-0.143549828128	1.10605726163153	-2.3855845	1.9602835
mang1403	0.87825047259635	0.994409433540442	-0.87776225	2.942329
mang1404	-0.518601650425	0.909826427026007	-2.41666175	1.24891075
mang1405	-0.4298624403533	1.21065705192858	-3.0356135	1.887939
manm1238	-0.2070509652865	1.05347802204464	-2.4187965	1.906422
mans1260	0.7596056525475	1.13596736080343	-1.3266875	3.085537
mans1262	-0.257466318543	1.09593469617365	-2.718385	1.863422
maor1246	-0.1297869759385	1.14899845130721	-2.4914975	2.12674024999999
mapo1242	-0.4466786187865	0.897356309589938	-2.28482725	1.346371
mapu1245	-0.5057502361835	1.14225795826085	-2.91025975	1.6131375
mara1378	-0.08039015137	1.21299282266302	-2.49331925	2.33993474999999
mara1379	0.9228091769	0.928202872347717	-0.761560025	2.79816175
mara1382	0.159817270542	0.990343194631648	-1.7709825	2.17732775
mara1386	-0.3082622833665	1.05898309286549	-2.47102375	1.76558725
mara1399	0.668962595775	0.790740615863078	-0.76063375	2.319662
mara1404	0.179553087248	1.08636947474284	-1.93345125	2.4236125
marg1253	-0.2026706170835	1.19697918828906	-2.60958925	2.16666475
marg1265	0.087445767214	1.07379892049572	-2.0893965	2.254165
mari1414	-0.035604633961	1.15312325907381	-2.29716175	2.39170825
mari1416	1.85547453671	1.14138948860841	-0.12444995	4.16083275
mari1424	-0.44788618077367	1.06576095862997	-2.77878975	1.58529024999999
mari1426	0.0789408109	1.00605413244522	-1.9414265	2.17039775
mari1428	-0.3027504387765	0.925743632679722	-2.18787125	1.45940975
mari1440	0.2412967715526	1.14286329235744	-2.03718275	2.572908
mars1254	-0.1138100942625	1.14949804367379	-2.5238735	2.137142
mart1255	-0.197549950461	1.12686253346217	-2.596937	1.92026125
maru1249	-0.295478858389	1.13379224787007	-2.62509025	1.8361485
masa1322	-0.517935418645	1.11005329275448	-2.77584125	1.557279
masb1238	-0.3052222410785	1.14992965767289	-2.79539725	1.870258
mask1242	0.531661943605	0.842811840396457	-1.008577	2.30263275
matb1237	1.45099996224	1.23164093093592	-0.66295745	4.17243025
mati1250	-0.194958854113	1.12618870422229	-2.44217975	2.051668
mato1252	-0.439197067345	0.894612618809474	-2.22665525	1.35923675
mats1244	-0.456777657888	1.13030697095995	-2.93399575	1.7289745
matu1259	0.664780859575	1.11730726514243	-1.41181125	3.0989495
matu1261	-0.0101756554695	0.979078926664413	-1.99195925	1.930888
maun1240	0.531952690026	1.11187756943562	-1.58741825	2.90094425
maxa1247	0.47144916587	1.15396626527061	-1.62082375	2.90772325
mayo1261	0.25453568284575	1.12886448959318	-2.1206285	2.48835725
mayo1264	-0.2443822743425	1.13417751043498	-2.60141275	1.992135
maza1304	-0.269080429863	1.07058991800904	-2.51719	1.81228075
mbaa1245	-0.1269981671565	1.10235544464601	-2.46236475	2.09262625
mbal1255	0.688799231757	1.11320660031441	-1.27474025	3.1207675
mban1263	-0.725823378417	1.10712047292848	-3.152022	1.261348
mbar1260	-0.485362778045	1.17330615357622	-3.06516325	1.64040425
mboc1235	-0.1757977221145	0.924829460942865	-1.9843935	1.65156875
mbol1247	-0.411169215346	1.06824542178478	-2.7987265	1.587703
mbul1263	0.455945019016	0.887147948308003	-1.21185525	2.261885
mbya1239	0.2378782628185	1.119845160524	-1.94677425	2.57139775
meen1242	-0.181615494336	1.12661743905715	-2.58290025	2.03545025
mehe1243	-0.25602913142542	0.99974255089557	-2.288299	1.66501975
meke1243	-1.117212358448	1.08177186368343	-3.4010615	0.732732624999992
melo1242	0.52454511252	1.09255592527074	-1.5916465	2.72179425
melp1238	-0.232420000241	0.960000173717945	-2.136029	1.6026
mere1242	0.9194260021842	0.921289820346637	-0.7641341	2.8605865
meru1245	-0.0957683044525	1.02642086223831	-2.09805875	2.0414045
mesc1238	0.1894553409365	1.13456785808598	-2.08581675	2.60636125
meta1238	-0.32516194293	0.98104091902926	-2.30151975	1.553247
mezo1235	-1.192760644015	1.12600846247528	-3.6765915	0.7299566
mezq1235	0.2568365195025	1.0406536076151	-1.79712975	2.37004775
mich1245	0.1094600947885	1.15918396693616	-2.1334485	2.40606125
miju1243	-0.014538709097	1.02797200012003	-2.01107825	2.09342125
mikm1235	0.194407326861	1.16530714759103	-1.9613355	2.605569
mila1245	-0.340265858523	1.11069438237848	-2.64528875	1.7824645
mina1276	-0.404635692475	1.07479489220791	-2.62225875	1.6215925
mini1251	0.236768406389	0.969200542857348	-1.6841975	2.15626425
mini1256	-0.00564176395	1.13688912764117	-2.36219625	2.275388
minn1241	-0.21597193398475	1.12141268218008	-2.5257755	1.9610405
misi1243	1.18807291038155	1.19499411733449	-0.848810275	3.79309775
mixt1426	0.45485209261	1.04314941961804	-1.638538	2.74082925
miya1259	0.2568078837725	1.08818192061775	-2.008916	2.43210274999999
miya1266	-0.1182427101402	1.21823328808508	-2.72305075	2.32317075
mlab1235	-0.125753766151	1.16474288629377	-2.4598775	2.29183025
moba1244	-0.4809267497045	1.19659305064452	-3.1500805	1.8305535
moch1257	0.905065372517	1.14752598101104	-1.0920515	3.48705624999999
moco1246	0.199842772215	1.0976205867015	-1.936872	2.46009175
mode1248	-0.12123740628175	1.18636089858664	-2.60210925	2.18874274999999
moha1258	0.1489804108635	1.17617136686511	-2.01200825	2.607134
moii1235	1.50151313127	1.22073274113347	-0.523572125	4.27130575
moke1242	-0.0607259356985	1.21463704424515	-2.65042775	2.455878
moki1238	-0.1785689755585	1.17096095778071	-2.68190825	2.05918775
mokl1243	-0.081107784703	1.18814710067826	-2.49893575	2.17059275
mokp1239	0.0980328121245	1.01772151364376	-1.9599805	2.16070225
moks1248	-0.055546663999	1.21054084405094	-2.659911	2.285081
molo1266	-0.5868888393205	1.09382384085405	-3.03407725	1.43160825
mono1270	-0.7316341192085	1.18757080120377	-3.259871	1.419483
mono1273	-0.2968433477375	1.09889155814209	-2.594444	1.81239475
mono1275	0.2623731565275	1.02958750776101	-1.676083	2.4270705
mopa1243	0.446903811348	1.1957865527172	-1.81870025	2.96859
more1259	0.079042912375	1.02745472023222	-1.98617225	2.237518
mori1269	-0.2293386971	1.09061949815517	-2.45827575	1.86619725
morm1235	-0.376168859983	1.04465334479201	-2.497904	1.68371475
moro1287	-0.3149292802855	1.12139534088104	-2.78436575	1.9055745
mose1249	-0.73070091806115	1.17939976120469	-3.19052525	1.40856875
motl1237	0.3684010592828	1.02297352857433	-1.59669875	2.43144725
motu1246	-1.19329608695	1.0822473675052	-3.564424	0.642189275
mouk1239	1.1527150399805	0.971021029442889	-0.585843675	3.2204165
moun1252	-1.257836345745	1.11508937565162	-3.65494475	0.597653249999999
movi1243	-0.29607580852115	1.07776722345004	-2.558883	1.70602625
moyo1238	1.82025129573	1.12482693136318	-0.118886925	4.11405825
mpad1242	-0.4390452916255	1.12253895825679	-2.90864175	1.69281425
mpii1239	0.0191756691015	1.17459364767034	-2.385773	2.4056145
mpot1240	0.4315182453265	1.05535487130904	-1.525681	2.57238749999999
mpur1239	0.8029060879005	1.14666736129305	-1.3102715	3.323993
mual1241	-0.24137628949	1.17408566549985	-2.758356	1.971524
mudu1239	0.542060775755	1.16366417996087	-1.65064925	3.00306875
mudu1242	0.5878673793885	1.06035210755779	-1.53264725	2.857307
mull1237	-0.3816352213425	1.1047436127171	-2.685788	1.77459025
munc1235	0.235552789907	1.07157104105773	-1.81254325	2.444257
mund1325	-0.528979199061	1.13696382233217	-2.92709575	1.4844905
mund1326	-0.444704399465	1.11961101518017	-2.78152375	1.71561775
mund1328	-0.7044608849485	0.979003621199814	-2.760352	1.065095
mund1330	0.283700166164	1.1322592174474	-1.9450655	2.659275
murl1244	-0.28776903129	1.21274443802691	-2.85361925	2.07203225
muru1266	-0.146389641105	1.17471648167746	-2.564175	2.073757
muru1274	-0.202732938686	1.11219996107095	-2.55448625	2.104785
musa1266	-0.11530593089445	0.964301881597023	-2.093253	1.888982
muso1238	-0.38792157438195	0.892133224791027	-2.18319975	1.38635725
muth1236	0.281047156755	1.23025577719082	-2.03578225	2.859665
muyu1244	1.1284672045949	1.22019786854018	-1.04522125	3.7046585
mwag1236	0.3725622855645	1.04870133383969	-1.63550675	2.55246925
mwan1247	-0.56363776693825	1.11224374443593	-2.94233175	1.4549015
mwer1248	0.77467028288	1.13150143424291	-1.2056445	3.13228775
naka1262	0.6393987654015	0.988596896125589	-1.20087325	2.686905
nalc1240	-0.30890197381525	1.08479252118745	-2.6266615	1.8929925
nali1244	-0.447386920035	0.983200415067916	-2.572242	1.3685595
namb1293	0.1149424460955	1.01009869113022	-1.96417475	2.1629445
namu1246	-0.4945161029175	1.09093529863153	-2.8016085	1.505993
nana1257	-0.103470415475	1.17283809234106	-2.52897025	2.29135325
nang1262	-0.2796716085735	1.04729541551054	-2.48142675	1.6861345
naro1251	-0.328525588375	1.16020873966529	-2.777347	1.8356225
naru1238	0.8964775972665	1.15244222252298	-1.173204	3.390615
nati1244	0.7312126093965	0.84653201116731	-0.774535525	2.557841
natu1246	-0.3021075851025	1.04950597613065	-2.549916	1.683863
naue1237	1.2987300108585	1.17472644795777	-0.64149855	3.84219599999999
naur1243	-0.094290685342	1.11826038356816	-2.43079475	2.034603
nava1243	0.1787888765945	1.1171116426264	-1.99055325	2.50150949999999
nawu1242	-0.468244348793	1.1607122132926	-2.9922485	1.6634435
naxi1245	0.2146466260755	1.06399082501983	-1.92992625	2.3302325
ncan1245	-0.757652584596	1.01112466897476	-2.79494675	1.1651725
ndam1239	-0.5548897678225	1.09536252682418	-2.85227225	1.4597185
ndog1248	-0.0902699004785	1.17798909039132	-2.5575055	2.36300375
negi1245	0.294007585578	1.15570861795872	-1.92240975	2.72183
neha1247	0.56894248168695	1.05732368622706	-1.491492	2.89982225
nend1239	-0.05971333060905	0.978330234435217	-2.1002005	1.93129325
nene1249	-0.000966295285000001	1.23084176882204	-2.4741245	2.563992
neng1238	-0.12114789245785	1.07253902647717	-2.35595175	1.94418824999999
nenn1238	0.0717144760765	1.0073125588556	-1.97606075	2.10508425
nepa1254	-0.63417573196855	0.938049223044892	-2.68757725	1.071681
nese1235	0.776507272079	0.825733001544594	-0.7325805	2.48427625
newa1246	-0.567748574563045	0.975313169966804	-2.60081975	1.20741275
nezp1238	-0.55499966942155	1.14492339466212	-3.023357	1.62762775
ngaa1240	-0.340072620725	1.13463867795085	-2.63504625	1.85803875
ngal1292	0.063624093657	1.09899397515718	-2.275035	2.303647
ngan1291	-0.0259957488705	1.19770029290731	-2.40359975	2.411194
ngar1283	-0.244850188078	1.16833116867563	-2.55641325	1.96699275
ngar1284	0.4538304436	1.19909089333046	-1.71336275	3.17084775
ngas1240	0.3534404559556	1.0379294991301	-1.64296875	2.42522975
ngba1284	-0.488131427627	1.12248649843185	-2.93351025	1.67497425
ngba1285	-0.74292550531195	1.13377665214812	-3.11342075	1.3747905
ngeq1245	-0.287356528641	1.18815387019529	-2.86957425	2.04508775
ngit1239	0.0462874036125	1.03079415911768	-1.933071	2.15739225
nhan1238	-0.1523527243337	1.1537266962424	-2.4500055	2.170899
nhen1239	0.20299827727	1.12184914979697	-1.9250865	2.6428225
nila1242	0.521543302119	1.05345227631374	-1.48841125	2.74613475
nisg1240	-0.70846767375925	1.17428079652831	-3.230848	1.50255825
niua1240	-0.182985310972	1.14104759650453	-2.64215075	2.06666825
niue1239	-0.107316837674	1.1844745190033	-2.6600585	2.1495725
niva1238	0.200310689235	1.13881129716259	-2.01500075	2.5359705
njan1240	-0.55462504174	1.10776621413716	-2.858985	1.53617725
nkon1248	-0.5865626280125	1.13128126316064	-3.008877	1.58072575
noct1238	0.115743914695	1.01495326056905	-1.871393	2.16327925
noku1237	0.733220636039	1.01067977865925	-1.11896	2.87050075
noma1260	-0.1192532634915	0.895659361530858	-1.8350585	1.6825985
noon1242	-0.3025415972425	1.17978170717909	-2.849408	2.0326115
nopa1235	-0.53044154244	1.01548996981482	-2.685044	1.4198155
nort2684	-0.12446767957035	1.21708154612125	-2.58752825	2.25361225
nort2690	-0.08156880738977	1.21480041297613	-2.47092525	2.35143774999999
nort2697	0.161808105273	1.14085693204217	-2.11367525	2.571821
nort2702	-0.134531924791	1.16277360243338	-2.502919	2.17496525
nort2722	0.312274471598	0.990562203457749	-1.6453615	2.4185825
nort2723	-0.4915967065633	1.10948532365322	-2.79006025	1.5853315
nort2732	-0.15873089548625	1.20102408837498	-2.61065025	2.22856625
nort2745	-0.206632417303	1.15388438638828	-2.5768575	2.06679025
nort2747	-0.286354803499	1.20278998041195	-2.855171	2.0143295
nort2839	0.118193447873	0.812182146881538	-1.522041	1.79715275
nort2845	-0.149085006228	1.12202874406522	-2.40439925	2.09157025
nort2847	1.47622789507	1.01984827906268	-0.3273957	3.481825
nort2864	1.4161078504715	1.16653596317563	-0.490216075	3.90602575
nort2877	-0.618698099047	1.13257368740565	-3.0305215	1.46530375
nort2885	0.8284213804395	1.12055372171091	-1.23689075	3.311962
nort2930	-0.8423903728325	1.13036893150472	-3.237723	1.142339
nort2938	-0.9546084524495	1.20001853183504	-3.558367	1.04333725
nort2942	0.15896083544	1.14029260807705	-1.958924	2.5765595
nort2951	0.17441033562	1.09318940464468	-1.96723825	2.36208075
nort2954	-0.489677680074	1.13439299282745	-2.8742465	1.65618325
nort2957	0.500505012012	1.0206355615441	-1.43428625	2.6382545
nort2959	-0.4360002747935	1.07767322475173	-2.63643425	1.59213075
nort2980	1.013412465523	1.19004145559928	-1.07773925	3.59106125
nort2994	-0.3090337014605	1.11748310294555	-2.66076125	1.75421175
nsen1242	0.5653477582715	1.13770140869832	-1.52604775	2.99380575
nucl1235	0.16994828024815	1.20331450104831	-2.3098525	2.7227985
nucl1240	0.60088612914	0.989677554955367	-1.22971425	2.6343625
nucl1301	-0.088799881611	1.23887098938537	-2.5936195	2.4786175
nucl1302	0.522031953867	1.18258445447732	-1.74292825	3.07351675
nucl1305	0.03974840180545	1.1509454530764	-2.29990125	2.379207
nucl1310	0.4123935827455	1.02908491219281	-1.589473	2.53004575
nucl1327	-0.058947373327	1.13472979169439	-2.3602635	2.2160125
nucl1417	0.0256410958615	0.964433944576586	-1.9199255	1.91893225
nucl1452	0.5083829542335	1.14164582331551	-1.8615025	2.81999925
nucl1458	-0.032580279209	0.942705354419507	-1.903524	1.932714
nucl1593	-0.9112064164665	1.04013221070719	-3.14523375	0.880701549999997
nucl1595	-0.184476044261	1.05797126516703	-2.3174205	1.89247075
nucl1630	-1.228612647964	1.07574374272455	-3.56624375	0.56355755
nucl1632	-0.7637259797355	1.13246924846077	-3.1367395	1.2667465
nucl1633	-0.70819920834	1.11774539896853	-3.1821075	1.2705375
nucl1643	-0.07929132069085	1.16412152085742	-2.505238	2.27261225
nuer1246	-0.1517608175985	1.17154568535787	-2.57837625	2.061875
nugu1242	0.010886215907	0.871380755853903	-1.63979725	1.82202025
nukn1238	-0.40084055946295	0.879724451734164	-2.17015425	1.3151415
nuku1260	0.979551847665	1.17027512223913	-1.11332825	3.4585575
nung1282	1.1315236329545	1.09453154317525	-0.750267	3.4560225
nupe1254	0.0682730522695	1.11763330632813	-2.10971375	2.348996
nusu1239	0.8800507450795	1.04824497903857	-1.027561	3.1434065
nuuc1236	-0.499405473185	1.16683255419442	-2.90874725	1.7111955
nyah1250	-0.09140563232	1.17791528362246	-2.56957325	2.2056135
nyak1260	-0.2858114768535	1.00270923170217	-2.3528645	1.616575
nyal1250	0.0982010817578	1.03496466719157	-2.0630495	2.136533
nyal1254	-0.4533082903895	1.13511175686542	-2.86705325	1.75822125
nyan1307	0.5324044202555	1.05796797317374	-1.420337	2.75561175
nyat1246	0.31788835008715	1.05354982468388	-1.71685375	2.52284
nyaw1247	-0.1546205652345	1.30142117228722	-2.91158075	2.386386
nyis1236	-0.028326231081	1.10889816051933	-2.2740565	2.21176925
nyor1246	0.38744821932	1.07332081469369	-1.6081845	2.55010525
obok1239	0.046150555545	1.06405406709842	-2.052659	2.1033075
occi1239	-0.0827376907815	1.17331350994183	-2.45198275	2.29735275
ocot1244	-0.1972530191825	1.01854257467906	-2.24877975	1.73779
ofay1240	0.5104480311955	1.11481554883042	-1.6541575	2.81610175
okan1243	0.129280177	1.08716872178225	-2.03575425	2.34328325
okin1246	-0.198544034576	1.18845548783769	-2.66893625	2.10102375
oksa1245	-0.716795531469	1.04552759653455	-2.88570125	1.18505225
oloo1241	-0.6305598613945	1.00184846375988	-2.813908	1.13521875
olut1240	0.63320403871	1.096077370209	-1.35222325	3.095946
omah1247	0.310113476261	1.15697680881096	-1.95087325	2.79714575
omie1241	-1.103208059845	1.07263867835395	-3.33499175	0.799105824999998
onon1246	0.174768817026	1.18012964551325	-2.103594	2.5335945
onto1237	-0.1306003936025	1.12119116842601	-2.42689125	2.01502275
oriy1255	0.269854114525	1.12975008859589	-1.960284	2.48359025
oroc1248	-0.0075038500755	1.14879092882642	-2.30315125	2.28155774999999
orok1265	-0.0374584513755	1.14869337712993	-2.344758	2.350577
orok1267	-1.005935061644	1.15109594536746	-3.56650525	0.980524149999999
orok1269	-1.01628179621165	1.08592382240277	-3.28057075	0.919386574999999
orow1242	-0.7699745121055	1.13854934772076	-3.19449	1.2791575
osam1235	0.4501784336795	1.13115049517345	-1.74828675	2.846311
otta1242	0.203416697601	1.16184955253133	-2.015386	2.597732
owaa1237	-0.2888060113055	1.10134602579699	-2.58043475	1.81205274999999
paas1238	-0.418074453196	1.15069929006261	-2.87811375	1.79502075
paco1243	-0.2345949597	1.19594098354979	-2.768894	2.11987625
pagi1243	-0.667089000998	1.12650265722951	-3.117945	1.398906
pagu1249	0.713994976029	1.11505883913611	-1.296732	3.01042075
pahn1237	-0.239039371606	1.10204292442713	-2.629757	1.790984
pait1244	1.5111574264945	1.14960176717062	-0.52811765	3.97001525
pala1344	-0.165933360448	1.15227357183944	-2.489449	2.129133
pali1279	0.198522132575	1.13299729116158	-1.9908	2.559108
pamo1252	-0.0619929344578	1.12432907607932	-2.408251	2.16027975
pamp1243	-0.3759016915785	1.17061680695374	-2.8474575	1.93947275
pana1307	0.1366778067497	1.14795050287589	-2.1252515	2.60347575
pang1287	0.4281958891491	1.0516417083772	-1.50249475	2.698477
pang1290	-0.519891787457	1.16000870514234	-2.988829	1.5541775
pang1291	-0.271064443415235	1.17858550815147	-2.85279575	2.02874725
panj1256	1.0000059969615	1.24939931444734	-1.23582625	3.7633025
pano1254	-0.43414349218815	1.19668184373344	-2.9587855	1.82836575
pany1241	-0.1956258314935	1.15883279725929	-2.69270975	2.01476975
papa1238	0.402342186644	1.08088552514342	-1.65085825	2.610142
papa1265	0.14548702935585	0.994109389716308	-1.85436525	2.13236125
para1301	-0.1279074283005	1.16968487501593	-2.5371695	2.2126445
para1302	0.37034901437	0.969584657426602	-1.46658	2.3801715
patp1243	0.1652506845835	0.984845910872085	-1.80289325	2.0970745
patt1248	-0.1176945722175	1.11496283080603	-2.4346715	2.158752
paul1238	1.371158666335	1.15294434953106	-0.5753397	3.8288075
payn1244	-0.049510637764	0.967450963447812	-1.97493625	1.93111775
pela1242	-0.27585614416265	1.11366027304694	-2.60680125	1.917251
pemo1248	0.199883044509	1.11672581087688	-2.033279	2.51878975
pend1242	1.28004270221	1.15549998799053	-0.651040625	3.81833125
penr1237	-0.0642634394375	1.20752015479064	-2.467045	2.376729
phai1238	-0.1352376903155	1.15781970737562	-2.48537675	2.10420425
phom1236	0.52383202265235	0.960067915576235	-1.3284735	2.58516175
pila1245	0.268316464274	1.12335138963025	-1.99150075	2.52970875
pile1238	-0.337011336835	1.03808561096292	-2.65424475	1.63641625
pima1248	-0.6076672321445	1.13300884827807	-2.95652825	1.53384875
pina1252	-0.404367181276	0.971621119385548	-2.411194	1.44805
ping1243	-0.1883925591528	1.1617329199262	-2.64163	2.09731325
pint1250	-0.129439231373	1.18451405956346	-2.565396	2.1595765
pite1240	-0.0361972125752	1.24219054356348	-2.517827	2.5875545
plai1258	0.2159971417065	1.16225060691696	-1.937707	2.646236
pnar1238	0.4572617573125	1.06256152758565	-1.72753875	2.59816125
pohn1238	-0.1332198379975	1.17413921163432	-2.49434775	2.16539224999999
poli1260	-0.0835029554565	1.21309919220518	-2.58761075	2.40046075
popt1235	0.977946649175	1.18514736839497	-1.110945	3.5818755
port1283	-0.095452763925	1.16821466184181	-2.627877	2.284726
port1285	0.54211211761	0.842913555810271	-1.01343275	2.30784075
psik1239	-0.269737022681	1.0669211270081	-2.468706	1.82947825
pulu1242	-0.1437265628635	1.18075425949928	-2.6031655	2.13970725
puma1239	0.9695429869485	1.0329147950148	-0.89187235	3.126161
pume1238	-0.1556676113005	1.19574770708351	-2.56427325	2.2258675
puoc1238	-0.12663413163095	1.19964793480879	-2.6451385	2.38823125
pura1257	-0.955814929596	1.11693754749824	-3.3893015	1.00887425
pure1242	-0.233852846005	1.09770345656303	-2.47083675	1.92710425
puri1258	-0.0730214225974	1.16947056761189	-2.4647305	2.220531
qanj1241	0.926907247938	1.20834904835225	-1.272456	3.543712
qawa1238	-0.6694224674	1.20747843225897	-3.38806125	1.49448875
qima1242	-0.0928004157271	1.15484024785304	-2.46717725	2.2468305
quer1236	-0.0910595655365	1.06674633514658	-2.385401	1.93205524999999
quio1240	-0.715075136557	1.00201130896181	-2.74989925	1.1591325
rabh1238	0.181355562308	1.00526297432314	-1.84470775	2.19386025
rade1240	-0.3347134136644	1.1556436410399	-2.75537925	1.998974
raji1240	-0.0745268902725	1.11059511212241	-2.31763875	2.148422
rapa1244	-0.181047498372	1.1209386490818	-2.62421325	1.9766635
rapa1245	-0.1596821397225	1.13824872533709	-2.573804	2.0630915
rapo1238	0.0522227371104	0.920590982254946	-1.7852345	1.87422225
raro1241	-0.076302893967	1.12393644733332	-2.3654005	2.133159
rata1244	-0.052482785797	1.20543701763651	-2.7238745	2.3296685
raut1239	-0.244349114525	1.06439806963919	-2.47396075	1.839972
reja1241	-0.3146476903695	1.14882374457544	-2.7283685	1.87582125
remb1250	-0.4915563342385	1.159539958404	-3.0332215	1.588761
reng1252	-0.3019417414915	1.18620463308977	-2.9095005	1.87978175
renn1242	-0.2559670664175	1.15829040741072	-2.6295615	2.01334025
rere1240	0.4782022894145	0.803163187258094	-0.99870665	2.16251525
reye1240	-0.63522832941	1.16098393688773	-3.11885925	1.38369125
rian1263	0.7981261315855	1.14073062082319	-1.338255	3.2244075
rikb1245	0.2389296477105	1.17436046267267	-2.09139075	2.7559785
roma1326	-0.156968756865	1.18387160597211	-2.67354325	2.1127025
romb1245	-0.3424959721425	1.1391251751004	-2.75163875	1.80732025
rong1264	-0.28285204654525	1.17172500177063	-2.75313525	2.02039225
rong1266	1.244641421935	1.03066963778358	-0.444609025	3.46964575
ronn1241	0.511659720802	1.04369671364821	-1.4184315	2.7362645
roto1249	0.11527540583	0.978312872345847	-1.8247605	2.080079
rotu1241	-0.2164643728345	1.16104684070186	-2.757185	1.981165
rovi1238	-0.5064882198385	1.07033058637114	-2.72149025	1.366334
ruch1235	0.131849720932	1.14590967232879	-2.14033925	2.42265875
ruka1240	-0.0719160844444	1.06992326662605	-2.16977225	2.0424285
ruma1248	-0.0680919921725	1.15476715521371	-2.45812175	2.145132
rung1258	0.3131118410467	1.15904019895671	-1.90727475	2.79426
rung1259	-0.52553617045	1.16305906618834	-3.15176175	1.66488
russ1263	-0.1055259526365	1.19374819937383	-2.58160475	2.29781625
russ1264	-0.1107699790295	1.16142986150731	-2.55875475	2.06395325
saaa1240	-0.2321113163175	1.04248782403742	-2.36703925	1.7300925
saaa1241	-0.0564958552885	0.837295515210461	-1.75801175	1.6159785
saam1283	0.8350420969355	1.10995378112859	-1.20177025	3.24447025
saar1237	0.059728468857	1.06744087926006	-2.19165025	2.2504855
saba1267	-0.5731234733635	1.14211704913197	-2.94788225	1.67675475
saba1268	-0.0167917663362	1.09384371764069	-2.1746445	2.1296695
sabu1255	-0.443086290931	1.13706547743951	-2.8211235	1.67426525
safw1238	-0.6761883292555	1.0312666858497	-2.882282	1.2110365
saga1262	-0.88470733655365	1.0509729451168	-3.127788	1.02547075
sais1237	0.011513990205	1.04670222513456	-2.12192625	1.997589
saka1289	0.8569016059075	0.928494150863259	-0.836954925	2.812167
saka1291	-0.0943295423635	1.15599565431481	-2.422919	2.167969
saki1248	0.1480288981845	1.10035196588442	-1.90685825	2.38786275
samb1305	-0.01855000670015	1.02385901118621	-2.19257525	1.97678375
samb1311	-0.1053132933492	1.03252071598155	-2.25578125	1.89604575
samo1305	0.9614219133605	1.17700594652277	-1.1816035	3.41162325
sanb1241	-0.140839162332	0.993180941930049	-2.146104	1.81254024999999
sand1278	0.7864012124055	1.09916916197078	-1.257955	3.20425025
sang1321	0.5494320668155	0.925590660807167	-1.2072865	2.4054165
sang1330	-0.61255645608842	1.02556033994348	-2.726334	1.33907375
sang1331	-0.474244009221	1.14191431533796	-2.93009325	1.68916125
sani1269	-0.360536470933	1.1786904630283	-2.87140025	1.85213925
sanj1284	-0.1428546747905	0.960116943222177	-2.0275355	1.75021425
sanm1289	-0.3943091459615	1.13663269300321	-2.7137455	1.79500075
sanm1295	-1.22051741875	1.13278452093314	-3.6315285	0.741895999999999
sanm1301	-0.7942928662845	1.10704262736898	-3.12904325	1.22782375
sant1436	-1.331841068215	1.16497293820479	-3.836701	0.673222324999998
sant1451	0.58549388193335	1.04995213742148	-1.363394	2.845972
sapo1253	0.067747228567	0.955501387550037	-1.88209875	2.00439275
sapu1248	-0.2814276224695	1.20628316476956	-2.84417075	2.07632025
sara1327	-0.236020575112	1.1056198494578	-2.51710275	1.93167375
sars1236	0.150667572255	1.1080494122522	-2.02590525	2.51989075
sata1237	-0.176149498449	1.18573114929714	-2.7246365	2.1177655
sauk1252	-0.6133710099705	0.88648494141636	-2.42190775	1.109199
saur1249	0.127466627865	1.16980281351838	-2.18379775	2.65744075
savo1255	0.0431601110185	0.989498238946631	-1.9855785	1.95511525
seda1262	-0.275233748314	1.14723022525495	-2.6709145	1.960087
seim1238	-0.242467087715	1.18389309748703	-2.85338775	2.11694925
seke1241	-0.08321429605379	0.84159338791758	-1.77989175	1.6508185
sela1259	-0.161983994515	1.07156942198788	-2.36452775	1.88007575
sela1260	-0.347405052345	1.120987745203	-2.7435385	1.78379625
selk1253	0.0043729679255	1.17655718424773	-2.434283	2.38871475
sema1265	0.123443475455	1.18218933499497	-2.25678225	2.5771595
sema1266	0.30530567663	1.11105312888015	-1.78316225	2.5755815
seme1247	-0.100350398141	1.19456041416253	-2.45058975	2.2320055
seng1281	1.254207543925	1.05313994340183	-0.556795875	3.5440635
seri1257	0.235741335852	1.12607785518746	-1.90621925	2.62789799999999
seve1240	0.2041563489674	1.12080519278612	-1.9620725	2.59146325
sgaw1245	1.067480130127	1.16906147404382	-1.006583	3.569653
shab1252	-0.2686459931775	1.12164805765122	-2.59034725	1.8150825
sham1280	-1.17204608383	1.10815139076486	-3.57951325	0.702424249999998
shan1283	-0.469971221205	1.20670636178156	-3.23012275	1.810479
shaw1249	0.20747167923965	1.17394388157176	-2.127807	2.56092324999999
shil1265	-0.104073685222	1.23809665031011	-2.7300465	2.2603765
ship1254	-0.861539869075	1.19099957248104	-3.478373	1.29256675
shix1238	-0.2049626297065	1.05452041716214	-2.41069275	1.8040775
shon1251	-0.376484071683	1.05917503899138	-2.57314325	1.62745824999999
shor1247	-0.1025158967275	1.2434991083569	-2.57267625	2.4407035
shos1248	-0.690356858729	1.10684539385452	-3.19793775	1.3014175
shua1257	-0.602299493479	1.15276220783486	-3.0027015	1.49356275
siaw1243	-0.846542277312	1.06620688799153	-3.0260295	1.14592975
sich1238	-0.4257146993355	1.14841443074573	-2.975559	1.6729435
sici1249	0.269091115035	1.00377496783684	-1.76465925	2.324755
siee1239	1.499829480645	1.11709439957248	-0.474234625	3.78365675
sier1250	-0.6062645058329	0.976974865680444	-2.5573	1.19002075
sika1261	-0.161624445524	1.091902342887	-2.43371375	1.94755025
siks1238	-0.066378552925	1.13178728908296	-2.266306	2.2222415
siku1242	-0.0301815288915	1.17396054831198	-2.34096825	2.3623975
sile1255	0.0602981232035	0.981921110608024	-1.86383675	2.14990575
simb1256	-0.4730564336755	1.12621942625952	-2.87351575	1.6192615
sina1266	-1.174205406851	1.07775015557704	-3.5129245	0.678849899999999
sing1264	0.0016436400785	1.05111332598415	-2.25114875	2.0185555
sioo1240	-0.076569317075	0.944339720412833	-1.9112415	1.78550875
siri1273	0.383348779652	1.18939357032379	-1.78907525	2.82439275
situ1238	0.5728154309035	0.994334470919276	-1.230644	2.708058
skol1241	0.00861310667	1.22765359205675	-2.46646575	2.52086925
slov1268	-0.118532636365	1.16395882208154	-2.48055075	2.1454405
sobe1238	-0.2707259315165	1.04355091776003	-2.416823	1.76490125
soch1239	-0.832786523162	1.05911353257833	-3.088334	1.03823375
soga1242	0.85252014329	1.09973689729378	-1.04509525	3.25050099999999
sons1242	-0.104530914002	1.17800389687514	-2.51529075	2.37476475
sooo1254	-0.192585131308	1.21243760988042	-2.70854775	2.18450425
sout1528	-0.129897069233	1.14304514749738	-2.47212925	2.145288
sout2649	-0.062396321005	1.13647281989412	-2.29181325	2.27899675
sout2674	-0.0317380045535	1.25944926806822	-2.65147575	2.47403275
sout2679	-0.0602846711209	1.21121042516697	-2.5134585	2.23128375
sout2715	-0.5980018855515	0.942116987355291	-2.620129	1.12244475
sout2728	0.281437478705	1.06636990660857	-1.78841525	2.46154425
sout2729	-0.239482606565	1.09461320149308	-2.528556	1.86438175
sout2730	-0.2752071100895	1.13921153559672	-2.639146	1.79756575
sout2782	-0.17248004712	1.07290305321027	-2.28155725	1.89649175
sout2807	0.574464909192545	1.112640421397	-1.515019	3.07298075
sout2856	0.399123579935	0.954042474792202	-1.497583	2.341718
sout2857	0.7601682150945	0.859159268146619	-0.7687291	2.57018449999999
sout2859	0.2150975407305	0.831453358950139	-1.3986995	1.9277965
sout2869	1.49698846023455	1.03125902827436	-0.32014125	3.591634
sout2895	1.233195715705	1.15239989428293	-0.626272875	3.734501
sout2918	-0.20890524486	1.17956516259193	-2.697716	2.07357375
sout2954	-0.171790907002	1.16553308994386	-2.65042375	2.022246
sout2956	-0.90649707352	1.17130513879023	-3.46499075	1.1832975
sout2959	0.2360476253435	1.15546033658389	-2.00690025	2.639762
sout2976	0.2988707162965	1.06882759941866	-1.759617	2.58726075
sout2985	0.0417831360325	1.05188850825326	-2.03928625	2.12473375
sout2994	0.367410022101	1.11937924125097	-1.72755125	2.85523025
sout2996	-0.200055374818	1.16559460145988	-2.66829025	2.02455725
stan1289	-0.075762012929	1.13572293560579	-2.50815975	2.2600215
stan1290	-0.10967832917	1.23646800705554	-2.80037575	2.32522625
stan1293	-0.004519058485	1.18186164798537	-2.26457775	2.4108095
stan1306	0.0179991382083	1.14269993966961	-2.3424595	2.39104175
suba1238	0.8334773429595	1.09072789138445	-1.0423285	3.2753995
sude1239	1.05119343692485	1.15661853204954	-0.938199225	3.549424
suku1259	0.7365328055335	1.11709406112961	-1.34993175	3.10325175
suku1261	0.87121970298935	1.15127869816713	-1.1464315	3.40944425
sumi1235	0.6079577372501	0.925340544484647	-1.1733055	2.473623
sunw1242	0.070243647367	0.888326899581177	-1.71140075	1.82287125
supy1237	0.6334496583445	1.12982927186562	-1.59568225	2.98598225
surg1248	-0.019094806625	1.24649982112591	-2.60418075	2.4954945
surs1246	0.19177686653605	0.995688249025142	-1.73381875	2.23703325
swah1253	0.41115806420875	1.06601610961555	-1.655854	2.59041575
swed1254	-0.031186430598	1.20828049128511	-2.56025425	2.393388
taba1263	0.790646801748	1.15482717077958	-1.274975	3.318999
taga1272	-0.2756858807605	1.05431128887038	-2.51856375	1.69591425
taha1241	-0.144010537153	1.19805960705403	-2.63728225	2.2304905
tahi1242	-0.0793449698025	1.19000770653299	-2.620421	2.30524075
taia1239	-0.3169056477345	0.999654293914754	-2.36485325	1.684606
taji1246	1.277103542005	1.13432717559855	-0.634068875	3.705286
taku1257	-0.161673500742	1.12611829915976	-2.46622825	1.9779195
tali1259	-0.258825686707	1.03787099729031	-2.3454775	1.64713075
tama1331	-0.127409829292	1.16818347135853	-2.6173045	2.2051025
tama1365	-0.247969109685	1.12345946705477	-2.54343325	1.94740425
tamb1254	-0.631239088229	1.15054569354907	-3.0176085	1.47837999999999
tami1289	0.09664795620209	1.25818899935071	-2.52489975	2.769585
tane1237	0.353393535021	0.995969600060381	-1.62417825	2.33520725
tang1336	1.21432338513875	0.98854926019933	-0.47993815	3.2585155
tang1347	1.00760375693	0.904048171667813	-0.577309275	2.913813
tang1348	0.367445011695	1.07423156025788	-1.81068675	2.6571625
tang1373	-0.177194367715	1.1599705241822	-2.45223225	2.11871025
tang1377	-0.3634917292745	1.14114253084854	-2.92984225	1.88934075
tara1313	1.8817842630535	1.13703793494105	-0.1139068	4.198284
tata1255	-0.1416661833675	1.221495535262	-2.808203	2.24948125
tata1257	-0.572633342875	1.11955156179203	-2.9268595	1.5643655
tata1258	-0.808913273914	1.05044284581736	-3.07821025	1.102751
taul1251	0.2966441008185	0.994641952704237	-1.684539	2.30000025
taus1251	-0.295070952074	1.15812486049792	-2.79694625	1.88799325
taus1253	0.1691333326395	1.06558889106111	-1.8872405	2.34686525
tbol1240	-0.2906795568135	1.08123433600389	-2.60387425	1.84618
tean1237	0.355750423385	0.996885007543008	-1.602719	2.42448475
tedi1235	1.32972107009	1.15905073871637	-0.68581685	3.77219325
tehu1242	0.257376045205	1.168927566565	-2.01919825	2.696319
teke1275	-0.3841007827731	1.12089440188506	-2.6968365	1.709256
tekt1235	0.92106348079	1.15070565256595	-1.0631505	3.4289205
tema1239	0.2397612720715	1.05815610969518	-1.811691	2.45355825
temi1246	0.6966036716995	1.17298377861388	-1.479468	3.24089075
temo1245	0.32083738997305	1.03840949774155	-1.67587925	2.48741525
temp1235	-0.59421740358	1.13750780725214	-3.04669225	1.4438205
teng1272	-0.160636930905	1.11066983595417	-2.5702175	1.910687
tenn1246	-0.2100599295855	1.20980527021791	-2.69734325	2.21089925
teop1238	0.078018866491	0.944635355529954	-1.8174215	2.01067975
tera1251	0.480607197995	1.1064746417853	-1.66682575	2.75249325
tere1279	0.35198904315815	1.19494244866397	-1.8642605	2.88003
term1237	-0.405549082755	1.16015288083983	-2.8404915	1.84238525
tern1247	0.602813263215	1.08750576404756	-1.407495	2.87076325
tete1251	-0.0136345672015	1.03627343010661	-2.15215575	2.13817275
tezo1238	-1.3192493009135	1.16209287958646	-3.9097865	0.667030049999997
thad1238	1.5805398212965	1.14227140294245	-0.3438494	3.90129299999999
thak1245	0.152981607001	1.020451896993	-1.85323425	2.27108324999999
than1259	-0.437389585507	1.05966618508654	-2.656056	1.50389025
thao1240	0.30499303157	1.05312204888685	-1.7960645	2.4868115
thar1283	-0.25722704034725	1.03653545305889	-2.360285	1.72638775
thul1246	1.33262280391	1.08690324949511	-0.533377475	3.72590625
tibe1272	-0.15004028893375	1.10396359250507	-2.4711895	1.98163725
ticu1245	-0.6656893975305	1.12450429454066	-3.04167075	1.427462
tief1242	0.071180813994	0.947013531639875	-1.84495725	1.952684
tief1244	0.1487321809825	0.96392755645828	-1.8460715	2.0663735
tien1242	-0.4420552783705	1.15657056587081	-2.9903055	1.7048745
tiga1245	-0.48673353598	1.04423721923849	-2.76723925	1.4456325
tika1246	-0.352240646245	1.0801465791201	-2.53331425	1.8231855
tiko1237	-0.1271511430691	1.17683693514151	-2.60706475	2.26283275
tilu1238	0.3418684575075	0.902988307237786	-1.36389525	2.163298
timn1235	0.7163797058315	1.09205800052493	-1.27099075	3.0576905
timu1262	-0.592364044154	1.15886325710088	-3.0230865	1.5407715
tina1248	-0.440280528882	1.15256242667263	-2.88758025	1.7496515
tiri1258	-0.718186518566	1.09089304402413	-3.04492875	1.2621975
tiru1241	-0.20612727976185	1.07805339782381	-2.52771	1.8342885
tita1241	-0.424621511097	1.03085507449585	-2.53012525	1.476925
toab1237	0.06983957709135	1.00456282859612	-1.957473	2.116356
toar1246	-1.085285479879	1.08845254325928	-3.456662	0.677843974999998
toba1268	0.463731270388	1.14185065123205	-1.66765375	2.8112215
tobe1252	0.745871726694	1.13046121042184	-1.32097175	3.09033725
toda1252	0.8854953602065	1.17586677836224	-1.17604725	3.451569
toho1245	0.24433430655	1.15060201294889	-2.041498	2.612988
tojo1241	0.8368541125195	1.16288679963649	-1.23180375	3.3840075
toke1240	0.951220065698	1.16543758973508	-1.05731125	3.493134
tolo1255	0.8644502776956	0.957276055963995	-0.8582058	2.87588075
tomb1244	-0.509476141846	1.17321478731949	-3.071989	1.67734875
tong1308	-0.0078444051745	1.14699439796081	-2.30263275	2.24190925
tong1318	0.5500959927423	1.15514696885967	-1.57956175	2.98834575
tong1325	-0.2038346813535	1.09754707013124	-2.4582095	1.94418775
toor1238	0.0621382642756	1.00956283998484	-1.88489675	2.06163325
tora1259	-0.000151128855500001	1.01542631598673	-2.1801655	2.08424775
tosk1239	-0.1810132407025	1.16317175940238	-2.52308925	2.0498115
tote1238	0.663123649515	1.0771958075183	-1.3911165	2.88499025
toto1302	0.1742867825555	1.05848524419083	-1.97225675	2.307782
trin1274	0.1132913125345	1.082527635447	-2.033469	2.32867175
trio1238	0.334941148285	1.11312814231908	-1.83807775	2.63181875
trum1247	-0.07637353080215	1.01388485459302	-2.16502725	1.98254275
tsam1247	-0.30665574565065	1.08938639869686	-2.5260725	1.778166
tsat1238	-0.0656239840545	1.22479497856486	-2.5899735	2.38278174999999
tsha1245	-0.2982845277055	1.06747679244128	-2.5810675	1.73905375
tsis1238	0.2852340696335	1.07867857227573	-1.8797935	2.53134175
tsix1234	0.15545236398	1.25141053100952	-2.2729225	2.6124755
tsog1243	0.91055404193	1.16186176799118	-1.18282525	3.4224055
tson1249	-0.59518587542	1.12287947059986	-2.9951245	1.36625075
tswa1253	-0.5068163406635	1.10192570916073	-2.85379625	1.5298195
tswa1255	-0.65416600259	1.10237227299254	-2.9266415	1.36446675
tuba1278	-0.053714782673	1.22322964180728	-2.545786	2.38589825
tugu1245	1.412690271336	1.1851097901635	-0.537788125	3.99728975
tuka1248	-0.1777735656909	1.17742283333182	-2.75415675	2.1370855
tuki1240	0.2267626643545	0.907522752089526	-1.52085075	2.1485345
tula1252	0.932821403575	1.01624963627019	-0.859044375	2.99450925
tulu1258	0.0357075686637	1.14536247322225	-2.2270755	2.3945625
tuml1238	-0.4853717792455	1.00209562802567	-2.6140055	1.35368425
tune1261	-0.2107516990945	0.895279274381234	-2.0153735	1.5438495
tung1290	-0.39439901104215	1.1563646959779	-2.972573	1.73029625
tunn1238	-0.085766217235	1.1939777296267	-2.71748875	2.249688
turk1303	-0.08170614051815	1.16210931015989	-2.509284	2.17010725
turk1304	-0.051727446205	1.15553008135217	-2.45124225	2.33200725
tusc1257	0.140849147806	1.18230499142322	-2.2978845	2.53293199999999
tutu1241	0.705758640904	0.856428052473745	-0.848020075	2.514897
tuva1244	-0.2377943658115	1.15137369168635	-2.75926975	1.9179905
tuvi1240	-0.1076399983715	1.17217192289955	-2.54168825	2.1851045
tuwa1243	-0.66025892532	1.12124326104545	-3.09529075	1.31686125
tuwu1238	-0.58445467046	1.12788741868942	-2.95658625	1.6091365
ubir1237	-0.608132107705	1.06038757665301	-2.86508325	1.28260575
udih1248	-0.06217799952	1.15743003563602	-2.39963925	2.270894
ughe1237	-0.4679286918021	1.09663443037429	-2.75975125	1.5620705
ugon1239	-0.11577648877755	1.14908934721648	-2.5091265	2.17888075
ulch1241	0.367619785785	1.18243419601686	-1.96767425	2.76625775
ulit1238	-0.1437227415	1.10695320152696	-2.41823575	2.01387025
umaa1242	0.0900496270965	1.12120498454073	-2.16518875	2.3785735
umbu1257	0.492043523707	1.14108062062907	-1.61535475	3.01575525
umbu1258	-0.151474348255	0.982130236712126	-2.11971525	1.78724775
umes1235	0.0118185179735	1.19507911715704	-2.52112725	2.50171675
unua1237	0.4985189792	0.794260884878922	-0.970371175	2.1481915
uppe1275	0.5160274246685	1.01865437030878	-1.332951	2.64812525
uppe1427	-0.5375506108135	1.20990627212802	-3.1757135	1.715095
urak1238	-0.0966813433332	1.15183828770632	-2.48621375	2.1279805
urar1246	0.188613163529	1.1201441300486	-2.0197145	2.603531
urav1235	1.426886117878	1.11643209501995	-0.5092116	3.75446025
urim1252	-0.1791845024725	0.976014633344042	-2.154528	1.800848
urip1239	0.660868842719	0.795494094073395	-0.7953032	2.2997465
urni1239	-0.17081098983	1.0672074318454	-2.387843	1.9186015
utes1238	-0.6532808639875	1.11952806483469	-3.06906775	1.3329485
uuuu1243	-0.385262854146	1.15066104777378	-2.926493	1.7423725
vano1237	0.32261349018685	1.00095487509042	-1.63224875	2.362482
veps1250	-0.009857055634	1.18064931939411	-2.44696775	2.4243825
vera1241	0.59985434406	1.01085335538559	-1.2794125	2.69084425
viem1243	-0.046167888508	1.03666323783479	-2.17133125	1.93627775
vinm1237	0.60191649871	0.778102675687033	-0.837965775	2.20758175
vunj1238	-0.59632675737735	0.989483646349986	-2.688421	1.29728025
vure1239	0.5917985839962	1.01163642741209	-1.2795145	2.69928525
vwan1235	-0.17966109085945	0.984361425667265	-2.14945625	1.86164875
wadj1254	-0.090765511794	1.04410606227189	-2.244927	2.01484574999999
waga1260	-0.1670090445495	1.13490231148445	-2.63268775	2.02773325
wage1238	-0.42859892295	1.160672527384	-2.7879195	1.80586175
waig1244	1.358357577111	1.17538480570272	-0.6537018	3.7965135
waim1251	-1.1652149945505	1.11885942248183	-3.560756	0.809793425
waim1252	1.1093556343945	1.12420928893331	-0.895307225	3.47037375
waiw1244	0.246876185078	1.1088093656248	-1.8576835	2.644743
waja1259	1.063944714023	1.01999542746411	-0.798747375	3.22961225
wala1266	0.09755253664545	0.972009242621751	-1.8526395	2.0883935
wall1257	-0.1570262226675	1.15793989037685	-2.67797175	2.06538925
wamb1257	0.3689314730271	0.916413482480722	-1.33947875	2.2023
wand1267	0.4676177306	1.06930980856744	-1.619092	2.7209045
wand1278	-0.48529707824	1.11488199538636	-2.85014675	1.6154205
wang1291	-0.12782393519	1.14098042820958	-2.4191165	2.191746
wanm1242	-0.1577745768415	1.1780402355996	-2.53524375	2.1037175
wara1294	0.46370315449795	1.05798472114327	-1.561256	2.70129575
wara1300	-0.1871268846255	1.16431827831492	-2.636105	2.029827
wara1303	0.3043142823405	1.19225576799083	-2.00786125	2.7583835
ward1246	-0.14751144934845	1.13185324509333	-2.53095975	2.00572425
ware1253	0.51182536727085	1.06377899817958	-1.50084125	2.77005675
ware1255	0.2573210032669	1.11578331032423	-1.9613765	2.611717
wari1268	-0.0530969658375	1.11186888747276	-2.33582425	2.2783235
warj1242	0.22648347905	1.05631257914962	-1.817711	2.44246125
waro1242	-0.06024397845385	1.08269003580428	-2.293251	2.10847725
waru1265	-0.17206116540345	1.18687658512778	-2.70722025	2.07441325
wash1253	0.0806185628435	1.04138898996162	-1.97273975	2.2494845
wawa1246	-0.4764944649175	1.11718071566635	-2.74728625	1.64108675
waya1269	0.306022280322	1.17731191594928	-1.95578375	2.8483135
wayu1241	-0.040261977099	0.90531152691728	-1.8373265	1.71688475
wayu1243	0.1945447547915	1.16343974503137	-2.0826215	2.6845775
weda1241	-0.314417235468	1.04948140518655	-2.45575625	1.670811
wels1247	0.02855987488395	1.1174012599375	-2.136331	2.3721715
weri1253	-0.7705830827665	1.02538619582164	-2.91980925	1.0659495
west2354	-0.050705242554	1.16830251200031	-2.362017	2.347179
west2369	-0.129789808365	1.21165097415663	-2.6188955	2.35758525
west2386	0.847947122552	1.23074453768362	-1.42720825	3.518938
west2392	-0.151675272425	1.24518650310178	-2.81795925	2.4845145
west2396	0.224948216654645	1.14092219977318	-2.01020425	2.5989305
west2397	-0.1953916326855	1.23192702374422	-2.6662775	2.27082525
west2415	-0.640685187013	0.945938615651533	-2.6926515	1.10834525
west2418	0.387009942195	1.02463716947935	-1.6152455	2.57782075
west2430	-0.25849907335775	1.18469323649434	-2.75266825	2.02267325
west2441	-0.17211685602	1.13704032698768	-2.54166425	2.06579675
west2466	-0.0166948276825	0.935251710131603	-2.03591825	1.80938175
west2516	-0.431402850817	1.15295230388601	-2.890617	1.69123
west2519	0.801218393647	1.11804620644592	-1.15813575	3.087463
west2548	0.30132127388	1.11055094260359	-1.88885375	2.489888
west2555	-0.134509678886	1.08425144884861	-2.32565875	2.05166375
west2557	0.0768987795285	1.14737122731706	-2.22261225	2.3770185
west2560	-0.60467294103	1.11816850110322	-2.9695625	1.33921775
west2594	0.444957162579	1.09277644149638	-1.539275	2.82255825
west2600	0.412502491902	1.07453936411924	-1.661864	2.6911025
west2615	0.23717618842	1.12056604598012	-1.9925875	2.46549375
west2618	-0.147107477697	1.17007992916865	-2.6575545	2.16282875
west2624	-0.097920760444	1.06484214711631	-2.2542515	2.02329024999999
west2632	0.1291622315875	1.08260777361797	-2.03430475	2.41096425
west2635	0.9744216074654	1.16734732337867	-1.0800375	3.5380445
west2644	-0.673112631805	1.02284129259272	-2.81267575	1.2403
west2650	-0.0870689710345	1.16006971638471	-2.467968	2.18976825
west2763	-0.35211301652	1.09386662735214	-2.723474	1.699348
west2778	0.347329284521	1.12309832325512	-1.80615	2.648505
whit1269	1.4863692379065	1.02336368646479	-0.310570575	3.54312175
wiru1244	-0.3905072863935	0.986537532803586	-2.42566775	1.47034474999999
woii1237	-0.009297230931	1.12002716529577	-2.33966025	2.1870635
wola1242	0.684180414544	1.08379459027767	-1.2933205	2.94945149999999
wole1240	-0.105337584325	1.17016316605698	-2.5232665	2.11841175
woli1241	-0.2719412859394	1.13681013882652	-2.7524375	1.89206725
wood1236	0.2153468608889	1.152165473591	-2.11075625	2.624397
wotu1240	-0.26909095909895	1.09102499497057	-2.54930925	1.79784525
wuch1236	-0.123630118	1.12531047687739	-2.480462	2.05443325
wudi1238	-0.346631199375	1.19923765295674	-2.8678595	2.0754545
wusa1235	-0.334792303598	1.1759659260535	-2.734612	1.95586225
wutu1241	-0.31055201709955	1.15696324823881	-2.838406	1.893923
wuvu1239	-0.3432126566525	1.15653448797484	-2.77402925	1.81739675
wyan1247	0.1619001941515	1.18494756970135	-2.25198275	2.5635245
xamt1239	0.0485251319595	1.20001197344711	-2.36758675	2.47784775
xara1244	-0.717787522155	1.0892464175009	-3.0747955	1.29113575
xava1240	0.1042196128675	1.12958407620456	-2.23696775	2.5033045
xhos1239	0.5993763529775	1.10778429614832	-1.39334525	2.957507
xish1235	-0.3700440431829	1.22083539491377	-2.9296705	1.936291
xokl1240	0.12033278021	1.12046721998386	-2.14627125	2.37238675
yaak1241	-0.215238878855	1.07891333763414	-2.40581175	1.95522775
yaey1239	0.9796272517345	1.21067645591074	-1.2201725	3.641833
yagu1244	0.410880069211	1.15387848122363	-1.766596	2.8285115
yaka1269	0.6082327405	1.13840597749848	-1.54981325	2.993167
yaka1277	-0.189700244332	1.1699789602454	-2.658049	2.093545
yaki1237	-0.674168412615	1.14197199309362	-3.23754925	1.493871
yako1252	-0.52251637369	1.13254181235823	-3.052421	1.59023449999999
yaku1245	-0.0955248476915	1.20326705787882	-2.550845	2.317692
yale1246	-0.8861804798485	1.04968916281333	-3.08151225	1.08095075
yama1264	0.288237215309	1.16437349799595	-1.888916	2.88365575
yami1254	-0.106696995635	1.13120166288134	-2.4447085	2.14237125
yami1256	0.088390049287	1.08222153951419	-2.0941465	2.401487
yamp1242	0.8891262412935	1.02152888167653	-0.919026925	3.0485095
yane1238	0.5678182116275	1.10266461708061	-1.55824	2.84932975
yano1261	-0.2375163382677	1.15452193232646	-2.61975125	1.98051325
yaoo1241	-0.592198148624	1.14187733322135	-3.091019	1.5544375
yape1248	-0.1469309112504	1.11409525474194	-2.500689	2.06896575
yapu1240	-0.3304293729575	0.970120193534646	-2.3657755	1.57973375
yaqu1251	0.19146966060751	1.17770558536142	-2.120899	2.65262925
yare1248	-0.9874036978	1.09646977845764	-3.41926275	1.061029
yatz1235	0.0756338215245	0.967634831820939	-1.81505075	2.01077275
yaul1241	-0.5328936942085	0.984796681449965	-2.59899525	1.36269025
yaum1237	-0.5308443017855	0.875664973340513	-2.4036505	1.15990675
yawu1244	-0.37622229984985	1.17722849290128	-2.968366	1.823471
yecu1235	0.2544536610955	1.06825982064093	-1.81254475	2.3981455
yele1255	0.6097281333565	1.12683331986632	-1.54428125	3.00927475
yems1235	0.7788847431465	1.13206583740475	-1.30691025	3.12832575
yind1247	-0.2337570525905	1.15774019851367	-2.65491975	1.96867725
yoga1237	-0.622115141105	1.16364142068399	-3.151364	1.5442195
yoku1256	-0.0062685690355	1.07136625283909	-2.216573	2.14161925
yona1241	0.5139059106406	1.16770553964903	-1.699384	2.97700374999999
yong1280	1.0292003132605	1.17273791756398	-1.0496675	3.6446175
yora1241	-0.29243613691	1.10173900068064	-2.64047125	1.7433635
youl1235	-0.272549220161	1.07057124225345	-2.520492	1.78953125
youn1235	-0.215925721351	1.18125646269988	-2.58573075	2.03644475
yuca1254	0.255305354497	1.17182868343347	-1.966525	2.72887675
yuch1247	0.276069818616	1.19317910003803	-2.02502525	2.813002
yuec1235	-0.2134409699135	1.1747882049117	-2.697195	1.9832175
yukp1241	0.226441974666	1.1657812315002	-1.982275	2.61089025
yulp1239	-0.24249771419	1.15249965331567	-2.57087875	1.98976225
yuqu1240	0.48515112028795	1.1510842279363	-1.702743	2.9487525
yura1255	0.4756323054875	1.14033128412917	-1.70085075	2.88865725
zaba1237	-0.1285720444535	1.01667050606792	-2.27678175	1.84803925
zaca1241	0.464301586122439	1.0270998908054	-1.5806025	2.6435425
zaca1242	-0.627197181498	1.02008075195251	-2.743358	1.207019
zaiw1241	-0.3298314717035	1.1215947151197	-2.63634375	1.77945249999999
zamb1245	-0.936064391695	1.14448416938699	-3.39481675	0.996000299999998
zani1235	-0.885713991393	1.07800239325861	-3.2079195	1.09049425
zapa1253	-0.358841372793	1.1446404468912	-2.86275175	1.8076555
zarm1239	-0.44999993262655	1.14162291279672	-2.8506015	1.74878425
zaye1235	0.7908697147955	1.05343704414858	-1.1467355	2.98858975
zays1235	0.139275883057	1.04542697886334	-2.01802175	2.1797555
zeme1240	0.972076632774	0.997122325452297	-0.771837025	3.13726575
zenz1235	-0.948489063904	1.08954922258105	-3.30186525	0.992546749999999
zhab1238	-0.3267631762845	1.12655010055616	-2.6488545	1.74432275
zinz1238	0.8500782020115	1.17213687674739	-1.152902	3.48515725
zoog1238	0.00038520469	0.952600115203244	-1.83162125	1.92437775
zulg1242	-0.546531599765	1.08985119146487	-2.9489775	1.438529
zuni1245	-0.211306966794	1.08459912275624	-2.55546275	1.93181625
