Estimate	Est.Error	Q2.5	Q97.5
abar1238	-0.3046740162	2.51248893776032	-4.93336325	4.96414225
abee1242	-1.62849089037	3.13377417328648	-7.88404375	4.39815125
abkh1244	-0.2199362269605	3.76078463341988	-8.0915275	7.1460265
abun1252	3.786782081935	3.29505747824762	-1.98726575	11.03421
acha1249	0.2360182085665	1.92815261682727	-3.3774695	4.34881675
acha1250	-0.13093963793	3.42233404343872	-6.992609	6.20530874999999
achi1256	-1.60886823936	3.47731325063146	-8.61577725	4.843202
achi1257	-2.36142119815	3.16917243895567	-9.5333335	3.3479485
achu1248	-1.890014740445	3.50792567826761	-8.8943565	4.73514525
acol1236	1.457553709051	3.28567880627455	-4.79191825	8.26597675
adan1251	4.69484998792	3.05997112150385	-0.922223	11.2160525
adon1237	4.60669163112	2.87725524560277	-0.461278675	11.0453125
adze1240	2.79764595215	2.22943338124634	-1.44910725	7.376334
afar1241	-1.042464938565	3.16372115857775	-7.60718475	4.93306224999998
aghe1239	-0.140500906185	2.55698789646656	-4.848515	5.28405625
aghu1255	2.844885662545	3.10834086416497	-2.729844	9.252415
agob1244	-4.26039091668	3.03541953284366	-10.81508	1.1285735
agua1253	-1.574527915425	3.51035923263209	-9.116882	5.023285
agut1237	-2.51808037038	2.90884981446094	-8.6591165	2.4397465
aheu1239	3.444762687501	2.7437344479344	-1.35452725	9.258454
aime1238	2.256325259325	2.79181004958665	-2.9602035	8.59118499999999
ainu1240	-0.738714891245	3.63436046502107	-8.6341365	5.88868125
ajab1235	0.7068051127555	3.40992958856128	-5.59129675	8.20668675
ajas1235	-3.655238342995	3.22749742426071	-10.499915	2.25491775
ajie1238	-2.93133636762	2.35281571934061	-8.009348	1.2590455
ajyi1238	-1.1095637233995	3.2505784751464	-7.77515575	4.9894825
akha1245	2.1257110417085	2.19870504329111	-1.955599	6.85670975
akoo1248	-0.027188984755	2.75552536772459	-5.49132225	5.47293825
alab1237	2.162492327893	3.15416202450912	-3.46812675	8.8985645
alab1254	-1.3133097397135	3.1502111015686	-7.658531	4.67358525
alac1244	-2.088364943344	3.29937941270224	-8.993896	3.775479
alag1248	3.8495340148	2.86092059440926	-1.1941335	9.97711825
aleu1260	-1.4082803974375	3.10600946760379	-8.0827935	4.17989774999999
alor1247	4.7589886707	3.01449734308694	-0.476407675	11.351995
aluk1238	-1.187145311205	3.43127161685038	-8.3782145	5.229564
alya1239	2.7862678103735	2.96721886069839	-2.3252605	9.1748545
amah1246	4.58635450435	3.00594597247972	-0.523923125	11.110655
amam1246	4.668444536817	2.91039162785892	-0.5337748	11.095815
amap1240	2.759361030355	2.70557312458383	-2.2655695	8.4527125
amar1274	-0.378021209065	3.26885819030745	-7.06640325	5.6062125
amdo1237	0.717315788475	2.93491340341497	-4.74264925	6.9514175
amii1238	3.25962129931	3.06746114647452	-2.18956675	10.054185
amis1246	-3.975124141875	2.94349261017997	-10.5246975	1.17126025
anei1239	2.0185374876615	2.47574156567529	-2.56586475	7.01425224999999
anfi1235	2.19339652735	2.74703453588463	-2.8728685	7.740881
anga1288	4.212629894325	2.8139729004711	-0.91438835	10.240555
ango1257	2.259423556179	2.9149831262215	-3.085782	8.26804075
anta1255	1.459490698408	3.18846077868938	-4.399797	8.502155
anuf1239	0.72137572102205	3.52348348816732	-5.970959	8.02687974999999
anut1237	3.574121806905	2.85800271735425	-1.3470665	9.96313375
anuu1241	3.00570750938	2.62868822798152	-1.5169395	8.51256574999999
aona1235	2.869762839295	2.68751607596686	-2.03219925	8.60533399999999
aoua1234	-1.00980006584	3.24331543826862	-7.61165675	5.075042
apat1240	2.96435529322	3.04117507118184	-2.487365	9.22623774999999
apma1240	5.026355678381	2.32982043319211	0.851745825	10.013845
apur1254	-0.8832028575995	3.26256724255982	-8.299109	5.20375775
arak1252	5.0383802154	2.48434205593338	0.724311625	10.33931
arao1248	1.844075230985	2.64281152952154	-3.26949675	7.20885425
arap1274	-0.265215775885	3.36912668596572	-7.30715575	6.00716799999999
araw1276	-0.906144277375	3.10311722565785	-7.709082	4.811414
arbo1245	3.318726225705	2.71505646006209	-1.58862275	9.14006424999999
arch1244	-0.55049190713	3.66035008087614	-7.73136525	6.49850624999998
area1240	-3.19343396324	2.31852333929079	-8.21896625	1.0446885
aree1239	4.87166500069	2.74376764616812	-0.0258963275	11.1433975
argo1244	-1.351225458625	3.39959262645973	-8.39892	4.77506125
arhu1242	-4.77754236056	2.77799308282244	-10.7319275	0.106769349999999
arig1246	-4.94506378272	2.95059726982284	-11.0444075	0.546925749999997
arop1242	2.65189759957	2.44139600068767	-1.59480975	8.0687835
arop1243	3.26158272564	2.53177324604358	-1.378236	8.76486749999999
aros1241	-1.110521238115	2.3092865106108	-5.62607925	3.3465485
arta1239	-3.432662309625	3.09046024482108	-10.120515	1.77929025
ashe1272	-1.439478099086	3.24889542664229	-8.35606	4.62364825
asoa1238	1.1141629658745	3.44198319047731	-5.24244525	8.4477555
assi1247	2.19503917719	3.3135770479369	-3.76391075	9.50397449999999
asut1235	1.69087297148	3.63938192800289	-5.070615	9.37830325
atam1240	4.0407996103295	2.50924821247948	-0.41794045	9.29725749999999
atay1247	-3.92236249802	2.93586542779605	-10.141785	1.113052
athp1241	-3.93722852875	2.51889621574557	-9.302494	0.423817674999995
atii1237	-2.3942108226	2.97443946647714	-9.1324805	2.84602025
aton1241	-0.5888184067	2.03569601455474	-4.537461	3.55195625
auuu1241	1.850281786905	2.2837649284779	-2.31401825	6.56949175
auye1238	3.781640753005	2.9481070573632	-1.547479	10.0162325
avok1242	1.5596819859075	3.37456483836715	-4.78975875	8.46978774999999
awad1244	3.22656004561	2.38996385244805	-1.06999	8.09662524999999
awar1248	2.74051368925	2.20560125002388	-1.27427025	7.19756
awar1249	1.86090874927	2.37409573756428	-2.54999975	6.60698675
awet1244	-2.5844770232315	2.9610912304237	-9.23683525	2.5656995
awji1241	-1.440068207875	3.1240474794103	-8.0045475	4.215466
axam1237	4.084142557	1.94024056739006	0.37936395	8.03134275
ayac1239	-1.28200107193	3.34302102421245	-8.378694	4.70904175
ayiw1239	4.716024116346	2.77476939217832	0.285647725	11.0195225
baba1264	-2.81760020941	2.5369223267351	-7.95410725	1.95172525
baba1266	-1.80111136341	2.53186520863102	-6.960143	2.905236
bafa1247	-0.55108903076	2.63221348672564	-5.43406775	4.8315305
bafi1243	-0.972132619383	2.7949227541713	-6.4385995	4.54508049999999
bafu1246	-0.69355367207	2.52825542906356	-5.61788875	4.32918275
baga1272	0.6110334584045	3.65037152149946	-6.21277625	7.918785
bagi1246	4.583057958605	3.08698958028292	-1.19296125	11.3460275
bagv1239	-0.58409145718	3.64555694276235	-8.1263535	6.50989475
bahn1262	-3.3289777478445	2.9199624929252	-9.85149575	1.89737775
baim1244	2.0698804075525	3.13711095774601	-3.53816325	8.95036899999999
baka1272	0.17677500389	3.49155806970938	-6.5777025	7.24398949999998
baka1274	1.477078524	3.43899848367877	-4.9775365	8.6384715
bala1311	-2.2765843592155	3.05557147348497	-8.8559975	3.157012
bala1315	-1.81835494776	3.10630084385589	-8.59099775	3.7171355
bala1316	-1.789876033665	2.17880752682072	-6.374084	2.21730024999999
bali1278	-1.639362349634	3.16713971513103	-8.80158575	4.077953
balo1261	1.106142699027	3.46108196405132	-5.647636	8.1471675
balu1257	4.595393576059	2.69526394293103	-0.0571235375	10.694555
bamb1270	3.67342623115	2.62876885460969	-1.02941975	9.1380015
bamu1253	-3.70704175714	2.61659380261063	-9.1142615	1.234762
bamw1238	1.398796009832	3.44100498350929	-4.93032425	8.531537
band1344	0.332975000568	3.60337972324004	-6.413788	7.512015
bang1354	0.6452104585885	3.47734300658775	-5.9564225	7.63807125
bang1369	3.67639236497	3.02412375428526	-1.48685375	10.5058425
bank1256	-0.7160125863025	2.6729625226666	-5.8251345	4.68645075
bant1281	-3.70589388727	2.35495169253212	-8.70323725	0.575629299999994
bara1357	-1.6459121217985	2.16312887317249	-5.8994495	2.528525
bara1361	0.90272877647	3.4550341914293	-5.39155275	7.93492825
bara1380	-2.28312674336	3.21413662589512	-9.37283275	3.54622375
bare1276	-1.24007651892	3.29766099771466	-8.11821425	4.69807075
bari1286	4.4996833772	2.79207109643464	-0.44155505	10.330425
baro1253	-2.794831474685	2.35581821278804	-7.813047	1.40084549999999
bash1264	0.0441239249	3.6796116998209	-7.300183	7.06171725
basq1248	-0.510032402	3.36798720783639	-7.3149205	6.124083
bata1285	-7.5282000267	2.99673538690888	-13.99116	-2.11726275
bata1289	-2.09445686955	3.1216266319717	-9.07861025	3.554054
bats1242	-0.57633103385	3.65574745616287	-8.17270825	6.43770399999999
baur1253	-1.279558114425	3.39111361624983	-8.363374	4.9620115
bebe1248	0.11305633819745	3.29153875478632	-6.02346375	6.83257425
beem1239	0.611044565725	3.509238013963	-6.11324375	7.92856325
beka1241	-1.8759688029885	3.20647695060899	-8.680615	3.6334055
bela1254	-0.106069519868	3.84669938719808	-7.5812805	7.579873
belh1239	-3.9536032088	2.44905989942273	-9.142476	0.341143699999997
beli1257	1.30221553818	3.40924611093556	-4.8459675	8.43021925
bell1243	-0.0997596793835	3.49108197121113	-7.511111	6.58440474999999
bemb1257	0.3531773639835	3.45193508339862	-6.1157265	7.46245399999999
beng1282	-7.27016882475	2.96011262006903	-13.6907275	-1.97352675
bent1238	1.869630013035	2.96183198092373	-3.783172	7.94478974999998
bert1248	-0.8947324313635	3.18536690383805	-7.395553	5.27650349999998
bezh1248	-0.60248941336	3.60289488722054	-8.15944475	6.5131985
bhoj1244	-0.98068484901	3.53189542453728	-8.310729	5.94766175
biaf1240	0.5538384646255	3.59391799841684	-6.30009525	7.70835824999999
bian1252	4.22527780896	2.59013021316738	-0.4242427	9.7631775
biao1253	-2.51645476033	3.3517485376316	-9.71762575	3.530258
biao1254	-1.172291866731	3.51303336390869	-8.56100925	5.31706574999999
biao1256	-1.763643253321	3.52498221600115	-9.219268	4.8182455
bier1244	5.102624242825	2.2247734722957	1.1254065	9.65252949999999
bign1238	4.762215773685	2.04852879662494	1.141945	9.0338445
biha1246	-2.319315249025	2.85390895544708	-8.3356485	2.75419474999999
bilb1241	3.97447792095	2.35744649806145	-0.288324	8.9768065
bili1260	-2.0127604650005	2.88280159983236	-8.32577875	3.2907895
bimi1240	0.63196155963295	2.39735842388444	-3.9172165	5.319362
bini1246	-1.446217037301	3.15355961526962	-7.644755	4.73028775
bira1253	2.56942017644	2.5213254887129	-1.86826475	7.80536075
bisu1244	0.354726305295	2.12644450269927	-3.785599	4.6588215
bitt1240	1.81222496472	1.90796612741026	-1.72573525	5.8761835
biwa1243	-0.753301274815	2.2411249338782	-5.12549125	3.628083
blab1237	-3.8599396072	2.57563013794566	-9.50492375	0.686189175
blan1242	4.3711296204	2.54384875775712	-0.02781666	9.7964585
bodo1269	2.809356442145	2.78688030381668	-2.21227175	8.736192
boka1249	3.0276988652	3.07481744789682	-2.39526375	9.670768
bola1250	3.74014708025	2.46486374534797	-0.634528925	8.97541124999999
bolo1262	1.150591300849	3.36637244062552	-5.31727825	7.93626825
boly1239	-1.2981315747165	2.47877021899737	-6.656414	3.49530275
bomb1262	1.309257745405	3.52411932581339	-5.1099905	8.46245225
bomk1234	0.531098368165	3.46378346945775	-6.10223575	7.49021475
bona1250	-2.02791317275594	2.86005483896373	-8.216684	3.200276
bong1285	0.52818629099	3.40965998013646	-5.856225	7.58793974999999
bong1289	-2.1812223907275	3.08883486212289	-8.824669	3.1769595
bora1263	-2.22890721787	3.21941501198396	-9.0106155	3.6943345
bord1248	2.893056864055	3.10019227790042	-2.696282	9.30096874999999
boro1277	-2.54042139123	2.85255897906056	-8.6971105	2.55127175
boro1282	3.567094237595	2.88997645226479	-1.52369925	9.75702775
boto1242	-2.544392693815	3.08795337757878	-8.9255955	3.1029285
boun1245	3.0594052325335	2.71692595040129	-2.0120885	8.94434975
brah1256	-0.5543048810418	3.37743636099599	-7.48559875	5.65078049999999
bret1244	8.28774425000022e-05	3.50232983042901	-6.87839475	6.71369625
brib1243	3.31210647168605	3.07615865834227	-1.92720925	9.907258
bube1242	-6.252418227	2.90402510317493	-12.8022675	-1.03674725
budu1248	-0.33020003966	3.60041728516589	-7.5023505	6.50383374999999
budu1265	3.846445932955	3.04373684541769	-1.5881425	10.5803275
budz1238	0.905045673115	3.62816562918433	-5.95808875	7.98910375
buga1247	1.915180834059	2.40302997648673	-2.6410295	6.916469
buga1250	2.293660515072	2.12374509555816	-1.698942	6.47234325
bugi1244	-0.507430405605	2.72806172612534	-6.20428775	4.3707795
bugl1243	3.0044478946	3.15853360955001	-2.5643415	9.9141365
bujh1238	-2.41211147594	2.4076441314382	-7.39962625	1.94333925
bull1247	0.6296318969255	3.58639019101133	-6.2204925	7.96816924999999
bulo1242	2.115870331425	2.48651502302666	-2.54335725	7.453647
bulu1251	-0.989223383885	3.35834335365406	-7.5672225	5.66855075
bumt1240	2.840715561645	3.23324965326867	-2.79813125	9.84167525
bund1253	-0.23076397219	3.68731028397905	-7.7816485	6.6348775
buol1237	-2.079980263314	3.20061140935119	-8.9811545	3.59381399999999
bura1292	3.859282845575	2.88897490769385	-1.45805625	9.9163485
bure1242	3.435882147	3.03999815993486	-1.88551525	10.1860225
burj1242	0.01336528161	3.15636738894142	-6.788351	5.91906775
buru1296	-0.394897049795	3.68791788590614	-7.8358035	6.70917449999999
buru1320	3.824133101725	3.0490077976802	-1.34346925	10.41391
busa1253	1.345301971071	3.23243554238372	-4.54204575	7.89132525
bush1247	0.3593800959035	3.61177953096919	-6.47433075	7.729962
buwa1243	2.9133505679765	2.5815044496673	-1.9897745	8.15264024999999
bwat1240	-2.60310940642	2.35382932934448	-7.685223	1.64608075
byan1241	-4.731517147963	2.76737075193627	-10.8015725	0.157510649999997
caac1237	-1.909183732085	2.25543881789616	-6.64180125	2.13404924999999
cahu1264	-0.427540304443	3.45975234010588	-7.78277875	5.807751
cakf1236	3.704478894939	2.89070005465979	-1.5128865	10.0159925
caml1239	-2.65703124935	2.20760043127656	-7.207777	1.577674
camp1261	-0.0259003375	3.59964193802213	-7.11129575	7.138483
cane1242	3.34388606685	2.96175921193379	-2.0617275	9.67521925
caom1238	-1.19166209041	3.12379172581259	-7.8859025	4.28778599999999
capa1241	-2.68199302375	2.93296998272864	-9.26659325	2.57570325
carn1240	-2.311020381905	3.11844577634663	-8.97590975	3.23380175
caro1242	-1.937224779727	3.04917916943144	-8.50326125	3.43853425
cash1251	-2.66006534301	2.98302671836709	-8.85972225	2.678369
cavi1250	-2.320670197736	3.1369950769438	-9.15432225	3.22049375
cemu1238	-0.672108537025	2.14285849782823	-4.887512	3.60628625
cent1989	4.48844366243	2.84655801987227	-0.4522156	10.9171425
cent1990	-2.26372015653	2.99617895582426	-8.7440285	3.00339975
cent1992	-1.31951165278	2.61445606718728	-6.9640705	3.46435375
cent2004	3.9306217786525	2.83883367545784	-0.95417915	10.1607975
cent2050	3.474316767305	3.20172195337192	-2.42735475	10.210255
cent2090	-2.3202686129985	3.04097784393768	-8.97007975	3.107964
cent2127	-1.39988435179	3.07669822149243	-8.06134	4.25975174999999
cent2131	-1.077075724285	3.54145273638754	-8.2613035	5.29769199999999
cent2150	2.304528378615	2.88523633149176	-2.955758	8.584401
cent2292	-3.598354473892	3.09310727680921	-10.2702725	1.93371025
cent2314	4.27288429303	2.87355044502889	-0.5955695	11.094395
cent2322	-0.1870319054795	3.55831500285157	-7.70140875	6.56527875
chac1251	-1.905306022013	2.87183406980667	-7.6401145	3.33698075
chad1249	3.8294238487	2.76705955526827	-1.15529575	9.85280725
chak1270	3.115678879885	2.66024248199562	-1.46344975	8.8182045
chak1271	0.5530405026245	3.58422923599438	-6.513916	7.65746399999999
chal1275	-0.94345470938	3.4781719313833	-8.08493725	5.5460985
cham1309	-0.5583635116665	3.66914098927412	-8.33152125	6.537186
cham1312	-2.291889652145	3.01940861323593	-8.83568325	3.025508
cham1315	3.417160896465	2.95432595460351	-1.7918705	9.82840074999999
chan1313	1.06691748915	2.08849772772915	-2.889608	5.24240725
chas1234	1.573348486852	2.15469051401234	-2.4750665	5.862873
chec1245	-0.348609145465	3.72847676721278	-7.61235125	6.80064699999999
chek1238	-4.072535077294	2.59054016434085	-9.710666	0.5143091
chen1255	-0.652926692235	3.5999798145805	-7.9672005	6.17543924999999
chep1245	-1.50832578237	2.22656913401294	-6.11094875	2.7220955
cher1273	-0.4145414007965	3.54031462398815	-8.0187745	6.44807624999999
chey1247	0.6407898763	3.05536991345443	-5.37791825	6.51433675
chhi1245	-3.91117156458	2.46798424593211	-9.05930875	0.542631674999999
chic1270	2.400059121425	3.23086190971243	-3.2133195	9.39700675
chil1280	3.979849878916	2.79954829328744	-1.23695725	10.1196125
chim1302	-1.7008608046205	3.36180919849091	-8.61569025	4.40909375
chip1241	-0.4627611424523	3.38542654273578	-7.39678425	5.84833399999999
chip1261	-1.227114052175	3.16020504391674	-7.640742	4.56072724999999
chiq1248	-0.81770929589	3.17443446168409	-7.2678555	5.22616125
chir1283	4.337310660255	2.78560480849423	-0.6840329	10.24576
choc1276	2.8853586940095	3.12189206841686	-2.69362875	9.60474349999999
chon1284	4.465833135495	2.86125060786666	-0.3311614	11.209105
chot1239	4.1112547725735	3.05498951672412	-1.36105125	10.547485
chra1242	-1.337758581533	2.82105333471689	-7.71628125	3.491078
chuj1250	-2.07229250814	3.350611614307	-8.780447	3.948582
chuk1273	-0.88814910744	3.45579939987565	-7.98091125	5.9361335
chuv1255	-0.256916484042	3.68054188528035	-7.57770625	7.016334
chuw1238	0.4554407729035	3.38150338037854	-5.97205625	7.54108225
cici1237	0.8808633492295	3.43490701243756	-5.54631925	8.03306875
coat1243	-2.473443260465	3.43289599518225	-9.6223625	3.82864199999999
coca1259	-2.458820509045	3.23735825914164	-9.338782	3.24002825
cofa1242	-1.079959788575	3.09489835837627	-7.193792	4.45750399999999
cogu1240	-4.70023591325	2.84194017083725	-10.8839475	0.335624475
colo1256	-1.71828139777	3.2449729923701	-8.8324345	4.111292
colu1241	-1.29779640118	3.65387418972026	-9.283578	5.47707025
coma1245	-0.87929149038	3.46935727442495	-8.362548	5.5747285
como1259	-0.65324332681	3.32711602795745	-7.414258	5.57279825
cong1236	0.331613855773	3.46940950321022	-6.20748875	7.38557675
copa1237	-2.478400988808	3.15835668175288	-9.318918	3.191856
cori1240	2.079934424706	3.18362837143698	-3.71322675	8.75721725
cors1241	-0.06539144968	3.8706790925567	-7.84115975	7.15980525
cosa1234	2.4378700161	2.04842651483344	-1.35300575	6.71592174999999
cree1270	3.1635700786385	3.00520464398141	-2.31076475	9.5778955
crim1257	0.013200745575	3.71765758716132	-7.14714475	7.36242149999999
cros1244	0.213861051155	3.00524308673498	-5.57779475	6.19946674999999
crow1244	1.61027444077	3.04284107380406	-3.9339415	8.28015674999999
cube1242	-2.0978538983	3.24225583656044	-9.2271315	3.759919
culi1244	4.7204044903665	2.99564802173013	-0.916431275	11.2942225
cypr1248	-0.671421626581	3.50528427164481	-7.9937335	5.698786
czec1258	-0.100335671845	3.81712633221546	-7.73351925	7.3969035
daai1236	0.3291920564655	2.20075593903627	-3.894633	4.6162065
daas1238	3.45012601752	2.92999937897796	-1.76355975	9.44878424999999
dagb1246	0.76625145921	3.62197706501068	-6.57799025	8.2949915
dagi1241	0.933647827806	3.67455132593861	-5.90033875	8.49255499999999
daka1243	5.32988931	2.13023982880642	1.5310165	9.8149985
damp1237	-2.267318474209	2.97612155389319	-8.88971275	3.04829824999999
dana1252	5.061511424645	2.78801566918936	0.3514944	11.224595
dani1285	-0.096426528955	3.85196824759094	-7.6767975	7.25379025
dara1250	-2.361973268295	2.79698832858758	-8.2000265	2.689995
darg1241	-0.46829315006	3.65981693292582	-7.93830625	6.36913874999999
darm1243	-4.7777690799	2.79634797516726	-11.1243	0.209518799999998
dawr1236	-2.554124345997	2.85514317063643	-8.28745375	2.84961325
daww1239	-1.70000806453	3.4063386642431	-8.7649365	4.527791
daza1242	0.97829033631	3.70961234536815	-6.152463	8.5160345
dege1246	-3.445404984362	2.63081148805604	-8.63306075	1.63972574999999
dehu1237	-3.78032885854	2.86294437553107	-9.98104225	1.16818199999999
dera1248	3.13193580084	2.82521239870797	-1.72176625	9.30616374999999
desa1247	-2.6954554567135	3.19497931662144	-9.611744	2.93522275
dhao1237	2.5552552149	2.54365868531805	-2.0055955	7.84615875
dhar1247	-2.89623362571	2.87332801035762	-9.06625025	2.2879675
dhim1246	-2.74213223399	2.32137573217117	-7.641162	1.61797925
dhuw1249	-2.467515563337	3.17371950419627	-9.512898	3.122871
dido1241	-0.58817160055	3.59153374687842	-8.03772825	6.10738774999999
dier1241	1.982375339432	2.95791619256194	-3.19172225	8.5001335
diga1241	2.49119684931	2.57673943758773	-1.981147	8.307512
digo1243	1.119497955293	3.72086148480807	-6.059153	8.70985699999999
dima1251	3.28035579644	2.80769014093679	-1.571538	9.369821
diri1252	-0.238531957645	3.49545140584914	-6.8857185	6.77626299999999
djee1236	-3.89780333418	3.14927007927095	-10.72855	1.696085
djin1253	-3.40358310383	3.18836074184847	-10.12777	2.48151574999999
dobe1238	1.460233098755	2.44397959129006	-2.9052295	6.57464075
dobu1241	3.39811106495505	2.51171620452167	-1.173295	8.9744015
domm1246	2.48739643302	2.62514009266219	-2.38174825	7.905212
dong1285	-1.187219375605	3.44308454901687	-8.21783075	5.2836495
doro1266	5.54491505956	2.91534956666505	0.558966725	12.26625
drun1238	-1.12124715809115	2.55781737886757	-6.46736	3.499905
dual1243	-1.38965035761	2.78739100597596	-6.54019575	3.91227424999999
dumb1241	-3.957775436785	2.8885274672103	-10.3354825	1.16311149999999
dupa1235	-2.9755919374685	3.11256147746295	-9.753789	2.5933415
duru1236	-1.909363531797	3.20896400435971	-8.77613675	4.02728499999999
dusn1237	-0.451142694915	2.37743738019015	-5.311666	4.064561
dutc1256	-0.107179276975	3.91006767210887	-7.80076775	7.29560525
dyir1250	0.496043049015	2.57326116831628	-4.49518	5.767354
dyul1238	-0.92391036635	2.72748528911376	-6.2759875	4.336618
dzao1238	-1.447324509615	3.41391357326586	-8.49386075	5.0269805
dzon1239	1.296853771225	2.88986806598525	-4.06979175	7.25222699999999
east2328	-0.20898850922	3.57871855193725	-7.43783575	6.47556749999999
east2332	0.194578302695	2.68943404863811	-5.319989	5.36403775
east2342	4.356393809675	3.15637695957617	-1.1819815	11.28218
east2379	2.99404067553	3.02325738223944	-2.40156575	9.77619274999999
east2443	3.606919648845	2.26821264365131	-0.5282856	8.460874
east2447	-1.862724399675	2.81649520079691	-8.1820415	2.89265299999999
east2516	3.07592871521	2.61476030798183	-1.5662865	8.76753374999999
east2555	-1.4955393421755	3.29089644033538	-8.457649	4.30422475
east2690	-0.833924233645	3.45326389860576	-7.7961115	5.34611124999999
east2773	0.655560642325	1.87365367671719	-2.838289	4.536115
east2782	0.691210712505	3.46648776582982	-5.66985475	7.77047925
egaa1242	-3.996230965725	2.94000118249313	-10.1150925	1.561361
egyp1253	-2.11024099871	3.15590545636033	-8.73130125	3.34019949999999
eipo1242	4.42824834602	3.1600590763571	-1.18904575	11.180285
elem1253	-5.29649992925	2.36976319738905	-10.3232625	-0.759404875
elna1235	-1.180617155425	3.29608900111286	-8.4065985	4.9121415
emae1237	5.0051117955	2.49457615908908	0.829133825	10.51482
emai1241	-3.275065694875	2.71785858198884	-8.763187	1.8254665
embe1260	2.765080820665	3.08497512012601	-2.80401825	9.35633474999999
embe1262	2.277808597912	3.17597046197614	-3.42273675	9.31375025
enap1235	-0.9819217512132	3.11426250648196	-7.21930925	4.642918
enuu1235	4.640116851905	2.73039732037247	-0.11171525	10.6126125
epen1239	2.278704645205	3.1551251839349	-3.38737625	9.13296275
ersu1241	3.4033585706465	3.17417381842722	-2.11502	10.19788
erzy1239	-0.138979867852	3.62998805275098	-7.8709285	7.097615
esee1247	5.16045786919	2.94540803810455	0.0767360000000001	11.46271
esee1248	-0.718721836865	2.68604361308079	-6.2225695	4.47430875
esim1238	0.49663490487	2.80686769276197	-4.95820825	6.42268025
esto1258	-0.2825437301165	3.56003958706847	-7.431375	6.512731
even1259	-0.5987442317	3.57994490715082	-8.176814	6.0882155
even1260	-0.5730512658	3.46069432878628	-7.852135	5.83198374999999
ewee1241	0.735674501392	3.60199871276253	-5.870253	8.43744
fala1243	2.271837516475	2.92381071039844	-3.1903815	8.39791724999999
fare1241	0.6512547630535	3.62852767405549	-5.99699475	7.8469435
faro1244	0.0450568151697	3.65571936283474	-7.10456025	7.116463
fasu1242	2.6112199226592	2.70822882700102	-2.63857475	8.34550325
fefe1239	-0.78540020574	2.68488453077245	-5.73881625	4.62642024999999
fiji1243	-3.09872593513	2.90083893929142	-9.437471	1.741692
fina1242	-3.703463967515	3.08332521377971	-10.359505	1.7205615
finn1318	-0.26858720654	3.98058254772735	-8.27360825	7.239803
foii1241	2.904981196845	2.73101845909922	-2.30556875	8.7062365
fonn1241	0.70828828306	3.41197675868805	-5.5313815	8.04282399999999
fore1265	-0.247955470055	3.65866056851393	-7.62313325	6.63490899999999
fran1266	-2.40121731515	3.1944928217724	-9.20288425	3.40972299999998
fuln1247	2.572652312255	3.07384253588044	-3.037643	8.9288065
furr1244	0.304713766065	3.57409109125465	-6.589129	7.53150149999999
furu1242	1.160778294025	3.40024070479364	-4.894467	8.51925175
futu1245	-0.131289084432	2.20181653217228	-4.48349175	4.22136424999999
fuyu1242	5.157753897325	3.03786301076146	-0.0964532525	11.6999625
gaaa1244	0.49049221419	3.59960896370717	-6.276708	7.83178525
gaan1243	3.509195082255	2.8170488556465	-1.6992945	9.26707175
gade1242	0.801227985175	3.29178611453327	-5.4479185	7.4415845
gaga1249	-0.10280539902	3.78322081060275	-7.276852	7.1940625
gahr1239	-3.69089787496	2.86633632816552	-10.0161	1.3927275
gali1258	-0.108227181965	3.62512661752931	-7.36831575	6.83560674999999
gali1262	-0.928237845455	3.09366767858039	-7.58480925	4.62155275
gami1243	-1.737930268495	3.18917760045848	-8.268473	4.14042525
gamo1243	0.21296064157265	2.83129188572325	-5.41770825	5.784213
gand1255	0.45590773321	3.56936690679667	-6.147543	7.80669924999998
gant1244	3.15622136874	2.62494856176992	-1.9370875	8.532478
gapa1238	4.91326665339	2.88344841068417	-0.1451697	11.439865
garo1247	-0.348494779885	2.13211832200956	-4.48275675	4.144672
gata1239	-2.372454759507	3.12118070815761	-9.484375	3.0373305
gayo1244	-2.123827539335	3.13197293974131	-8.85830375	3.500169
gbay1288	-3.5730064553	3.26712362619315	-10.42704	2.48299875
geba1237	3.954372904745	3.18912335545469	-1.628444	11.01552
geda1237	3.957183172915	2.37078552503647	-0.4629644	9.0216655
gela1263	-5.05401847325	2.66525735882636	-10.8744575	-0.419805950000004
ghad1239	-1.421298967015	3.1413511634338	-7.68021875	4.25385475
ghan1242	-2.08413918419	2.69462778576171	-7.8505615	2.9465535
ghar1239	-4.405279315295	2.66746304567927	-10.029585	0.33884639999999
gheg1238	-0.23839486069	3.72318818916656	-7.62283825	7.22073225
ghod1238	-0.5118336852215	3.79644916110285	-7.98302775	6.60987
ghom1257	-2.02600158582	3.16310455231331	-8.57985675	3.62929425
gilb1244	-1.970626059085	2.90931039289571	-8.38044625	3.08500375
gily1242	-1.3575178330165	3.33334518885337	-8.04751275	4.89369075
giry1241	1.55005784936405	3.45669998378919	-5.149384	8.70519
glav1244	3.644975155445	2.75168483149448	-1.486121	9.67070775
gobu1238	0.89103820486	3.64182542542319	-5.9063355	8.025594
gogo1265	-3.8967389131	2.76298679148505	-10.04377	1.02973125
gola1255	0.37190042958	3.63247789235729	-6.50880975	7.97487775
guah1255	-1.23419286972	3.28780234708542	-7.76408775	4.762235
guan1266	3.71695968419	2.99936136978546	-1.7717965	10.4296775
guan1269	-2.51044022207	3.26595431273501	-9.57554425	3.36030824999999
guat1253	-0.3352412648405	3.17908594648905	-6.9537655	5.252392
gube1234	0.451982451846	3.51230678061734	-6.21152625	7.4786465
gude1246	2.789034361785	2.59740760299319	-1.93133925	8.03440275
guer1243	-2.18880621876	3.2621554728776	-9.58791875	3.65587999999999
guiq1238	3.5470187254725	3.05780444731485	-2.045334	10.04806
gulf1241	-0.66278978871	3.43991471570659	-7.6277395	5.7597225
guma1254	2.894198549495	2.41402094354146	-1.8202175	7.94938049999998
gumu1244	-4.00804766151	3.02398368589362	-10.283375	1.5997825
gunw1252	-3.35514178612605	3.28978193853381	-10.4629925	2.6388675
gura1251	-0.85166964162	3.51276774389981	-8.2317175	5.90727825
guru1261	-0.49229369613	1.84694349820796	-4.047244	3.10352275
guru1271	3.091919073395	2.8710715405145	-1.9376645	9.12383675
gusi1247	1.5148860714645	3.29754877742303	-4.644673	8.14275775
gwen1239	1.727083574365	3.60929578132571	-5.16103625	9.46242374999999
gyel1242	-4.61600370362	2.77196851793422	-10.2547875	0.574295649999993
haaa1252	0.476748778165	3.55527589004305	-6.274424	7.71348725
hadi1240	-2.5075289208825	3.04563761160191	-9.10266125	2.9931445
hadz1240	2.25058423373	3.4911408571923	-4.217157	9.36686399999999
haka1240	3.794773790015	2.99646302529334	-1.468787	10.0138075
hakk1236	-2.942649531515	3.01369661337626	-9.34579375	2.21867125
halh1238	-0.6707233586655	3.36797899225582	-7.253896	5.64242875
hali1244	-3.369897842526	2.63824380233209	-8.97251375	1.32266525
halk1245	-1.05372963633325	3.378621029336	-7.94939575	5.3049025
hame1242	3.20910478988	2.74757237502275	-1.99796275	9.2699595
hang1263	-2.614304396405	2.27606716297308	-7.284261	1.51678024999999
hani1248	3.573111700235	2.82957876650186	-1.4781695	9.71037924999999
hano1246	3.98442710971	2.30254845631677	-0.18870055	8.78428175
haru1245	1.800615555995	2.45292052332036	-2.71249325	6.63099474999999
hass1238	-1.774269582895	2.91824191422919	-7.93208925	3.52462225
hawa1245	-2.125118694595	2.82017955751869	-8.367737	2.795322
hebr1245	-0.8407060990955	3.50465886261897	-8.15693825	5.641798
hehe1240	1.0836567112505	3.59418777673176	-5.69253	8.68607775
hela1238	0.278956732089	2.03359029036196	-3.5822925	4.4053695
here1253	0.33441487119	3.50730283293513	-6.46275725	7.5489675
hert1241	-0.79591052456	3.49548534463653	-8.36755825	5.48873825
hida1246	2.724136335675	2.96143560978891	-2.57785925	8.931274
high1243	-2.50754072105	3.12819437743575	-9.266846	3.11864
high1276	-2.912222140325	3.0395138835576	-9.511773	2.75804675
hind1269	-0.186192963185	3.65129792627898	-7.2263855	6.79277499999999
hixk1239	-1.107113508145	3.26912536264494	-8.00875275	4.919139
hoaa1235	0.70991246712	3.66075132208969	-6.27744575	7.90302275
hoav1238	-2.0870319546985	2.20007102756363	-6.50572575	2.07298925
holo1240	0.5009023579125	3.51408146980243	-6.24945875	7.56457975
hone1235	1.382569459555	2.86365654997676	-3.98445275	7.43097525
hooo1248	-1.999955704696	2.98025135600377	-8.42730475	3.2697215
hopi1249	-0.81616221554	3.36240016394658	-7.75844575	5.462069
horp1239	3.55158508446	2.96257187371057	-1.8521675	9.59384224999999
huaa1248	2.0535343414005	3.22469497193336	-3.97797975	8.70352375
hual1241	-2.19739793294	3.18978117933411	-8.925048	3.43261875
huam1247	-1.81447500059	3.56317255840633	-9.1757795	4.87959224999999
huar1255	-1.046612650655	3.28056791686547	-8.05732275	5.43030825
huas1242	-1.6245344997	3.45762589390927	-8.76684125	4.85357725
huba1236	2.95175110591	2.67902468888049	-2.1089225	8.52904525
huic1243	-0.9090568705685	3.41330218833778	-7.85762375	5.60362225
hula1244	-0.58424156380785	3.5002923810044	-7.864962	5.93165749999999
huli1244	2.494308876615	2.71468133287338	-2.35099625	8.21736049999999
humb1243	0.552462322595	3.58402302016123	-6.308413	7.75179724999999
hung1274	-0.1974760789205	3.65722300383464	-7.37946175	6.85394
hung1275	-0.8028114973535	2.69142071481164	-6.572713	3.949719
hunz1247	-0.610120333735	3.59070956839048	-8.03474875	6.45275725
hupd1244	-2.761596868265	3.13655442058325	-9.64423875	2.70738425
hyam1245	1.906483765919	3.23934816880183	-3.7856655	8.628356
iaai1238	-3.72474170131	2.58554388058268	-9.301731	0.677952224999992
iatm1242	-1.45663953189485	2.46078585482435	-6.49312775	3.24785425
ibal1244	-3.5040751252715	3.03871686282962	-10.1799325	1.7538815
iban1264	-1.764379183526	3.15928761704838	-8.7497735	3.76742974999999
iban1267	-3.2923319204	3.13057795174779	-9.9954945	2.5147355
ibat1238	-2.3632697343	3.19489414670533	-9.21708375	3.21060874999999
ibib1240	-2.98537806111	2.70155090582961	-8.21000525	2.23192924999999
idii1243	-4.658465387	2.85879072931651	-10.9566875	0.484317999999999
idom1241	0.081358198978	3.47297325217786	-6.74250775	6.99390849999998
idum1241	3.316512306218	2.95119071542003	-1.90677725	9.6531165
idun1242	4.23429707735	2.68119174485857	-0.588255075	9.991332
ikkk1242	2.2193074692715	3.52565317318766	-3.99772075	9.56084099999999
iliu1237	4.43222648142	2.99767593737111	-0.733336725	11.071255
ilon1239	-3.501345067421	3.08070723764177	-9.92751325	1.6844075
imba1240	-1.676476191435	3.21146111543036	-8.650641	4.1480605
indo1316	-1.936588806785	2.99657995336174	-8.388234	3.44770475
ingr1248	-0.35745436660485	3.58502124673045	-8.04168825	6.61165549999999
ingu1240	-0.46115236343	3.68051679040779	-8.08081375	6.5734815
irar1238	1.663888580685	2.46835997945934	-2.951076	6.67519825
iris1253	-0.06069706589	3.83514318904324	-7.47062875	7.352266
irul1243	-0.500371181205	3.40145513940516	-7.53627575	5.876192
isco1239	-2.1672046916095	2.60795151868185	-7.6743065	2.61233525
isin1239	-3.682760051325	3.15499044418445	-10.6389325	1.820658
isir1237	4.339888574055	2.88035998169903	-0.737068425	10.66285
isna1241	-2.79523511429	3.13096922187257	-9.290937	2.8657295
isth1240	-2.971187044952	3.07291264745026	-9.459449	2.65235475
ital1282	-0.024480156555	3.70041119319478	-7.44083025	6.947013
iton1250	-2.1596021074785	3.35026638796283	-9.459629	3.923869
itza1241	-1.15121865188605	3.31839016639434	-7.79393975	5.21961625
iumi1238	1.95328312349	2.42272519129906	-2.7339265	6.5402375
ivat1242	-2.15342003327	3.37516197408032	-9.17590375	3.98195775
iwal1237	3.90848481844	2.47757393059662	-0.4911585	9.14469325
iwam1256	1.982584533565	2.59431951341982	-2.78539525	7.254346
iyoo1238	3.04117971393	2.26165816628966	-1.04519025	7.862994
jahh1242	-3.721075737075	2.90787317859802	-10.13622	1.1813875
jalk1242	1.596430806275	2.88375743746191	-4.00871025	7.50025474999999
jamb1236	-1.5426120447134	3.12669699572522	-8.28391525	3.97017875
jams1239	0.998613607235	2.77406409745681	-4.65989975	6.4285945
japh1234	3.61417657771	3.00653943315483	-1.78074225	10.2207075
jaqa1244	-1.62130517939	3.22374862767367	-8.19632675	4.141216
jara1266	-2.910032533721	3.01961217191039	-9.4554545	2.5353505
jaru1254	-1.911872031488	3.02900658138153	-8.41945975	3.6750825
java1254	-2.1413288296245	2.91262583530435	-8.057176	3.24893
jede1239	-1.96875119519	2.66156120044865	-7.77561675	2.86615225
jeha1242	-0.7759974875355	2.39162791195305	-5.841044	3.73179775
jina1244	4.64430669415	3.025654120639	-0.787276125	11.2206425
jjuu1238	1.6973373466505	3.23448496979079	-4.17273675	8.502219
juku1254	-0.102267810735	2.89882830173266	-5.5384285	5.7657615
jurm1239	1.39846397609	3.32900005343422	-4.70740325	8.2997095
kaba1278	-0.29408444362	3.70124852316356	-7.88969625	6.925938
kaba1281	1.4923806798105	3.41247536143552	-4.6912015	8.67088775
kach1280	1.609430963662	2.60284752213701	-3.4887415	6.97215474999998
kado1242	2.7259079921	2.32178406886586	-1.4024005	7.63468825
kafa1242	-3.232370370051	2.87565952551438	-9.060365	2.071537
kaga1256	-2.47400647697	2.95900852550414	-9.075496	2.5547225
kagu1239	1.58804018409	3.59999090474613	-5.06935725	9.0998295
kaik1246	-0.35752842648	2.31354711228681	-4.712004	4.282758
kaki1249	3.53077045417	2.92917558470216	-2.05345625	9.47990949999999
kala1384	0.223747864055	3.54324026821822	-6.5546535	7.58990425
kala1388	-0.067968001055	2.42550738800244	-5.36443825	4.31064975
kala1399	3.883816154141	2.98787793258234	-1.61562825	10.29235
kalm1243	-0.50094695802	3.60153474398263	-7.58861575	6.10455775
kamb1297	1.8165666600535	3.57270316593819	-4.907463	9.31229125
kamb1299	-2.4100049119945	2.727189038663	-8.13906325	2.58639175
kamm1249	-2.82186680515	2.68961918667195	-8.12278925	2.28248975
kamu1260	0.144229211965	2.82945154114417	-5.339119	6.090397
kana1286	-4.183816815085	2.9152784143931	-10.41885	1.01369775
kana1291	-0.63119652608	3.28957326704767	-7.526048	5.392894
kani1286	0.4221044235575	2.30697391630022	-4.31598125	4.8576095
kank1243	-3.50534620756	3.0749640785415	-9.977635	1.81279699999999
kaon1241	0.38804164252	3.55981664915845	-6.1984585	8.23136575
kaqc1270	-1.64487820477	3.35251064910029	-8.5826565	4.52783649999999
kara1476	2.46401564616	2.51166010284687	-2.37528725	7.6188475
kara1482	-0.469141942745	3.43314994881584	-7.005568	6.39983125
kara1486	0.2830145537	1.88926711453711	-3.66663275	3.88461875
kara1487	-3.765371247087	3.07992798652724	-10.652775	1.578442
kara1500	-1.7918826656795	3.0499771075477	-8.03871025	3.78834974999999
kare1335	-0.084899245678	3.81528494792697	-7.6649445	7.36945075
kare1338	0.91420147137532	3.42825413611527	-5.51055475	8.056165
kari1311	-1.617279089615	3.1969716948325	-8.39600175	4.5082325
karn1252	3.720907739005	2.33747782333425	-0.31551165	8.92516325
kash1277	0.312345565995	3.64680839347267	-6.81602325	7.56217549999999
katb1237	4.35015731075	1.85503103589583	0.924163675	8.1169335
kats1235	4.12070140054	3.09168814737587	-1.4345845	10.5307575
kava1241	-3.560142602258	3.00393426131345	-10.0529675	1.7590905
kawa1283	-0.6555460456865	3.50922756633675	-7.82942825	5.9856515
kaya1315	4.2539562124	3.15026271360298	-1.50612425	10.86972
keap1239	4.8469446957925	3.05779546752887	-0.41428745	11.67512
keda1252	4.774569730415	3.02788596266338	-0.496953925	11.1153775
keig1242	0.773992911958	3.550312919274	-5.9390525	8.31032799999999
kele1255	0.718971907369	3.40978562640145	-5.73464525	7.75382525
kele1258	4.43896047415	2.64082553465061	-0.262559275	10.0550575
kele1259	-3.8008239006	3.04450143228636	-10.510585	1.41496975
kemb1249	-2.178015894735	3.13564230535522	-9.007637	3.226556
keme1240	-0.978984761519	2.50657047624123	-5.68132925	3.94740075
keng1240	1.30533486953	3.37549743070025	-4.79035425	8.7412685
kens1248	1.85464721918	2.4067289740076	-2.70349275	6.8886485
kenu1236	2.087791696665	3.17984563331702	-3.8149355	8.78234149999998
keoo1238	2.44196473811405	2.51337037795604	-2.10657275	8.11295675
kera1255	4.44080934698244	3.14887486120756	-0.893386225	11.6223675
keri1250	-1.80688119388	3.18515066124409	-8.76885475	4.12602174999999
kesa1244	2.97400662548	2.37164441962409	-1.37756225	7.97657275
kett1243	-0.250055201265	3.57116646527585	-7.8890225	7.00208824999999
kgal1244	0.915061855135	3.54757328101918	-5.658784	8.27388524999999
khak1248	-0.355689462845	3.76018814317044	-7.84409	6.5700015
khal1275	-3.5704602718	2.40974254244556	-8.53956225	0.940536499999999
kham1282	1.593703561945	3.25845936601194	-4.0982235	8.46892249999999
khan1274	0.4585921350315	2.35724229269188	-4.29137475	4.93870025
khan1278	-5.61844556075	2.44475817842515	-10.7428575	-1.19384975
khar1288	4.40961364037	2.77402746102495	-0.6282977	10.3865175
khas1269	-0.7605483653855	2.29369593436949	-5.59057375	3.57163774999999
khez1235	4.18916110977	2.67568885378379	-0.6062719	10.1564425
khin1240	-0.39398098919	3.62359570147745	-7.8166525	6.5528315
khmu1256	3.3346432114895	2.62721694094034	-1.169546	9.3298435
khum1248	3.838036493845	3.00747681811792	-1.46873125	10.3745075
khva1239	-0.59139185098	3.61085800665192	-8.2007785	6.21291799999999
kich1262	-1.716778492695	3.27629624426394	-8.64773975	4.40751425
kiku1240	2.30566456125	3.27043415008724	-3.910264	9.11200524999999
kile1243	-0.744364330455	3.52382156082826	-8.0778165	5.865435
kili1267	-0.29210111859	2.40782585037982	-5.079969	4.44196374999999
kimm1245	0.92125054244	2.65293211068023	-4.4181105	6.05412
kimm1246	4.088400624885	3.24440673335622	-1.85003175	10.69314
kina1250	-2.247916941335	3.00711494110926	-8.74137575	2.9809985
kinn1249	-4.28389529033	2.94159686834498	-10.80151	0.909539049999993
kiow1266	-2.424389351975	3.08753787189444	-9.0310495	3.27512475
kips1239	1.8171746356	3.35467749863402	-4.55344325	8.72163825
koda1255	-1.1507470129945	3.39168426294675	-8.2688025	5.07785675
koit1244	5.112258086295	3.0088780259543	-0.08314454	11.7598425
koko1269	-3.63567662547	2.57577088175959	-9.02895325	0.839341374999988
kola1285	2.72216541882	2.81999337381989	-2.506605	8.73359875
kolb1240	-0.3405622278305	3.51548972602525	-7.222712	6.80282449999999
kolc1235	0.44916803624003	3.54842267863523	-6.27942225	7.75916224999999
kolu1245	4.04615912366	2.57815497444406	-0.53286335	9.49549925
komb1274	3.6767055370675	3.25699941649035	-2.00938325	10.621625
komc1235	-1.4400722869475	2.39706595675214	-6.160052	3.204825
komi1268	-0.231527634673	3.63406312892452	-7.2595825	6.62295099999999
komi1269	-0.127113836589	3.37313876251506	-7.1903095	6.58094074999999
komi1270	4.2407366194	3.03798632434932	-1.07025975	10.72252
komo1260	0.584261872455	3.50598292152537	-5.99536925	7.85098575
kona1242	1.462896831985	2.55860918406717	-3.382824	6.5233065
konk1267	-0.115146691915	3.77674153434581	-7.61010725	7.06903425
kony1248	-0.751207951259	2.0448165356901	-4.84538425	3.3667495
konz1239	-0.99383375098	3.23051110610721	-7.413736	5.30617275
koon1244	0.64641183049	3.43491440072749	-5.8663465	7.56521699999999
koon1245	0.571211658435	3.5644616263481	-6.04849	7.864971
koor1239	1.362674804729	2.80921062130687	-3.85800375	6.90693825
kore1280	4.86472324194	3.36652970467888	-1.40052075	12.0259125
kore1283	4.35067316343	2.83476850374828	-0.80182075	10.1388925
kork1243	-1.682272465155	3.23223387181449	-8.807898	3.98662625
koro1298	0.30508287599	3.03188578313872	-5.7729945	6.45476975
korr1238	-1.02501822635	3.3494890766678	-8.14022575	5.16679524999999
kosa1249	4.3911876998635	3.05289091655533	-1.10192475	11.030985
kosr1238	-1.664464073524	2.82117991982587	-7.6442375	3.3108025
kota1263	-1.1598512939	3.445111925545	-8.1385855	5.12556125
koti1238	0.57245844888	3.60033044973866	-5.947761	8.0945455
kova1243	3.889467716909	2.3865154023967	-0.402266475	9.08046875
kove1237	4.39027077606	2.69631145136294	-0.2227198	10.1080225
koyr1240	0.878004746045	3.62724929565253	-6.05637725	8.27621499999999
koyr1242	0.337728433855	3.56541214447393	-6.4461405	7.60209849999999
koys1242	-0.867461168339	3.41776896559048	-7.992761	5.4566375
kryt1240	-0.35838128394	3.60895185999646	-7.764485	6.5317295
kuan1247	0.26521456493	3.62158630688088	-6.34636975	7.89919975
kuan1248	-2.686042898266	2.2331452744843	-7.30251125	1.28833675
kuik1246	-2.6465499134285	2.97037781871843	-9.059505	2.4763775
kuku1280	3.85507916	2.78782401748172	-1.4312815	9.61988074999999
kuma1276	-2.029333477912	2.26164929053243	-6.4784095	2.23793925
kumb1268	-1.802856255895	3.24546881015337	-8.47879825	4.25809
kumz1235	-0.086568034965	3.65840501887622	-7.49229475	7.0595625
kuna1268	-0.2932389808015	3.60196926089296	-7.31004325	6.8309445
kunb1251	-3.8259944449035	3.15829774783345	-10.70535	1.741243
kuni1267	4.906369937985	2.96239617971773	-0.317262175	11.5401875
kuot1243	-0.832318209313	1.84770483133623	-4.525268	2.86676025
kusa1251	-2.281230067475	2.2508414604318	-7.15325575	1.7724655
kusu1250	1.79048167644	2.59884812864653	-3.03225425	7.031485
kute1248	0.308696443195	2.82469484944678	-5.12316375	6.02943974999998
kuyy1240	5.16434148057	2.98227495826718	-0.00983825374999996	11.9652125
kwai1243	-4.13570918375	2.4471950650032	-9.35485225	0.129478099999996
kwam1249	1.73317432192	3.33065836007005	-4.54213825	8.7912265
kwam1252	2.8018129438	2.24121991740831	-1.29784175	7.562847
kwar1239	-4.51158601895	2.52560429718562	-10.28211	-0.228914125000004
kwaz1243	3.35650477462	3.13319300486431	-2.47103475	10.060515
kweg1241	2.18520442772	2.97331199789915	-3.347942	8.38500925
kwin1241	-1.9203342639305	3.21015150222247	-8.55976525	4.0211415
kwom1262	-2.641471591045	2.27069756408327	-7.584372	1.55887825
kxoe1243	-3.752329618105	3.1884253161011	-10.5609125	2.23605925
kyer1238	-0.57462800688	2.1179375387723	-4.7386205	3.61478675
laal1242	2.220779609675	3.29145835862296	-3.85130275	9.09537574999999
labo1244	3.42721114362	1.91347975248694	-0.195263	7.2137415
labu1248	3.490877441515	2.12713869300186	-0.42651915	8.12148325
lagw1237	4.529640633595	3.00475447579974	-0.9529213	11.0810925
lahu1253	1.87845036801	2.20980552605561	-2.27718125	6.59265775
laiy1246	-1.1486438616795	2.93687913255855	-7.322178	4.13719475
lakk1252	-0.5633250193865	3.5836507389483	-7.698576	6.570368
lala1268	5.13483733065	2.92422756299474	0.0289676625	11.352305
lama1277	4.38726903141	2.85137574866717	-0.62822675	10.8380175
lama1288	3.113583177906	2.60894671307598	-1.548865	8.66032875
lamb1272	0.81606331114	3.46586120779591	-5.5871525	7.9396225
lame1260	5.1814889764	2.21224021228013	1.243114	9.808189
lamk1238	3.97274289513	3.18211626359786	-1.6780895	10.569445
land1256	0.612705683895	3.58391683421374	-5.9899185	8.01533549999999
lang1320	3.84408489873	2.9614115807661	-1.60026125	10.3463025
lash1243	0.757226627805	2.11370210934178	-3.42880075	4.93386975
latv1249	-0.2107776293805	3.71533758470427	-7.81245525	7.03784625
lauu1247	-4.082387494585	2.65444718882494	-9.90978675	0.810474249999997
lave1248	2.935945895395	2.65043966503172	-1.55446725	9.05144725
lavu1241	-2.15544336864	2.73493004662403	-7.6492285	3.10252175
lazz1240	-0.4880299986655	3.75588153137751	-7.85252	6.76274049999999
lega1249	0.4382626037	3.37166676003351	-5.95861675	7.21514549999999
lega1250	0.51120876401	3.5946821888126	-6.3303285	8.14250975
lele1267	4.29163527115	2.42830468580855	0.204478275	9.625241
lele1270	4.5015951919	2.58913362983775	-0.0629024375	10.4145075
lele1276	3.747817926225	3.13240209034577	-1.616097	10.408695
lemb1266	-0.3837332886935	2.26633128897733	-4.9326915	3.83968975
leme1238	4.319791289775	2.72079380491537	-0.3339539	10.1845825
lena1238	2.883827674675	2.28233931307036	-1.36162575	7.61621175
leng1259	-4.644316682945	2.5715115045013	-10.213315	-0.203822350000007
lepc1244	-0.88494795684	2.15441134655247	-5.210673	3.30078175
leti1246	4.599331950235	2.94870184323416	-0.565032525	11.0382575
lewo1242	5.19593905955	2.40782759352544	0.8624853	10.32735
lewo1244	4.3526814892	2.90677692262846	-0.724512075	10.821925
lezg1247	-0.4335265476735	3.6964797467797	-8.06012875	6.90716199999999
libi1244	1.363556049554	3.45368006925068	-5.101541	8.90817649999999
liby1240	-1.834791041245	3.01388347029808	-8.24287175	3.7040535
liji1238	2.174427710885	3.18151817345853	-3.83544125	8.48891699999999
lika1243	0.8951011499855	3.40604791275439	-5.309324	7.797377
liki1240	1.36486395469	3.38765117908822	-4.92065675	8.6090435
lill1248	0.07645132517	3.3692616344809	-6.52024125	6.5808395
limo1248	-3.3938091323355	3.1606979737979	-9.988023	2.24367425
ling1265	4.68609028545	1.89517934368865	1.16788075	8.62035825
lipo1242	4.782229039935	3.05017509813613	-0.6488823	11.5557875
lish1245	-0.97784551276	3.5042422984584	-8.1285605	5.22443525
lisu1250	2.09696990179	2.5826117366805	-3.0053255	7.12488974999999
lith1251	-0.154659142	3.63061942580029	-7.7540065	6.81372975
lito1235	1.36359070869	3.437273245726	-5.08288875	8.71412075
litz1237	4.8360588335	1.92906554953608	1.31542025	8.740449
livv1243	-0.1895144820415	3.66777303915706	-7.368617	6.660495
loba1239	1.20943337484	3.59063067131841	-5.682008	8.6968445
logo1259	1.1503077145455	3.40793932914644	-5.37112375	8.33984524999999
loka1252	-0.345937081195	2.93617586330325	-6.04344025	5.587675
lolo1259	4.72855921351	3.11357829681001	-0.6139933	11.516115
lomb1257	-0.181639313741	3.77698301943231	-7.893739	7.3723825
long1395	-3.9981079452	2.55466824939886	-9.49868825	0.479519449999998
loni1238	4.4931396513	2.59033864874574	-0.0367819025	10.433475
lonw1238	5.36731066215	2.14635259012203	1.539077	9.944578
lote1237	1.631441260156	2.1349556186693	-2.27998525	6.126077
louu1245	4.682067113395	2.61171670709431	0.111441175	10.3056325
lowl1260	-2.4530958217535	3.23331317141085	-9.015183	3.60616675
lowl1265	-1.21056435468605	3.42997387711376	-8.67689575	5.157995
lozi1239	-0.584183177415	3.25114165546291	-6.645636	5.9791505
luan1263	4.439389962205	2.96588307215349	-0.699430075	10.8644575
luch1239	-2.46579448753	3.09659163666572	-8.294082	3.78767125
ludi1246	-0.208169443566	3.81765874716328	-7.70075875	6.85163249999999
lugb1240	0.841140959445	3.42700915303952	-5.81973025	7.7551525
lugu1238	1.15371284124	3.68417808526946	-5.52860025	8.51421475
lule1254	-0.136636864425	3.57984854306081	-7.57781425	6.66202949999999
lumb1249	0.31628019579	3.36745908650366	-6.11650525	7.0441645
lumu1239	0.966147009423	3.72079536045473	-6.1951185	8.35375549999999
lund1266	0.2616191158	3.6280434530437	-6.62727975	7.49193599999998
luok1236	1.392392941795	3.33800371994	-5.13374575	8.1716235
luse1252	0.97403893507	3.65316229799194	-5.986653	8.50784175
lush1249	3.663715193466	2.99110583265182	-1.539596	10.2848675
luva1239	-1.292236854585	3.35563179135331	-7.59179125	5.5813955
luya1241	-6.24518990368	2.84541088688816	-12.3239075	-1.0990675
maan1238	-1.518689130265	3.00468870619987	-8.0754655	3.76169
maba1270	1.1504537416495	3.44800283104807	-5.325348	8.1687625
maba1277	0.8258043575	3.29087411672941	-5.1937975	7.86023825
mace1250	-0.24353800315	3.73481830106406	-7.511428	6.86059624999999
maco1239	3.275758604	2.92144689276143	-2.07054	9.68777624999999
macu1259	4.7188245076	2.81755378004248	-0.21653195	10.7294175
macu1260	-2.549458652285	3.26041562834213	-9.82426925	3.30775075
mada1285	-2.232903279411	2.19437244581951	-6.7747785	2.001109
madi1260	1.344723215179	3.31927233986181	-5.02463	8.0688425
maee1241	5.107738815	2.07468220527383	1.38637425	9.342825
mafe1237	5.0744616995	2.40940052888013	0.799131625	10.08077
magd1235	-2.6606973039	3.27412439734989	-9.4819935	3.5430985
maia1253	1.628023857355	2.3722329413186	-2.892585	6.39300725
maib1239	3.6503766216005	3.31726937829816	-2.2005105	11.1899175
mail1248	4.27092013304	3.18903817805425	-1.41533975	11.28193
mais1250	5.1030128387	2.92470469405792	-0.0556494399999999	11.3132725
mait1250	-2.079634326495	3.10988404799738	-8.6728325	3.9461965
maja1242	-0.735776360165	3.05718579427796	-6.835859	5.183171
maka1304	0.480071843085	3.38417358428981	-5.749121	7.6792145
makc1235	-1.392044748378	3.39021690018216	-8.41309175	5.1006435
makh1264	0.60536701044	3.49257227656286	-5.84409325	7.69125775
makh1266	0.65858039384	3.36788750467673	-5.51774725	7.68081324999999
mako1251	0.57550277275	3.51222586541947	-6.10919425	7.79223874999999
mala1463	-0.7274821895	3.5502273966451	-7.83791325	5.71491525
mala1464	-0.90882986557	3.5508694249761	-7.75008125	5.65811375
mala1479	-2.470680403057	3.09328336920627	-9.378738	3.0137775
mala1522	-4.759476675545	2.86049808094631	-10.8259925	0.208861324999993
male1284	0.4912346961775	2.69815471502525	-4.7063305	5.90540925
male1289	4.34656883938	2.70233224473858	-0.375400125	10.26187
male1297	-1.706709074341	2.84981388450823	-7.570636	3.69842425
malg1251	3.94361732861	3.11458826912998	-1.53686675	10.442205
mali1285	-2.02044896207025	3.28826802986343	-9.10201825	3.8279045
malo1243	5.2965861959	2.28405018932401	1.30955925	10.221315
malt1254	-0.58509562112	3.36102702489158	-7.52308	5.7223505
malu1245	5.0189993729	2.12906841966192	1.20102775	9.43100825
mamb1294	2.963434500725	3.29173739101394	-3.18245325	9.67591174999999
mamb1296	0.445755855915	3.60398663519147	-6.30867325	7.62299425
mamb1306	4.32132924523	3.09346814648847	-0.897799225	11.21465
mamm1241	-1.835003766545	3.3924033881364	-8.9194675	4.58061124999999
mamv1243	0.6641159717465	3.38180428594976	-5.6426805	7.69291549999999
mana1288	-3.712769194264	2.32479892130768	-8.77910125	0.258955949999995
mana1295	1.98704195325585	2.35213194623223	-2.32814625	6.978788
mana1298	-2.834785634145	2.3592488083879	-7.71779675	1.56439524999999
mand1415	-2.338470549648	2.86915773487871	-8.81858275	2.83287825
mand1440	0.40980288314	2.2120708515405	-3.87101375	4.89276625
mang1378	2.169071501502	2.07669385489193	-1.60755275	6.5384365
mang1381	-2.266852653915	3.30830245071934	-9.4868325	3.565867
mang1394	1.17174985762	3.20863815182693	-4.77259025	8.220776
mang1401	3.18217876613	2.82296936580058	-1.752063	9.37136049999999
mang1403	2.202763978735	2.15253067813516	-1.6842875	6.91043975
mang1405	-1.15628667564665	2.52707856521621	-6.26027525	3.636689
mani1235	2.055182062355	2.85630326157974	-3.4767585	8.11809275
manm1238	1.92708134531	1.9986069340366	-1.961958	6.16302675
maor1246	-2.07780804608	2.7925847200392	-8.25293275	2.70707975
mapo1242	3.77787464427	2.22329521590412	-0.221587225	8.68286775
mapu1245	-1.34864382298985	3.16745446724581	-7.6721285	4.46583325
maqu1238	-0.01853117391	3.20461985624679	-6.5001185	6.1260945
mara1378	-0.1976251867325	3.67428072833617	-8.127247	6.68176549999999
mara1379	4.4362202425	2.70493735249982	-0.4706716	10.3050225
mara1382	3.570964742195	2.8925625438652	-1.621939	9.9725415
mara1399	4.9540535095	1.99003621610666	1.329311	8.98748824999999
marg1265	3.066193847085	2.77329673171401	-2.16911825	8.962121
mari1424	3.03815035461	2.91254944849356	-2.23401825	9.2894205
mari1426	1.3673733321	2.18929898025768	-2.78246075	5.75378425
mari1428	3.853788497557	2.36108578536221	-0.34906205	8.952999
mari1440	4.25224559235	3.14043503681295	-1.68966625	10.977815
maro1244	-1.82355871612	2.33164660304168	-6.43335275	2.503588
mars1254	3.345777275915	2.86345537330545	-1.69220025	9.64768224999999
mart1255	-2.2548666560692	3.06752633202383	-9.0401115	2.9759475
maru1249	3.97275590745	2.88153672516604	-1.13441325	10.183915
masa1322	4.581194723795	3.10183441531982	-0.832303325	11.086035
masb1238	-2.121792624737	3.18076230612584	-8.93116225	3.44065324999999
mask1242	4.44476570074	2.01343852907768	0.7501679	8.56857899999999
matb1237	3.7189956446075	2.96190447667198	-1.5042735	10.281415
mati1250	3.821191763315	2.54418304080018	-0.991435425	9.13569299999999
mato1252	1.819009746845	1.94458677604158	-1.9470835	5.8035585
matu1259	0.7688769014835	3.49580594207746	-5.9109465	7.97448524999999
matu1261	3.53768614343	2.48683337260493	-0.87521005	8.95394625
maun1240	-3.35642360375	3.23039556380436	-10.129605	2.39332075
maxa1247	3.35861692755	2.9860225980016	-1.792406	10.124695
maya1285	4.621675722025	3.31176444359913	-1.427799	11.6643925
mayo1261	0.9757070184895	3.34298597874614	-5.35886475	8.03056425
mayo1264	-0.84473979841	3.26795441182207	-7.30176075	5.57779025
maza1304	2.9175640496225	2.62230809984369	-1.7557635	8.0624995
mbaa1245	0.658519622875	3.66819145906259	-6.1841235	8.72679424999999
mban1263	1.14519979536	3.69816400060798	-6.007319	8.82937149999999
mbar1260	4.394386894165	3.09394925783282	-1.05920325	10.9014825
mbay1241	2.274839973965	3.47050666462446	-4.13227175	9.47233975
mboc1235	-0.2421141823065	2.67490086835283	-5.23046475	5.165187
mbol1247	0.674313358795	3.32699927960797	-5.69979	7.62764875
mbul1263	3.987334501895	2.45939609031272	-0.27750175	9.216194
mbya1239	-1.30678447375	3.20449160511995	-8.406664	4.56956425
meen1242	-0.90137663501	3.17454675174612	-7.0181695	5.2403355
mehe1243	-0.9500817018805	2.16219933188653	-5.2643285	3.22003725
meke1243	5.0842729563	2.86317210771028	0.051503965	11.0757425
mele1250	4.184820977275	2.40175126260009	0.0335300825	9.52376649999999
melp1238	2.9757927275645	2.64880666847254	-2.08702275	8.59599025
mere1242	4.808185890517	2.63937650305386	0.0592418162500001	10.4241375
meta1238	-0.1350201051735	2.7553781916021	-5.458215	5.42584375
mezo1235	-2.44220916643	3.41451894052665	-9.53961225	4.12285275
mezq1235	-1.759802263235	3.38438342877351	-8.9179075	4.69378525
mich1245	5.71311367105	2.8460755831656	0.27127125	11.77221
mids1243	0.382162133139	3.75291413605404	-6.56437975	7.878975
miju1243	2.35318083401	2.57840690814456	-1.9893025	8.07385274999999
mikm1235	-0.615307802225	3.34263283352004	-7.5968905	5.72444425
mila1245	2.483480487245	2.72186919970543	-2.33497025	8.54124699999999
mina1268	-1.6871418784065	3.26964165264366	-8.62623075	4.15688724999999
mina1276	2.91721997752	2.57618524646017	-2.07659675	7.999974
mini1251	-2.52688629297	2.29191787285019	-7.17731675	1.64944225
mini1256	-1.89161506806	3.2123534549089	-8.91880125	3.999359
minn1241	-3.156086418965	2.86710511199531	-9.18271625	1.77368025
misk1235	4.48959064	3.16586840601685	-1.3639005	11.2513625
mixt1426	-2.58687319333	3.35448398583601	-9.77408925	3.80756575
miya1259	-1.155875761395	3.27997787008438	-7.9673295	4.89837725
miya1266	1.697486457215	2.67151285035933	-3.467234	7.11572125
mlab1235	2.927420783495	2.54337736628044	-1.55369625	8.312848
moba1244	0.7281810282295	3.51819802478457	-5.902867	7.4232255
moch1257	-2.007459063325	3.40606339853598	-8.98723475	4.1752745
moco1246	-1.199854032995	3.24358195219629	-8.1522945	4.45985625
mode1248	-0.122506039925	3.63593338836203	-7.296676	7.036991
moha1258	-1.02810715865	3.49941665959989	-8.5009355	5.74792075
moke1242	3.76719482605	2.8291258246877	-1.30997025	9.54571449999999
moki1238	3.586440762255	2.74868048884927	-1.30702475	9.47576499999999
mokl1243	4.296436793105	2.86268957798254	-0.927729575	10.3409725
mokp1239	-1.865609401764	2.63520788433333	-6.965274	3.42159325
moks1248	-0.10706994087	3.67832713190618	-7.3995655	6.80508299999999
mong1338	0.43811207755	3.49423477955298	-6.1724895	7.64389899999999
monn1252	2.962916637355	2.83096073919221	-2.1692875	9.0943085
mono1270	1.03588791669	3.58681736480409	-5.7984055	8.39505925
mono1273	-2.13846860171675	2.64506322409739	-7.820065	2.85641425
mono1275	-0.69608033939	3.53037818487251	-7.74216625	5.85762275
mopa1243	-0.7618378988155	3.34788198966767	-7.889932	5.32780924999999
morm1235	4.10754944542875	2.78076267929408	-0.791881	10.0160375
moro1287	3.110280618109	2.68635330946954	-1.901036	8.7618985
mort1237	-1.687110940645	2.94959151538616	-8.15258575	3.60589675
mose1249	-2.128746304155	3.15270014292396	-8.769901	3.41587775
motl1237	4.09504813567	2.7869078831531	-0.826512	9.98088024999999
motu1246	5.2254125087	2.94160582708223	0.2309477	11.9408925
movi1243	-2.584123059685	3.01617434377357	-8.92819075	2.81921125
mpad1242	4.169944419855	3.08727067993486	-1.2553065	10.8883475
mpii1239	-1.1471800540985	2.41475095177279	-6.09478275	3.54159175
mpot1240	0.64492361045	3.5837896265657	-5.91139875	8.39956224999999
mpur1239	3.515286624243	3.2047958461223	-2.14497425	10.23883
mual1241	-1.98552795489	3.24386571389771	-9.05679125	3.50546325
mudu1239	-1.115402562427	3.44277628601569	-7.98567	5.24024899999999
mudu1242	3.913169678265	2.89275592524619	-1.15259375	9.88686075
mull1237	3.270201657025	3.02028382546539	-2.24797825	9.6156815
munc1235	0.977658346985	2.70520019339861	-4.19082325	6.73836549999999
mund1325	3.6537306045185	3.18545030716652	-2.305915	10.2060025
mund1326	1.52117867359	3.43926868722766	-5.080161	8.6723965
mund1328	-0.404179336735	2.493487334291	-5.069731	4.74749199999999
murl1244	0.4636472264885	3.62667528022765	-6.93898325	7.56855024999999
muso1238	3.09464660166	2.05037360875416	-0.64571975	7.31770875
muyu1244	-1.775651291085	2.8213378560494	-7.87399325	3.468847
mwag1236	3.8120323109455	2.91031675673228	-1.2690655	10.277675
mwan1247	0.474290961462	3.53387687829286	-6.527917	7.56760199999999
mwer1248	0.73244988479	3.47192109145609	-5.9716945	8.09606524999999
nade1244	-1.1820692854285	3.28516387343467	-8.29354225	5.00005275
naka1262	0.616514204023305	2.05633939224038	-3.475046	4.61708224999999
nali1244	0.0593345189	1.85406299410603	-3.6810005	3.579522
nama1268	4.99660377395	2.57776681082829	0.64538895	10.706965
namb1293	-4.434159916725	2.94636618547038	-10.8104375	0.859212349999999
nana1257	-0.7675654517665	3.63225734990384	-8.47298175	6.291239
nand1266	2.0303351956	3.41062760356574	-4.55763425	9.37610225
nang1262	4.644912853995	2.93796307948869	-0.27947585	11.094265
nant1250	0.978612890205	2.94193246129883	-4.8822885	6.48707175
naue1237	4.614124754882	3.05859948009779	-0.763231875	11.43009
naur1243	3.0574984425545	2.78275862768548	-1.69242325	9.2242285
nava1243	-2.00912019548	3.13008594642969	-8.551143	3.81587724999999
nawu1242	0.7623918093615	3.53650435829018	-5.9195535	8.43519249999999
naxi1245	3.520499995235	2.99867002883031	-1.888062	10.1547525
ncan1245	-1.497450792167	2.39656459140916	-6.21309525	3.1332285
ndam1239	0.90820842859	3.44739512350669	-5.59630775	8.247371
ndob1238	1.280683094515	3.36476844199895	-4.97496475	8.31687274999999
ndog1248	0.0373329273565	3.49622841964554	-6.606091	7.1200145
ndun1249	1.07626803029	3.54003461298206	-5.59742425	8.49679049999999
neha1247	-3.6780655968995	2.93559739570985	-10.209005	1.490758
nend1239	2.91010573045	2.53950837940325	-1.84096125	8.00353874999999
nene1249	-0.06912877287	3.68040239745476	-7.26738825	7.07364024999999
neng1238	-3.025284631295	2.91856895068509	-9.38961575	1.9039605
nenn1238	-4.47714006786	2.92785712188167	-10.711115	0.811190049999999
nese1235	5.103159448855	2.1299702693251	1.28051725	9.52814774999999
newa1246	-0.615702075995	2.01998532408932	-4.64695125	3.12040449999999
nezp1238	-0.655424658267	3.50520833519925	-7.881287	5.693001
ngaa1240	3.00364203429	2.89484126671303	-2.18094525	9.179665
ngab1239	3.65872519885	3.2269589525948	-2.229692	10.38836
ngal1292	-2.7571658137855	3.30098380922195	-9.573936	3.393255
ngam1268	2.7093655517	3.42978350333443	-3.46315175	10.27564
ngan1291	-0.1407981649025	3.52832270826183	-7.05793875	6.9146995
ngar1235	-2.49304049512	2.97185223881682	-9.08044725	3.05921425
ngar1283	-2.41338988428	3.26784316991629	-9.16329675	3.69057474999999
ngar1284	-2.208858664845	3.18860054135069	-8.92687225	3.70003575
ngas1240	3.78586122969	2.94574770191658	-1.49335475	9.93220374999999
ngba1284	0.856450718515	3.54793029552948	-5.9810955	8.02947849999999
ngba1285	1.29643284323	3.40792130124097	-5.19013975	8.36128025
ngit1239	-2.67584913416	2.85342380379051	-8.57338875	2.49064775
ngom1268	1.140081194325	3.54277011269131	-5.49337375	8.2694255
nhen1239	-1.891871914996	3.17799560504385	-8.78714475	3.74549975
nila1242	1.8801940853303	3.34685346018451	-4.425189	8.659372
nina1238	3.349884160555	2.99354370142583	-2.009562	9.9508365
nisg1240	-0.813921955048	3.17379570081197	-7.55396025	5.22527675
niua1240	2.849959420059	2.72979566789362	-1.81148575	8.944341
niue1239	-2.298338050935	2.79489989333869	-8.65674475	2.61839699999999
niva1238	-1.46704791030635	3.18179607346075	-7.7883005	4.56949025
njan1240	-3.17253503276	2.69392955152253	-8.685693	1.92340075
noct1238	-2.735889586735	2.2155591321225	-7.281402	1.381324
noma1260	-0.81801819363	2.89026613799655	-6.3583	4.80828174999999
noon1242	0.4040337604575	3.59275526926521	-6.3381385	7.78719824999999
noon1243	-2.03449610111916	2.3802100191219	-6.761232	2.57306175
nopa1235	-2.332205331307	3.36991329155554	-9.451282	3.634477
nort2671	-0.145413069165	3.72524622768811	-7.6951025	7.30129025
nort2684	5.044332765245	3.06100304132997	-0.243263225	11.7797775
nort2690	-0.0655866321795	3.84569342230055	-7.6243845	7.39433975
nort2697	-0.52838867768	3.8708806158781	-8.27412675	6.808639
nort2702	-1.1320145937915	3.51027857301063	-8.259648	5.62199275
nort2722	3.40635694332	3.04691553108796	-1.75425875	10.1670375
nort2723	3.858189310495	3.10899086899007	-1.5410085	10.9655525
nort2724	3.567480431605	2.76257328123787	-1.244243	9.506499
nort2732	1.86913478053525	2.8230192243657	-3.11169875	7.93780149999999
nort2745	-1.029207207595	3.37147507703403	-7.94241275	5.4594275
nort2747	-1.169716383905	3.58444893129056	-8.5058815	5.6145725
nort2774	1.02354356786	3.3270680802639	-5.29953425	7.84885225
nort2839	5.4343403071	2.27068272804305	1.54206575	10.31925
nort2845	-2.286391087325	3.01018221780131	-9.14139175	2.97279875
nort2847	2.711642376105	2.27064119616134	-1.455649	7.46528574999999
nort2877	-3.45338867295	3.10141891399918	-10.0880275	1.98182075
nort2930	-0.329703159405	2.69136412819763	-5.85594475	5.10659775
nort2938	3.184872748595	3.14314059253275	-2.68455825	9.49039325
nort2942	-1.1863576393295	3.13692274270574	-8.118526	4.28520124999998
nort2954	-0.43610868331	3.45410652574426	-7.919066	5.99851624999999
nort2957	-2.5068866368175	3.1357041536133	-9.247021	3.06751275
nort2959	-1.015820713335	3.51226488075285	-8.48290375	5.56262375
nort2961	-0.621673241969	3.37875699802852	-7.7241635	5.65923
nort2972	2.793591899063	3.13670808068451	-2.77367375	9.48560624999999
nort2980	-1.78857318096	3.27240245073198	-8.53735375	4.124169
nort3047	3.907131600795	2.91214041474068	-1.4344535	10.237755
nort3139	-1.03866649464	3.60011357654829	-8.45854325	5.6229195
nots1237	-0.959960994987	1.88727973734208	-4.80381725	2.7101505
nsen1242	0.3617080382055	3.54284385801158	-6.2781085	7.322841
nucl1235	-0.45765926216	3.84877652760962	-8.12978025	6.99394725
nucl1240	-1.78550472858	2.88076203432865	-7.36570125	3.6965465
nucl1301	-0.054054929589	3.80687446922244	-7.61618675	7.71160674999998
nucl1302	-0.640089729875	3.59253315327287	-7.67161125	6.29601025
nucl1305	-0.8542691239025	3.49987790258414	-7.71090375	5.617753
nucl1310	0.000965765369999998	2.18847754861641	-4.16696025	4.386696
nucl1417	-5.139145734	2.3439605562179	-9.91063625	-0.809905275000002
nucl1593	3.900797513555	2.68529472146694	-0.87649645	9.59912749999999
nucl1595	4.51942256255	3.05240952696727	-0.87907525	10.934335
nucl1622	-2.1448801488	3.30672388259783	-8.9810175	4.02482525
nucl1630	5.57890681504	2.99840974408135	0.43207875	12.2965725
nucl1633	3.76731742745	3.35824537633538	-2.3944155	10.910685
nucl1643	-0.960354521175	3.38583193291513	-8.18913375	5.36719
nucl1706	-0.6662733918	3.5069142446128	-7.572618	6.10711925
nuer1246	1.218223143795	3.37364240249179	-5.06659425	8.41019974999999
nugu1242	-0.73639417329	2.84839774248828	-6.34181175	4.89509599999999
nukn1238	1.994304076245	1.89986309641125	-1.61159175	5.908287
nupe1254	-0.031926141505	3.24663988101789	-6.152673	6.80847499999998
nyah1250	3.294278410508	2.86978769860752	-1.78733725	9.63020175
nyak1260	0.9296079316865	3.37999275315034	-5.28751875	8.02921899999998
nyal1250	-1.194127422105	3.11602880614701	-7.38748325	5.095525
nyal1254	1.32096179543	2.4346713601936	-3.15655725	6.50585399999999
nyam1285	-1.2937198677015	2.51274864670843	-6.07017675	3.671589
nyan1301	-1.78095445072	2.82070515978848	-7.87019975	3.16301825
nyan1307	-0.096666062075	3.50637500341331	-6.44647875	6.97549825
nyat1246	2.327054029545	3.389564245186	-4.22333175	9.31208974999999
nyor1246	-0.4710471030545	3.39118620294509	-7.09306625	6.138664
nzak1246	1.55574749203	3.42659225578454	-5.09116825	8.74784475
nzak1247	0.61310975071785	3.61346874632187	-6.14612325	8.15808425
obok1239	4.50340729088	3.20661467267725	-1.27911275	11.4346275
occi1239	-0.10842557064	3.74606435924956	-7.41045675	7.10032725
ocot1244	-2.90621321997	3.42417452742386	-10.0982175	3.4277035
okan1243	-1.2727334334785	3.566700623747	-8.3739495	5.319307
okin1246	1.199458508725	2.9251653096179	-4.53807375	6.85957275
oksa1245	-0.459824397562	2.37540062427622	-5.29121225	4.2400175
okuu1243	-2.319282649315	2.42975616780509	-7.21520525	2.44217025
oloo1241	2.38488388759	2.24077612851001	-1.57994075	7.293506
olut1240	-3.0521765642	3.02200517008007	-9.4799325	2.540151
omah1247	2.7693713401155	2.99068128662679	-2.7119285	9.002274
onon1246	-1.1649993531525	3.50155837233654	-8.66563175	5.63214825
onto1237	2.67076707075	2.76656042229065	-2.24034725	8.42714375
oriy1255	-0.646432948424	3.57836039846747	-8.079223	6.460186
orma1241	2.89759230226	2.87558609302334	-2.217095	9.13157899999998
oroh1237	-0.358603657976	2.16756496425515	-4.56026775	3.94714825
orok1265	-0.617822900525	3.41598355982623	-7.23746175	5.7794565
orok1266	-0.5194855131865	2.87505030975846	-5.936065	5.379336
orok1267	2.115662103285	2.69518487443873	-2.866047	7.72428775
orow1242	-3.616128814025	2.52355594057508	-8.9420745	0.93678555
otta1242	-0.63745419001	3.43799140534554	-7.858062	5.8370225
owaa1237	2.429381975745	2.63724563191623	-2.12725	8.16838225
paaa1242	-0.210874312565	2.53240038434835	-5.107088	4.944608
paam1238	5.3419731485	2.29792008258695	1.19296175	10.22598
paas1238	0.5802627472125	3.54364406885052	-6.33655675	7.71476575
paco1243	-1.398284704225	2.81441647284434	-7.33058925	3.76912575
pagi1243	1.0280267211155	3.43433117485828	-5.51743375	8.06288075
pagu1249	2.404966375077	3.10419105847248	-3.55852525	8.9436685
pahn1237	0.503275878197	2.77445036927284	-5.12898475	5.70082499999999
pala1344	-2.104982124865	2.8735230643423	-8.31034225	3.13666675
pamb1243	0.74882872565	3.6087790289294	-5.99588675	8.106052
pamp1243	-2.50091804766	3.13612165097907	-9.265887	3.13368375
pana1307	-2.414075439049	3.09065198777507	-9.0235325	3.2086525
pang1287	0.873792818655	3.3609984672198	-5.37775825	7.83117475
pang1290	-3.01009288573	3.16765336191092	-9.5742475	2.75351649999999
panj1256	-0.57872695001	3.70876707062584	-7.89848	6.78206175
pany1241	-3.086653809095	2.97447637069391	-9.449435	2.22977074999999
papa1238	-2.2359184675055	3.28367709203558	-9.06121725	3.75097974999999
papa1265	-0.700678966695	2.1079576240184	-4.804618	3.42343875
para1301	4.72120267932	2.86239046412577	-0.178756325	11.0220175
para1302	1.579088486225	2.37814050214318	-2.91545025	6.48840325
pare1266	-2.215872293819	2.96099423217801	-8.4735015	3.0043295
pare1272	0.161381576255	3.29564231070032	-6.43031575	6.4978955
pate1247	3.829388168825	2.37665808169121	-0.43911965	8.92801525
patp1243	-3.345920528415	2.45068329376769	-8.74330175	1.09022725
paul1238	3.708795474175	2.98244897935852	-1.355147	10.4035325
payn1244	2.6519663977	2.49458985677623	-2.04651375	7.803131
pech1241	3.73716980546	3.20181568312156	-2.08953575	10.71091
peer1241	-3.70770858424	2.970421762267	-9.61779125	2.29343725
pela1242	0.638260804131	1.96474006327383	-3.034676	4.55337625
pemo1248	0.855795585477	2.96803987544757	-5.26723425	6.35866824999999
pend1242	-1.786872948818	2.98591098783759	-8.5157175	3.37073075
peng1244	-2.13761470436	3.01547786531736	-8.382874	3.255172
phai1238	3.60286113317	2.6945256803661	-1.175691	9.55623975
piap1246	-0.510135536115	3.43159624863553	-7.666691	5.61165875
pila1245	-1.3019978901	3.38301437584684	-8.32790175	5.10279125
pile1238	4.60984558175	2.83117805217094	0.132030225	10.9149475
pima1248	-0.846186140435	3.55097888440655	-8.03743325	5.78728475
pina1252	1.08744029224	2.37174468227783	-3.454594	5.912371
ping1243	3.811975769655	2.69147444375766	-0.73226775	9.69852975
pipi1250	-0.571826780583	3.34981408897129	-7.687165	5.66077675
pite1240	-0.21699232928	3.63614096488685	-7.52883475	6.7696185
plai1258	-0.70603910985	3.4670355399094	-7.7866865	5.79567324999999
pnar1238	-0.2691073959125	2.38803099790546	-5.17783975	4.1606355
pohn1238	-1.302365663	2.71446677122423	-7.00239375	3.52347699999999
poko1263	1.900153982905	3.47892246950024	-4.52227725	9.26946449999999
poli1260	-0.00536505057000001	3.52597212867402	-7.16560725	6.821267
popt1235	-2.096177754845	3.30217009629359	-8.9573965	3.84964849999999
port1283	-0.128375644184	3.91895329588519	-7.77155075	7.73297674999997
port1285	4.33645429158	1.98108965189203	0.649540625	8.3590185
psik1239	1.921513050355	2.44725687468532	-2.64621275	6.88996875
puka1242	-2.35222939797	2.86587836708738	-8.6086965	2.59707775
pulu1242	-1.925420392175	3.06800942745713	-9.10321525	3.513898
puma1239	-3.3009623860775	2.30676014114055	-8.21623625	0.96530975
pume1238	-1.038504321528	3.17307353736973	-7.61000225	4.97199875
puoc1238	2.065074793774	2.58685457858529	-2.43868	7.5874615
pura1257	0.8801224018075	2.6760035559183	-4.04729325	6.302578
pure1242	0.1227881073085	3.27812692694409	-6.5364155	6.21338324999999
puri1258	1.077399173755	2.98914419941193	-4.27935325	7.49704849999998
qanj1241	-2.0370528295755	3.42701862225557	-9.0265425	4.57898799999999
qawa1238	3.510217467385	3.06620915732749	-2.00165725	9.86243475
qima1242	-1.727227326733	3.24456615848002	-8.39280225	4.01267299999999
quer1236	-1.47889355735	3.52157044433185	-8.6432095	5.05559149999999
quio1240	-2.8615107725025	3.44590232955073	-10.4258575	3.443035
rabh1238	1.50284563845	2.42752827436341	-3.00720975	6.48509774999999
raji1240	-2.34009915229	2.5016865289577	-7.61138625	2.261808
rama1270	2.37157882036	3.04190923436848	-3.14341	8.606389
rapa1244	-2.243054142175	2.97331386280543	-8.587346	2.823624
rapa1245	-2.25329202427535	3.00760007675613	-8.81432575	2.77684825
raro1241	-2.19953976106	2.95303681190332	-8.43382275	2.970374
rata1244	-1.409587083965	3.02920555687821	-7.78921825	3.93933824999999
raut1239	-3.699627592345	2.6194038180078	-9.24831725	1.078739
reja1241	-1.78899183655	3.161724207516	-8.28943725	3.89923625
remb1250	1.8699095202185	2.41180412209015	-2.4655335	7.0808655
reng1252	-3.13138033728	2.79277133340168	-9.2504265	1.69298049999999
renn1242	-2.655136829025	2.85051265599211	-9.24509975	2.4943415
reye1240	-2.5551805750495	3.12592149772476	-9.55885425	3.104011
roma1326	-0.1818659905365	3.66388116735351	-7.68301825	6.8141015
romb1245	-2.28781394637925	3.20064456176188	-9.0977015	3.35497499999999
rong1264	-4.47560166321	2.93641919327623	-10.9331825	0.779944249999996
ronn1241	3.922395981635	2.85540562170249	-1.107685	10.4035625
roto1249	-1.283647684931	2.03589729919452	-5.44888575	2.6444365
rotu1241	2.803244747095	2.78440837996948	-1.977819	8.84156924999998
rovi1238	-1.6486761675	2.05456514746113	-5.9528345	2.178865
ruch1235	5.042751577521	3.03547607411828	0.00622528625	12.07021
ruka1240	-3.78172798522	2.99268439208539	-10.2630925	1.545475
ruma1248	2.6022719091415	2.11961515618139	-1.43020325	6.86344125
rung1258	-4.490286624105	3.18337191279593	-11.443075	1.2938225
russ1263	-0.08292656693	3.56560558275806	-7.23816	6.87527475
russ1264	-0.548538011578	3.52328277825159	-7.6055745	5.9743335
saaa1240	-0.907337091545	2.10830817204421	-5.0545795	3.09388275
saaa1241	5.16636508716	2.35072494533141	0.969556575	10.029065
saam1283	1.34952856275	3.53031345294661	-5.58975225	8.55928174999999
saar1237	-4.0752431954	2.88172545187393	-10.2938475	1.24489325
sabu1255	-0.93899169934	2.55693572461526	-6.22758175	3.6807265
saga1262	1.621461135525	3.58945979672431	-5.368317	9.0884805
sais1237	-3.797354562165	3.01365403333767	-10.54721	1.61439025
saka1289	4.55617230237	2.65991165201088	-0.3465252	10.1887475
saka1291	1.39990513104	3.22097895308012	-4.47673275	8.10752574999999
samb1305	-4.42374014645	2.60820936055014	-9.66150425	0.594893074999997
samb1311	-4.7443026256	2.61947229356375	-10.1186875	0.274500899999999
samo1305	3.031602767695	2.83915418387955	-1.860611	9.56299224999999
sana1295	6.0491079901	2.83647914707525	0.81627745	11.9077825
sanb1242	2.272752215295	3.25378701915021	-3.77227775	8.77093625
sand1278	-2.38572208331	3.31602516388553	-9.19204375	3.963984
sang1321	3.64470811511	2.6435838632411	-1.2723745	9.40568349999999
sang1330	0.88006269423	3.59277148417852	-5.94393375	8.175665
sang1331	0.571860094925	3.55815477466853	-6.1571005	8.24513499999999
sani1269	2.512050051305	2.84533465492303	-2.73412775	8.59361599999999
sanj1284	-2.96527177525	3.40450734645807	-9.972306	3.32400775
sanm1289	-2.057230123975	3.46456396903814	-9.49574075	4.04923875
sanm1295	-2.624993957265	3.26277823354614	-9.432408	3.45544274999999
sanm1301	-2.320507313165	3.41846947892309	-9.35732825	3.9772505
sant1436	-2.353256749765	3.33332857437348	-9.58724875	3.75191
sant1451	-2.48749290696	3.30936479813473	-9.3263685	3.693474
sapo1253	-2.959389670565	2.41421738863013	-8.14271425	1.39310775
sara1321	-0.1140631609735	3.32539524510259	-6.30251225	6.83905975
sars1236	-1.559970369775	3.15171487970621	-8.332814	4.24236775
sasa1249	-1.78278727678	3.16384835217496	-8.69388575	3.936939
sata1237	-1.896177055035	3.02929707563822	-8.34632225	3.493883
sauk1252	2.78292162182	2.0511061512089	-1.036242	7.1434155
saur1249	-2.0842128936	3.28990174433322	-8.85865575	4.10013575
savo1255	-4.457824880785	2.56193436383846	-9.94791175	0.276414399999997
saya1246	3.58890059395	2.98984096568282	-1.897993	9.90027849999999
seda1262	-2.939952468678	2.82118410864679	-9.01980825	1.9009625
seim1238	-2.199622494775	2.79760045185515	-8.02206775	2.7581515
seke1241	5.08040723225	2.33665585900284	0.82327465	10.014455
sela1259	2.885240568795	2.96007952608251	-2.18697425	9.61834125
selk1253	-0.1958883090295	3.91556343982607	-8.1821595	7.1913095
sema1265	-3.251423337275	2.98135003013434	-9.83296875	1.9567635
sema1266	-3.05730932127	3.03231280610401	-9.71008975	2.11428625
seme1247	-3.27530670531	3.00784644543385	-10.2005575	1.69393874999999
sene1264	-0.8873949457449	3.58826235712656	-8.153042	5.791906
seri1257	2.7736175369305	3.05506102534463	-2.67884125	8.98143274999999
seve1240	-0.5172340175945	3.46509593119358	-7.63375275	5.93431775
sgaw1245	2.618937547649	3.12626045311964	-2.92615875	9.51699125
shab1252	-1.544607732315	2.96922166946521	-7.756847	4.00119425
sham1280	1.447440021535	3.79107834547768	-5.71894075	9.262635
shan1283	2.70304240111	2.69124881353739	-2.22267525	8.41498675
shaw1249	-0.53399206432886	3.47797561736384	-7.62635925	5.96044425
shil1265	1.252473365515	3.55687041012777	-5.5292785	8.63661925
ship1254	-3.00924150101	2.82820224596058	-9.22301175	2.02872424999999
shix1238	3.372485153155	2.98400823311723	-2.067283	9.59389049999999
shon1251	0.29016331879	3.55782223782499	-6.57950875	8.01620675
shos1248	-0.43310351447	3.45085726985211	-7.2020585	6.2099555
shua1257	-1.708995943375	3.43118502150666	-8.7995305	4.73901574999999
shwe1236	1.21234904524	2.05592914856148	-2.8201685	5.30455975
siam1242	1.87013639856	2.82144331782089	-3.437032	7.76193375
sich1238	3.597983790784	3.30187979725727	-1.94700425	11.0932175
sici1248	-0.23877241645	3.58045827786603	-7.40904175	6.5660665
siee1239	1.285616964315	2.11645353951676	-3.0486175	5.30242125
sier1250	-2.91326769732	3.43199954256842	-10.5079025	3.30551975
sika1261	2.601371878195	2.66396079229065	-2.1933745	8.06188325
siks1238	-0.917179672995	3.5485029115291	-8.423273	5.73044625
siku1242	-2.13478551762675	3.12770036881137	-8.82677375	3.48105899999999
sile1255	2.970092109025	2.46071535174963	-1.55671475	8.15537975
sina1266	5.3773337158	2.89557535957601	0.5133546	12.0516675
sing1264	-2.77519453436	2.32375995922893	-7.59015425	1.517176
sion1247	0.7028117998155	2.88288309679669	-5.23859775	6.36631874999999
sioo1240	2.561348801694	2.08677801234793	-1.40796525	6.81205
siri1274	-2.656799942515	3.18326071747651	-9.52042075	2.98308175
situ1238	3.950363372745	3.00570305412596	-1.4859965	10.5865175
siwi1239	-1.48112735282	3.11851548598553	-8.32413875	4.008961
skol1241	-0.19258722668	3.80948336988937	-7.8042315	7.0509385
slov1268	-0.124850081319	3.54900136083936	-7.261081	6.88196275
sobe1238	4.223804767175	2.93790962971152	-0.69141145	10.6997
soch1239	-2.7453264461005	3.46407611987178	-10.1097325	3.492834
soga1242	1.041973334	3.5897295859346	-5.741444	8.57270274999999
sons1242	-1.83008079239	2.98193108095556	-8.162278	3.41678099999999
sooo1254	3.7801510773315	2.68797043391114	-1.0726205	9.44944975
sout1528	-0.10889088698	4.11205418820855	-8.35556775	7.90263524999999
sout2649	-0.122042784948	3.74236832418778	-7.2795445	7.33099249999999
sout2674	-0.16732893331	3.62152142061965	-7.85130175	7.0231435
sout2679	-0.2394863111225	3.62017029227753	-7.54063825	6.6751015
sout2728	3.40379983927	3.15421042354633	-2.064949	10.1377825
sout2729	4.01349134633	3.00909715179144	-1.17226725	10.5152075
sout2730	4.602187470485	3.04960761395513	-0.959203275	11.4957225
sout2782	2.4892617991545	3.3183674986541	-3.722959	9.2346775
sout2797	0.772506006085	2.74634546291906	-4.48616225	6.34340674999999
sout2807	-0.5011349056	3.44859088858164	-7.0372315	6.69219025
sout2826	-0.197927080275	3.38264470501655	-6.414483	6.845406
sout2856	4.111501595165	2.40809476932028	-0.13412895	9.3411295
sout2857	3.09586561254	1.97778758962857	-0.64756275	7.00847825
sout2859	5.4150939468	2.29652262499494	1.3345395	10.2847425
sout2869	2.913055152205	2.26634364157539	-1.36412225	7.66452325
sout2895	3.84103262021	2.9623891967442	-1.3279695	10.2659225
sout2912	-1.745729267915	3.37392426674144	-9.15919175	4.278079
sout2954	4.78742621463	3.06009693425211	-0.88646235	11.264045
sout2956	3.253978406855	3.2537950057402	-2.86890175	9.92917925
sout2959	-1.331740618034	3.30297881742266	-8.38616275	4.5810585
sout2976	-0.99757139387	3.38767611614683	-7.7343505	4.9245465
sout2994	3.381111699305	2.93678138094453	-2.34286	9.50020799999999
sout2996	-1.364835392861	3.18341211845043	-8.33195675	4.29185399999999
sout3236	0.0698490834674	2.95683298875691	-5.51597775	5.82815374999999
sout3261	-0.511211105815	3.73830187885821	-8.4026945	6.86908225
stan1289	-0.116779203225	3.75348765742753	-7.751194	7.078093
stan1290	-0.09814079353	3.73252608626839	-7.60421025	7.09214675
stan1293	-0.122940504165	3.76141640884136	-7.54315675	6.86644574999999
stan1306	-3.19218579663	3.03310748303798	-9.7751475	2.1517145
stan1318	-0.55791432813	3.50695985227004	-7.95441725	5.93511
sude1239	3.05922146557	2.76380695385612	-1.94883675	8.82637075
suku1259	0.4258464502225	3.47506002940166	-6.00186125	7.41906699999999
suku1261	0.878973273195	3.59958911118887	-5.77929175	8.52220824999999
sumi1235	3.66770656468	2.6045718280597	-1.263356	9.0560965
sund1252	-1.744927678184	3.21243153522259	-8.69769	4.07421925
sunw1242	-0.0948492803385	1.8774837342955	-3.7723345	3.5325545
supy1237	2.05249489609385	3.42741366694634	-4.12831475	9.35456324999999
surg1248	-0.24386396824	3.71543569525069	-7.68965675	7.08724324999999
surs1246	-3.478315081755	2.72640008221406	-9.33514125	1.3126125
swah1253	0.816787209825	3.62958084344041	-6.0138225	8.4867585
swed1254	-0.07163233441	3.81752358655146	-7.71378875	7.45827274999999
taba1263	2.13228864507	3.19442025557567	-3.865826	9.08257775
tabo1241	-3.47804491826	2.88466217634533	-9.63755725	1.72424349999999
taga1272	0.339411124205	2.30760367638652	-4.6451845	4.62004975
tagw1240	-0.22375516108	3.46306606251338	-6.63053425	6.86770825
taha1241	-1.320325497325	3.10549884965918	-7.88178225	4.44927974999999
tahi1242	-2.057040101805	2.78673680573208	-7.89520875	2.84783425
taia1239	1.310761804285	2.57154202050602	-3.35361725	6.65696675
taji1246	-1.479411775448	2.93896500095655	-7.766023	3.87570075
taku1257	2.65531380908	2.76939337427772	-2.33205225	8.66927824999999
tali1259	-4.38760512403	2.75835730916161	-10.3130925	0.382187274999996
tama1365	0.63629225555405	2.7321503229711	-4.93583175	6.03569274999999
tami1289	-0.804022987563	3.5477044558594	-8.07196325	5.64448725
tami1290	0.81743067208	2.15488271653399	-3.449783	4.971896
tane1237	4.974425362375	2.89654594991952	0.01593326875	11.4518475
tang1336	4.384703390655	2.8788859551657	-0.804892525	10.562415
tang1377	3.152322342955	2.89688629780795	-1.881058	9.46296349999999
tani1257	-2.3219904943	3.3135305719146	-9.3129845	3.7720585
tari1256	-2.31826284775	3.36224633875031	-9.3960005	3.78301375
tari1263	-2.05759659161	3.12979914348184	-8.92823475	3.774717
tata1255	-0.2251758400145	3.6261569104284	-7.8855275	6.66844225
tata1257	-2.56525935893	3.08694400212622	-8.93373775	3.04224925
tata1258	-2.356761008945	3.40386440173547	-9.77291375	3.62199274999999
taul1251	-2.366848442635	2.30219111147114	-6.9954585	1.832878
taus1251	-1.8205163241	3.29491319647097	-9.04216275	3.97628325
taus1253	-2.95156416604	3.08589603223399	-9.535847	2.54192
taya1257	-1.3106508010505	3.17149603235528	-8.30533775	4.258435
tean1237	4.98507566415	2.8856690874091	0.02932094	11.297385
teda1241	0.485106907835	3.71071278274114	-6.7441215	8.07299199999999
tedi1235	3.6633418588945	3.1312030705427	-2.07553375	10.3320425
tega1236	0.6445976121025	3.71893351564091	-6.6283615	8.20527774999999
tehu1242	-1.14964318052	3.13988590156095	-7.546728	4.78076725
teke1275	0.53427200335	3.46961036926011	-6.05417725	7.5145225
tekt1235	-2.0299461058	3.38061788661001	-8.94939225	4.11823474999999
temb1272	1.23213062898	3.56936743095116	-5.20112825	8.55858874999999
temo1245	-1.660497024705	3.43343352589371	-9.02504	4.81550425
temp1235	-2.837851859115	3.19675103304353	-9.9879245	2.63170525
tene1248	2.5010049842295	3.07204979441223	-3.294098	8.65712299999999
tenn1246	1.103332013125	3.58203508964044	-5.77825975	8.37129975
teop1238	-2.304295875355	2.16995943019754	-6.9968025	1.75599725
tera1251	3.713953914985	3.23041068864063	-1.9648795	10.862735
teri1250	3.5349123165875	3.09470804723807	-1.6408055	10.082155
term1237	3.325442888725	2.7745400394115	-1.775391	9.0561895
tern1247	2.189038210515	3.19173832926215	-3.736061	8.63161025
tete1251	-2.004413061595	3.49323020632352	-9.1633375	4.6741635
teun1241	3.8662511351315	2.90003386759206	-1.453141	10.296695
tezo1238	-2.471746897965	3.25236714779471	-9.48636225	3.426639
thad1238	3.774408124936	3.0412779491954	-1.37489925	10.3113275
thak1245	-2.857389869925	2.11355339672237	-7.31448125	1.163175
than1259	-1.493036525344	2.47406934327457	-6.7271795	3.038838
thar1283	1.959607569862	3.48829351522238	-4.70758725	8.970198
thul1246	-3.214794007165	2.48616345415662	-8.47635325	1.26931575
tibe1272	2.1624919333565	3.33392188748473	-3.8561095	9.172528
tibe1274	-2.211260818154	2.62179703799339	-7.3340015	3.01995425
ticu1245	-1.65861428645	3.16696947027204	-8.059805	3.96689425
tief1242	-0.1642165157288	2.77822671157587	-5.44500775	5.34618374999999
tief1244	0.2166431820975	2.88706089404097	-5.22751275	6.12607275
tien1242	0.598353949795	3.59608918435715	-6.1962855	7.60811024999999
tiga1245	0.573573090857	2.05474745819467	-3.3412345	4.5885085
tigo1236	-1.43809334434	2.77684731690774	-6.6878505	4.128828
tika1246	-2.19375998018	2.67001910365861	-7.68778625	3.1893855
tiko1237	4.14328786626	2.94353196652688	-0.99596475	10.8711675
timn1235	0.672279892431	3.49181480890581	-6.01622475	7.83858875
timu1262	-2.611723926745	3.03797535395002	-9.15451025	2.77122225
tiri1258	-4.03445472787	2.65933692893197	-9.73887225	0.863134424999996
toab1237	-4.32315918628	2.70381552011806	-10.2949125	0.708982774999996
toar1246	4.446420950825	2.886803944657	-0.6175103	10.4867775
toba1268	0.577333858975	2.92474423335668	-5.212086	6.2777625
tobe1252	2.391411152095	3.23051676081415	-3.55591625	9.26591675
toho1245	0.8363761161465	3.329923671255	-6.18287825	7.184278
tojo1241	-1.981420762045	3.44466815867902	-9.321735	4.50566
toke1240	-2.45694259949	2.93795016396784	-8.76650125	2.73275875
toll1241	3.791910589195	3.18203929020905	-1.91604825	10.537925
tomm1242	2.229206906385	3.22962914586401	-3.84062325	9.24707949999999
tond1249	1.4724644424235	3.29604457830009	-4.984143	7.95080574999999
tong1308	-0.02182764045	2.36923676093456	-4.853347	4.32268125
tong1318	0.2195978428405	3.45180254255436	-6.13372375	7.74257675
tong1325	3.0296180409335	2.9738095227385	-2.2288465	9.8431925
toor1238	-1.2336622723095	3.20416777721959	-7.34146825	5.3094625
tosk1239	-0.15889592165	3.77807885757447	-7.87499475	7.147185
tote1238	-0.82830920825	3.41322909741822	-6.985657	6.0056915
toto1302	-1.825556255045	2.35357475692746	-6.64125825	2.54773775
trin1274	-0.8020056915965	3.31099480572576	-7.61735475	5.45597224999998
trio1238	-1.2978604841615	3.27363325500226	-8.00654675	4.87325825
trum1247	-2.58692316679	3.07139766925004	-9.4395925	2.949214
tsam1247	2.68959779869	2.48183710191721	-1.69291925	7.70791149999999
tsat1238	-1.831774415245	3.10626427880941	-8.33733125	3.7222815
tsha1245	3.4620207742835	3.19968153454648	-2.18365075	10.1561525
tsis1238	1.1525235346355	3.40708668041763	-5.1498475	8.23250999999999
tsix1234	-2.654966422495	3.26638215604388	-9.1486475	3.4863815
tsog1243	-0.024776280335	3.47157788988047	-6.72640775	6.91883524999999
tson1249	-3.58987640143	2.79597839663309	-9.3787535	1.370346
tswa1253	0.729560384455	3.63843802174908	-6.158187	8.00322999999999
tswa1255	-1.68119619841	3.06240586948651	-7.6028795	4.5940555
tuca1252	-2.736947394962	3.19514809767136	-9.641807	2.98328575
tugu1245	4.59419409244	3.0979205301486	-1.1327145	11.19471
tuka1248	-0.711914854603	2.71804717703592	-6.280709	4.184619
tuki1240	-0.532157054335	3.01033391210683	-6.23967025	5.31215824999999
tula1252	1.75621150283	2.89243190208977	-3.62291425	7.511591
tulu1258	-1.080308419705	3.31453686941836	-8.059616	5.03247
tuml1238	1.8977038558885	2.24675779977875	-2.11653475	6.82708525
tung1290	-0.760905987365	2.44164492380689	-5.57640875	3.78270674999999
tunn1238	-2.600935064995	2.91244296452495	-8.7729145	2.4643215
turk1303	-0.16571859934	3.79838891515314	-7.79149575	7.21738775
turk1304	-0.04876629414	3.64016524358763	-7.20176725	6.803511
tusc1257	-0.7261193713885	3.37037524399278	-7.619825	5.9303505
tutu1241	5.280911232175	2.35844701034572	1.112698	10.152415
tuwa1243	-3.80704245067	3.0388988174969	-10.59354	1.38980425
tuwu1238	0.82431094691	3.43383855029062	-5.502937	7.6326735
udih1248	-0.6808199033135	3.66448431101049	-8.232279	6.08905975
udii1243	-0.436668816175	3.50416455644354	-7.48294225	6.43948275
ughe1237	-0.33284304761	2.13357983471019	-4.584129	3.78175625
ukra1253	-0.065981028415	3.66451975846812	-7.619402	7.0540015
ulch1241	-1.144367650175	3.28384591061646	-8.04717175	4.96640725
ulit1238	-2.128974394932	3.14632006518508	-9.10400125	3.494626
ulwa1239	4.10813426747	3.1319077605382	-1.507751	10.909845
umaa1242	3.076054269155	2.63644614780111	-1.60798425	8.5541525
umbu1257	0.360367619375	3.60541568528375	-6.56218075	7.53369775
umbu1258	3.1119851415	2.70025233477609	-1.76193625	8.80271075
umes1235	-0.261611598635	3.82927023242037	-8.2196475	7.2729655
unua1237	4.57780238245	1.88595934367492	1.039815	8.32261799999999
uppe1275	-2.53945049949	3.1338237174741	-8.852481	3.026184
uppe1427	-2.69918310998	3.39290804231796	-9.8078785	3.1943215
urak1238	4.07733244838	2.60461837924542	-0.4290938	9.5140585
urar1246	-2.745363269595	3.29583715235948	-9.8573955	3.264836
urav1235	0.8511776565285	2.11169922316174	-3.23560225	5.056105
urim1252	-0.85506782372	2.15856154117373	-5.18692875	3.26721975
urip1239	5.12684621015	2.03343705794487	1.429432	9.31306725
utes1238	-0.51591707255	3.55701126803308	-7.72499575	6.24372799999999
uuuu1243	4.528426862	2.43948741483253	0.311459125	9.76015925
vano1237	4.99686509057	2.91077449089051	-0.0904836025	11.1624575
veps1250	-0.1809798148	3.75743413025286	-7.652264	7.10002474999999
vera1241	4.2039428838825	2.67986937843639	-0.5521964	9.9623985
viem1243	-0.10044483414	3.27962384242386	-6.75155975	6.48477749999999
viet1252	-1.748803728235	2.7826648575123	-7.846592	3.21979025
vinm1237	4.481119096345	1.87776114373423	1.03266625	8.35636725
voti1245	-0.3284513663225	3.55171036077613	-7.717286	6.49223525
vunj1238	1.690647433797	3.5563218119633	-5.00505625	9.29749424999999
vure1239	4.177186023965	2.66849782438981	-0.53468165	9.799237
vwan1235	0.97299487234	3.56275960180918	-5.71403375	8.43028599999999
waig1244	3.508645185795	2.82344668509147	-1.576983	9.70412025
waim1251	5.0615317127085	2.84415841479893	0.006203592	11.253085
waim1252	4.82852329601	2.94133965416439	-0.23693335	11.10563
waja1257	3.218037186065	2.79580396854454	-1.81896375	9.16373175
waja1259	2.256044215145	2.83017640290453	-2.95005325	7.978798
waka1274	-1.7013063476565	3.24724565591915	-8.526992	4.47040125
wala1266	-4.67103594785	2.50146944939409	-10.347165	-0.403024900000003
wall1257	2.73271710556	2.76602676878434	-1.871468	8.9706605
wamb1257	-2.058577900845	2.16382659079441	-6.456493	2.01306675
wand1267	-0.217710787815	2.21848329309759	-4.5129865	4.0929525
wand1278	3.9534222022445	2.81562142722529	-1.15002325	9.885244
wara1294	-3.8226220162885	3.12123689052966	-10.302735	2.021893
wara1303	3.320884454305	3.01934823670175	-2.280005	9.7300465
ware1253	4.41269130274	3.08289132450048	-1.06608925	11.32976
ware1255	-0.3215574845	3.39107394838508	-7.545752	5.8857195
wari1268	-1.940389693065	3.37858170817963	-9.39816775	4.39368525
warj1242	-0.845190615431	2.27468929679606	-5.55201075	3.50389075
waro1242	4.83720365892	2.92575240197046	-0.17144045	11.1149275
warr1255	-1.545415221591	2.97000336114194	-7.767891	3.9260765
waru1265	-1.450102732795	2.99970002449668	-7.4710415	4.0460315
wawa1246	-4.509919916885	2.75892646289077	-10.41149	0.489401124999994
waya1269	-1.300404882113	3.36403921494533	-8.42774575	4.74782575
wayu1241	-0.443969043755	1.96767397733909	-4.4135085	3.3706495
wayu1243	-2.2606770080635	3.61024868379165	-9.5767375	4.68137974999999
wels1247	-0.013847284035	3.57415148301295	-6.89016675	6.96540125
west2354	-0.134505336355	3.87244780428887	-7.6592185	7.2916315
west2369	-0.170720242973	3.84999578006774	-7.999278	7.3148065
west2396	3.84638297085	2.68202569668445	-0.988973975	9.68555649999999
west2397	4.79410359692	2.91160288256573	-0.198317275	11.16869
west2415	-0.960390068869	1.98502502373249	-4.8040835	2.884954
west2418	-1.877089747465	2.31520618171422	-6.73134625	2.525516
west2430	0.33074358226	3.0933013920103	-5.84209525	6.14178799999999
west2466	-0.008136401226	2.66441419578031	-5.19020425	5.38934125
west2516	-3.33464119715	2.61699114293697	-8.9234305	1.22028124999999
west2519	-3.104481397236	2.83151027339297	-9.2193945	1.759874
west2538	-0.78924465433	2.39596544390524	-5.44985075	4.05598975
west2548	4.20459154312	2.96683346649957	-0.940976075	10.62135
west2557	-1.8271877766	3.13792432217255	-8.59030275	3.56811749999999
west2560	-2.98464984716	3.0614317620737	-9.49803975	2.4624475
west2594	3.87464954751	3.32559011028258	-2.10340575	10.89928
west2600	2.33091105505	3.23368174782083	-3.8031295	8.9933405
west2632	-1.025799433145	3.62587293045838	-8.71210725	5.9314405
west2635	-2.122363084755	3.25993269503616	-8.71577975	3.73886
west2644	-2.4049508034125	3.397301784754	-9.77095525	3.76529375
west2650	5.296404573775	2.9591834598178	0.098326145	11.6688775
west2763	-0.98311108593	3.57696707491318	-8.09159925	5.934288
west2778	-1.0887780541715	3.31715661922885	-8.02754475	5.002275
whit1269	2.840719573635	2.22723441148949	-1.31853375	7.58239375
wikm1247	3.844576256905	2.78089265750884	-1.1163	9.67954475
wiru1244	2.741795970855	2.71358771081371	-2.4177505	8.7911915
woii1237	3.714849330065	2.83218954561661	-1.066638	10.2597575
wola1242	2.284235080135	2.81413132394599	-2.842256	8.0852455
wola1253	-2.249777574565	3.30120251205473	-9.2726535	3.63391475
wole1240	-1.869265624539	3.08995088872883	-8.72851425	3.29644424999999
wood1236	-0.6465276775865	3.35276514076668	-7.702424	5.60369675
wotu1240	-0.03832440236	2.71410900693859	-5.7452895	4.79171875
wuch1236	-2.497444690215	2.71791775265321	-8.330833	2.5531675
wudi1238	3.89685178282	3.01397109408948	-1.50040075	10.056055
wusa1235	3.86077239719	3.09724641345117	-1.55332225	10.35738
wutu1241	-2.0516837690055	2.74472813086967	-8.01022375	2.8214485
wuvu1239	-1.761249090892	2.70637299618758	-7.64267375	3.0045325
xamt1239	-2.44724842768	2.9828056298351	-8.943421	2.91487899999999
xara1244	-4.16303196899	2.61321119705359	-9.948069	0.608970899999999
xava1240	-2.147082864192	3.2826275334283	-9.05552725	3.70870325
xhos1239	-6.281797457	2.87293822462052	-12.40057	-0.972826975000005
xish1235	4.650342868575	3.10838349976247	-0.674337925	11.3949625
xokl1240	3.13750690739	3.00638030130047	-2.287184	9.49910924999999
yaak1241	3.01346040005	2.77505102086618	-2.006893	9.06678125
yaey1239	-1.748759126454	3.25478672786881	-8.447542	4.26398825
yagu1244	-1.96806891358	3.29826770157637	-8.598387	4.0713345
yaka1269	0.602004017814	3.51021529838888	-6.145822	7.5056935
yaka1272	0.79368088115	3.49624224541694	-5.8121015	7.9465875
yaka1277	-2.367731706	3.04295736941404	-8.9406465	3.076408
yaki1237	-0.65177642326	3.42561215098347	-7.80026	6.014966
yakk1236	-2.779555002105	2.39661130658559	-7.71775825	1.58489825
yako1252	0.89646729629	3.48373977186402	-5.511306	8.04819975
yaku1245	-0.035547658385	3.65137278274548	-7.40002125	7.37471075
yale1246	3.599790537845	2.68600715190623	-1.16205875	9.28607875
yami1254	-2.872142312195	3.18209594375798	-9.87578	2.80467975
yami1256	5.0110354058	3.13741061621816	-0.37688105	11.96548
yamp1242	-2.7544862830185	2.45344846357805	-7.83899775	1.9504105
yand1253	-1.77231725018	3.02098675370338	-8.14339025	3.6045215
yane1238	-1.800070138705	3.15378469580296	-8.2981135	3.85903174999999
yank1247	3.19642732961	2.88190947494413	-2.14418875	9.37877549999999
yaoo1241	0.51068120978	3.43733153418927	-5.9042415	7.96092724999999
yape1248	-2.446550771965	2.86928027915922	-8.64912275	2.72981524999999
yapu1240	0.522178005279	2.13824208747457	-3.6758865	4.6657185
yaqu1251	0.1215196950225	3.27268188168049	-6.634373	6.18150625
yare1248	5.297976442445	2.95128399911736	0.1100177175	11.5429425
yasa1242	-6.07962627235	2.82506729543804	-11.8837725	-0.751432975
yatz1235	-2.9794508289345	3.40256037149547	-10.5941575	3.12349025
yaul1241	-0.334630193575	2.26973007744541	-4.837047	4.16681424999999
yaum1237	2.116230916465	1.93779666092062	-1.49746025	6.1096515
yawa1260	5.12230679905	3.20873629161423	-0.2485701	11.81496
yawu1244	0.547701899168	2.75433797100383	-4.75885525	6.03691525
yele1255	2.7267458421495	3.10195996712183	-3.06491175	9.26108349999998
yems1235	-3.3145361874	2.97332510902926	-9.6028675	2.181391
yidi1250	-0.4669221362965	2.69510381455983	-5.943869	4.595591
yind1247	-2.580375264645	3.01382652894	-9.14061675	2.84374875
yoga1237	-3.48962921783	3.13692506854535	-10.06568	1.9133185
yong1270	4.13533766415	3.15491343239595	-1.273227	11.1436325
yong1280	2.68083708678	2.99289115471093	-2.71277725	9.13021525
yora1241	3.3032728631	2.71090089539886	-1.4027225	9.16053325
youl1235	2.2245072850895	2.07793187145144	-1.67957275	6.69424
youn1235	-1.182692339756	3.41334797007981	-8.34513025	5.06706
yuca1254	-0.8127532105995	3.57630673710957	-8.35584075	6.01388324999999
yucu1253	-2.07774659907	3.40734958855168	-9.0266365	4.30779474999999
yuec1235	-2.94176486136	3.04410336442407	-9.8955665	2.337739
yukp1241	-2.51982143193	3.2513923987729	-9.475577	3.2436475
yulu1243	-0.688761773928	3.32538759223851	-7.329122	5.81011374999999
yuqu1240	2.66984161918	2.36063141738405	-1.81185075	7.585446
yura1255	2.26406633273	2.42230667035719	-2.508659	7.16658325
zaba1237	-3.110911204604	2.8359039768098	-9.0799925	2.00809474999999
zaca1241	-2.5268449544815	3.12337200396805	-9.15254825	3.15616425
zaca1242	-2.25545748738	3.41650360646452	-9.6887345	3.907578
zagh1240	0.379841026425	3.73543969676238	-6.74230175	7.847533
zamb1245	1.2061284013375	3.37917328053062	-5.130154	8.30834025
zani1235	-2.6997737352155	3.25367123146577	-9.4283	3.38495899999999
zarm1239	0.3231706190455	3.65982622381263	-6.70512375	7.67926025
zaye1235	4.7309474540875	2.87633657134866	-0.42415745	11.175965
zays1235	1.0027080732135	2.70385678588177	-4.38376725	6.279738
zenz1235	-2.554572504934	3.33237609720027	-9.58448375	3.49553324999999
zinz1238	0.632761119855	3.74780159126373	-6.4906675	8.19564425
zoog1238	-2.984836617822	3.42495665990443	-10.5702375	3.18582625
zulg1242	3.63880726825	2.78409549517901	-1.510697	9.4858685
