Estimate	Est.Error	Q2.5	Q97.5
abad1241	0.5825905617605	1.21787672667942	-1.72064875	2.955226
abar1238	-0.600385451904	1.19824451623584	-2.939091	1.72046525
abee1242	-2.328228910515	1.59437735477215	-5.57136775	0.616854824999999
abkh1244	0.6036444315715	1.64936139276737	-2.54580625	3.83529975
abua1245	0.793146446664	1.23720991264948	-1.6192205	3.4362885
abun1252	1.44164339391	1.5010566768173	-1.31444875	4.62721125
acha1249	0.912135597459	1.39461601350921	-1.9024	3.69761525
achi1257	-0.832900264518	1.56307631795312	-4.1957665	2.01513475
achu1247	-0.22247311928555	1.62939483786966	-3.653034	2.91301125
acol1236	0.5209138557934	1.4550788451242	-2.19943	3.60483275
adan1251	-0.00665790463385	1.62055560728579	-3.17584775	3.09302725
adon1237	-1.18593887951755	1.37824438227461	-4.1349455	1.319931
afar1241	-0.956105658442	1.53823826163144	-4.24509425	1.89556825
agob1244	2.21765659469	1.36983532481054	-0.289768	5.1425135
agua1253	1.639733783377	1.53419893990886	-1.2276045	4.73452775
aheu1239	-0.439407513225	1.61734906464912	-3.7643395	2.61603325
ainu1240	-0.1424813010075	1.8118472459386	-3.7856045	3.23963075
ajas1235	-1.1022580389865	1.50203307645971	-4.13285025	1.74701675
akei1237	2.33363703856	1.09957830058626	0.428302775	4.66660325
akha1245	2.694607790685	1.26864205688971	0.2741033	5.350742
akoo1248	0.217578879623	1.58946750022669	-2.80119525	3.59637575
alab1237	-0.303962013675	1.73514248349694	-3.960101	2.99554575
alab1254	0.7989936358995	1.19534278094001	-1.48512175	3.206713
alag1248	-2.88680181291	1.48273996220444	-5.930989	-0.193284825000003
aleu1260	-0.298905189239	1.7141601327449	-3.8228765	2.982033
aluk1238	-0.456067639666	1.58482676234726	-3.65034825	2.60709675
amam1246	-0.3681393277665	1.21889025094389	-2.70487625	1.91189599999999
amas1236	-2.09623649044	1.51451156218927	-5.32041325	0.701744824999997
amdo1237	-0.6794651279	1.60693592731679	-3.86007825	2.25219675
amha1245	0.714584109545	1.39292682952571	-1.9882865	3.63062775
amri1238	-0.7906257656655	1.54007445590505	-4.13661025	1.97242525
anei1239	-0.66354609911	1.52779460097035	-3.93317675	2.1430275
anfi1235	-0.84049161682	1.41977779460897	-3.7225865	1.8547165
anuf1239	0.80804010593	1.62388979182479	-2.210179	4.35793775
anuu1241	-1.051168291064	1.56383434439683	-4.520012	1.759931
aona1235	-1.45488906818	1.60833075911341	-4.96623825	1.5165815
aoua1234	2.00144862324	1.53771886447744	-0.7793459	5.26743975
apat1240	-1.15893478835	1.60731544328688	-4.642149	1.853807
apin1244	1.806874919505	1.57997119591612	-1.318766	5.056113
apma1240	1.608828215535	1.00627599705464	-0.310465775	3.59321
arak1252	2.66804583335	1.03787292662382	0.87112385	4.8937675
arao1248	-0.78468406328	1.51222192392844	-3.970146	2.00059725
arap1274	2.08295973571	1.56471609695198	-0.952141775	5.332959
arch1244	-0.5040082232445	1.66567142685802	-3.9716485	2.645819
area1240	1.82726306961	1.24615936690343	-0.4287516	4.40597274999999
argo1244	-0.3713286235615	1.38236541958802	-3.298752	2.25225125
arhu1242	1.701198306685	1.25749748467057	-0.7620767	4.2210515
arom1237	-0.1439823751955	1.62761083940795	-3.515118	2.8798835
arta1239	0.1781339844075	1.17494816539612	-2.230241	2.38611125
ashe1272	-0.572193267435	1.62249788045582	-4.06550125	2.4316545
asoa1238	-1.01986101517	1.37579089519183	-3.8752185	1.5378085
assi1247	-0.269189846795	1.71120484717879	-3.78011425	2.98079375
asur1254	-0.2701734696996	1.78261391641114	-3.91929775	3.178996
athp1241	-1.1053297347645	1.6021833819162	-4.55419475	1.7855085
aton1241	-0.694864864921	1.67465636309626	-4.14088425	2.32632325
awac1239	0.681623504001	1.47723091246651	-2.3183855	3.65263325
awad1243	-0.424405110755	1.79330330768506	-4.1849315	2.891964
awtu1239	1.330105381295	1.39237220578806	-1.380097	4.140945
axam1237	2.57114710375	0.973120997930985	0.68833275	4.595611
axiy1235	1.116209769943	1.33854358413518	-1.422383	3.852
ayiw1239	-0.6207014912625	1.52313984471037	-3.95980975	2.1368755
azha1235	2.26166360182	1.44286766618097	-0.43771025	5.2249815
baba1266	-0.270713963134	1.23950152475653	-2.625971	2.33405975
baba1268	2.51564994775	1.4886079029962	-0.281208925	5.79102424999999
bafu1246	-0.209021908225	1.23180531051176	-2.47332925	2.3400605
bagi1246	1.644046431645	1.54753796851466	-1.15730975	4.84747825
bagv1239	-0.414967806155	1.62921426052973	-3.8805235	2.68194025
baim1244	-0.5332319462	1.72084834866398	-4.02339275	2.700802
baka1274	-1.5451694011701	1.54452467756973	-4.72541575	1.48677275
baki1244	1.478855894615	0.960846252833884	-0.31051485	3.38362525
bala1315	-0.4661833614985	1.51914657244719	-3.666815	2.492123
bala1316	-0.86680346179895	1.47485966610772	-4.071753	1.859719
bali1278	-0.461383772195	1.59124552204606	-3.615498	2.5262165
balu1257	-1.34949323029	1.43929433177031	-4.48459625	1.1788225
bamb1262	-0.30480212263	1.29693235237933	-2.9070175	2.17260375
bamu1253	-0.698298082215	1.35710537083106	-3.35693225	2.02968675
bang1354	0.5034927831925	1.66968243137269	-2.6301735	3.90371
bang1369	-0.7282578049209	1.67219705487136	-4.16964175	2.370016
bant1281	-1.2092579722745	1.55811832176513	-4.54468425	1.6420345
bant1288	-0.9977733546225	1.57528651940834	-4.2993095	1.94507075
bara1357	-0.96987954079	1.57044127450155	-4.36182275	1.968363
bara1361	0.0997677930345	1.52002921636392	-2.87649525	3.19311425
bara1370	-0.520696462674	1.51207493796914	-3.639766	2.217965
bare1279	1.05643850169	1.65668369433622	-1.992191	4.64104625
barg1252	1.074795631015	1.12339994715882	-1.072836	3.29019975
bash1264	0.0064706364215	1.81047247734317	-3.43215275	3.694492
basq1248	2.17215540121	1.66290762394386	-0.872300425	5.64357325
bata1289	-0.677548707301887	1.73031601644471	-4.30337	2.52944349999999
bats1242	-0.2251847398235	1.68858985483774	-3.64429	2.99515825
baur1253	1.5782881962965	1.59332524921021	-1.50659475	4.86660525
bawm1236	-1.104139704035	1.60342497016565	-4.46461725	1.83756875
bayb1234	-0.64452594744715	1.67146990597433	-4.0009195	2.57915325
beem1239	0.332437747325	1.68161356552742	-2.823675	3.77265675
beka1241	0.474235930651	1.34237507208593	-2.2949065	3.00267175
bela1254	-0.227463976475	1.63820971985471	-3.55544625	3.0391695
belh1239	-1.136899007785	1.57232003536373	-4.453688	1.7877475
bell1243	-0.375974282025	1.7587016084537	-3.97334125	2.86841825
bemb1257	0.34295360146275	1.65811053353767	-2.75089325	3.58212875
bena1262	0.607108403335	1.63553154385767	-2.4694345	4.0343735
bent1238	1.109142594125	1.39426646114298	-1.45891175	3.9620555
bezh1248	-0.4779895249815	1.62125034433611	-4.00155275	2.498108
bhoj1244	-0.6997977042065	1.83900894533374	-4.416866	2.71253874999999
biaf1240	0.9773305187945	1.55877066969935	-2.024727	4.12237424999999
bian1252	0.1714561896405	1.11146823920198	-2.0655425	2.31787875
biao1253	1.91376341903	1.42053538091838	-0.653243375	4.93131024999999
biao1254	0.428083146995	1.42494573227412	-2.36388675	3.157785
biao1256	0.20059480953415	1.47993978437838	-2.78826375	3.1313715
biat1246	1.595755909415	1.34390364367487	-0.936563725	4.37556675
bidy1244	0.774357303083	1.69742191697618	-2.28483325	4.35535475
bier1244	1.5094040837	0.95531348934784	-0.2643565	3.45850375
bili1260	-1.4185803684885	1.54300481622035	-4.68470175	1.48410475
bini1246	-0.952318645482	1.50207327131036	-3.997562	1.8618685
bira1253	-2.220524966235	1.41472022082393	-5.2304125	0.220970574999997
bisu1244	0.847319499005	1.36890374318737	-1.75318025	3.52162975
bitt1240	1.01999103480015	1.25570183192997	-1.483928	3.42678925
biwa1243	0.188915297677	1.31503927512644	-2.40988075	2.790889
blan1242	2.0791446807165	1.3899839182384	-0.51793425	4.97547775
bodo1267	-0.324111292095	1.73603616993852	-3.6794185	2.970669
bodo1269	-0.9275138674485	1.56760974033489	-4.07434425	1.965559
boht1238	-0.3281902699275	1.62390856575105	-3.656713	2.711139
boka1249	-0.806556099405	1.64602243439878	-4.282144	2.2688365
bola1250	1.433595077097	1.40102329942838	-1.2226965	4.37541425
boli1256	0.978685856341	1.40764870441944	-1.77442125	3.74577675
bolo1262	0.7322113464225	1.70104038442351	-2.3791895	4.373412
boly1239	2.324751370795	1.52119138361857	-0.436280875	5.55520675
bomk1234	0.960484887768	1.62406067212294	-2.00433675	4.37649625
bona1250	-0.538947039177	1.64313366608931	-3.987384	2.48284225
bond1245	-0.418568668341	1.73068263252224	-4.006709	2.80931075
bond1247	-0.243420976175	1.58359452173589	-3.24392975	3.01001625
bong1285	-1.466357611905	1.41655129130617	-4.3585475	1.2632505
bord1248	-0.8301611001965	1.55662687958193	-4.04081525	1.94422975
bori1243	-1.13883009081	1.63322940752406	-4.57107775	1.7671895
boro1277	-0.0467645209	1.35768075610666	-2.64971825	2.5429725
boro1282	-0.50563678173	1.66159670440139	-3.88147175	2.575928
boun1243	0.3679575713855	1.75372579805878	-2.97350325	4.1199945
brah1256	-0.133320586583	1.79873204262664	-3.8278425	3.42481275
bret1244	-0.043498782897	1.71289183071574	-3.40925225	3.24672175
brib1243	-0.8324960693635	1.7101113961119	-4.37634475	2.4181905
bube1242	-1.018122127876	1.56538667014193	-4.29686725	1.93766025
budu1248	-0.475195782615	1.6393511217118	-3.756548	2.60881525
budz1238	0.4292914668995	1.6650515390005	-2.8241295	3.9569345
buga1247	1.3534309797	1.34458088833299	-1.304069	3.9271095
buga1250	1.2490303699645	1.14950563072406	-0.942823325	3.5738695
bugh1239	3.54735961845	1.50292236576369	0.92460915	6.77412525
bugi1244	-0.653123524515	1.61272418077095	-4.12581375	2.17891025
bugl1243	-0.561797581686	1.75115989539518	-4.33961775	2.6853355
buhu1237	-1.195963226366	1.51125387445634	-4.39657875	1.59565725
bull1247	0.88247456916	1.63286161299856	-2.1553405	4.21284949999999
bulo1242	1.51272237773	1.43718557209639	-1.398663	4.39268225
bulu1251	0.4415201123915	1.63624092427515	-2.5213225	3.80979825
bumt1240	1.439207444295	1.49943373982583	-1.51749425	4.37427425
bund1253	-0.18959964226	1.7394712087837	-3.89337775	3.205217
bura1292	1.686140346515	1.58195229547421	-1.0982065	4.96003425
buru1296	-0.134558644445	1.85494589357814	-3.9134195	3.474332
busa1253	0.799447159536	1.61247178350572	-2.18879325	4.16406025
bush1247	0.311530840721	1.78375378905799	-2.9878585	4.03310325
buwa1243	1.2686354392345	1.25616364312777	-1.095481	3.86412075
bwai1242	-1.324983326705	1.55501602644843	-4.61919025	1.4421675
bwat1240	0.1911408396315	1.35103777417869	-2.50888625	2.8334065
byan1241	-0.54894432455685	1.66023422767711	-3.9246795	2.5598025
cabe1245	-0.8040929154035	1.77254511846698	-4.469967	2.49347425
cacu1241	-0.018518740055	1.35912052807729	-2.64157525	2.525128
cahu1264	-0.256693929547	1.76207615985696	-3.80759225	3.076864
cakf1236	1.781383022315	1.43476216151248	-0.676638875	4.7984265
cald1236	1.99857968276	1.47302810906688	-0.6316718	5.31899375
camp1261	-0.32839280503375	1.72312291019048	-3.97272625	2.9962995
cane1242	-0.285167548072	1.70488810390996	-3.8411415	2.75676125
caom1238	2.37156095542	1.58523556187546	-0.610467225	5.69570325
capa1241	-0.31716813662	1.48412638054998	-3.49078875	2.378692
carn1240	-0.205600251865	1.74113238678856	-3.6046065	3.09901075
caro1242	-0.746663884403	1.57175759074263	-3.983096	2.28320825
cash1251	1.296256648135	1.46534507598748	-1.5143055	4.25679
cemu1238	-0.1992036703265	1.38117096519392	-3.0259225	2.30363175
cent1989	2.208220272837	1.62900190265955	-0.857961975	5.65066225
cent1992	2.26360168349	1.52203118580645	-0.590680525	5.32884725
cent2050	1.89695537499	1.51943778699867	-0.861931675	4.952005
cent2084	-0.2078337663504	1.32197296437415	-2.886058	2.36802275
cent2087	-0.9097965453195	1.58202854715776	-4.2619595	1.941606
cent2126	-0.12780995188705	1.82308300714772	-4.0249845	3.43404175
cent2127	-0.311589628155	1.70183468151426	-3.99256125	2.96138774999999
cent2131	-0.624766631285	1.6546081991604	-4.098111	2.539643
cent2150	1.831963634465	1.54728539363097	-1.1962715	5.1439215
cent2292	-0.66510840969	1.14853524820873	-3.039522	1.44980425
cent2314	1.509786046645	1.45283118213863	-1.39686	4.399244
cent2322	-0.040672094718	1.80998204283903	-3.74168975	3.4689375
chad1249	1.54517172566	1.48915574857219	-1.1681605	4.66564775
chak1270	-0.90705383475395	1.59389228873215	-4.3619795	2.08255275
chak1271	0.6790909703951	1.66250061243956	-2.3950775	4.0008155
cham1309	-0.344995414088	1.61584096397863	-3.6987575	2.66918474999999
cham1312	-0.6169618482185	1.66669610501391	-4.08851025	2.46422825
chan1313	-1.33501963480275	1.54118929958713	-4.75785725	1.4522515
chec1245	0.317141310609	1.70171145041324	-3.002646	3.70545425
chen1255	-0.217151702516	1.7503111776184	-3.67574375	3.14244074999999
cher1273	-0.3229166871575	1.7206333564921	-3.97776875	3.0660385
chil1280	-0.44871511059	1.58399038379926	-3.650276	2.47550625
chim1302	0.2726938193545	1.57215745786448	-3.04052525	3.27755325
chip1241	-0.241836378251	1.63640898736092	-3.64077525	2.965614
chip1261	-0.2939583483145	1.78476739832752	-3.8753785	3.005202
chiq1248	-0.550079275545	1.69798103281639	-3.9809695	2.627654
chir1283	-1.392997839394	1.53502980406049	-4.71737425	1.318414
choc1275	0.85704761113872	1.4381243969007	-1.94890525	3.839809
choc1276	2.514112289825	1.64347809911176	-0.6078662	5.81929425
chon1284	1.335338368125	1.42588835323115	-1.38022725	4.21119175
chot1239	-1.096749052745	1.5650609781505	-4.344179	1.8391575
chug1252	-0.348123060146	1.56096063092983	-3.51875925	2.8723695
chuk1273	-0.11357375656	1.78299844445394	-3.7085905	3.38035225
chuv1255	-0.22317988432	1.73902371439357	-3.74860825	3.1545335
chuw1238	0.363391999325	1.66770514804342	-2.82511975	3.68933925
coca1259	-0.24375191343535	1.59061500859755	-3.4858205	2.76525925
cogu1240	1.921930693285	1.28026874996439	-0.508797225	4.52205175
coma1245	-0.3099287772475	1.72647177009106	-3.972927	2.92610525
copa1237	-1.0904337367735	1.66622184544407	-4.98513225	1.9814435
cori1240	1.377673286585	1.70096364902099	-1.682892	4.90257225
cors1241	-0.355185835013	1.74959767598583	-3.7919475	2.935791
cosa1234	1.7537492531	1.23358528773363	-0.75058285	4.06759425
cree1270	2.456694770065	1.6472337555088	-0.60581405	5.943525
crim1257	-0.0546506429825	1.89065005104614	-3.82428925	3.673452
crow1244	0.115994404895	1.65482424287813	-3.0515545	3.31762125
cube1242	-0.516488412095	1.51531772794081	-3.6455025	2.24196275
czec1258	-0.1498367095645	1.69305879279797	-3.61468425	3.02649575
daai1236	-0.86074516805	1.68571434785715	-4.520683	2.21499925
daas1238	-1.10264920651	1.30677457618802	-3.797011	1.44189625
dagb1246	0.883808204861	1.67964983523243	-2.2581305	4.50382825
dagi1241	-1.525745182465	1.22735745198862	-4.0398135	0.827799225
daka1243	1.762778415436	0.864202013860659	0.143730875	3.4790035
dana1252	-1.051826857475	1.63158748011475	-4.62313725	1.9838065
dani1285	-0.3090857454795	1.74184748969268	-3.806724	3.02213725
dara1250	-0.804863839875	1.68752630964977	-4.1995035	2.3274015
darm1243	-0.5571221839855	1.66494888967122	-3.9772035	2.51852875
daur1238	-0.095132394745	1.75128829127329	-3.77000275	3.23548325
dawr1236	-1.889760318006	1.47107449293026	-4.9528175	0.769692699999998
daza1242	1.2937637838445	1.61092090795283	-1.65095925	4.68554125
dege1246	0.658362829015	1.56324523233334	-2.3398825	3.95914075
dera1248	1.485597563895	1.57052626495979	-1.294651	4.76744625
dhao1237	0.0154602079845	1.32342129893281	-2.5947145	2.62469575
dhim1246	-0.716274879935	1.71913454706017	-4.27969	2.4801115
dido1241	-0.379726490383	1.62532576441659	-3.8545135	2.72525
diga1241	-0.74751780141	1.63417787521317	-4.00768675	2.16871375
digo1243	-0.1085756589985	1.5848545091764	-3.1292155	3.07246625
dima1251	-1.3782246551695	1.65554933992032	-4.96428975	1.58114225
djam1255	-0.3381643156095	1.76215336860169	-3.95656775	3.10445575
djin1251	-0.28352255462	1.77296782495555	-4.009721	3.1679835
dong1285	-0.456232453925	1.64842985654303	-3.870775	2.53757374999999
doro1266	0.908870236638	1.15336146020437	-1.342671	3.16599075
drun1238	-0.404414750855	1.65680307623611	-3.849727	2.7619295
dual1243	-0.087633823505	1.55804208803072	-3.0776385	3.1099785
dumb1241	0.764690676505	1.30793495002471	-1.74044025	3.4185175
dumi1241	-1.219880836636	1.56494209323801	-4.4216195	1.57644475
dupa1235	0.5516186998335	1.27759197797624	-2.05842825	3.062692
dusn1237	-0.0463703393155	1.42994195437915	-2.9700155	2.68432449999999
dutc1256	-0.2512456767288	1.64891777092129	-3.6696575	2.8543965
dyul1238	-0.695799521585	1.31185074523182	-3.2787615	1.91647375
dzao1238	-0.13204551516	1.47247986527696	-3.3099665	2.67697975
east2328	-0.173805158935	1.76050670662475	-3.826955	3.19500825
east2342	-0.932761278985	1.5612838961271	-4.314994	1.93891525
east2447	-0.888577783595	1.61687662771873	-4.2595745	2.0176325
east2485	-0.31208765984	1.31857104116863	-2.99095675	2.2383755
east2555	-0.3966925444205	1.62782170296617	-3.81238625	2.6407465
east2773	-1.181063290692	1.56005063121529	-4.69824625	1.5953725
egaa1242	-1.925917214045	1.53704520770697	-5.16374325	0.847650349999999
egyp1253	-0.92860605138	1.62543825844028	-4.3678	2.01099175
ekar1243	-0.46588586795	1.56838317224141	-3.70125675	2.44381375
elna1235	-0.3440575307465	1.64909025167717	-3.7329015	2.65498525
emai1241	-0.167907790155	1.4870029728125	-3.0019835	2.72721075
embe1260	-0.74303126295	1.51037631881357	-3.99628425	2.10949725
enap1235	-0.43879402965	1.70450428177003	-4.0136225	2.74225225
enuu1235	1.336959593881	1.4578328584376	-1.56416925	4.33240675
epen1239	1.7225721569	1.5859950632363	-1.1485035	5.114924
ersu1241	0.231587680954	1.56858968791064	-2.94397975	3.2650545
erzy1239	-0.208255310005	1.67593587341882	-3.61919275	3.0063145
esan1238	-0.196454839089	1.50533554411777	-3.190777	2.86026075
esee1248	-0.739638603268	1.59278923308861	-4.04728375	2.25848125
esim1238	-0.09953960511	1.3157166350844	-2.588746	2.59851575
esto1258	-0.284820040367	1.70440369091074	-3.669816	3.007222
eton1253	0.06272533728	1.62088700854057	-2.927655	3.51486775
even1259	-0.088988519109	1.7297381438849	-3.59192475	3.248854
even1260	-0.07144835046	1.81545713251361	-3.84187025	3.45449825
ewee1241	0.850905327755	1.61783364227914	-2.121587	4.242622
fala1243	-0.9402672676545	1.69916315412766	-4.650539	2.19739375
fare1241	0.775814347285	1.71822291958407	-2.3924415	4.424776
faro1244	-0.322928661215	1.68937581090334	-3.930516	2.99675625
fiji1243	-0.915279400965	1.58327127364457	-4.4341065	2.05381925
fili1244	-1.203571049272	1.56228079468026	-4.498084	1.6267425
fina1242	-0.497842123215	1.12332007809209	-2.786484	1.63050425
finn1318	-0.2201010028663	1.76573410906246	-3.98355925	3.05625424999999
fipa1238	0.34865766381	1.73079693526981	-2.89550475	3.90146275
foii1241	0.800526448322	1.52052043655987	-2.14232275	3.8857055
fonn1241	0.676203027186	1.76053681406637	-2.4443235	4.42071125
fore1265	-0.022974990021	1.80778803546739	-3.5583745	3.52661075
furu1242	0.667001993061	1.66697800050902	-2.3925855	4.2280875
futu1245	-0.513035156584	1.51447462235709	-3.69035825	2.25011725
fuyu1242	0.00265545224	1.27758772214863	-2.5074375	2.45771375
gade1242	1.04285380424	1.6835354108558	-2.14821325	4.5512515
gaga1249	-0.056182202788	1.80303174600745	-3.65172375	3.39279425
gahr1239	-0.4644539615145	1.72334296765893	-3.93572975	2.708882
gali1258	-0.2425658865	1.64566886441654	-3.65228725	3.0229605
galo1242	-1.0551293582875	1.71021498171457	-4.612258	1.9359875
gamo1243	-2.12917160678	1.4520190832089	-5.307063	0.420367449999999
gand1255	0.568642205305	1.70739574153448	-2.6274805	4.01295274999999
gang1266	-1.15179758552	1.55102286941114	-4.434006	1.71037875
garo1247	-0.661417041595	1.71384315790653	-4.3812625	2.45125675
gayo1244	-0.796059752215	1.60662925258338	-4.34377525	2.14372225
gbay1288	-0.5496411205095	1.46678617115167	-3.4673945	2.267626
geba1237	-1.12608673105	1.50508874760152	-4.24742675	1.7318105
geda1237	1.99456509846	1.11466823574286	-0.1117504	4.256083
gese1240	-0.43435063133	1.61959070948157	-3.64097525	2.65089075
ghad1239	-0.917645941495	1.5172581941897	-4.1050395	1.945564
ghan1242	2.6723119409	1.51080922136113	-0.02565595	5.88358325
ghar1239	3.26190335838	1.4974857515193	0.552715925	6.46855174999999
gheg1238	-0.4955007645375	1.74853103392801	-4.08734975	2.623752
ghod1238	-0.291881372566	1.65615617722096	-3.69049	2.95481025
ghom1257	-1.1847322714385	1.5718547676527	-4.41886175	1.753126
gida1247	1.521365475455	1.42564517498556	-1.1677	4.496445
gilb1244	-0.701567791309	1.52400461665974	-3.922641	2.072607
gily1242	-0.255426643775	1.70421166105725	-3.642939	3.020791
gira1247	2.06496412071	1.15661186975	-0.10674095	4.42092875
goem1240	1.4749992715495	1.46362828443579	-1.1889285	4.5256075
gola1255	0.666445673114	1.73571161509302	-2.47902125	4.32181725
guah1255	-0.4309904419145	1.59707954248328	-3.754565	2.62311975
guan1266	-0.737448458213	1.6278647978916	-4.08715975	2.30222175
gube1234	0.666847892367	1.7044957821308	-2.49496275	4.3412175
gude1246	1.803555843425	1.37042690536631	-0.64778455	4.5858875
guer1243	-0.9675293160465	1.61547873018516	-4.49166025	1.9462645
guhu1244	-0.3163767560775	1.27368362494257	-2.94875725	2.12130225
guiq1238	-0.54579270558	1.63726961636404	-3.89983525	2.559252
gulf1241	-0.241701174911	1.71679078334029	-3.71718525	3.16850325
gumu1244	0.5978992398095	1.4454708417134	-2.24955775	3.52054575
gunw1252	1.69856827387	1.63314349707518	-1.39387975	5.05548275
guro1248	0.672844842145	1.5518144173437	-2.26805125	3.7610075
guru1261	-1.20694821793	1.52528306536069	-4.50925825	1.46935075
guru1271	0.442474044515	1.31509749475966	-1.991281	3.06905025
gusi1247	0.81500111291025	1.54709025406514	-2.08025875	4.20488125
gyel1242	0.158596394125	1.71267708316262	-3.1818065	3.5379095
haaa1252	0.3669162779215	1.68016067238026	-2.710275	3.83982575
hadi1240	0.256427263978	1.14675403933811	-1.96714575	2.52502175
hadz1240	-1.867558076805	1.53311566583707	-5.10665375	0.823217999999999
haka1240	-1.099591589343	1.64415928165741	-4.58977025	1.82801875
hakk1236	-0.1420385525935	1.52555849730276	-3.253884	2.90664
halh1238	-0.149867275435	1.77638767189912	-3.7056145	3.31315674999999
halk1245	-0.56940567976	1.6737637435784	-4.0097495	2.48157074999999
hame1242	-2.10279521383	1.41836406378327	-5.06659525	0.431121
hani1248	2.29775156778	1.53432995054938	-0.48528525	5.41764675
hano1246	1.998008984145	1.19035171095313	-0.120837475	4.39798575
haro1237	0.414679875655	1.55337305368047	-2.785208	3.40732975
haru1245	0.361126049197	1.38815852224162	-2.51357225	2.98570625
hass1238	-0.8171047326425	1.54417029749014	-4.00718975	2.02643125
haus1257	1.4080948546683	1.63346217007333	-1.60288225	4.945823
hawa1245	1.7093567806915	1.52265060759083	-1.056118	4.993395
hdii1240	1.6883582448	1.30163146371907	-0.6619749	4.539602
hebr1245	-0.5766899704997	1.7261177397347	-4.04495375	2.6275715
hehe1240	0.30401610989	1.76120804517859	-3.00136375	3.902981
hela1238	-1.12134208282	1.57007662983089	-4.517719	1.64159625
here1253	0.319271958008	1.65651981441465	-2.722056	3.862225
high1276	-0.62897447215	1.70010524338403	-4.2065145	2.63532925
hind1269	-0.271490752515	1.82811176881873	-3.98214025	3.2314445
hixk1239	-0.555096598045	1.68686077066222	-4.16626275	2.600467
hoaa1235	0.682991176171	1.64075643017255	-2.302896	4.26447775
holo1240	0.2831809732395	1.74654671306379	-2.968941	3.754082
hone1235	0.792938915623	1.55588684748467	-2.13862125	4.016024
hopi1249	-0.27741771724	1.65494710259422	-3.7848785	2.81696275
horp1239	-0.6650681545335	1.65320295535016	-4.15368125	2.34480525
hote1245	0.5340248892025	1.04230091436715	-1.4125195	2.59195125
hrus1242	-0.737914302587	1.55491096254823	-3.98280425	2.253908
hual1241	0.19206376926	1.49306247007976	-2.767617	3.019984
huam1247	0.135687059525	1.60350974161287	-3.26698125	3.230028
huar1255	-0.630048945839	1.66284528669952	-3.9753765	2.47818375
huas1242	-0.66250056995	1.76952389209674	-4.36157475	2.6581665
huic1243	-0.344206951485	1.787006456759	-3.89953925	3.0428905
hula1239	1.110888227025	1.19354447635897	-1.2239915	3.4285595
hula1244	-0.235292604028	1.72535883587212	-3.91628925	3.0080395
humb1243	1.522730185564	1.5945955449808	-1.45878125	4.888011
hung1274	-0.0729047560639	1.76312981472967	-3.662504	3.32097
hunz1247	-0.50298339906	1.64031611476808	-4.0985645	2.57402675
hupd1244	-0.1356708525805	1.39142671113596	-2.84694725	2.51357
huuu1240	2.32816405855	1.25880245870679	0.0314131775	4.84238025
iatm1242	1.0063231162145	1.34544042515453	-1.50382425	3.6862235
iban1264	-0.67201029604	1.63664181933137	-4.146674	2.30666625
iban1267	0.5592458470975	1.20869612917048	-1.8404545	2.884933
ibat1238	-0.69668002135	1.58735906246982	-3.9325765	2.17737225
ibib1240	0.827304702784	1.5474705042314	-2.00489325	4.02730575
icel1247	-0.3216773406435	1.72070470448225	-3.89788075	2.8970405
idii1243	1.880627341646	1.25945139089783	-0.487230475	4.49107
idom1241	0.97681497458	1.5841747640194	-1.987817	4.28634925
idum1241	-0.6101776534665	1.69251914523052	-4.06484925	2.60432625
idun1242	-1.2673197362825	1.57732153202421	-4.6927495	1.52587275
ilaa1246	0.415230959492	1.70355459616043	-2.72275725	3.8567115
ilon1239	0.022775508318	1.15979363575103	-2.33837175	2.2126525
imba1240	2.0089810168525	1.43900386176066	-0.5626301	4.91547975
indo1316	-0.463991594648	1.64065614605002	-3.884938	2.55184425
ingr1248	-0.3634659284015	1.77425651371654	-3.851544	3.06055325
ingu1240	0.541497713005	1.62014566999081	-2.6672505	3.7598835
irar1238	1.0894446783405	1.42698475574702	-1.69057	4.06468725
iris1253	-0.0581838967605	1.76859215402759	-3.58920575	3.31019424999999
irul1243	-0.1890830077095	1.7596984327152	-3.835061	3.07343374999999
isco1239	-0.038132717483	1.50305700772641	-3.1011735	2.88047475
isin1239	-0.348480616585	1.22610455487234	-2.8410075	1.96502475
ital1282	-0.3566600762161	1.69848855843607	-3.7170065	2.89526925
itza1241	-0.44280015257	1.73333673418228	-3.95119875	2.8234475
ivat1242	-0.67766956443	1.60650953800483	-4.00193725	2.351139
iwal1237	0.51934615383355	1.05155476069524	-1.471429	2.5728085
iyoo1238	2.410213183796	1.29176088282396	0.07012952	5.12262575
jalk1242	-0.22527664031515	1.33839725115312	-2.83288775	2.43740975
jamb1236	-0.737991392374	1.63551426811858	-4.06422175	2.31898999999999
jams1239	1.0980141393565	1.31968032707573	-1.29061575	3.96520925
japh1234	-0.753724897335	1.61990611328766	-4.160358	2.250462
jaqa1244	-0.6399507431985	1.65420656716998	-4.08457725	2.32472375
jenn1240	-0.45336193609	1.61448946517239	-3.64130525	2.64566275
juan1238	-0.277665443315	1.76357698720826	-3.9756375	3.002579
juku1254	0.029518355355	1.38281723451064	-2.62290325	2.72294024999999
jurm1239	-0.2074788724295	1.54543002538779	-3.2893155	2.73608525
kaba1278	2.410066632863	1.73131911874474	-0.728827825	5.84184424999999
kaba1281	0.230165272226	1.49047018177607	-2.50740275	3.28890925
kach1284	-0.9916219999175	1.32331951341542	-3.83229025	1.47341275
kado1242	1.7537334803955	1.24206525714325	-0.670504025	4.225131
kafa1242	-2.234979802205	1.55837152206523	-5.52226375	0.651456475
kaga1256	-0.6247360978235	1.69134793034185	-4.048316	2.45361775
kagu1239	-0.192599895006	1.61367277019947	-3.29048975	3.0140335
kaki1249	-0.692232239075	1.42975249564841	-3.526692	1.9600875
kala1388	-0.38109340985	1.46324970770002	-3.458076	2.355995
kala1399	-0.2565471618645	1.76518248494705	-3.906833	3.241148
kali1308	-0.2793814262405	1.72337434035833	-3.80496125	2.95664175
kalm1243	0.016153133789	1.76203268928144	-3.5429165	3.46803525
kamb1297	-2.610307835575	1.54819218583333	-5.8700175	0.163639975
kamb1299	-1.029888168026	1.56881681467463	-4.28427875	1.8151565
kamb1316	0.2698657881	1.15119431390599	-1.916512	2.513985
kamm1249	0.7112283804897	1.58742319218291	-2.34921175	4.03307575
kana1286	0.3497923348215	1.24927365845268	-2.2212235	2.7018015
kank1243	-0.5465222530855	1.19354383317587	-2.971938	1.66517825
kaqc1270	-0.446910921745	1.61046359672925	-3.76793975	2.61590825
kara1482	0.33337368792	1.59393788315639	-2.67074075	3.5802185
kara1486	-1.497700752859	1.54154013843041	-4.792868	1.19889875
kara1500	-0.4878319293775	1.63869100986346	-3.75965525	2.59218799999999
karb1241	-1.31848459652445	1.7107563701623	-4.8593945	1.8416755
kare1335	-0.1560220210885	1.89379735741355	-4.0108315	3.69431725
kash1277	-0.384097456519	1.68010820625361	-3.9583595	2.8146425
katb1237	2.847941639	1.00472475959248	1.04454975	4.94179
kats1235	0.0798219205305	1.55469785406761	-3.13474625	3.04051275
kaya1315	-1.1874260795725	1.54340341238383	-4.46697925	1.65866325
keap1239	0.78532624723175	1.20116722351544	-1.57901225	3.1909815
keig1242	-1.9566505545746	1.45080622529934	-5.084434	0.653298625
kele1255	0.28820102787	1.76735949867671	-3.00342975	3.90849275
kele1258	-1.546212503205	1.3441188461113	-4.5398275	0.868957825
kele1259	-0.4953249785505	1.10946180356063	-2.795392	1.59514275
kemb1249	1.509022004849	1.33366868745458	-1.00307275	4.12706275
kens1248	-0.6204424857275	1.77166434002117	-4.40693475	2.632135
kenu1236	-1.175124401122	1.55353972100827	-4.26864025	1.8192265
keoo1238	-1.363988619871	1.58097112964124	-4.63743225	1.54088575
kera1248	0.81976580862	1.65923059359115	-2.2849085	4.55709675
kera1255	1.7492276874035	1.56443468684004	-1.0468385	5.20366325
kesa1244	2.04349210534	1.23683305307444	-0.29796685	4.60320075
kett1243	-0.0687199890605	1.7495539057731	-3.552174	3.261369
kgal1244	0.406364192914	1.69447405405392	-2.81840775	4.127669
khak1248	-0.13603799916	1.81403039335002	-3.9500915	3.40146575
khal1275	-1.088420840185	1.60997838505971	-4.44964575	1.8662705
kham1282	-0.285443938725	1.73099936856886	-3.831853	2.79539975
khan1274	0.8094984643985	1.52884134577962	-2.34831775	3.71317225
khan1278	0.969943684815	1.46398560983785	-1.67835925	4.18504225
khar1288	-1.4138223303495	1.5559502146286	-4.79193075	1.49171675
khez1235	-1.4470096811	1.49774747874495	-4.67659125	1.26698425
khin1240	-0.54513260574	1.64728597549757	-3.9560415	2.44730975
khmu1256	0.3188857824185	1.47313255155661	-2.82145425	3.2463295
khum1248	-1.110754310847	1.64166998482332	-4.5521395	1.79284925
khva1239	-0.4289551405545	1.62117569021114	-3.90198575	2.622802
kiku1240	-0.9596224071135	1.44096597890046	-3.78614225	1.8947785
kile1243	-0.120058584995	1.70450078684005	-3.48145475	3.22299375
kili1267	-0.881958453865	1.66424995457277	-4.3432225	2.27638125
kimm1245	0.944388775424	1.23478659251162	-1.47323225	3.352357
kimm1246	1.73415963729	1.6457834356244	-1.16823975	5.26603849999999
kina1250	-0.931536988205	1.61631789547437	-4.42348925	1.9680225
kinn1249	-0.4753356605993	1.77827988096264	-4.3371025	2.82408725
kips1239	0.893824841359	1.50311881336641	-1.76759525	4.0245955
koda1255	-0.358552401828	1.65645734119706	-3.7323415	2.8889155
koho1244	2.277276711565	1.6165396374298	-0.67479265	5.74986475
koir1240	-1.38647856484	1.51883282400487	-4.550149	1.41150475
koko1269	3.21832901263	1.5729388975517	0.4276323	6.69165324999999
kolb1240	0.665124951701	1.62371470594842	-2.32767125	4.0276155
kolc1235	0.37637803785	1.53519834716685	-2.6724355	3.553937
komb1274	-0.56223652757935	1.71412563143664	-4.17402225	2.64510475
komc1235	-0.499512978596	1.17248501667584	-2.73113925	1.83424075
komi1268	-0.1473873678985	1.73994126980342	-3.7322405	3.1962245
komi1269	-0.19882958275	1.74350351386427	-3.7650545	3.1630565
kona1242	-0.1377981038085	1.58097380394962	-3.37474025	2.86558125
konk1267	-0.175814442031	1.75840584991967	-3.82530775	3.14272499999999
kony1248	-1.280811626758	1.53538011586602	-4.69392975	1.56691825
koon1244	0.3541457711965	1.73882345908991	-2.87558225	3.88184975
kore1280	-0.059451372465	1.79451909478758	-3.64193075	3.34098425
koro1298	1.260687225944	1.53889766484553	-1.5119105	4.48484274999999
kosr1238	-0.726225945754	1.58767372496526	-3.9395085	2.0679365
koti1238	0.306359356305	1.69658367305812	-2.83420525	3.76501925
koya1251	-0.273905581764	1.8085470850087	-3.938558	3.1631505
koyr1240	0.7687095640265	1.75797564275332	-2.52123575	4.56363675
koyr1242	0.9811232127265	1.61557927689309	-1.94839125	4.44386475
kron1241	-1.4997443984545	1.22850569453543	-4.0123745	0.764382599999999
kryt1240	-0.5171409504885	1.63628818254008	-3.8754505	2.50736725
kuku1273	-0.2734123926479	1.77286407450044	-3.9216275	3.24967025
kulo1237	0.0427179712662	1.2998693115194	-2.70240625	2.5580385
kuma1276	-0.86778904188	1.47697014540276	-4.07243425	1.68440075
kumb1268	-0.22658038882	1.80039752046357	-3.6551805	3.25513725
kumz1235	-0.04416518993	1.76263734302655	-3.7243665	3.38846725
kuna1268	-1.374489139705	1.54029121773169	-4.5973415	1.39800025
kunb1251	0.939069398025	1.56115807678898	-2.008845	4.0311935
kunj1245	-0.258219013503	1.81882378513093	-4.03885625	3.287567
kuot1243	-1.5785759886355	1.53360772929043	-4.7881995	1.1889165
kute1248	-0.0042654892625	1.36009287232957	-2.583352	2.67655475
kuyy1240	-0.0557275318785	1.6182763296869	-3.50740725	3.00021475
kwai1243	2.340075453805	1.26177572537467	0.058294825	4.90955425
kwam1249	0.08625233389	1.30200176742379	-2.390349	2.72615525
kwar1239	2.68827474035	1.2996048823779	0.3850373	5.41095825
kwaz1243	-0.5077665483	1.6008676765248	-3.8415025	2.602157
kxoe1243	0.998438110633	1.61459792236228	-1.98120525	4.47702425
kyer1238	-1.0292061118694	1.57505213132322	-4.485028	1.82703949999999
laal1242	1.204367576906	1.74064524009694	-1.930927	5.0419225
labu1248	0.94121697187	1.07835039511544	-1.18458525	3.1165245
lach1248	1.321812754345	1.28440576136467	-1.154361	3.97045775
lagw1237	1.598836706685	1.55120380579741	-1.14933025	4.85423475
lahu1252	2.67598528012	1.27164224406483	0.276691675	5.32854375
lahu1253	1.631258800444	1.23362899249105	-0.816333325	4.12389775
laiy1246	-1.206535325091	1.60082455532704	-4.704053	1.643742
lakk1252	-0.568716851995	1.62418459631357	-3.99824075	2.57516625
lala1264	0.3267197137498	1.68824473661439	-2.85727675	3.72493175
lala1268	0.212083220005	1.21481680706421	-2.20300525	2.58668525
lama1277	-1.367270490025	1.39873292500301	-4.3213485	1.13758775
lamb1269	-0.191501988546	1.79277750656711	-3.914372	3.16768675
land1256	0.763919627595	1.6995349703559	-2.37196425	4.37335699999999
lang1320	-2.99281254478	1.50075673148962	-6.1790005	-0.357781100000003
lash1243	1.78743577392	1.56543660235195	-1.23578275	4.963979
latv1249	-0.292746031705	1.68156875569375	-3.71117575	2.87562525
lave1248	0.8693659365395	1.43991973832291	-1.9035005	3.7808135
lazz1240	0.1358992260554	1.74103729640395	-3.28689425	3.58494075
lele1276	1.58396742169	1.44026404058136	-1.03509275	4.74825449999999
lena1238	-0.120907293249	1.38467672198525	-2.88247075	2.44564725
lend1245	-0.655748271305	1.46565559265585	-3.62624125	2.0340125
lepc1244	-0.621454736849	1.66624931825077	-4.0896695	2.47879225
leti1246	-0.0749975168135	1.2812702976344	-2.75293375	2.28047175
lewo1242	1.247711734605	0.968858368935295	-0.5856308	3.1612495
lewo1244	-1.3399625804255	1.40443107954633	-4.40880025	1.14794875
lezg1247	-0.59708839869	1.66363997868021	-4.07297675	2.5344685
lian1251	-1.386509144045	1.55378251556064	-4.6614665	1.4116085
liby1240	-0.790937525715	1.53481069254354	-3.9653775	2.06751625
liji1238	1.3799949392765	1.63620008183177	-1.81269975	5.0048635
lika1243	-0.2171188225975	1.4789783720873	-3.0688285	2.7397885
lill1248	-0.465877344895	1.73849739598599	-4.164673	2.79005325
limb1266	-0.977137764374	1.60261764072431	-4.332125	1.984698
limo1248	-0.3552437624425	1.21444015634311	-2.948224	1.927523
ling1265	2.81821027965	0.982456505499781	1.04311025	4.86653275
lipo1242	-0.379864631588	1.57516890703731	-3.63825225	2.598212
lish1245	-0.237940401411	1.70869793552347	-3.70705925	3.07799875
lisu1250	0.32277858970317	1.45356233033981	-2.68861	3.0699855
lith1251	-0.19448712187	1.75476920806428	-3.872154	3.3228115
litz1237	2.7930604272	0.988713487343965	1.00094425	4.84794775
livv1243	-0.2236227522705	1.73621339900673	-3.7931335	3.184192
lolo1259	-0.414230696901	1.59660329986749	-3.668759	2.5329475
loma1260	1.02539617903	1.6181809185508	-1.987119	4.3139125
lomb1257	-0.44617386071	1.68554247412031	-3.8966615	2.6373605
loni1238	-1.487699514983	1.37288117833184	-4.437385	0.961606749999998
lonw1238	1.7342412558	0.863100841793023	0.104396725	3.47142525
loth1237	-1.468960983645	1.61379085130845	-4.9430905	1.4826245
louu1245	-1.447413379115	1.39249570829995	-4.3653585	0.924825574999999
lowl1265	-0.672698171894	1.64741420216639	-4.02315975	2.41536725
luan1263	-0.45096622137	1.34150514495762	-3.345879	2.05619775
lubu1243	-0.633626062221	1.2395865766725	-3.13982175	1.6519695
ludi1246	-0.2209948579215	1.77193857090664	-3.7689255	3.21447075
lugb1240	0.057200807755	1.46033561096842	-2.61389975	2.99604425
lule1254	-0.27312606813	1.74712590912804	-3.72500825	3.12121875
lumu1239	-1.68818496816	1.22294204463361	-4.26868925	0.6146773
lund1271	1.37109702354	1.43044177778318	-1.36358275	4.37759649999999
luok1236	0.764692361787	1.55721765890609	-2.1434805	4.13243524999999
luse1252	0.7942670577945	1.55018787138714	-2.075242	4.03055874999999
lush1249	-1.0742933451995	1.64971886355315	-4.718879	1.8350975
lush1252	-0.51771480294	1.63862829738637	-3.872469	2.4682485
luva1239	0.3742744402535	1.69634590127059	-2.7692985	3.820438
maan1238	-0.648782513585	1.61556641317073	-3.9976235	2.43696225
maas1239	-0.457461932179	1.5794076775553	-3.62659425	2.7269015
maba1277	-1.609818194711	1.52863500045744	-4.990472	1.150761
mace1250	-0.4331352412915	1.7103111438402	-4.0942285	2.79215525
madi1260	0.7238284378935	1.46832283828433	-2.044243	3.83850349999999
mafe1237	2.98524435935	1.14139731042429	0.931892975	5.35380175
maga1260	-0.42229363601	1.79785304382202	-4.06284975	2.936829
magd1235	-1.175432652845	1.63082677197449	-4.9833105	1.78521775
magu1243	0.598003827305	1.19916097056847	-1.919611	2.91341325
mail1248	-0.98875317761	1.48942744474933	-4.01013725	1.81611775
mait1250	-0.9174965434275	1.74207970254202	-4.35360525	2.31879375
maka1304	0.300567113569	1.64876470464671	-2.7647665	3.795111
makc1235	0.727933582924	1.46371514442156	-2.18039525	3.61291925
makh1264	0.3300140564795	1.74492293420558	-2.8200115	3.905592
mala1464	-0.250544481495	1.81587116812954	-3.85896275	3.378146
mala1479	-0.478326380904	1.71231810888171	-3.95774075	2.69186825
mala1522	1.946076213985	1.33298109856882	-0.706505325	4.61631125
mala1534	-0.500814828219	1.2966059218609	-3.3005325	1.92110125
male1297	-0.58449773287	1.70825758848863	-4.10332275	2.6089785
malg1251	1.86322464526	1.45585072362934	-0.79570835	4.98601
malo1243	2.8538191681	1.02820190847215	0.987611275	4.9218075
malt1254	-0.562075420167	1.65202055600136	-4.04510525	2.55807475
mamb1306	1.923698898355	1.47807311462361	-0.71912845	5.05042625
mana1288	-0.8186495812	1.61081195505544	-4.128264	2.15503749999999
mana1295	-0.5429265827765	1.37108665175396	-3.4376315	1.9992885
mana1298	0.9221980250055	1.29198145163938	-1.5264915	3.6333385
mand1415	1.748246168685	1.59627941214642	-0.9779384	5.24165725
mand1423	0.5990015405055	1.61739681381468	-2.451024	4.0277655
mand1436	0.97301437097	1.57583504655693	-1.9743475	4.1328845
mand1440	-1.4848685049025	1.53335910158699	-4.7860805	1.26807725
mang1378	0.838658230745	1.28449442773964	-1.703456	3.39674975
mang1381	-0.07761887101	1.74700087702103	-3.57378325	3.41136925
mang1394	-0.41800501401	1.29823238236763	-3.03079225	2.2136545
mang1401	-0.531792355285	1.58275940733961	-3.775418	2.38851975
mang1405	-1.18697930317	1.59018393374369	-4.6179965	1.70455025
mann1248	0.855076475246	1.68416124954641	-2.4043875	4.40751175
manu1258	0.7279705387275	1.23850670065186	-1.7213115	3.3070045
maor1246	-0.5329624020565	1.64212838527478	-3.871231	2.5780615
mapu1245	-0.507424634999	1.64740851771238	-3.99724375	2.58682075
mara1378	-0.2230603671095	1.70567808071173	-3.4753445	3.02796975
mara1379	-1.4347402060355	1.5289513870259	-4.75498	1.43374475
mara1382	-1.086332329625	1.65218304207589	-4.541591	2.045725
mara1404	1.31920251560965	1.34957911068506	-1.24304275	4.1207895
marg1265	1.94734111828	1.43480195803939	-0.73866715	4.828687
mari1428	2.2319281946	1.12483487513449	0.162673925	4.48933725
maru1249	0.4782495980935	1.56717994859498	-2.82517575	3.440455
masa1322	1.772754294621	1.61956762641452	-1.099199	5.22774925
masb1238	-1.165762786507	1.58415936712217	-4.58298325	1.65419975
mask1242	2.33999104273	0.946114297534121	0.6470892	4.375273
mati1250	-0.06805206148635	1.42532685891374	-3.09848075	2.66603775
matu1261	1.177829957368	1.11869933979782	-0.985745525	3.37012525
maun1240	0.799277786385	1.54320949930709	-2.1705005	3.8727335
mayo1264	-0.4791740778655	1.71013571287673	-3.97361725	2.69079125
maza1304	1.61330138048	1.30874825688896	-0.807044125	4.3845495
mbay1241	0.2182151365105	1.35910763591127	-2.3324345	2.96380825
mbul1263	2.052187925655	1.504159517519	-0.63084335	5.29509775
meen1242	-2.65685864036	1.47265807330951	-5.73678775	0.0080393749999976
mehe1243	1.161534675465	1.24891652797861	-1.24972125	3.696331
meke1243	-0.599480946188	1.18937538831504	-3.09057175	1.58350875
mele1250	1.407016500296	1.2057768522345	-0.9530552	3.71198575
melo1242	-2.383548724811	1.51531843469182	-5.536453	0.321414149999999
mere1242	2.7924639847	1.10967844596468	0.75820395	5.1529455
meru1245	-2.3482564618	1.38965139214498	-5.1843095	0.282583625
mezq1235	-0.7829602779225	1.67619740814265	-4.232273	2.2910105
mich1245	2.107643562931	1.60371633807771	-0.91994285	5.42239975
miju1243	-0.7295069464135	1.61143377486408	-4.09284	2.1597695
mika1239	-0.1403757382035	1.68895365854776	-3.60326825	3.05292325
mikm1235	2.167075539635	1.69452704096214	-0.870503175	5.6911
mila1245	-0.9595803462975	1.65793839733366	-4.449033	2.1247585
mina1268	-0.685954415595	1.56340928499193	-4.02969525	2.28151825
mina1276	1.40543503541	1.23712913703653	-0.92156505	4.044647
mini1256	-0.716227623262	1.6175590057682	-4.08638975	2.34342225
minn1241	1.689159021535	1.49783906472037	-1.13633675	4.8760445
misi1243	-0.6553579731385	1.62883080642413	-4.14310225	2.29697499999999
misk1235	-0.4871457205315	1.76522282592288	-4.05718725	2.722333
mixt1426	-0.820421990455	1.75322105832737	-4.33380025	2.4987625
miya1259	-0.1577767791415	1.72696340257618	-3.68301775	3.17521825
miya1266	1.455823946274	1.37182244531039	-1.01091925	4.43304
mlab1235	-0.648127699166	1.61214406933277	-3.99213375	2.391377
moba1244	0.831305545984	1.64729504307247	-2.227206	4.4514395
moco1246	-0.4172818141315	1.62036943745495	-3.70972125	2.644512
mode1248	2.09264040327	1.58684439207277	-0.696836525	5.4463975
moke1242	-0.3974040634761	1.68865077151431	-3.97924075	2.75686474999999
mokl1243	-0.484855058615	1.70132748985723	-3.984482	2.6664845
moks1248	-0.22550436034	1.80115341159921	-3.94655975	3.12974975
mong1338	0.383786306107	1.74419286701418	-2.85350425	3.79980075
monz1249	0.55918349806	1.71351764781522	-2.683975	4.19313625
morm1235	-0.2799050110825	1.40786780898417	-3.188579	2.44847225
moro1285	-1.69837227325	1.22757718230308	-4.25073975	0.619792299999998
mort1237	-0.7131289851725	1.71262715289419	-4.25386925	2.31618825
mose1249	-0.603695351595	1.63800881296188	-4.0097285	2.443591
motl1237	1.63833110753	1.27049154673713	-0.653584275	4.352993
moun1252	0.546955654225	1.23691928533848	-1.8324885	2.975584
moyo1238	-1.1083586374	1.56744298033095	-4.4559775	1.70762625
mpad1242	1.472223055143	1.5558578893399	-1.38833625	4.72199475
mpii1239	-0.5634461902	1.67943487821918	-4.070864	2.5722435
mual1241	0.342128492753	1.42850714053633	-2.5975995	3.2056115
mudu1242	1.727887681865	1.46232265700643	-0.974209875	4.8973645
mull1237	-0.2479457769465	1.71593218013873	-3.873412	3.036657
munc1235	-0.718002646845	1.68191899313323	-4.25244525	2.38625825
mund1320	-0.261706796317	1.8104991026506	-4.102922	3.30418875
mund1325	1.5179658361455	1.52388279148717	-1.335249	4.6931765
mund1328	-0.6490016667785	1.19940648398345	-3.04226925	1.67303425
mund1330	1.7399436299535	1.49331307769916	-1.0643875	4.66960625
murl1244	-0.031741387905	1.45750477850958	-2.94134025	2.9444015
muru1274	-0.6554710684735	1.69477717411574	-4.3316695	2.459325
musg1254	1.6504696371405	1.54457120842093	-1.16420525	4.84588825
mwag1236	1.834164150365	1.47469597460251	-0.886535475	5.0409755
mwan1250	0.73042786087	1.64271264991448	-2.32135575	4.13316375
naka1262	0.020145051955	1.35991004253864	-2.75339425	2.64865125
nali1244	-1.575096956635	1.53329647437836	-4.92762775	1.0580495
nama1264	-1.26564714728	1.52060734299668	-4.428021	1.57284325
nama1268	1.237496372816	1.1148102312786	-0.8582708	3.4860125
namb1293	0.950453717875	1.24864367015962	-1.52253675	3.424931
namu1246	0.936193720045	1.39716261244944	-1.8006335	3.70413475
nana1257	-0.182070158455	1.6824388612528	-3.40160825	3.03544
nand1266	0.952146607485	1.53256442786582	-1.9758445	4.15770125
nara1262	-1.498403664034	1.61221822980716	-4.8362575	1.55196
naue1237	2.035775137095	1.38125650884593	-0.413904675	5.050705
naur1243	-0.723317227365	1.62522649737808	-4.1358135	2.291089
nawu1242	0.88471815918005	1.7166740826942	-2.3539155	4.528547
ndog1248	-1.0322233829045	1.48708239526509	-3.952126	1.92675825
negi1245	-0.215070264237	1.79147044310115	-3.94491625	3.17904775
nend1239	0.6534891356805	1.28144469634106	-1.931878	3.1295055
nene1249	-0.0893570439135	1.8203114792826	-3.75517	3.39679375
nenn1238	1.11853623154425	1.25726904289422	-1.352407	3.685586
nepa1254	-1.0208029562906	1.57835104409233	-4.38160075	1.8082415
nese1235	2.723793174	1.01602828227357	0.875832725	4.885784
newa1246	-1.066118759374	1.61547212737457	-4.47334325	1.78572825
ngab1239	-0.73891348028	1.70999841671504	-4.406143	2.3112905
ngam1268	0.797702273605	1.38865601702222	-1.8076385	3.57521175
ngan1291	-0.050532320105	1.77390210335189	-3.471326	3.47370225
ngar1284	-0.2060910309125	1.68720438258261	-3.605739	3.02294575
ngas1240	1.752716420671	1.31413982272473	-0.535897275	4.58312175
ngba1284	0.49920011452	1.72229750952334	-2.6794835	4.005312
nige1253	1.0312205297175	1.57565876817765	-2.0586295	4.31671324999999
niha1238	-0.172373110149	1.73415321466941	-3.7673565	3.03122625
nila1242	-0.825823580962	1.51750908486554	-3.7079225	2.19482149999999
niua1240	-0.631362740785	1.63010859155961	-4.046425	2.457898
niue1239	1.73329453111	1.59106133202314	-1.26084175	4.993353
niva1238	1.6815307913975	1.56138383681914	-1.42361625	4.92215525
njan1240	-1.48511521292615	1.34471014216855	-4.29463675	1.00965425
nkon1248	1.1276197461925	1.54675045051077	-1.63385775	4.27574075
nkor1239	0.9344085911937	1.44938442061163	-1.7401385	4.08972925
noct1238	-1.0993252985	1.58472053530331	-4.501692	1.81186374999999
noku1237	2.433067837845	1.32548354193604	-0.073369245	5.2339135
noma1260	-0.1511266879785	1.52623453924663	-3.120662	2.93930575
noon1242	0.5184555478885	1.77119605884117	-2.856271	4.15353649999999
noon1243	-0.77104840292255	1.18305601306515	-3.0789815	1.55593025
nort2671	-0.153042493937	1.69006893948536	-3.49044725	3.08040949999999
nort2684	-0.1354726086365	1.60913245754001	-3.7045225	2.8118995
nort2690	0.0257817393885	1.7660736299254	-3.65437625	3.393688
nort2697	-0.497906422814	1.73269679054721	-3.9432455	2.80250025
nort2702	-0.2829494445155	1.81548110828422	-4.1039235	3.03880425
nort2722	-0.69587580394	1.59140195825215	-3.93237025	2.2108005
nort2723	0.31723257576835	1.43450945997126	-2.5983345	3.03837
nort2732	-0.2987226027745	1.68205212149288	-3.7624525	2.8650805
nort2745	-0.144639103967	1.75066288809772	-3.66032475	3.2404275
nort2747	2.041931611165	1.48352241122569	-0.6890221	5.08424775
nort2774	0.501216571431	1.61353820447646	-2.50616125	3.83424475
nort2775	-0.0376836553785	1.60189642026995	-3.108017	3.29611475
nort2839	1.43579119747	0.901281673817204	-0.29857605	3.27907975
nort2845	-0.506571684445	1.64121210934258	-3.87052	2.53541725
nort2877	-0.6857059827825	1.20371377943182	-3.209768	1.4774415
nort2885	0.166807489684	1.51487421749271	-3.03175175	3.0080455
nort2930	0.307504325405	1.3954237080881	-2.40818775	3.0127675
nort2938	-0.4468896784085	1.68911079556652	-4.04276675	2.756749
nort2942	-0.2869664656165	1.71270888195556	-3.91013175	2.94179599999999
nort2951	0.2059686755475	1.63020592024286	-3.1021995	3.27385625
nort2954	0.1697846467415	1.70631689742526	-3.21233425	3.35932
nort2957	-1.01245459586	1.68795748024477	-4.63556525	2.224153
nort2959	-0.569471894894	1.69120183132108	-4.074935	2.610598
nort2961	-0.2959137109565	1.72709186110638	-3.957863	2.90138425
nort2972	-0.733384992072	1.59374103979673	-4.153743	2.17204475
nort3139	-0.33089216864	1.80690157274449	-4.065786	3.1971455
nucl1235	-0.238263812955	1.72802005342145	-3.668587	3.08779375
nucl1301	-0.076208523315	1.81790736868745	-3.79483475	3.4653905
nucl1302	0.23585403329	1.70610555067855	-3.10088725	3.65039225
nucl1305	-0.31834504526	1.74525546682739	-3.84264875	3.14662925
nucl1310	-0.8622833391675	1.68203229332494	-4.56594475	2.3147195
nucl1347	0.4529196843655	1.75280296399943	-2.84136875	4.35136775
nucl1417	0.908836869753	1.4503553817138	-1.72895825	4.11866574999999
nucl1458	-0.425524555065	1.32894523464331	-3.2293715	2.00468675
nucl1593	0.7352711993895	1.47201292958347	-2.32356375	3.74611525
nucl1622	-0.472491727013	1.58521755209046	-3.6545425	2.5868465
nucl1630	0.86007362792165	1.17676434055466	-1.39328625	3.133288
nucl1632	-0.181822954414	1.62906671343361	-3.474365	2.94141525
nucl1643	-0.044730875834	1.70982024779872	-3.409716	3.25599425
nuer1246	-1.232880478655	1.55218015515234	-4.58849275	1.5038105
nukn1238	2.19099984593	1.36883666817216	-0.30795035	5.04771
nung1282	-0.0223748415685	1.52655077758775	-3.1849515	2.8248395
nupe1254	0.713179897532	1.62118279830296	-2.3500805	4.1009185
nusu1239	0.597781953835	1.45056824618171	-2.30573	3.356179
nyah1250	-0.41765879462225	1.64346289993292	-3.80506975	2.7323355
nyak1260	0.5348664915855	1.70351260684336	-2.63174575	4.1562925
nyal1254	-0.798771104599	1.56021938903359	-3.9862975	2.09755725
nyam1285	0.96109856848	1.50844496350695	-1.8442135	4.229708
nyan1307	0.42956159433	1.67821040199249	-2.6794765	3.87368775
nyis1236	-1.123455944723	1.59911148217491	-4.54034325	1.86634975
nyor1246	0.360165625985	1.69814372125859	-2.903807	3.81522299999999
nzak1246	-0.97723622688	1.45012055548093	-3.96052125	1.9086665
occi1239	-0.34036967541	1.71234823716252	-3.8817795	2.80788225
ofay1240	-0.4652843149505	1.70334539297581	-3.94181975	2.70021575
okan1243	-0.460208364939	1.68558935415457	-3.859154	2.795301
okoe1238	0.3115478759405	1.54425158075356	-2.6038265	3.41614875
onon1246	2.123242962945	1.62246602458628	-0.82920215	5.3425045
onto1237	-0.05756782356	1.55479148085185	-3.299436	2.8053385
oriy1255	-0.370529244152	1.8115529199374	-3.96839075	3.08515725
oroc1248	-0.135383134255	1.79214652633618	-3.86919175	3.11834075
orok1265	-0.12011569692	1.78134963259162	-3.89704325	3.294759
orok1267	-0.439561252095	1.41187399509031	-3.4585905	2.19886625
orok1269	-0.0096244916515	1.36369084880594	-2.77660475	2.591142
otta1242	-0.2777671558885	1.68135726652399	-3.75008625	2.83905775
owaa1237	1.9473571748245	1.48156232027923	-0.735229225	5.15629499999999
paaa1242	1.537835435675	1.48050304044976	-1.2205085	4.776304
paas1238	0.702270726535	1.57769179530458	-2.3843225	3.8106995
paco1243	0.5034254224	1.56006618020512	-2.44036725	3.6582115
pahn1237	0.754231201535	1.26494504911197	-1.72780975	3.2174165
pala1344	-0.5610821946135	1.62930559633364	-4.06249525	2.5605195
pamb1243	0.26035916859	1.61359444883005	-2.806184	3.755215
pamo1252	1.570868395665	1.43561241598899	-1.1755845	4.51359925
pana1307	-0.4967705527275	1.62794452964344	-3.9061775	2.51396374999999
pang1287	0.6766755955629	1.58164641078824	-2.2354285	3.9233205
pang1290	0.177131939395	1.3773051147349	-2.518027	2.82958024999999
panj1256	-0.338087667345	1.77066760524933	-3.89496225	2.93600475
papa1265	0.974239685916	1.35580026669533	-1.62703625	3.649462
para1301	1.316568576105	1.61389263974946	-1.88231075	4.63477925
para1302	-1.2173224858363	1.51870277549374	-4.352531	1.50052075
patp1243	-1.20635748286	1.50173124683795	-4.30137325	1.53110125
patt1248	-0.482062990815	1.69320741939621	-3.9398355	2.7077405
paul1238	1.57576158469	1.31960110596503	-0.86688905	4.32859525
pech1241	-0.4753189277275	1.66981465511809	-3.7307055	2.7102905
pela1242	1.1233408694285	1.38093454157687	-1.611328	3.88987775
pemo1248	-0.5134248604685	1.62228972260072	-3.837087	2.47653375
pend1242	-0.377842399624	1.42670339012452	-3.23668025	2.276759
peng1244	-0.41068606057	1.73587859792524	-4.1202215	2.874197
peri1253	-0.070298402095	1.76481909475728	-3.529904	3.32736975
phai1238	-0.5237069513495	1.60833345512709	-3.71903125	2.44210075
phom1236	-1.3878976290235	1.55293092620024	-4.7889415	1.34225025
pila1245	-0.3486910268925	1.60184594737115	-3.721872	2.55732
ping1243	-0.744798279515	1.58975794152646	-4.06415375	2.066605
pite1240	-0.256339162075	1.70514587986535	-3.7755345	2.98143975
poko1263	0.9995718382895	1.59063535275656	-1.95513	4.31532575
poli1260	2.21212901418	1.67001713320201	-0.987590875	5.7821295
popt1235	-0.551777660795	1.66463999251764	-4.022728	2.53398325
port1283	-0.33242378303	1.6918537859659	-3.90130425	2.843787
port1285	2.42972539185	0.950249162572452	0.70576355	4.427473
psik1239	1.68928107992	1.25364681743961	-0.692695175	4.33979775
puka1242	-0.512403777245	1.54989542046897	-3.73593225	2.34545275
pula1262	0.57069330202	1.7158859204855	-2.670587	4.39711075
pula1263	0.486806182335	1.72841469886382	-2.75511025	4.0089405
puma1239	-1.224215997554	1.57523404064326	-4.5144675	1.6132525
pura1257	-0.1444393446395	1.36235326874341	-2.979896	2.36201225
pure1242	0.019309286225	1.65048387063951	-3.313436	3.14907425
puri1258	-0.3927236238895	1.72770784110948	-3.98178325	2.72554925
quio1240	-1.11430901606	1.66740972096022	-4.66350425	2.028075
rabh1238	-0.748509774745	1.57390778214367	-4.12087225	2.189026
rama1270	-0.5908151106235	1.67979213504824	-4.11135275	2.4975605
rapa1244	1.697018339135	1.55893519402363	-1.1695755	4.765216
rapa1245	-0.522040029584	1.56922146012113	-3.73488875	2.25954624999999
raro1241	-0.48925363794	1.66761417335167	-4.11948375	2.552928
roma1326	-0.452837335554	1.6767763090346	-3.82484275	2.72903875
romb1245	-1.167781524489	1.52716737649083	-4.54746325	1.6129035
rong1264	-0.52990227699	1.72370212341137	-4.12436925	2.60484399999999
rong1266	-1.3861189675225	1.53869814987781	-4.62701	1.453797
ronn1241	1.856032200285	1.45927482117096	-0.83086165	4.91858875
ruch1235	-0.1062212976085	1.54793336866064	-3.2656675	2.9195595
ruka1240	0.08638654487115	1.31706748564233	-2.60196475	2.58557675
ruma1248	0.2534257737895	1.58545874279361	-3.03814275	3.29012074999999
rung1258	0.73885329669	1.62829638158109	-2.25969375	4.071381
rung1259	-0.74943502202385	1.61565866130787	-4.22490575	2.1695235
russ1263	-0.17835287974075	1.88467583051817	-4.02776875	3.29382575
russ1264	-0.1402334157125	1.78283468920324	-3.578029	3.25520424999999
rutu1240	-0.634351675875	1.68116815051894	-4.01671075	2.55775575
saaa1240	1.81054459514	1.33557888413525	-0.681122325	4.583554
saar1237	0.567631878339	1.28485024643172	-1.98136825	3.0353015
saba1268	-0.6450203402813	1.478717322394	-3.72133	2.052657
sabu1255	-0.668986735185	1.52946148212869	-3.82617325	2.184048
saka1289	2.8498285566	1.20885992478025	0.662273725	5.39208475
saki1247	-0.30591578985	1.42981278667199	-3.232343	2.39121
samb1311	0.4744159396735	1.64925924349574	-2.50107475	3.73729374999999
samo1305	-0.55163574060065	1.68779633581965	-4.13787425	2.482714
sana1295	-0.264442746605	1.75886888508107	-3.88225325	3.027897
sanb1242	-0.68675689910305	1.61620885984863	-4.2034055	2.339857
sand1273	-2.208200286155	1.48596987376308	-5.2383965	0.477159474999994
sand1278	-0.53868254265	1.73709341646686	-4.10896825	2.71767025
sang1321	-1.395913076235	1.52981375917843	-4.59332775	1.367473
sang1331	0.3431663075847	1.77808880605076	-2.96800875	4.09388
sani1269	1.49517062515	1.3318124585641	-1.0637175	4.11502925
sanj1284	-1.113303525081	1.58690063773831	-4.42589025	1.80670325
sanm1295	-1.1623316860715	1.5678140473182	-4.74703225	1.62668475
sant1410	-0.54214474009	1.72592124056902	-4.05380225	2.61928775
sant1436	-1.023432759235	1.61669711956324	-4.5716155	1.88247375
sapu1248	1.426882614827	1.45813742696803	-1.37790025	4.362738
sara1321	0.85332851076	1.73617066939621	-2.28508825	4.584521
sata1237	1.51464418243	1.56858404486228	-1.43264925	4.91884675
saur1249	-0.50982875669	1.71510920108078	-3.93229575	2.84700375
savo1255	3.5902668886	1.49623778954065	1.00623925	6.77052825
saya1246	1.2911063757965	1.29869142237999	-1.15590625	4.088996
seda1262	0.43436011275	1.56266424970482	-2.648637	3.53470125
seim1238	-0.78743023839645	1.60488153115928	-4.10925725	2.1315015
seke1241	1.556865899287	0.995177660563991	-0.3101474	3.54714025
sekp1241	1.121657409245	1.52095989810943	-1.58749675	4.42133075
sela1259	-0.73381209764	1.59424786629461	-4.21783875	2.2324625
sela1260	-1.147899507468	1.62556837527552	-4.60762425	1.6874325
sele1249	1.1368470560835	1.52905432292619	-1.61389325	4.473216
selk1253	-0.07212779522	1.80882660218065	-4.02179875	3.39425325
sema1265	-0.5151409738385	1.84084718905714	-4.2172475	3.09589875
sema1266	-0.795159131325	1.67305018562174	-4.50615175	2.30517725
seme1247	-0.552792336396	1.63541942376036	-3.86007075	2.713462
seri1257	-0.3278529550885	1.7442546945183	-3.80422975	2.9741085
shab1252	-2.034340979715	1.44248652345521	-5.062329	0.628312724999999
shek1245	-2.36178422084	1.44249349689929	-5.4221805	0.251503649999998
sher1257	-0.81846554619	1.57882799673912	-4.17713575	2.10109975
shil1265	-0.19763897328	1.58822110082611	-3.3938735	3.07781275
shix1238	-0.198784239995	1.5541574836793	-3.3451845	2.64917475
shon1251	0.321467736015	1.71821781340518	-2.92015325	3.81560375
shor1247	-0.071533878491	1.83229528710241	-3.72420475	3.5379865
shos1248	2.1995887887	1.6389393680227	-0.9592794	5.5737785
siam1242	-0.832802760476	1.31220601183005	-3.569621	1.6008045
sich1238	1.5710819372563	1.50487573743752	-1.2889575	4.50386425
sici1248	-0.405318420485	1.7527271256813	-3.96719375	2.8312
sida1246	0.4305648622085	1.28079320633669	-1.966786	2.9514395
siee1239	0.990265587375	1.40289749065422	-1.7351935	3.903428
sika1261	-0.1869568928575	1.51511619295992	-3.2847105	2.6834795
sina1266	0.985566065925	1.12654202837672	-1.20448	3.18607075
sing1264	-0.990486103875	1.59022951951919	-4.2453095	1.94652425
situ1238	-0.75923907712	1.60762127509957	-4.0436075	2.288996
siwi1239	-1.478065309945	1.5760866382135	-4.717453	1.49558025
siwu1238	1.137964155156	1.5224250856731	-1.5996285	4.36516724999999
siyi1240	-1.091063431015	1.60020624474131	-4.50635775	1.83172225
skol1241	-0.090701153382	1.83009877607929	-3.6665345	3.6249675
slov1268	-0.358634236655	1.63672662170516	-3.848026	2.7047255
soch1239	-1.051659973495	1.69817117555358	-4.73190575	2.1364565
soma1255	-0.97209419344	1.53073438546688	-4.21080925	1.8424295
sons1242	-0.6820553076115	1.57457351412264	-4.02508	2.334656
sooo1254	-0.410693501611	1.63549057611944	-3.64753575	2.6076335
sora1254	-0.36564214314	1.72388775578644	-3.96401425	2.91425225
sout1528	-0.332713193926	1.70285369297362	-3.89827975	2.91221175
sout2649	-0.1113055836	1.89552187052489	-4.0176195	3.35750625
sout2674	-0.09934475384	1.75881987157972	-3.62281825	3.40529825
sout2679	-0.30710699693	1.73717667392709	-3.99354525	2.98146
sout2728	-0.640172754484	1.60180726978394	-3.895869	2.385452
sout2729	-0.0507414812265	1.55484396378985	-3.1517125	2.883327
sout2782	1.4639686081665	1.56184522933962	-1.43711375	4.72671225
sout2807	0.29894714481	1.69657808419471	-2.81213625	3.92048825
sout2856	1.34113169934	1.21829975552434	-1.016608	3.727554
sout2857	2.745576330135	1.07534643657935	0.85294815	4.9607925
sout2895	1.298628192125	1.21880068541203	-1.03272	3.67625575
sout2912	-0.809959956064	1.58644786576357	-4.105326	2.11016225
sout2918	-0.6944738795261	1.555589874441	-4.02244525	2.1230395
sout2956	-0.4259334896	1.7100686065593	-4.23841525	2.96240575
sout2959	-0.300166777925	1.75616165255739	-3.7857925	3.006447
sout2985	2.061056245835	1.63349285419989	-1.01499175	5.541888
sout2994	-0.661957679415	1.63930468455328	-4.14715775	2.35221825
sout2996	-0.613484015655	1.71534565865796	-4.24719	2.52092825
sout3236	0.299265073635	1.34049519857369	-2.23826775	2.989846
sout3261	-0.5731086833615	1.64988230823808	-3.93870525	2.496453
stan1289	-0.0842820795055	1.64401648821386	-3.41000375	3.1725535
stan1290	-0.232084035085	1.66314510261211	-3.7391485	2.89319625
stan1293	2.160149190285	1.61849178704459	-0.9525086	5.31375275
stan1306	-0.74036262687	1.67010226781157	-4.30842375	2.4034095
stan1318	-0.1871050092985	1.79621159192338	-3.8901845	3.19625525
sumi1235	-1.45468004849	1.55078768198411	-4.735254	1.36255975
sunw1242	-1.20147420091	1.55194421711716	-4.5355385	1.541956
supy1237	0.299958067578	1.46661415040224	-2.41395275	3.26870875
surg1248	-0.056246344335	1.75577078361238	-3.511891	3.357782
swah1253	0.356526685968	1.70754928706482	-2.80487525	3.9968815
swed1254	-0.2397894659205	1.66871253609028	-3.69758675	2.8730665
tabo1241	2.19077407374	1.59330882751245	-0.7432375	5.46458
tafi1243	1.0313360903435	1.52623079461768	-1.728948	4.118261
taga1272	-0.276231468692	1.39590147808338	-3.128648	2.3179305
taga1273	1.682571871335	1.47786521988681	-1.167395	4.7032895
taha1241	1.207725715545	1.54486060485538	-1.78253675	4.438703
tahi1242	1.7328944181353	1.5391279523564	-1.07991225	4.97381775
taia1239	-0.5109560408255	1.43431219481501	-3.5214245	2.13286975
taji1246	-0.190281744193	1.39131339932673	-3.0762705	2.429804
taku1257	1.646944645829	1.52786074673573	-1.04884175	4.91118725
tama1331	-1.4273935747401	1.68759623852441	-5.1236005	1.71439724999999
tama1365	1.300355189405	1.35932201917651	-1.10039225	4.26053275
tamb1254	-0.388967169288	1.4185638461041	-3.33847875	2.16419075
tami1289	-0.234775900425	1.67940725453831	-3.63660075	2.92801675
tami1290	0.893179830307	1.23911173442445	-1.488241	3.42906625
tang1347	2.7244163898	1.03478579746044	0.917530675	4.92774775
tang1373	-0.432946463455	1.64983183983785	-3.84878125	2.635179
tang1377	-0.825235109705	1.65193552169081	-4.22203875	2.25429349999999
tari1256	1.19649299447885	1.44221418455961	-1.53896175	4.2264145
tari1263	-1.1036363314835	1.55108104904854	-4.3378245	1.71391325
tata1255	-0.155740619765	1.74859736751294	-3.69084975	3.1555415
taul1251	-0.979032964979	1.61191355663342	-4.489722	1.81977625
taus1251	-0.704385934385	1.59470103419103	-4.1733845	2.144308
tawa1286	1.366955426888	1.55328707795304	-1.48579275	4.618095
teda1241	1.116163522871	1.55459318084017	-1.71903875	4.5361225
tedi1235	-1.076189719984	1.64467388125417	-4.460617	1.98227
tehu1242	-0.4052457600015	1.65975783415159	-3.890688	2.7015045
teke1275	0.3458545270045	1.7132901346577	-2.852692	3.92482349999999
temi1246	-0.74759028185585	1.65778193002189	-4.271226	2.33095149999999
temo1245	-0.80157189398	1.67684673634459	-4.15498025	2.255775
tene1248	-0.414475099886	1.41685508781967	-3.28907175	2.348577
tenn1246	-0.812557624825	1.46196484815016	-3.98605675	1.828531
teop1238	1.172176347995	1.37190043463246	-1.32985525	3.93480825
teri1250	-0.786007532476	1.6303915007656	-4.28712025	2.18791575
term1237	0.76801405294	1.41308495433326	-2.0300995	3.56857275
tern1247	-0.7541034437995	1.57703035528943	-4.074896	2.20350599999999
tete1251	-0.8710193814875	1.74484743611556	-4.7741225	2.3882795
tezo1238	-1.0691176772545	1.69475511251784	-4.68082125	2.02066375
thak1245	-0.727641514533	1.63629823256715	-4.11171775	2.315495
than1259	-0.854655856795	1.59243978795924	-4.25503425	2.13274074999999
thar1283	-1.809064842685	1.35381690338571	-4.56064375	0.726725999999999
thul1246	-1.02903835218	1.62992937581921	-4.5352955	1.850674
tibe1272	0.581405632188	1.55722567031874	-2.566732	3.6296795
tibe1274	-1.11607090504	1.35523406624424	-3.85888575	1.3989975
ticu1245	-0.542057156892	1.64025824336941	-4.032415	2.44876275
tief1242	-1.197620919295	1.34618597044508	-3.79331825	1.45389475
tigo1236	-0.496682552125	1.31026124563171	-3.0752365	2.05191525
tika1246	-1.234961185499	1.32652288996255	-3.98065725	1.3636715
tiri1258	1.549668403989	1.25284700490995	-0.741762475	4.21386175
tiru1241	1.218345687855	1.34213459424555	-1.544844	3.91124299999999
tita1241	-1.51230938185	1.40575485401186	-4.5607115	0.983456149999997
tivv1240	0.531828307197	1.52978963818612	-2.364048	3.68362425
toab1237	2.820295470835	1.40521721366681	0.333284	5.84427225
toar1246	-0.707437913045	1.31094157720803	-3.365503	1.67904425
toba1268	-0.535470252471	1.74467095904547	-4.1934875	2.659609
tobe1252	-0.7292289724381	1.60907835500918	-4.14499925	2.35469775
toho1245	-0.3083047704463	1.65266836603942	-3.775298	2.872787
tojo1241	-0.57353648604	1.67917381426398	-4.16914825	2.44370425
toke1240	-0.5563846165185	1.73836810754423	-4.32437	2.6367945
toma1245	0.9849616115275	1.60410621925463	-2.01250975	4.4660525
tomm1242	0.6976566271	1.44126141453398	-2.05149725	3.68013449999999
tond1249	1.399443635477	1.46886184189464	-1.32752725	4.43708275
tong1318	0.4420806301805	1.75300182169567	-2.7430345	4.11878575
tong1325	1.7118116998855	1.59655971887024	-1.26945275	5.08160725
toor1238	0.3634759777095	1.61933304270079	-2.62643875	3.84306575
tosk1239	-0.247455901415	1.74423866616415	-3.6750285	3.1793105
trio1238	-0.557911117815	1.68513072339205	-4.04132075	2.566516
tsam1247	-2.293766749105	1.39915150061442	-5.27226925	0.121299524999999
tsat1238	2.1082618283055	1.66870431961061	-1.070249	5.612716
tsis1238	0.7710257068133	1.64465108388825	-2.28983625	4.111493
tsix1234	1.09086003655	1.58201696443325	-1.71076725	4.499394
tson1249	0.429967658137	1.71929000845305	-2.7529645	3.939619
tswa1253	0.6499745198405	1.61339764265906	-2.28969825	4.1945655
tswa1255	0.39217701177	1.65410202325661	-2.84855575	3.887635
tugu1245	1.7146089211	1.4236131346725	-0.856851475	4.85072575
tuka1248	-0.7280849900905	1.60235674822498	-4.157693	2.23128275
tulu1258	-0.359577439348	1.72803159163223	-3.902966	2.87474099999999
tung1290	-1.074637100655	1.63250283335077	-4.548364	1.85874175
tunn1238	-1.058085395965	1.57186924674114	-4.2510005	1.896404
turk1303	-0.05176726998	1.88182239870143	-3.85555575	3.64329275
turk1304	0.01146958381	1.82417635805323	-3.7210045	3.5592845
turk1308	-0.35904930309015	1.41627289832875	-3.1926125	2.58856125
tutu1241	2.9416629288	1.09026306479164	0.9349572	5.19260025
tuva1244	1.69945463844	1.59890196812564	-1.34106175	5.05236725
tuvi1240	-0.033662640808	1.71182604793388	-3.76266125	3.48803175
tuwa1243	-0.4131774337985	1.11153780471611	-2.7196735	1.67853275
tuwu1238	1.1236796437147	1.53008920034085	-1.6211405	4.31603
ubir1237	-0.90376859657	1.44996781444447	-3.9104845	1.75393725
udih1248	-0.15434022893	1.75916512535349	-3.66964325	3.361393
udii1243	-0.5155830471585	1.69705481353841	-4.05144275	2.702729
uduk1239	0.1097549612565	1.30142077798835	-2.454302	2.6510245
ughe1237	2.872407680795	1.55573202443965	0.121586025	6.284649
ukra1253	-0.31228576254	1.72984802002684	-4.0188715	2.89000275
ulch1241	-0.210333254182	1.73114236461069	-3.648156	3.13446475
ulwa1239	-0.517026154127	1.73576149790493	-4.23502675	2.6816065
umaa1242	1.6464187534085	1.54586337416219	-1.42606475	4.84350875
umbu1257	-2.177116211231	1.65634371629861	-5.6963435	0.962048399999997
umes1235	-0.114112844865	1.85188423462472	-3.91969425	3.49266475
unua1237	2.746953901145	0.97499912242136	0.95618185	4.77331625
uppe1275	-0.988238459647	1.68583168284549	-4.59074	2.1527695
uppe1427	-0.20651116341	1.4224551225432	-3.19845675	2.44995675
urar1246	1.501266389035	1.57930127794724	-1.319339	4.75388175
urim1252	1.136002764429	1.20774691911461	-1.136988	3.679297
urip1239	2.7144954986	0.999754794344669	0.862169675	4.8200015
utes1238	-0.177178060013	1.82223052969949	-3.841895	3.23491625
veps1250	-0.221514025215	1.7165994784376	-3.6562555	3.00093375
vera1241	1.63689013408	1.20068943064068	-0.59642925	4.13079275
viet1252	2.077997368835	1.62352032997145	-0.97892375	5.34892525
vinm1237	2.84478572872	1.01077887146832	1.07183225	4.921068
voti1245	-0.3935884958045	1.77104949541242	-4.08097625	2.969434
vunj1238	-2.703752373038	1.6142125667198	-6.1733285	0.418665824999999
vure1239	1.656841480535	1.19768102916851	-0.56803595	4.21920175
wage1238	-0.0500353604395	1.75133992955144	-3.50995175	3.2933045
waig1244	-0.2831783390345	1.50113505189973	-3.25186775	2.56545375
waim1251	-0.2909081577105	1.21870733115684	-2.730296	2.05798675
waim1252	2.36200774625	1.41451236101775	-0.133315475	5.3603625
waiw1244	-0.6093304367355	1.66428507055969	-4.0302145	2.40950825
wall1257	-0.7394359529465	1.61096324872296	-4.22502175	2.181371
wamb1257	-1.21503921934	1.55537414487111	-4.40767975	1.49954225
wand1278	1.7441997252365	1.37515697661461	-0.7338717	4.79282625
wara1294	0.2637441450735	1.40558062089216	-2.57358525	2.8749555
wara1303	-0.49199208108	1.68183737730814	-3.8979155	2.61283025
wari1268	-0.44262123102705	1.59546790516497	-3.8020985	2.5370175
warj1242	-0.97262791463	1.62867478493761	-4.41993225	2.0105395
waro1242	0.7972188039585	1.38750376951941	-1.82427075	3.63740949999999
waru1265	-0.2095192698875	1.77557760070206	-4.10202725	3.10672975
wawa1246	-0.9905743306885	1.39019406213812	-3.74818575	1.76272
wayu1241	-1.184838480535	1.53181381012693	-4.500575	1.47135775
weda1241	-1.317083795712	1.47408926405322	-4.3710045	1.34244325
wels1247	0.2791264187863	1.83446455702803	-3.32983075	3.82313025
west2354	-0.379830680986	1.68107630206685	-4.00741475	2.82736625
west2369	-0.098926464133	1.88020032222301	-4.020657	3.63832
west2386	-0.3142065117123	1.78665560395113	-3.93872475	3.01092975
west2392	-0.2173631638405	1.75256166195879	-3.74289825	3.33330125
west2396	-0.5492028033995	1.62595803351275	-3.7645995	2.48233375
west2397	-0.491400119475	1.64206327375318	-4.040593	2.5895325
west2418	-0.7447966182961	1.63849467900686	-4.196897	2.312932
west2430	-0.06183213454	1.57648962806309	-3.39753975	2.9638485
west2441	-0.202158708569	1.73349508940678	-3.7729775	3.00947875
west2519	-0.834660365275	1.57129369696142	-4.14848975	2.01520225
west2548	-0.5861471277355	1.61014459770959	-4.015742	2.2955105
west2557	-0.339195883712	1.57510842499769	-3.56009225	2.65627624999999
west2560	-0.53812995952	1.45354162939198	-3.54788675	2.15570175
west2564	-0.46770412966	1.36779084222494	-3.22688475	2.00115375
west2594	-0.383609144215	1.60467376779707	-3.51874375	2.7925145
west2644	-0.99550604245325	1.61995401733288	-4.26221125	2.083924
wiru1244	1.5615587544985	1.45883599480813	-1.26092225	4.488841
woii1237	-0.37917150839	1.51119962726292	-3.4683535	2.47650775
wola1242	-1.40053184345	1.35565769966	-4.3345405	1.022884
wola1253	1.1524041341825	1.40137072916053	-1.52105025	4.0762965
woli1241	-0.8274103259422	1.61145545559094	-4.21637225	2.0820065
wotu1240	0.3184006551235	1.4344876738087	-2.4244715	3.1328075
wuch1236	-0.5307905932805	1.5585539090766	-3.7175755	2.323474
wudi1238	-0.378892345883	1.47420970146451	-3.428236	2.383906
wusa1235	-0.34211387443705	1.52756303748834	-3.46522925	2.518869
wutu1241	-0.57903681049	1.61099026014939	-3.88359725	2.3941905
xara1244	1.541318293665	1.24232165630474	-0.71347215	4.2223455
xhos1239	0.3082949662265	1.74127758448845	-2.90086275	4.00657275
xish1235	-0.0977453662795	1.57674461717298	-3.3896115	2.9277125
yaak1241	-1.898882145603	1.44983145385085	-4.840678	0.772838049999999
yagu1244	-0.657674886042	1.57973783287852	-4.08950225	2.28378475
yaka1277	-0.404112717834	1.57903962113122	-3.66092175	2.514307
yaki1237	-0.375023627165	1.67532804455244	-3.998663	2.76700325
yakk1236	-0.94643771918	1.59835579008473	-4.339257	1.9531165
yaku1245	-0.0897377706835	1.87773164130312	-3.91952625	3.671108
yama1264	1.6682366459	1.70209215017708	-1.43956125	5.32073775
yami1254	-0.5026856569845	1.49740734010003	-3.61947175	2.2906535
yaou1238	0.097446288981	1.51006577403925	-2.72957575	3.285538
yape1248	-0.548894256475	1.70444004291569	-4.10709075	2.5599725
yatz1235	-1.056921556025	1.62010632018812	-4.431227	1.805469
yaul1241	0.03665181728	1.30440696982487	-2.52013075	2.4536895
yawu1244	-0.335566782465	1.59416553424557	-3.582561	2.701186
yecu1235	-0.765044434525	1.76850542334062	-4.524178	2.53219649999999
yems1235	-0.25417947259655	1.25372281688588	-2.710979	2.19762375
yeyi1239	1.0142780455865	1.64143660216121	-2.003952	4.541073
yidi1250	-0.32459885888	1.80381326832967	-3.96820475	2.99059825
yind1247	-0.214811936075	1.83117889827469	-3.84917225	3.19883675
yoga1237	0.5467005714799	1.23908286797743	-1.92926725	2.87915725
yona1241	-0.3058377574035	1.79239518108768	-4.12778425	3.19937649999999
yong1270	0.14089000609	1.54317495332407	-3.01242025	3.0495325
yong1280	-0.536770229121	1.6011891079862	-3.9422345	2.426669
youl1235	2.34971071256	1.26762863235924	-0.022287305	4.86607275
youn1235	1.886186864015	1.46233316969483	-0.70757595	4.9294415
yuca1254	-0.3496587544	1.72213135863859	-4.0249545	2.86449325
yuec1235	2.211696744142	1.50117437532246	-0.5285408	5.35421025
yulu1243	-1.5485691677835	1.48326818535472	-4.7176045	1.24243425
yuqu1240	-0.720731392996	1.51586282721566	-3.79000375	1.97109824999999
yura1255	-0.716752282955	1.54192806481	-3.878279	2.0633705
zaca1241	-1.0129448177095	1.69160727821779	-4.78766225	2.156697
zaca1242	-0.921512897513	1.64021089830287	-4.28659525	2.1837395
zagh1240	-1.091264243705	1.58069070311551	-4.43873525	1.74739475
zaiw1241	1.77351878106815	1.41846787005687	-0.944999225	4.561056
zakh1243	-0.6831052626085	1.60767001756051	-4.0675475	2.26254674999999
zand1248	0.2065064468045	1.65968793471603	-2.98767	3.533334
zani1235	-1.106289642691	1.61554398740384	-4.605851	1.92206575
zapa1253	-0.3790399269205	1.67971360830687	-3.862346	2.73152675
zarm1239	1.01317345315445	1.58703488449495	-1.9760765	4.21507225
zaye1235	-1.1674303527865	1.50799241249508	-4.30709725	1.57142
zeme1240	-1.4236631717475	1.5595716991149	-4.7164755	1.41667175
zinz1238	0.356598679095	1.63993129671015	-2.73002575	3.78924525
zoog1238	-1.074360833263	1.6236380576214	-4.46061525	1.87823175
