Estimate	Est.Error	Q2.5	Q97.5
abad1241	-1.09186718498	2.0022495284731	-5.13943925	2.69778325
abar1238	-0.201749145576	2.28904708695077	-4.909752	4.17647825
abkh1244	0.14947682806895	1.96873253145641	-3.87716825	4.029417
abun1252	-0.5086690767925	2.19729859514219	-5.00890575	3.53960025
acha1249	-1.10507830182	1.98017640246632	-5.35651025	2.51164925
achi1257	-0.1016481849155	2.20419144015991	-4.38547175	4.27797975
achu1248	-0.52883516639	2.07537009057645	-5.05271175	3.36794775
acol1236	-0.250244458095	2.36316267612855	-5.18156925	4.2745585
adan1251	-0.243803615666	2.20756474719302	-4.8287505	4.00365749999999
adze1240	-0.7543943405705	2.13654376373924	-5.198494	3.3316215
afar1241	0.214617848375	2.16613593880157	-4.27268675	4.54676475
agob1244	0.954819312296	1.91332056997708	-2.78921425	4.8299535
aheu1239	-0.384635797837	2.23726294296506	-5.165837	3.99066875
aime1238	0.34941241855	1.93706327228821	-3.43462125	3.99063
ainu1240	-0.670535778555	2.09255035488761	-5.119524	3.18240975
ajab1235	-0.15318598889	2.30637009653644	-4.731487	4.4712185
ajie1238	-0.1173755780475	2.27693508036982	-4.67329475	4.3264735
akha1245	-0.178183363825	1.72542668475711	-3.70247475	3.20914075
akoo1248	-0.1702518578	2.34913059415069	-5.0618405	4.38262874999999
akun1241	1.667783649085	1.91196184804982	-1.698264	5.854287
alab1237	-0.476689732995	2.07531051181776	-4.81418225	3.19589475
alab1254	0.367925217124	1.97106091978321	-3.84897025	4.18108425
alac1244	-0.6319551964485	2.244956469599	-5.19717075	3.656586
alag1248	-0.2953265020175	2.14136712448681	-4.77142725	3.77685875
aleu1260	-0.2830191682575	2.04817393928025	-4.40686375	3.62285725
alor1247	-0.2421913286875	2.15872978562761	-4.64302075	3.8398365
aluk1238	-2.000756154117	1.8726554994848	-6.11146925	1.3320885
amah1246	-0.97764780434	1.88596237299152	-4.7702565	2.3492565
amam1246	-1.14219371242	2.04288497708441	-5.41211575	2.57908674999999
amap1240	-0.290057878903	1.88175124595667	-4.12375075	3.43153475
amas1236	-0.325198160907	2.22281834982551	-4.89999725	3.913346
amdo1237	-0.485330634456	1.99581496213111	-4.6644515	3.28667975
amii1238	-0.640232243584	2.1121098518953	-4.94793375	3.34295274999999
anei1239	-0.185852200125	2.25291452228067	-4.69870775	4.07442
anfi1235	2.52192939614	1.98587949443062	-1.08361725	6.660807
anga1288	-0.0184806217545	1.58503909654151	-3.06636225	3.17572075
ango1257	-0.45809724397	1.98224890829899	-4.59434925	3.38417575
anta1255	-0.00207497033	2.35189974607259	-4.8242235	4.7411255
anut1237	-0.0161116192975	2.27081141807545	-4.5389655	4.58593049999999
anuu1241	-1.337847179318	1.88565998131168	-5.63012375	2.03009675
aona1235	-1.062450160435	1.76099404065972	-4.6699075	2.21517425
aoua1234	-0.467570785745	2.32264653659451	-5.492888	4.12960175
apat1240	-1.164207970915	1.93359041550085	-5.20661325	2.62972275
apin1244	-0.709761668015	2.08838030262752	-5.00066175	2.96279475
apma1240	-0.4021820112	2.10230721227817	-4.83786825	3.74717725
apma1241	-0.4977569686345	1.8623924144954	-4.279755	2.95481149999999
arak1252	-0.361004134572	2.21369091494648	-4.7925205	3.969071
arao1248	2.104846060885	1.74247748668394	-0.951284175	5.883751
arbo1245	1.003618232345	1.79542275251423	-2.4900965	4.67410175
area1240	1.088984159805	2.16389957704037	-3.2414315	5.49855925
argo1244	3.1828803894	2.16045116029781	-0.706707025	7.99655525
arhu1242	0.22459484215	1.94729877059837	-4.03033925	3.98187275
arig1246	-0.124622406595	2.28107342659024	-4.60051725	4.34422799999999
arop1242	-0.3788028660355	1.88928093269395	-4.2014975	3.1931315
aros1241	0.6669382805265	2.18279693333534	-3.721645	5.09404725
arta1239	-0.18384085142075	2.22905774161881	-4.630255	4.11393375
ashe1272	0.3012203751865	2.17919649099287	-4.04658175	4.56686225
asoa1238	-0.171017740665	2.22533645973501	-4.6307935	4.23948449999999
assi1247	-0.2747996146492	2.11422106262873	-4.56034375	3.645875
asut1235	-0.080471332555	2.31788095041404	-4.8137835	4.59490525
athp1241	3.67791440525	1.48301608935369	1.088355	6.959782
aton1241	0.11997982745715	1.91438980874524	-3.93555925	3.80770874999999
aulu1238	-0.46841132361	2.12063075603063	-4.740445	3.7473725
auye1238	-0.498232988431	2.17452049780395	-4.983815	3.57545
avac1239	1.7489378751832	1.96305339585866	-1.759211	5.94569725
avat1244	-0.2065158601245	2.27061629595912	-4.88414375	4.23046025
awac1239	2.480649178655	1.94827068495756	-0.9389157	6.695747
awad1243	1.706571946315	1.84798081065779	-1.648418	5.5937685
awad1244	-0.863399698565	2.04945259975437	-5.1321	2.88159325
awar1249	-0.80716266631	2.0271883301611	-5.065109	2.9876895
awji1241	-0.276203871581	2.28876843230207	-5.11508075	4.1694585
awtu1239	-0.33449746999	1.76807480339693	-3.95133525	3.074668
axam1237	-0.4670846715925	2.11150269541604	-4.909198	3.60812475
ayac1239	1.585962061573	1.92047154335221	-2.0244785	5.82160124999999
ayiw1239	-0.0357511252095	2.24823777197967	-4.6137245	4.29768674999999
baba1266	-0.190107128688	2.26332853398098	-4.68604125	4.22126125
babi1235	-0.432442508922	2.08399550117784	-4.7219555	3.5933145
bafi1243	-0.093205331428	2.22752387681632	-4.65881275	4.263849
bafu1246	-0.173704361545	2.25094071682716	-4.637123	4.11229625
baga1272	-0.1263259009115	2.16282010569038	-4.53652225	4.0972445
bagi1246	-0.5299944601788	2.12769619554416	-5.05728625	3.539402
bagv1239	3.628259945025	1.85350354028637	0.3750894	7.549875
baim1244	-0.529053453475	2.00968327798247	-4.88875875	3.16845875
baka1272	0.007961147945	2.29122627276326	-4.66701575	4.539347
baka1274	-0.1427669387265	2.28169441425586	-4.755725	4.3330085
baki1244	-0.49300793219795	2.14394593784983	-4.846857	3.72846149999999
bala1315	-0.052713827476	2.34234332457874	-4.54940275	4.527761
bala1316	-0.180509971355	2.32515424017902	-4.7611385	4.12465175
bali1278	-0.027032666835	2.28338519219351	-4.74967575	4.65347475
balu1257	-0.29011800244	2.28831246155731	-5.19242375	4.13456575
bamb1262	2.31741937685	1.94242986041562	-1.15579575	6.414006
bamb1269	-0.125071569041	2.16378754372554	-4.6902735	4.0666375
bamb1270	-0.07888393902	2.22474261672963	-4.65120575	4.24795299999999
bamu1253	-0.1304982263851	2.27948674798461	-4.68907	4.42006225
bamw1238	-0.0849237923335	2.19205814856417	-4.64134975	4.11569924999999
band1344	-0.08962382537	2.27991794798119	-4.54639325	4.60765625
bang1363	-0.441777488595	2.21926157408455	-5.039397	3.732623
bang1369	-1.0587571872265	1.95372491241254	-5.1543465	2.45359275
bant1281	3.7412518942	1.44109394450991	1.21297125	6.72919475
bara1357	2.667576113195	1.54469861777177	-0.166869525	5.942844
bara1369	-0.04758515034	2.17258115098255	-4.52336325	4.10798725
bare1279	-0.27771645977	2.20517034660906	-4.84537825	3.88539525
barg1252	-0.9254920225385	2.04968769332943	-5.308128	2.72576325
bari1286	-0.3774492036985	2.28925246065804	-5.1842705	4.025655
baro1253	-0.37850155117	2.18231205110968	-4.81351675	3.852613
basa1282	-0.1096839900835	2.27037873528183	-4.5678385	4.44270525
basq1248	-0.61982648542	2.11244046988832	-5.09580475	3.2859065
bata1289	-0.03539315532	2.28466211618981	-4.66789	4.56226499999999
bats1242	2.943616172845	1.78797554195336	-0.098955695	6.7953045
baur1253	-0.458554364485	2.11264812569167	-4.81402475	3.41531875
bawm1236	-1.2199685740415	1.91934981926452	-5.146734	2.311937
bayb1234	-0.135984935765	2.33082990916051	-4.956614	4.496667
bebe1248	-0.0473813696135	2.34057972839372	-4.49974225	4.78132425
beja1238	-0.165545354155	2.15236878175524	-4.5479175	4.083465
beka1241	-0.083186539601	2.31195585283757	-4.72463325	4.38154199999999
bekw1241	-0.137147210475	2.19095549251023	-4.50856325	4.14604175
bela1254	-0.870503517155	2.01558543189613	-5.20992175	2.623282
beli1257	-0.032964471143	2.13214251998469	-4.469638	4.004689
bell1243	-0.248361439805	2.24771902853694	-5.353704	4.066727
belu1239	-0.179317821836	2.27974370342896	-4.740473	4.155926
bemb1257	-0.111208475009	2.31629870045394	-4.914735	4.5466305
bent1238	-0.5727521888205	2.19221966818102	-5.21645675	3.29948125
bezh1248	3.257724591455	1.8371020887027	-0.0692268875	7.2405405
bhoj1244	2.80294136216	1.96234048237002	-0.5939595	7.12458975
biao1254	-0.1365207423825	2.31284612966216	-5.03992825	4.17343825
biao1256	-0.140319212436	2.31745789147686	-4.962628	4.25883299999999
biat1246	-0.071846619535	2.25474670792134	-4.706842	4.25016625
bidy1244	-0.0746821470965	2.30856856672352	-4.72974225	4.1957515
bier1244	-0.4934327272375	2.1369202454463	-4.833502	3.56177424999999
bign1238	-0.43919999847	2.16028514138428	-4.816208	3.87133649999999
biha1246	-0.56409077678385	2.14560274065257	-5.19045575	3.42376625
bila1255	-0.1697452680075	2.24180256353239	-4.79464325	4.1110245
bimi1240	-0.258580047205	1.86316204784185	-4.13822075	3.10651475
bina1277	-0.78546452774	2.04596982927311	-5.02741875	3.17213225
bini1246	-0.0712850204838	2.3039344777912	-4.79802225	4.50455775
bira1253	1.488726656425	1.63420166747627	-1.64117225	4.61356325
bisu1244	1.6610281244	1.79824588496389	-1.7941	5.22486749999999
blab1237	2.10423968425	2.02484330393214	-1.64284725	6.36287175
blan1242	-0.194441090261	1.80165511433687	-3.8607865	3.33641875
bodo1267	3.256736402325	1.76336053850304	0.21450195	7.13929775
boht1238	1.05591691675865	1.81692149624484	-2.429973	4.7259745
bola1250	-0.0980724975	2.22467706340121	-4.6411345	4.31189925
bolg1251	-0.3141001315925	2.29633500446045	-5.16320725	4.10390099999999
bolo1262	-0.0441097044	2.17441924295239	-4.35844975	4.3301835
boly1239	-0.437534920995	2.15115074401916	-4.8644525	3.59850725
bomb1262	-0.082898223	2.19990490558206	-4.493437	4.185717
bomk1234	-0.069130884468	2.32616554685573	-4.552143	4.66305725
bona1250	0.165800117955	1.7845943168293	-3.474812	3.72761425
bond1247	-0.08504226695	2.31723004151487	-4.7383495	4.62139299999999
bong1284	-0.0487869304	2.30288564895264	-4.46793875	4.42519325
bong1289	-0.0207823290225	2.24772406270795	-4.49807775	4.2702825
bora1263	-0.79158746385	2.09177682620173	-5.205283	3.24873325
bori1243	-1.063124520205	1.88971761093258	-5.019957	2.476703
boro1277	0.19291656432	1.82476712979073	-3.519592	3.740692
boto1242	-0.17281103644	2.26732928263918	-4.694357	4.3603065
brah1256	1.378848899725	1.79272090123789	-1.97600175	5.0810405
bret1244	-0.2906571472525	2.16199602031263	-4.84620225	3.631717
brib1243	0.0078472961045	1.94569983379938	-4.15976275	3.59544699999999
budu1265	-0.382063985745	2.19433873977701	-4.989137	3.7738525
budz1238	-0.081325380945	2.3210002136945	-4.59170275	4.63992775
buga1247	-0.642349661303	2.17431463678131	-5.13675925	3.57284925
buga1250	-0.88194247043	2.1382629373311	-5.45460925	3.3131535
bugh1239	2.5956597868975	1.99674817264041	-1.10218275	6.78063925
bugl1243	-0.422457281565	2.04334568012716	-4.572646	3.492788
bujh1238	2.8273931807	1.56055975146661	0.107088375	6.3227585
bull1247	-0.120839129805	2.23407203129852	-4.61145	4.28954399999999
bulo1242	-0.539902698486	2.08067178715332	-4.9315195	3.361703
bumt1240	-0.550039593005	1.95125300492139	-4.80858075	3.168653
buna1276	3.22312510417	1.99904122522889	-0.5238909	7.27959975
bund1253	1.47349451664355	1.90207363090867	-2.0419125	5.56808924999999
bura1292	-0.485735386455	2.16104663293736	-4.980316	3.89610925
bure1242	-0.4395457520385	2.11830751662458	-4.81463725	3.69381725
burj1242	3.45714561892	2.08722963746259	-0.29306125	7.9196155
buru1296	1.34916749585	1.90684293959528	-1.910767	5.2019255
buru1320	-0.32128046764	2.15560135178446	-4.71429875	3.7124255
busa1253	-0.098082463187	2.23837749547969	-4.39385875	4.289194
bush1247	-0.0114611983695	2.24860938683471	-4.5683015	4.453481
buwa1243	-0.63524910615	2.04575975300088	-4.83679225	3.1513645
bwai1242	5.1444386575	1.95667809492507	1.66330325	9.46890675
bwat1240	-0.147113321202	2.25409885655562	-4.54983775	4.2569275
byan1241	3.6493383399	1.90827928986048	0.280159475	7.95940475
caac1237	-0.1987069509647	2.26108154472096	-4.7600705	4.14218
cahu1264	-0.716293534055	2.02694913859356	-5.051624	3.0563225
caml1239	3.9670589276	1.48423697140339	1.28507675	7.10606725
cane1242	-0.69427904336	2.08282597072529	-5.1740855	3.15008825
carn1240	-0.20276484454	2.20643894907685	-4.63949375	4.1403635
caro1242	-0.1012462169365	2.23990063582341	-4.77812025	4.17004024999999
cash1251	0.07112305793	1.67740102080515	-3.270217	3.41896625
casi1235	-0.14335621795	2.24316306135025	-4.75984075	4.16633125
cavi1250	-0.4690641831255	1.83173510437905	-4.31239575	3.03426625
cemu1238	-0.2082837337105	2.24546036262549	-4.6640695	4.0866565
cent1989	-0.276630257925	2.16449550911608	-4.776331	3.84828025
cent1990	-0.271857904035	2.19341943723034	-4.97515825	3.91087825
cent1992	-0.5704150655485	2.10306118005358	-5.0685945	3.498358
cent2084	-0.102752110205	2.25572278392234	-4.63501725	4.211788
cent2127	-0.127549855225	2.19852873398505	-4.5949975	4.19478425
cent2131	2.677909227782	1.79921015240008	-0.5644262	6.43963149999999
cent2140	-0.7628470767135	2.00064453921563	-5.084957	3.0933135
cent2142	0.1201722702695	2.05699709545244	-4.070223	4.05611575
cent2150	-0.46112038032	1.93240641215325	-4.357182	3.01751325
cent2292	-0.1257621169505	2.27113594148577	-4.77213675	4.38009349999999
cent2314	-0.374832611125	2.28285220480302	-5.218922	3.88920025
cent2322	2.03700563425	1.99574742868927	-1.48997925	6.41791324999999
chac1251	0.66831443027	1.90133060186306	-3.2095825	4.31194475
chad1249	-0.191161577445	2.29161264332638	-4.7877585	4.08147125
chak1270	-1.2016343913989	1.97360293644976	-5.45619375	2.3655495
chak1271	-0.1334112530235	2.24277856401233	-4.597206	4.30306525
cham1309	3.67860998112	1.85931070272999	0.33378545	7.6413515
cham1312	-0.05708566514	2.24202075814376	-4.372519	4.43382625
chan1313	-1.1735639811	1.88440359484882	-5.12559375	2.30936625
char1269	1.562886160655	1.71340531893058	-1.62476975	5.12041225
chec1245	2.75937138239	1.97035599817454	-0.71687975	6.9935325
chek1238	2.29364420867	1.99168095410341	-1.3646505	6.47313124999999
chen1255	-0.435858620825	1.69079920992938	-3.958718	2.85754525
cher1273	-0.4701395471255	2.03935834327544	-4.82374475	3.58315625
chhi1245	3.61699054755	1.41610798015195	1.00402365	6.703914
chil1280	-0.391750984625	2.07257552529163	-4.6425815	3.39578925
chim1302	2.081600996325	1.93463953970637	-1.2935225	6.36421775
chin1286	-0.4692991049005	2.29150395094256	-5.64994675	3.76583575
chip1261	-0.35716397199	2.10524971316686	-4.806462	3.5640205
chiq1248	-0.229798652924	2.13128025441847	-4.8154755	3.851139
choc1276	-0.5483516312	2.16007266205043	-5.271729	3.36008475
chon1284	-0.39542007265	2.27411269686363	-5.2963925	3.825612
chot1239	-0.80324347148	1.78506938859299	-4.43214025	2.5126145
chra1242	-0.4652797328085	2.19315957227958	-5.1438995	3.80317725
chug1252	-1.070522361164	1.91336174434572	-5.31244625	2.49797025
chuj1250	-0.4824512867165	2.096900691995	-4.68379525	3.60878824999999
chuk1273	-0.60266699102	1.98213045529317	-4.792657	3.22067275
chuu1238	0.042750101398	2.25100984776826	-4.5901805	4.40261149999999
chuv1255	0.0160619281195	1.70829462415818	-3.488161	3.14674199999999
chuw1238	-0.036143313688	2.3035085141031	-4.60694075	4.4272565
cici1237	-0.151160934876	2.36090349395391	-4.9282695	4.55143175
coat1243	-0.701523528985	2.15261618664858	-5.10530125	3.28017875
coca1259	-1.515201796075	1.96182030448128	-5.62049475	2.00863824999999
coeu1236	-0.365853325665	2.04372072159377	-4.56637175	3.6156295
colo1256	2.754022194595	1.97636323189581	-0.59470535	7.23183125
colu1241	-0.190586070467	2.13466942182464	-4.515494	4.11621925
coma1245	2.44538700991	1.90001014172799	-1.01414025	6.415194
como1259	-0.127890775795	2.25023290711308	-4.7470895	4.219331
cong1236	-0.00250120781	2.38186824937571	-4.91563775	4.6845765
copa1237	-0.746096377825	2.15441591314822	-5.15975075	3.17089325
cori1240	-0.3205010555365	2.17200841015901	-4.90746525	3.8190765
cors1241	-0.33649413266	2.22566686481375	-4.96268575	3.87836575
cosa1234	-0.792508013043	1.86441968995576	-4.535306	2.81285475
cota1241	-0.1465522166435	2.14256439960536	-4.53733175	3.889235
cree1270	-0.5701741772667	1.98337185812397	-4.610784	3.13916275
crow1244	-0.308610276735	2.06968007256391	-4.4670605	3.7110685
cube1242	-0.67127028993	1.76708117586653	-4.59271975	2.6759265
culi1244	-0.7714027092975	2.03710220145037	-5.17977775	2.98522925
cusc1236	-0.30095073175915	2.04558741271716	-4.6045155	3.45054775
cypr1248	-0.141603731804	2.14846972232677	-4.3409105	3.8966115
czec1258	-0.201843778105	2.27302272028151	-4.8986325	4.1434375
daai1236	-1.2660757618405	1.96119701510125	-5.6518475	2.24739149999999
daas1238	0.286498240635	2.03912295068819	-3.73334725	4.082704
dadi1250	1.57472068208	1.80663827830143	-1.65413375	5.5101675
dagb1246	-0.14274296663	2.28195991729488	-4.8246595	4.36195875
dagi1241	-0.386678103845	2.26983422436169	-4.87476975	4.027017
daka1243	-0.462819194138	2.09050233455759	-4.77002675	3.54396475
damp1237	-0.0845855096715	2.26143347582764	-4.60616	4.49773924999999
dana1252	-0.893095509285	1.88400991837021	-4.96620275	2.510754
dand1238	1.828410199915	1.75845174118504	-1.27781275	5.581698
dani1285	-0.800333589832	2.04646032308752	-5.30608975	2.9962855
dara1250	2.50529656165	1.668283746066	-0.569181675	6.16068875
darg1241	2.1251975217455	1.76956583541845	-1.0764545	5.88639675
darm1243	3.6933334699	1.91788003377506	0.37756875	7.9090615
dawr1236	2.195674655845	1.73700637950432	-1.0820465	5.76599625
daza1242	-0.19759837878	2.28719891118438	-4.88466425	4.54523025
dege1246	-0.079434869452	2.15863973146274	-4.287358	4.22905025
dehu1237	-0.2008417580165	2.15538816472532	-4.48263125	3.8931995
dera1248	-0.484444846026	2.13952380622832	-4.828093	3.64546149999999
desa1247	0.499515391761	1.52702871873189	-2.46716325	3.506201
dhao1237	-0.103041909499	2.24831464796722	-4.62671175	4.3739665
dhim1246	4.28775852715	1.85134704138759	0.9759003	8.30081125
dido1241	3.462385397015	1.82217007642967	0.202568375	7.322202
diga1241	1.779832002845	1.72797651184356	-1.56123975	5.284002
digo1243	-0.02030010534	2.30036904476687	-4.616111	4.60683775
dima1251	0.41622809996	1.7506348508899	-2.99895575	3.83606374999999
djam1255	-0.52055388842	2.25262862895555	-5.31096225	3.8807815
djin1251	-0.10825664937	2.07450490936059	-4.41858325	4.198417
dobu1241	4.7462533598	1.98671551890531	1.24094575	9.07800775
domm1246	0.218142575805	1.84820030547485	-3.39456	3.88070725
dong1285	2.33693936336	2.00214038838672	-1.38644375	6.61778225
doro1266	-0.6345718305525	1.87081011273175	-4.56853	2.78099349999999
drun1238	-0.244163885045	1.84599645937777	-3.956264	3.3784395
dupa1235	-0.10878352702	2.27646041282225	-4.79025475	4.34684375
dutc1256	-0.7497881872575	2.01013364255252	-5.0140475	2.89212699999999
dyul1238	-0.2610608842695	2.26713260213646	-4.80154375	3.9988285
dzao1238	-0.11712331600755	2.35274377029949	-5.01778025	4.796687
dzon1239	0.9166584588955	1.64958035752268	-2.4776385	4.1559565
east1236	-0.5834083195295	2.18148955449729	-4.88880425	3.68760975
east2328	0.930640919267	1.59106684326836	-2.10903825	4.01651775
east2332	-0.48814323584	2.14867157915734	-4.857949	3.696932
east2342	0.01634306391	2.07298259904054	-4.29887725	3.99853249999999
east2443	-0.35841243795	2.17303656780473	-4.84835725	3.841765
east2485	-0.0392397529	2.27135070665967	-4.69037475	4.2849915
east2516	0.73420717479	1.74156183432511	-2.6741305	4.243492
east2555	1.722033251275	1.92963308524745	-1.7639945	5.58651225
east2556	-0.6157967644075	2.08615317447889	-4.978257	3.187941
east2690	-0.1690529761415	2.23490487994822	-4.64562	4.01775375
east2773	3.94414956245	1.59247321128121	1.14178	7.31793274999999
egyp1253	-0.080483908324	2.18726427530274	-4.46574025	4.35317675
eipo1242	-0.6224125148	2.05369532283432	-5.004641	3.13348075
ekar1243	-0.4524343213865	2.18319397138177	-4.90024625	3.55110899999999
elna1235	-0.960574432085	2.02693103526964	-5.4343375	2.74217
emae1237	-0.470192378005	2.24991946234851	-5.105595	3.9955825
emai1241	-0.089569551192	2.30823375188666	-4.51093125	4.6173475
embe1260	-1.0529607262565	1.96882568451505	-5.2247265	2.56509375
embe1262	-0.73525933529	1.99480696111832	-5.07992075	3.12604725
enap1235	-1.1174679262615	1.87039864546985	-5.107576	2.30693625
enuu1235	-1.071155623637	1.99100525695189	-5.41731625	2.63549025
epen1239	-0.714009904318	2.0376028215278	-5.1237865	3.0318845
ersu1241	-0.005774702925	1.78726131236689	-3.6832985	3.4916735
erzy1239	-0.800815784473	2.13721161718359	-5.49121025	2.99099949999999
esan1238	-0.0576517340325	2.38241208746887	-5.084317	4.77798525
esee1248	2.1598981549825	1.81145890702503	-0.954445125	6.01107575
esim1238	-0.15253878879	2.27212399445387	-4.59823025	4.249223
esto1258	-1.16252853568	2.00914899594513	-5.64484875	2.51764875
eton1253	-0.0926712024495	2.2926927678291	-4.69458325	4.46251275
even1259	-0.4306528857915	2.14015326601826	-4.64230225	3.612651
ewee1241	-0.1673578037455	2.2942351971947	-4.94474025	4.3380085
fait1240	-0.58270194333	1.98933775654886	-4.7445995	3.053349
fare1241	-0.173233444551	2.25666883293705	-4.56737125	4.23468325
faro1244	-0.265272577045	2.15875259022926	-4.58376025	3.88917425
fass1245	-0.6727669348588	1.90380048714809	-4.52181675	3.0978785
fasu1242	0.6416767888655	1.93186339694834	-3.16549525	4.46672575
fiji1243	0.015962295713	2.30155064683545	-4.703715	4.64018675
fili1244	-0.0851799683085	2.27293621649157	-4.6929495	4.35615224999999
finn1318	-0.6098070354785	1.92457336142059	-4.6535465	3.07428225
fonn1241	-0.165582125345	2.28085410539302	-4.743505	4.4464755
fore1265	-0.739248010105	1.88253072398826	-4.75072275	2.62101625
fran1266	-0.52729909867	2.18136991998344	-5.142184	3.644309
fuln1247	-0.7466406114165	1.96556423570698	-5.042496	2.99465275
furr1244	-0.2130313953545	2.29942773662747	-4.7613015	4.24108349999999
furu1242	-0.0784505778705	2.28011108011096	-4.5483495	4.51084175
futu1245	-0.18429778465	2.31863571288655	-4.8733575	4.4875455
fuyu1242	-1.1617244305425	2.00101436853999	-5.1669255	2.45565975
gaan1243	-0.509826388595	2.15734775036381	-5.04516425	3.82454525
gaga1249	-0.8884000222835	1.93341984496424	-5.03054775	2.48045775
gahr1239	1.3609481603575	1.74478566886193	-2.1099435	4.7508435
gali1258	-0.2853574339315	2.23378205987575	-4.68214	4.1529555
gali1262	1.66623111308625	1.80823073083477	-1.5816195	5.53271325
gamo1243	1.668532103265	1.64043361531817	-1.33983625	4.9834655
gang1266	-0.6685869409005	1.75186817115729	-4.3341205	2.63447575
gant1244	-0.6091389768715	1.94191927837325	-4.72586675	3.07585125
gata1239	3.476125099855	1.80414345050768	0.463450025	7.62192675
gayo1244	-0.08294321733	2.22716761900725	-4.5730135	4.22060725
geba1237	-0.670274231879	2.12828910618792	-5.1696605	3.21533175
geda1237	-0.8782991219025	2.00059877053527	-5.26319	2.68682525
gela1263	2.76330871543	1.92783632558958	-0.827901825	6.528945
ghad1239	-0.085271977011	2.17868090360185	-4.5817155	4.19985149999999
ghan1242	0.189126837012	2.19221449127536	-4.147031	4.51677975
ghar1239	3.0152732698875	1.94414901911858	-0.4012352	7.05641474999999
gheg1238	-0.35335638999	2.08834432574778	-4.68118475	3.66075025
ghod1238	3.515280922855	1.95931660041958	0.0393732325	7.54236325
ghom1257	-0.203033154614	2.21321432229708	-4.8649055	3.951648
gily1242	-0.55474214608	2.03124259011697	-4.71622125	3.3247965
gira1247	-0.77337717988655	2.03037834033436	-5.05691175	3.000207
goem1240	-0.345946121125	2.16296881362196	-4.76138275	3.73048775
gofa1235	2.064647229665	1.67251201239868	-1.15174075	5.52017975
gola1255	-0.019188697895	2.33709929674389	-4.70987225	4.70834
guah1255	1.837967518955	1.96663679262511	-1.62986225	5.8917565
guan1269	-0.0252266638575	1.70231413481481	-3.54651475	3.3464375
guat1253	-0.3080435013375	2.10160694834594	-4.598122	3.86332075
gube1234	-0.0632931739455	2.25647362986877	-4.58728725	4.515686
gude1246	-0.548762032271	2.10389153944986	-4.87485375	3.5906045
guer1243	-0.66427351596	2.22382192360636	-5.63484475	3.3259915
guhu1244	-1.1252350977035	2.02302372517203	-5.2605505	2.62591549999999
guiq1238	-0.68446640326	1.94235813837092	-4.911356	2.8034835
gulf1241	-0.1199249311715	2.244501115056	-4.64027	3.96102325
guma1254	5.294474008	2.06045865806698	1.75502225	10.10218
gumu1244	-0.013112437975	2.10354624120891	-4.387908	4.0299165
gunw1252	-0.3642534647215	2.19341108486449	-4.65445575	3.89785625
gura1251	-0.68550859181	2.02953120437489	-5.061121	3.03575975
guro1248	-0.220581134731	2.28972375898615	-4.7583435	4.24662975
guru1261	4.339096236	1.59324294959155	1.502778	7.73769075
guru1271	-0.450999385025	2.1683887182587	-4.8954105	3.7462775
gusi1247	-0.1650446265875	2.18813076690397	-4.6258895	4.2458185
gyel1242	-0.0152096467865	2.25045677505516	-4.425642	4.69989675
haaa1252	0.001887152185	2.1736973961585	-4.21988125	4.19338525
hadi1240	0.754897658158	1.93731105008314	-3.28609525	4.60045725
hadz1240	-0.321222179529	2.20443870655071	-4.778556	3.79056275
hakk1236	-0.1960751255245	2.17539077900821	-4.600968	3.88888399999999
halh1238	-0.3638898768665	1.9109657207351	-4.2354095	3.28216975
hali1244	-0.54446673291	2.09167391929732	-5.00047525	3.528482
halk1245	-0.294674026576	2.2706352784107	-4.990471	3.98972575
hani1248	-0.9166497639046	2.01186089623187	-5.23572725	2.75039625
hano1246	-0.37259464969	2.1391621903548	-4.8798105	3.875727
haus1257	-0.3166320987395	2.13127294731883	-4.387752	3.6340095
hawa1245	0.0162729721955	2.16958102695432	-4.21347925	4.34411025
hdii1240	-0.607740902286	2.08916080834051	-4.89135875	3.39709575
hebr1245	-0.179646067384	2.17087682969939	-4.56950925	4.13630825
hehe1240	-0.0981576205	2.31936409963772	-4.70944425	4.48694975
here1253	0.021240279998	2.22739887742175	-4.42642375	4.27093975
hida1246	-0.35421934925	2.22976644210917	-4.84892225	3.806968
high1276	-0.6559153955455	2.09105403791983	-4.895841	3.43723775
hind1269	-0.8960072010785	1.92350347939834	-5.049056	2.6796825
hoaa1235	-0.6979531708745	2.0976588801119	-5.1879195	3.16764075
hoav1238	0.781202602075	2.13582802635732	-3.32025025	5.12834825
holo1240	0.007974007463	2.31508469740396	-4.38249475	4.5252465
hone1235	-0.41723806125	2.20681194523409	-5.19599275	3.76418975
hopi1249	-0.7500675009305	2.05523442310579	-5.17557275	3.1182235
hote1245	-0.9876210805185	2.08685422692709	-5.32263825	3.0225995
hual1241	1.2037421658485	1.85683310710463	-2.133108	5.14591075
huam1247	-0.88810752598	2.01719117731823	-5.18396375	2.76235075
huar1255	1.2064354858955	1.71899414276913	-2.04911075	4.8174795
huas1242	-0.40060403671	2.15209090520238	-4.886542	3.65449199999999
huba1236	-0.5517843322265	2.12548439376747	-4.98217075	3.5574115
huic1243	-0.966635406025	1.95713653214355	-5.26765925	2.580072
hula1244	-0.11969883001025	2.23989713216944	-4.72029825	4.25574925
humb1243	-0.284069390435	2.22680681147609	-4.8274625	4.047667
hung1274	2.03604080439	1.91614479046901	-1.3656495	6.23043224999999
hunz1247	3.148840283965	1.85350366440275	-0.29194505	7.25719325
hupd1244	-0.0472191337345	1.53877822770432	-3.22208725	2.85975475
iaai1238	-0.155393363855	2.1304380723645	-4.5721575	4.082236
ibal1244	-0.099564963155	2.37041982274015	-4.6831315	4.47356125
iban1264	-0.003065255195	2.27116898130171	-4.76448625	4.4305065
iban1267	-0.12104993194	2.31520592054895	-4.89489525	4.41108275
ibat1238	-0.008072293405	2.25188970862316	-4.5422145	4.32328725
ibib1240	-0.07157805787365	2.29175927300514	-4.5658445	4.26773825
icel1247	-0.17470246609	2.14549178026381	-4.71709325	3.87055325
idii1243	1.26969841625	1.73641964001625	-2.078206	4.725707
idun1242	4.978591344015	1.92935948765575	1.6735045	9.347743
ikkk1242	-0.1106382616605	2.16633306967892	-4.65906375	4.071828
ilaa1246	0.014050846955	2.26198041406904	-4.60215475	4.33199225
iliu1237	-0.1761317540845	2.16248365348729	-4.66577725	3.91243825
imba1240	2.73258535713	1.95247768812615	-0.6846674	7.036213
indo1316	-0.1161623019555	2.18940838307386	-4.4892055	4.313924
ingr1248	-1.211109452749	1.99704101892988	-5.3621705	2.38803075
ingu1240	2.85135446588	1.94425143188332	-0.56337115	7.0596525
iqui1243	-1.44956344089	1.94663652928275	-5.60391175	1.94028975
iraq1241	-0.3199037580405	2.1742789079638	-4.93611025	3.8495155
irar1238	-0.2007349527035	2.31155232338639	-4.914626	4.19896375
iris1253	-0.3917371660941	2.20023716221532	-4.9208675	3.93723724999999
irul1243	-1.3310063861735	1.89955950120743	-5.282341	2.1546025
isco1239	0.767322043495	1.6821141115198	-2.37911275	4.17512924999999
isir1237	-0.7189008225025	2.01933683345627	-4.85263325	3.06373025
ital1282	-0.755026349941	1.97353700433684	-4.99393525	2.81167074999999
iton1250	-0.657563761025	2.07551680954279	-5.01872925	3.38566125
itza1241	-0.218640601185	2.25567871845558	-4.79206975	4.12437275
iwal1237	-1.011267627225	2.09042445832398	-5.307255	2.9378425
iyoo1238	-0.766412116075	2.03752787235649	-5.1192555	2.99021225
jalk1242	-0.260899886939	2.30040378198705	-4.90820175	4.2439405
jama1261	-0.83370648452	1.99149519377801	-5.2381865	2.77768324999999
jamb1236	0.075990659115	2.35972569364696	-4.66736975	4.854782
jams1239	-0.54398075034	2.15454836935397	-5.24806675	3.415463
jara1266	-0.512120128895	2.19377265938682	-4.95493125	3.71736274999999
jede1239	-0.3339278683225	2.07262966934026	-4.67162325	3.52520725
jeha1242	-0.31583134207	2.06703487974663	-4.6632295	3.630475
jina1244	-0.52451641282	2.10378394120296	-4.74476725	3.49251275
juan1238	3.114366544085	1.98452704616259	-0.251408725	7.6201895
juku1254	-0.235982141012	2.34596044147645	-4.9222055	4.34097925
kaba1278	0.6048513159695	1.93517598777467	-3.05215575	4.44067275
kaba1281	-0.1469314988175	2.20885096531553	-4.6079095	3.9742105
kach1280	-1.061448529511	2.01997523748439	-5.549605	2.55999924999999
kado1242	0.179194235982	1.65730092088159	-3.1929905	3.33877275
kafa1242	2.335494004101	1.93480818693718	-1.081592	6.49254
kagu1239	-0.122806693905	2.31941878186302	-4.6947835	4.53637375
kaik1246	0.2578761894345	1.66633080726834	-3.05615275	3.4189405
kala1384	-0.093133960613	2.31420181505493	-4.72112225	4.5111185
kala1388	-0.1266481190465	2.28524731450374	-4.8296955	4.25707625
kala1399	-0.14038363695	2.21395546108142	-4.68854	4.1754725
kali1308	-0.1748018599605	2.13439197862075	-4.57338875	4.07613
kamb1297	-0.0393444192905	2.23670573772241	-4.574146	4.34626725
kamb1299	-0.086025038085	2.37755022984962	-5.1121545	4.58649899999999
kamb1316	0.611249618684	1.89216845147874	-3.3777155	4.32688625
kana1286	-0.155036609055	2.23879009161199	-4.77838575	4.3039925
kani1286	-0.115221779255	1.94532303692079	-4.02472225	3.91121575
kank1243	-0.09496199498	2.27319429014505	-4.7643565	4.35307225
kaqc1270	-0.4152179077	2.07893576338609	-4.75680825	3.59847525
kara1482	-0.230615305909	2.26224912063263	-4.75958875	4.26985625
kara1486	-0.2708506943	2.2681063878356	-4.74659975	4.055619
kara1500	-0.257582883715	2.05961682064618	-4.3005145	3.421352
kare1335	-0.7365093111795	1.98982886562076	-4.96082325	2.89266024999999
kare1338	-0.09591169685	2.205149972764	-4.614159	4.26157125
kari1311	-1.26831898821	1.85686431135759	-5.25590825	2.12076249999999
kark1258	-0.808418710812	1.94574647644128	-5.0400315	3.07768225
karo1304	-0.3849521285855	2.04891384529968	-4.73879225	3.373535
kash1277	-0.7784075390005	1.82806761134615	-4.6682345	2.7488415
kask1239	-0.418377054655	2.1456282607255	-5.207554	3.67622225
katb1237	-0.458798928642	2.2000175493855	-5.07787375	3.70233425
kaya1315	-0.558249774035	2.12741964299041	-5.11608375	3.48792225
keap1239	-0.483690467542	2.00459431873271	-4.662508	3.297963
kele1255	-0.0103601660265	2.27544083573545	-4.533203	4.39888975
kemb1249	-0.0469334054105	2.22503565193372	-4.50877325	4.29101825
kenu1236	-0.121876553272	2.28144965337415	-4.7266185	4.5563125
keoo1238	-0.109940795403	2.25239708052634	-4.5857385	4.35072875
kera1248	-0.03258216094	2.34637798985947	-4.83953075	4.66199375
kesa1244	-0.57618021138	1.99528890412919	-4.86643675	3.168464
kett1243	-0.57108021449	2.14793438158203	-5.14091375	3.64908375
kgal1244	-0.1420092064745	2.32738994917036	-4.89487575	4.44943975
khak1248	1.836838966283	1.85226764028819	-1.584405	5.79967175
kham1282	-0.5228228515106	2.08388725721606	-4.946012	3.488981
khan1278	-0.097649780465	2.23856462155634	-4.60792875	4.37745025
khin1240	0.83093999195	1.52428736332896	-2.04927825	3.79609975
khmu1256	-0.0522677504255	2.03285978496391	-4.019872	3.84881075
khum1248	-1.1213451620825	1.94543862214519	-5.2058645	2.57216475
khva1239	3.5335912126	1.84104859678505	0.2576257	7.48806525
kich1262	-0.4129466113115	2.08517548867085	-4.847212	3.54385225
kiku1240	-0.1032604258815	2.3585493695744	-4.787182	4.38192524999999
kile1243	-0.5931663719055	2.17075538495574	-5.24750075	3.37539275
kimm1245	-0.66454962448	2.089613565212	-5.04449025	3.302687
kinn1249	2.9607652504	1.92310176837463	-0.5031682	7.161241
kips1239	-0.147495416435	2.16254845548113	-4.47567875	4.09233949999999
koho1244	-0.69069948338	2.04831541250821	-4.9967805	3.07840124999999
koir1240	-0.304229182347	1.59484938445402	-3.561043	2.76155075
koit1244	-1.0012223911265	1.96043863390777	-5.10621375	2.67023475
koko1269	2.089767469885	2.05118867014348	-1.619318	6.46244525
kola1285	-0.102253647675	2.31100464459172	-4.92234825	4.362713
kolb1240	-0.27774457828695	2.27288272695038	-5.05817575	4.2521035
kolc1235	-0.1024473739715	2.36881140378134	-4.79184575	4.48465899999999
kolu1245	5.46105931325	2.0265928046568	2.05286825	9.90356374999999
komc1235	-0.194314260156	2.27930882201895	-4.93500775	4.33180399999999
komi1268	-0.7668684666065	1.9768648944994	-5.2661095	2.7722855
komi1269	-0.814481361635	1.9560013262165	-4.7823275	2.80153825
kona1242	-0.3147432782758	1.87894944875119	-4.32695325	3.260187
konk1267	1.73866206435	1.852072745377	-1.553039	5.7983685
kons1243	1.7992552794515	1.71601970084585	-1.47488225	5.30650675
koon1244	-0.006972755837	2.38109655561061	-4.942192	4.68130125
koon1245	-0.080143494274	2.39875115896251	-4.70830925	4.81673125
kore1280	-0.6159003928445	2.10961299104424	-4.9664	3.46720875
koro1298	-0.416615011413	2.15545329229609	-4.81970925	3.672546
kosa1249	-0.66129508794	2.05323802379099	-4.86332625	3.28327174999999
kosr1238	-0.01461467457	2.24869344939099	-4.479572	4.53826625
kota1263	-2.038261291273	1.82996703233353	-5.97235975	1.29475724999999
koti1238	-0.0447700780935	2.34042710804422	-4.92725975	4.732718
koya1251	-0.183877375015	1.74465936791649	-3.69123625	3.24064824999999
koyr1240	-0.236262232435	2.26698659587865	-4.7744025	4.16528949999999
koyr1242	-0.097905580445	2.26046685039277	-4.57847	4.3353765
kryt1240	0.9104076748675	1.54107935110593	-2.01701575	4.040269
kuii1252	2.967685594555	1.62885395458454	0.22582945	6.66794375
kuik1246	2.761193912305	1.97414561320076	-0.710189475	7.14209625
kuku1273	-0.15534096035085	2.22853242022371	-4.89660525	4.11544525
kuku1280	-0.267855308385	2.20638089775389	-4.81607825	4.07742599999999
kulo1237	-0.1067702585975	2.24276140939284	-4.6524465	4.21500874999999
kulu1253	3.507315938245	1.44619837577196	0.810785775	6.367787
kuma1276	-0.17336275084	2.31862250398083	-5.13881075	4.13720775
kumb1268	-0.11423550666	2.30888697392032	-4.650389	4.284414
kumz1235	-0.416021313139	2.13325106684052	-4.9395325	3.43983775
kuni1267	-1.160800073985	2.07283635721263	-5.7127475	2.65655025
kuot1243	-0.33988031451	2.16001569073556	-4.873743	3.86360775
kurr1243	-0.0653654785982	2.31319179985267	-4.77720075	4.5377435
kusa1251	0.612973785205	2.15447080556435	-3.6102365	4.81361675
kute1248	-0.223275183796	2.31928593418308	-4.8936755	4.3432575
kute1249	0.19245007722	2.16585987831749	-4.34269	4.5142145
kuvi1243	2.78223574345	1.56880217241083	0.04068972	6.18583825
kwai1243	1.29746904055	2.18238135989438	-2.82965175	5.80468274999999
kwam1249	2.02550068485	1.9214929634306	-1.570251	6.0833715
kwar1239	1.469357160055	2.12698129946993	-2.5123225	5.7590275
kweg1241	0.856335692834	1.94179261442461	-2.899529	4.76195175
kwom1262	1.329433738825	1.81209753694869	-2.055636	5.15067175
kxoe1243	-0.773063350395	2.11121423395199	-5.18407775	3.14982625
kyer1238	2.510091436565	1.56874195091629	-0.301341875	5.76464599999999
lach1248	-0.682589745937	2.05275695569575	-4.76512775	3.32099275
lahu1253	0.5721535975525	1.61201229417302	-2.67650775	3.68269675
laiy1246	-0.0247822509615	2.21902835856396	-4.538548	4.3053745
lakk1252	2.2985188196179	1.7320130379227	-0.7868919	6.21673275
lala1268	-1.0470818667815	2.10069892221568	-5.494487	2.86019475
lama1277	-0.214883927	2.24848311029644	-4.903305	4.1733255
lama1288	-0.6092705809729	2.09294999332305	-4.8995745	3.38591975
lamb1269	2.26398388338	1.94670510440984	-1.09954225	6.540617
lamb1272	-0.027618829215	2.31701738534899	-4.5929825	4.6708575
lame1260	-0.484875692185	2.12887662768274	-4.9382445	3.51101599999999
lamk1238	-0.909289791385	1.76550268205011	-4.5091665	2.29652525
land1256	-0.114421313895	2.19651787488704	-4.53158375	4.15800225
lash1243	-1.0908650228295	2.0350386789359	-5.31524275	2.5097325
latv1249	-1.104363790605	1.97530700130466	-5.303358	2.69316175
lave1248	-0.66332858649	2.13462380152879	-5.18759825	3.4816925
lave1249	-0.64074780896	2.13151349439445	-5.08978475	3.54870575
lavu1241	3.68440766499	2.03839579948265	0.2198147	7.94677975
lazz1240	2.317492732045	1.99978228638041	-1.2644135	6.60861175
lega1250	-0.03414708974	2.28514254935303	-4.7164275	4.44775924999999
lele1267	-0.395663825215	2.20696342860299	-4.6825235	3.81302275
lele1270	-0.2496720443142	2.28352525523627	-5.0261205	4.09522
lele1276	-0.3998296035855	2.17473901263937	-4.96358275	3.70087525
lemb1266	-0.314588832919	1.94766671031579	-4.42352475	3.4797635
lena1238	-0.2367072394645	2.2067125596307	-4.64814025	4.02858375
leng1259	2.06390050272	2.05967497627499	-1.860431	6.29393099999999
lepc1244	3.01848384206	1.59528646382129	-0.06308064	6.17418625
leti1246	-0.203957785035	2.24469528270924	-4.74764325	4.068578
lewo1242	-0.478472100247	2.1796261071004	-4.9034405	3.8663615
lezg1247	0.65586765886	1.49919167112287	-2.29116875	3.57808975
libi1244	-0.1151292734305	2.18734985725219	-4.53578725	4.07464349999999
liby1240	-0.0703484847875	2.289811270199	-4.73800175	4.46299
liji1238	-0.26489161586	2.19919327409619	-4.87200725	3.949109
lika1243	-0.206718626255	2.29810323641368	-4.962049	4.151638
liki1240	-0.0943374580895	2.20810298503691	-4.5997845	4.2147385
lill1248	-0.229273464085	2.06789336199639	-4.40103225	3.6919245
ling1265	-0.449719676286	2.17553551434494	-5.06287925	3.84466925
lipo1242	-0.9579511793	2.05920805906385	-5.429743	2.90853425
lish1245	-0.65038700651	2.03617114586184	-4.8652515	3.17246725
lisu1250	-0.91059130741	1.97326199333806	-5.155118	2.6960695
lith1251	-1.019834043265	1.99671743653137	-5.2388125	2.6808445
lito1235	-0.0763664415	2.16778831133227	-4.42355475	4.10153125
litz1237	-0.4414076916	2.16423550623648	-4.9260165	3.810623
livv1243	-0.985693264249	1.97196894358201	-5.1655975	2.44501499999999
loba1239	-0.08877468305	2.24789127877713	-4.49858325	4.349385
logo1259	-0.242424670249	2.23302732982874	-4.819013	4.15484475
loma1260	-0.13654676853365	2.37226457051368	-5.17126475	4.47660125
lomb1257	-0.72549531433505	2.05808456859387	-5.09398725	2.97616675
loni1238	-0.22328907677	2.30147351496701	-4.94886625	4.1182775
lote1237	0.040818066355	2.13088467113118	-4.4975675	4.16937025
loth1237	-0.6320029619325	1.66460383736485	-3.97342	2.56300949999999
louu1245	-0.2590643092915	2.32356691766815	-5.15139975	4.04829625
lowl1260	-0.6755036973175	2.23795927856691	-5.56896	3.3009705
lowl1265	2.67606479305	1.76075600052562	-0.44114455	6.52181425
ludi1246	-1.02863622931295	2.06742002550551	-5.5128315	2.79194025
lugb1240	-0.271775573645	2.34350993516126	-5.0891725	4.36425625
lugu1238	-0.067954032365	2.43838590796282	-4.9411525	4.69088675
lule1254	-0.926933897525	1.96357154671918	-5.22744125	2.55638999999999
lumb1249	-0.001330230583	2.394308228492	-4.602216	4.605898
lumu1239	-0.440050222315	2.24897295385662	-4.85581925	3.7637475
lund1266	-0.111397641609	2.38870738189221	-5.0220685	4.436667
lund1271	-0.074016260126	2.31173184928674	-4.51181725	4.66690625
luok1236	-0.180789400845	2.2470691017899	-4.55840675	4.32346649999999
luse1252	-0.056409321123	2.29096184068058	-4.534387	4.52264725
lush1249	-1.108294673486	1.94177639153463	-5.21751225	2.47071925
lush1252	-0.316090042874	2.21423863676488	-5.06572075	4.06607325
luva1239	-0.075608917439	2.40133990873498	-4.83277	4.7699695
luya1241	-0.29822914032	2.36568797633498	-5.1571295	4.42093525
maan1238	-0.013106554954	2.30001721238312	-4.7540905	4.7097235
maas1239	-0.2205948672835	2.29946171518811	-4.86103525	4.19520575
maba1270	-0.06917383157	2.41623764385067	-4.97882975	4.7417255
maba1277	-0.87712846454	2.08862728010712	-5.318707	2.988151
maco1239	-0.6428663253995	2.03596165148858	-4.76685975	3.19759575
macu1260	-0.582731736365	1.88684054456375	-4.386588	2.86145399999999
mada1285	-0.3909016514475	2.18810135434788	-4.891651	3.92233424999999
madi1260	-0.275924214505	2.23398350605729	-4.70845975	4.094495
madn1237	-0.690034512492	2.14642156301741	-5.295228	3.156368
maee1241	-0.435425950975	2.1489968686074	-4.757173	3.8334465
magd1235	-0.83476481506	2.04525438372862	-5.207948	3.07037674999999
maib1239	-0.41841326021	2.18368690578307	-4.8659425	3.748452
mail1248	1.359688128475	1.81831338434345	-2.1624755	4.94585699999999
mais1250	0.4100950691135	1.9757723052673	-3.5889985	4.1224275
mait1250	3.746918444545	1.99636944631878	0.38297125	8.38642374999999
maka1304	-0.086039704015	2.34185970647562	-5.0475485	4.52832225
makh1264	-0.053816475944	2.29422190247573	-4.6837895	4.50742975
makh1266	-0.062117673025	2.4135569953934	-4.87983375	4.615603
mako1251	0.02293413596	2.25712793009341	-4.5043905	4.51435625
makw1236	0.000791969785	2.24438272884422	-4.494579	4.44555275
mala1464	-1.58802501943	1.91604040271445	-5.81537375	1.7673075
male1284	2.228458203871	1.70110227083965	-0.864930925	5.82327
male1289	-0.4177765959425	2.25595870069971	-5.20301075	3.782549
male1297	3.00390113795	2.09643144473901	-0.684378875	7.5987375
mali1285	-0.6235647387775	2.25141648283907	-5.228176	3.62900674999999
malo1243	-0.375783517795	2.23104575181916	-4.88137925	4.06639675
malt1254	-0.132771503092	2.28248123539489	-4.78785675	4.1557855
malu1245	-0.4283688820875	2.15956031159533	-4.83926825	3.80156199999999
mamb1294	-0.44619886045	2.2153151235783	-5.20027425	4.10614624999999
mamb1296	-0.04475905091	2.22175133225919	-4.44765775	4.224677
mamm1241	-0.4359548834485	2.09899108315615	-4.81482625	3.50054625
mamv1243	-0.1652493662885	2.20188806337533	-4.4925725	4.1861035
mana1288	1.2630443247104	1.64724522957846	-1.9036095	4.71962425
mana1295	-0.810608522965	2.04877087387449	-5.266069	2.9985155
mana1298	1.19877233144	1.7858267333321	-2.0443525	4.8550895
mand1415	-0.1313697303345	2.29383429543235	-5.0916945	4.30679999999998
mand1436	-0.0770651958	2.23737646419983	-4.71661475	4.067542
mand1440	-0.338857076121	2.20885372637082	-4.88406475	3.7613395
mang1381	-0.257627209415	2.25708230813819	-4.9323625	4.1419065
mang1401	-0.02805450962215	2.28195900261819	-4.76285575	4.28295199999999
mang1403	0.009073852665	2.10764747759336	-4.41798325	4.11981975
mang1404	-0.936679609772	2.09981307593567	-5.394394	2.916009
mani1235	-0.339411538855	2.20565638306848	-4.7928625	3.86182925
mann1248	-0.1681116992235	2.36363616353519	-4.74743525	4.41770549999999
maor1246	-0.07929976437	2.40346042231936	-4.87571275	4.62085
mapo1242	-0.94133644829	2.05233921767848	-5.23620025	2.77834325
mapu1245	-0.6402548570375	1.99239178286738	-4.889011	3.11118675
mara1378	2.07449711451	1.95687142792895	-1.31124475	6.3047365
mara1379	-0.35843188018	1.5890871365288	-3.603017	2.81264325
mara1386	-0.68158907014	2.10166442901224	-5.0540115	3.2213245
mara1399	-0.439930734776	2.15451677282829	-4.813699	3.79940125
marg1265	-0.552348925755	2.08837052062367	-4.7134045	3.692705
mari1416	-0.7850892014635	1.75209105788455	-4.4271335	2.496059
mari1426	-0.29018234981	2.19912166485168	-4.9773135	3.974144
mari1428	-0.8095393867615	2.02388382316154	-5.20525525	2.960082
mars1254	-0.0152087538585	2.27407198871993	-4.65248075	4.42196775
maru1249	-0.9808696950055	1.99412870078911	-5.1041405	2.77879375
masa1322	-0.42890358976	2.13083219811944	-4.64727775	3.760218
mask1242	-0.473399640405	2.10765932293143	-4.786962	3.5580385
matb1237	-0.24849621528	2.18850889410161	-4.66240025	3.97558075
mati1250	-0.13661827759	2.27507386088724	-4.946062	4.3313225
mato1252	-0.87977886326	2.05452125932935	-5.13802525	2.839897
mats1244	-0.760349892685	1.79559762155883	-4.70045675	2.50904524999999
matu1261	-0.9233422002	2.05109037791009	-5.361004	2.749445
maun1240	-0.317636988205	2.16652059677091	-4.82602875	3.9162045
maxa1247	-0.6078617734685	2.10214254617425	-4.9600735	3.1822455
maya1285	-0.3410405924862	2.17661483930476	-4.81939975	3.7489975
mayo1261	-0.16231845166	2.27492425628078	-4.8003275	4.32260025
mayo1264	3.07733361973	1.88701749042299	-0.374281525	7.04843325
maza1304	-0.553279586525	2.10910900082782	-4.86335425	3.3383625
mban1263	-0.06907078247	2.28350397043325	-4.66458775	4.29204375
mbar1260	-0.45947991929	2.12965856254612	-4.754776	3.78811275
mbay1241	-0.210536442045	2.2275677578671	-4.77833725	3.97621375
mboc1235	-0.160588612285	2.3267736627983	-4.73192	4.3099605
mbol1247	0.00304246421	2.2229649407327	-4.624137	4.37613425
mbug1242	-0.2308433859	2.15960758990631	-4.5563635	4.03703975
mbul1263	-0.5387259806705	2.19913790072483	-5.14774775	3.53263274999999
mehe1243	0.5382713387084	1.74616203118601	-2.98956175	3.93981924999999
mend1266	-0.1143348435885	2.28786267025949	-4.78788725	4.322098
mere1242	-0.312838124041	2.24068016842282	-4.70158625	4.076298
meru1245	-0.0921013883845	2.23934012543519	-4.4828125	4.4020595
meta1238	-0.170704663565	2.29499537784004	-4.6504155	4.21908825
mezo1235	-0.754799944645	2.14111863324243	-5.136984	3.42030125
mezq1235	-0.504377894015	2.18873306386902	-5.33306975	3.609176
midd1327	-0.816131094215	2.13525060781504	-5.28746925	3.37124775
miju1243	1.5650173716095	1.65844248528946	-1.65817325	4.8833895
mikm1235	-0.3098618697835	2.09349217970552	-4.87267425	3.63506075
mila1245	-0.07908766095	2.16436789223807	-4.40625475	4.20391675
mina1268	1.28937349999961e-05	2.31928111946544	-4.465586	4.63353625
mina1276	-0.608236433274295	2.08304585063046	-5.04229425	3.1619735
minn1241	-0.201656149745	2.22316877737292	-4.8656675	3.87129425
misk1235	-0.3779157907515	2.21607829071913	-5.16434725	3.7577195
miya1259	2.217383504585	2.07617200925689	-1.482295	6.92208775
miya1266	-0.41395538804	2.20719683078631	-4.88833725	3.87851775
mlab1235	-0.000260069809499997	2.18698157205514	-4.28548025	4.2430895
moba1244	-0.141970472375	2.25811975107142	-4.87041175	4.37149575
moch1257	-0.4326573547035	2.08745555870022	-4.67659	3.435136
mode1248	-0.310197305444	2.10852593786431	-4.652502	3.55655325
moha1258	-0.3593659715185	1.99684985654493	-4.59034	3.56925
moke1242	-0.0996245469975	2.20054996570022	-4.57552875	4.224328
moki1238	0.0039200591085	2.27512895396398	-4.60243375	4.50312025
mokl1243	-0.1285675023705	2.31854004795739	-4.84426025	4.46511575
mokp1239	-0.1491998691625	2.27295089538542	-4.60204875	4.16902975
moks1248	-0.8197718436	1.94798682979314	-5.0808155	2.68925
mong1338	0.0545088169495	2.30785855408582	-4.64591625	4.7119375
moni1237	-0.116012595559	2.17278570842842	-4.62028475	4.03027975
mono1270	-0.052849849035	2.29895017888997	-4.67015075	4.49811999999999
mono1273	-0.29332685123	2.22479228389159	-4.91938825	3.99119549999999
mono1275	-0.9009599324005	2.07462689827014	-5.146485	2.75616075
monz1249	-0.049295483027	2.22450401003468	-4.53489225	4.52838875
morm1235	-0.44890946319	2.17994792064383	-4.69889725	3.590483
moro1285	-0.45280721676	2.24775215767903	-5.0718105	3.8402245
mose1249	-0.206760522881	2.06853900628841	-4.40392825	3.7136365
motl1237	-0.2099309863585	2.38765574259492	-4.85397825	4.7452995
moun1252	-1.0782992947615	1.9372752027701	-5.088181	2.59447175
mpad1242	-0.446400390855	2.27951125689801	-5.2139855	3.871679
mpot1240	-0.04884292526	2.35076658372301	-4.78961625	4.488734
mpur1239	-0.451804154115	2.14671007353416	-4.7696875	3.610339
mual1241	0.00390116186	2.21069948800823	-4.36457575	4.42548099999999
mudu1242	-0.1833137999965	2.27648259758275	-4.62529875	4.46084875
mull1237	-0.63732517264	2.12549403089278	-5.0809875	3.250975
munc1235	-1.1030720205032	2.06195040219188	-5.550873	2.63835324999999
mund1320	2.95749872643	2.00004520305978	-0.4324485	7.49295875
mund1325	-0.430325699185	2.14731736467225	-4.75615925	3.81688774999999
mund1326	-0.1565544712285	2.21155911594011	-4.60481375	4.220261
mund1328	-0.2050905370665	2.29497828396044	-4.84454725	4.26458475
mund1330	1.698545788985	1.85961581188771	-1.7503755	5.57909024999999
murl1244	0.57228882572	2.286227829353	-3.9681205	5.17580325
muru1266	-0.07941902745	2.28089709439362	-4.67176475	4.32134475
muru1274	-0.8857202992115	2.03445500381511	-5.3228115	3.11642525
muso1238	-0.95192525937	2.05331600548377	-5.37667475	2.93051825
mwag1236	-0.4021588396	2.12794625663833	-4.72658825	3.67144425
mwan1250	-0.264498405155	2.29442740087973	-4.82272125	4.287618
mwer1248	0.002331999285	2.25579071357971	-4.32847175	4.453674
naka1262	-0.07352351439	2.17303133878537	-4.628479	4.06432525
nali1244	-0.3133985321905	2.20870142054682	-5.0075805	3.7697835
nama1264	2.301225334325	1.94799697518659	-1.115215	6.621274
nama1268	-0.454670083004	2.19189829706352	-5.155843	3.81865224999999
namb1293	1.78381861283	1.71608641128077	-1.37284625	5.46896749999999
namu1246	0.5287053412485	1.57515769799079	-2.656735	3.53521299999999
nana1257	-0.655491390795	2.14160302865876	-5.21041425	3.3201675
naru1238	-0.13131337644	2.19344274776852	-4.4676465	4.09479174999999
naue1237	-0.1719492631535	2.16562279360059	-4.69061725	4.11479749999999
naur1243	-0.063888494245	2.23988623727264	-4.8036425	4.5676205
nava1243	-0.526793393725	2.04520665274468	-4.9496965	3.12728649999999
nawu1242	-0.125065077925	2.27302493689958	-4.76337025	4.34506125
ndam1239	-0.101068090285	2.14041623806595	-4.27048775	4.1326745
ndun1249	-0.049523675825	2.36139752784099	-4.6643445	4.76823099999999
nege1240	-0.239627652695	2.20847745737845	-4.72929925	4.0566465
neha1247	-0.33477155098	2.16977761650796	-4.9441175	3.80822725
nene1249	-0.6940641878845	2.03187451377067	-5.05734225	3.09234475
neng1238	-0.114499790475	2.3315447150576	-4.8563985	4.484299
nenn1238	1.66539195641	1.69592828727202	-1.44466	5.17019925
nepa1254	2.6106193914	1.31885497151719	0.231395375	5.422891
nese1235	-0.427328921	2.1622177534495	-4.84961175	3.899615
newa1246	2.585302864875	1.38819555961771	0.0151342075	5.487717
nezp1238	-0.50482193139	2.09582052975357	-4.79189425	3.410815
ngab1239	-0.367235606575	2.01582814248903	-4.515732	3.410909
ngal1292	-0.3267570466865	2.19438798570629	-4.71603575	3.98344625
ngam1268	-0.27001945149	2.23219259004359	-4.681526	4.26105575
ngan1291	-0.74565413287	1.96997735839511	-5.0027105	2.979686
ngas1240	-0.4342547062345	2.13658949260165	-4.9331935	3.60617724999999
ngba1284	-0.098299982505	2.29280847746793	-4.75322925	4.46013475
ngba1285	-0.08072716826	2.18900128224961	-4.3856155	4.1951285
ngeq1245	-0.67955561004	2.15884121039343	-5.1845465	3.19278274999999
ngit1239	-0.20836580107625	2.24494599820421	-4.8473105	4.14632475
ngom1268	-0.05321871881615	2.39359393619348	-4.715224	4.69726275
nhen1239	-1.27257784333	1.89366684637957	-5.4341995	2.09393225
nige1253	-0.37130688559	2.23629215667691	-4.84361225	4.01593675
niha1238	-0.336523277977	2.09122670748859	-4.7381765	3.85507775
nila1242	-0.20885431403	2.34764834085795	-4.887779	4.4878355
nisg1240	-0.389444208355	2.14964173008159	-5.1875955	3.6946835
niua1240	-0.02286707004	2.27280240243695	-4.4998625	4.67554325
niue1239	-0.000461512565000001	2.33948176020261	-5.053249	4.47793049999999
njan1240	-0.1881443583085	2.2429077123355	-4.807901	4.27824399999999
nkon1248	-0.233314038645	2.21647460061908	-4.92658825	3.99918025
noct1238	-0.96496815701	1.88436642383382	-4.68421175	2.51447874999999
noku1237	-0.237124377425	2.34380049179651	-5.01243425	4.53370925
noon1242	0.0030481171045	2.2778087223567	-4.62787325	4.624459
noon1243	-0.222389258965	2.29886517706646	-4.63630625	4.23515124999999
nopa1235	-0.656965499789	2.14952320646292	-5.316088	3.47823725
nort2671	-0.67905910370615	1.90509776249113	-4.66878475	2.85054375
nort2684	-0.359236629875	2.24329625529757	-5.03230125	4.123763
nort2690	2.1242482060205	1.83837717232543	-1.124921	6.23282575
nort2697	0.02109612535095	1.5485391804408	-3.05192775	2.9513055
nort2722	-0.93577487722	1.98182113974446	-4.9964245	2.6729155
nort2723	1.534087002145	1.81727322263831	-1.94973	5.197864
nort2732	-0.508321637295	1.99633855620861	-4.6568645	3.209086
nort2745	2.014847004595	2.04190998593286	-1.64351525	6.298609
nort2747	-0.168181373794	2.20848475483461	-4.48499	3.9766545
nort2774	-0.0928827585345	2.3069897377188	-4.66485625	4.44141375
nort2775	0.000103266322500001	2.28958142395098	-4.50763075	4.49587375
nort2839	-0.4461073782	2.10289672796342	-4.87320275	3.67280525
nort2845	0.007383969915	2.32023608463061	-4.77375275	4.7644955
nort2847	-0.23022638311	2.1872331115294	-4.63673625	4.06948725
nort2877	-0.109773835005	2.24502392388511	-4.71357275	4.28172275
nort2885	-0.091714638184	2.1542910201972	-4.60833175	4.0605235
nort2930	0.8859531417136	1.84119928289757	-2.6902995	4.6312185
nort2938	-0.516342462605	2.09563618021316	-4.87502175	3.402115
nort2942	-0.3548879094255	2.01295700413125	-4.4553445	3.44053299999999
nort2959	1.2559436673496	1.74559524795009	-2.19360375	4.6371925
nort2961	-0.111884437605	2.28461033503256	-4.9557715	4.170539
nort2972	-1.1381474483845	2.08476291774701	-5.5329025	2.599065
nort3047	-0.6187743253215	2.09119473680405	-4.94905325	3.36899474999999
nort3139	-0.144729804172	2.17994160947242	-4.4364745	4.1386655
nots1237	-0.3602015419865	2.13362190184213	-4.84310525	3.69312825
nsen1242	0.0320076102245	2.24305158393435	-4.67940725	4.6370915
nucl1235	-0.733988198385	1.91199706780268	-4.74973425	2.6714875
nucl1240	-0.32003552063	2.29164020845154	-4.71174675	4.09732699999999
nucl1301	2.143222260351	1.80820187956819	-1.0653045	6.02357925
nucl1305	1.4482547255335	1.83070877154807	-1.868012	5.5457445
nucl1310	-1.27807530735	1.95089671449564	-5.484986	2.156888
nucl1347	-0.087602763235	2.28535775389555	-4.7575145	4.4545735
nucl1417	-0.10611432221	2.23949537525917	-4.59683175	4.36170499999999
nucl1458	-0.874114908655	1.98670249412524	-5.0891055	2.61908425
nucl1593	-0.734790649505	1.77147207445633	-4.46906275	2.72470925
nucl1622	1.1617359326845	1.9641505266208	-2.63253525	5.125808
nucl1630	-0.724787642335	1.86370484248616	-4.61719	2.7793705
nucl1632	-0.910758917355	2.10186135069474	-5.245882	2.9303415
nucl1633	-0.9148749273975	2.05294442352006	-5.14556525	2.79403975
nucl1643	-0.8368358443835	1.97982710251005	-4.94111575	2.82480724999999
nucl1706	-0.166707894665	2.21960651825072	-4.71307675	4.156012
nukn1238	-0.879616767912	2.06094562046964	-5.299551	2.88023375
nuku1260	-0.061665249865	2.22039742920374	-4.681235	4.50607174999999
nung1282	-0.778884783815	1.93107866414659	-4.91180725	2.7899285
nupe1254	-0.1079548734545	2.25409855272314	-4.69417	4.2289445
nyah1249	-0.669938931167	2.0639223965345	-5.09028875	3.2903065
nyah1250	-0.214285243629	2.11638100335873	-4.4231935	3.93356424999999
nyak1260	-0.01118700142	2.21975491434024	-4.306419	4.50680825
nyal1254	-0.13102008983	2.42009809289719	-5.14846425	4.387905
nyam1285	-0.3985924608	2.21501961745722	-4.83193625	4.03923025
nyan1307	-0.0081795630595	2.3535537070583	-4.68931725	4.75792825
nyat1246	-0.204778040065	2.23144038754005	-4.644745	4.14659875
nyis1236	-1.15869548811	1.94815708720214	-5.21533125	2.569803
nyor1246	-0.0988875307	2.22939839152062	-4.47965875	4.4131715
nzad1234	-0.04497102876	2.21402224514998	-4.4781685	4.25957225
nzak1247	-0.0416218880215	2.30230120438676	-4.78249325	4.44000975
obok1239	-0.72120650903	2.12338944164211	-5.15933675	3.441058
occi1239	-0.417408722316	2.1417766137049	-4.95742275	3.66043775
ocot1244	-0.8511508529155	2.05414538685512	-5.09430275	2.9592415
okan1243	-0.159837112155	2.26179175748527	-4.69356075	4.12403875
okoe1238	-0.11474130825	2.29184440804583	-4.6462705	4.574717
oksa1245	-0.114344136135	1.83735141897538	-3.937657	3.27543525
oloo1241	-0.270493481385	1.82492740987423	-3.97746075	3.1385425
olut1240	-0.6941212861555	2.07499432982582	-4.99589275	3.2191955
onto1237	0.14137595593	2.25524994143454	-4.464197	4.52132075
oriy1255	2.898007230015	1.97094713315399	-0.50690815	7.614773
orok1266	-0.19333142630605	2.29844834038124	-4.9462845	4.245346
orok1267	-0.16398931628275	2.03804760281928	-4.40762875	3.85032725
orok1269	-0.5942267104215	1.98774227254827	-4.442839	3.20351675
orow1242	-0.1034076913955	2.28584232011372	-4.699404	4.2142985
otta1242	-0.098248063645	2.16617939695589	-4.34745225	4.23771925
owaa1237	0.237936166675	2.25859163872382	-4.0610885	4.8646675
paaa1242	-0.4208681263125	2.13646170106178	-4.67603475	3.64204724999999
paas1238	-0.162158567518	2.33233888828419	-4.8838615	4.61003225
paco1243	-0.5473485471105	2.12743645779789	-4.82108975	3.49992175
pagi1243	-0.07483848628	2.25303996214809	-4.32854875	4.40029074999999
pahn1237	-0.608656235214	2.12540828842993	-4.85632775	3.43903574999999
pala1344	-0.0428620036735	2.31550911557652	-4.48874525	4.27702449999999
pamo1252	-0.0231018981765	2.19587558316818	-4.31193625	4.35414975
pang1287	-0.054305872849	2.31305293671568	-4.7370645	4.60908125
pang1291	-0.10013195284315	2.33617041790912	-5.07086925	4.68295825
panj1256	1.992186717625	1.87497947615408	-1.263276	6.08416424999999
papa1238	-0.557272427224	2.2245040375171	-5.2218	3.48312374999999
papa1265	-0.688679829232	1.94482421516364	-4.73283325	2.89412375
para1302	-1.137547837995	1.88290647725174	-5.1008175	2.41174275
pare1266	2.510519162375	1.47409518339276	-0.08853647	5.823199
pare1272	-0.5045942164065	2.06384784138138	-5.09608675	3.36947549999999
pate1247	-0.91613166744	2.08251849529101	-5.33166175	2.93198675
patp1243	-0.33439285725	2.20384652327873	-4.93842425	3.96877774999999
patt1248	2.311361515585	1.8867878299438	-0.99739035	6.4290385
paul1238	-0.04834566378	2.27964734395627	-4.6738125	4.45544125
pawn1254	-0.23972047499	2.13402878042615	-4.4493485	3.9278405
payn1244	-0.842996224842	1.99714010397655	-5.02020575	2.9457105
peer1241	-0.256908239043	2.31150001343527	-4.82315625	4.377111
pela1242	-1.088310101764	2.04005478208527	-5.402349	2.53799175
pemo1248	1.714379201985	1.86611926075392	-1.73209675	5.68596375
pend1242	-0.1343884113075	2.29569725728788	-4.7550965	4.53465425
peng1244	2.861048210345	1.63838767873378	0.118950395	6.41787049999999
pila1245	-0.340992554155	2.12589937627603	-4.78624075	3.53202525
pile1238	-0.0356449802965	2.22408357210738	-4.551103	4.34715674999999
pima1248	0.394602759645	1.85055417190951	-3.2796515	3.98037325
pina1252	-0.4363826517245	1.87643203042222	-4.36445175	3.1343295
pipi1250	-0.421638956779	2.09658925198263	-4.6739685	3.47004075
pite1240	-0.64437546518	1.9000668497158	-4.69822175	2.794983
pnar1238	-0.154793625378	2.01326273999387	-4.1567365	3.78301775
pohn1238	-0.0777579226685	2.21783985661663	-4.7251855	4.2282175
poko1263	-0.1443133735525	2.27214877909128	-5.12367675	4.22329725
poli1260	-0.190383742325	2.15848408807209	-4.51312225	4.02298175
popt1235	-0.479749063235	2.10997161557191	-4.70707775	3.5703295
port1283	-0.2108067366575	2.12370249368652	-4.4704235	3.87094149999998
port1285	-0.473386183025	2.11258907474607	-4.81271825	3.59268875
psik1239	-0.607785425984	2.08684327608197	-5.14783425	3.21145049999999
puka1242	-0.1052397441785	2.29312666356218	-4.8873715	4.5055115
pula1262	-0.1042565961205	2.29227112805009	-4.880058	4.43033775
pula1263	-0.078156463975	2.34717001486375	-4.76251475	4.63591225
puoc1238	-0.431970725517	2.21201393669715	-4.8641255	3.81874975
pure1242	-0.541271761704	2.22494903051697	-4.96282825	3.72827725
puri1258	0.0468990829765	1.90772501256134	-3.71095125	3.8299115
qawa1238	-0.584849373855	1.9899844043316	-4.65271425	3.2048595
quer1236	-0.460398038995	2.23152488539427	-5.2140765	3.5219265
quio1240	-0.823074168385	2.0369385192177	-5.0735885	2.9671505
rade1240	-0.445907519671	2.27353004451007	-5.073701	3.958879
raji1240	0.817379233018	1.84857474432659	-2.83916825	4.24353275
rama1270	0.867794179098	1.99441743166996	-2.9443045	4.64418624999999
rapa1244	0.0397588716795	2.29702656753583	-4.4420525	4.63929724999999
rapa1245	0.0137117234635	2.24982433026388	-4.5139755	4.40609124999999
rapo1238	-0.7201021833395	1.94095766108796	-4.7492605	2.783478
raro1241	-0.03879555159	2.14115909449142	-4.32027225	4.2339045
reng1252	-0.507541735155	2.08102362095172	-4.6955835	3.41301624999999
rian1263	2.63873774393	2.02936029549954	-1.0914095	6.80841024999999
rong1264	3.721095337015	2.0914694676655	0.19474235	8.43559799999999
ronn1241	-0.410217308324	2.1682607848991	-4.896145	3.7453235
roto1249	-0.7250775414015	1.89306211887812	-4.67173125	2.81683775
rotu1241	0.0421264037085	2.42108637193042	-4.78047325	4.94028625
rovi1238	0.650590262355	2.10814681988496	-3.4496735	4.689078
ruch1235	-0.196459534664	2.14843901377156	-4.60928325	4.04590775
ruka1240	-0.1364245509445	2.26894167195878	-4.59298475	4.5232545
rung1258	-0.8690694917835	2.00080957092469	-4.7842735	2.97082525
rung1259	-0.0219260228585	2.24912814371971	-4.49546075	4.2134255
russ1263	-0.277424356465	2.14460752418183	-4.82939975	3.61928149999999
russ1264	0.42300057701	1.88326088156065	-3.55895275	4.13862275
rutu1240	1.181601985492	1.55762520718786	-1.7370375	4.4028975
saaa1240	0.7476432420775	2.17281826273782	-3.6085755	5.0913285
saaa1241	-0.40774713265	2.10432545852963	-4.86956375	3.63188925
sabu1255	-0.1176561626905	2.2838321222229	-4.6556915	4.24375
sais1237	-0.030826425255	2.25900109972258	-4.71828025	4.4048875
saka1289	-0.2924556845	2.26089838480296	-4.9888615	4.20750075
saka1291	-0.0354063641495	2.23145217157208	-4.36518225	4.490081
samb1305	-0.2602175581	2.27762062630423	-4.84726175	4.27448525
samb1311	-0.276477011575	2.286812042175	-4.9032835	4.2379585
samo1305	0.0249319888845	2.32633418492173	-4.653094	4.61290725
sana1295	-0.164171316811	2.25971432627763	-4.965392	4.06009125
sanb1242	-0.8861041487305	2.06512425634437	-5.26982975	2.9762475
sand1278	-0.55302359578	2.14430059048601	-5.05110325	3.35100374999999
sang1331	-0.048003641353	2.19513441043849	-4.411894	4.25945999999999
sanj1284	-0.8811618922	2.07285781990024	-5.17145875	3.02125974999999
sanm1295	-0.8198701524335	2.09993449055582	-5.41444675	3.15892125
sanm1301	-0.6969794302965	2.2077166557254	-5.26947475	3.35827324999999
sant1410	3.58924368514	1.96187428233642	0.1610378	7.80819475
sant1436	-0.70692824816	2.16554434139598	-5.38178725	3.15805075
sant1451	-0.68759512025	2.21543542027891	-5.397931	3.34878575
sanu1240	-0.80348537235	2.06191800059355	-5.1590125	2.93608375
sapo1253	-0.675235602927	1.96318589795543	-4.79341625	2.960935
sapu1248	-0.69035559091145	2.13460811843417	-5.410234	3.27464125
sara1321	-0.3078398620925	2.20595323250508	-4.74585175	4.102996
sars1236	2.900763994385	2.03533161799136	-0.64267985	7.44376849999999
sasa1249	-0.0433700157665	2.32943362875628	-4.66491275	4.44895425
sata1237	-0.02699050700225	2.41081468426985	-4.86463775	4.69349425
sauk1252	-0.894317588507	2.08170278076929	-5.304273	2.785013
saur1249	3.33602175366	1.99373203505916	-0.0096724705	7.70710924999999
savo1255	3.56278184835	1.89648414503139	0.137328075	7.38078725
seda1262	-0.49716874534835	2.0895113542452	-4.93067425	3.5438365
seim1238	-0.1523570942525	2.2158495693663	-4.5730955	4.269745
seke1241	-0.403778863636	2.09703091555577	-4.756892	3.7648845
sekp1241	-0.222048692774	2.22873802769415	-4.761151	3.965762
sela1259	-0.077893598082	2.30676721279309	-4.562886	4.29756799999999
sele1249	-0.23593195746	2.20552111016091	-4.7541475	3.89304
selk1253	-0.723430551165	1.95936909250366	-5.0972485	2.8244395
sema1265	-0.3347247843165	2.0921132816913	-4.5888595	3.6529715
seme1247	-0.297971301151	2.18771876890944	-4.81712575	3.90818274999999
seri1257	0.2817305514749	2.02899452571579	-3.91298575	4.25192975
sgaw1245	-0.192328735485	2.18959783269818	-4.62407975	3.84286625
sham1280	-0.0618903242485	2.35449553076737	-4.6045035	4.64663849999999
shan1283	2.531656617115	2.02103679305298	-1.17501	6.748078
shaw1249	-0.3322485258	2.10057857379866	-4.48759425	3.7878175
shil1265	0.05481988053	2.2364180701762	-4.3625405	4.31993925
ship1254	1.4062819603666	1.71174678815209	-1.63940575	4.9418715
shol1240	-1.73695352381105	1.90599117009205	-5.84019825	1.694846
shon1251	-0.092660204085	2.21647918069745	-4.37885975	4.23164
shos1248	-0.62690635565	1.97237164904079	-4.76640825	3.02273099999999
shua1257	-0.810956552955	2.00510484449208	-4.94723175	2.8509835
sich1238	0.0828057235855	1.69649059884776	-3.48117625	3.338154
sici1249	-0.2098147443926	2.18952975583018	-4.628279	4.038981
sida1246	0.392493859199	1.99117336056382	-3.76220075	4.37176125
siee1239	-0.2297479042215	2.2309281160367	-4.59063075	4.15928899999999
sier1250	-0.8538881853415	2.033130210565	-5.05120075	2.93292699999999
sika1261	0.19680932232	2.29599184758867	-4.20166075	4.77278825
siks1238	0.377758219755	2.11814459116392	-4.11819375	4.6045115
sile1255	-0.87160023570715	1.97958636853696	-5.02688475	2.94413325
sina1266	-0.64817352358	1.93130449446873	-4.57519475	2.897825
sing1264	-0.7603601214365	1.94114774508464	-4.437255	2.9831745
sini1242	-0.198470794191	2.27120129340036	-4.5596095	4.325916
sioo1240	-0.76229819645	2.08264980889019	-5.3034705	3.03283224999999
situ1238	-0.92455809633	2.01934277617992	-5.27399075	2.71054949999999
siwi1239	-0.11579655848	2.28840035403765	-4.62325225	4.35437125
skol1241	2.1195855752	1.81860850723986	-1.10683775	6.02718474999999
slov1268	-0.240133771565	2.25348949957518	-4.961681	4.18356675
soch1239	-0.795476620075	2.08189154229385	-5.22111375	3.168607
soma1255	-0.130521575355	2.22750511278689	-4.86388825	4.26101075
soni1259	-0.102983363448	2.20601237896749	-4.375546	3.95618575
sons1242	-0.039718602665	2.28157922668104	-4.56001375	4.33987575
sooo1254	-0.578606831905	2.14093369580614	-5.0199625	3.54861225
sooo1256	-0.1300065446945	2.20417389864284	-4.526835	4.25191225
sora1254	2.4702806444885	1.58416420183048	-0.386877075	5.9615285
sout1528	-0.1341694924455	2.22692584493931	-4.7121495	4.19924825
sout2649	-0.88923355418	1.91074423584108	-4.954878	2.58315925
sout2674	-0.6155832571325	1.89804151737802	-4.5561425	2.77174625
sout2679	-1.21063839045	1.98312063672614	-5.38487725	2.477747
sout2728	-0.83722769543	2.06087130617333	-5.19382575	3.11491875
sout2782	-0.4558623444045	2.19079802834777	-4.89701425	4.06256549999999
sout2807	0.00370114177	2.34158097249308	-4.75165125	4.52511625
sout2856	-0.376887438325	2.17499777833035	-4.773189	3.7800455
sout2857	-0.4540231411975	2.17734031900748	-5.00593325	3.75975674999999
sout2869	-0.2272488844425	2.21100122043934	-4.63373825	4.016016
sout2918	-0.134912337305	2.35837087477709	-4.94281975	4.27944
sout2956	-0.5086696907865	2.05343955655207	-4.68972625	3.36190025
sout2959	-0.406318547622	2.13177922746524	-4.748845	3.767589
sout2976	-0.674649386156	2.05359997426286	-4.92161025	3.1194665
sout2985	-0.71896869356	2.02018105480436	-4.9549455	3.12307625
sout2996	2.7485499057	2.0545196034069	-1.088447	7.15829825
sout3236	1.13150371583	2.02255798952901	-2.83795325	5.32524125
sout3261	1.1759273495365	1.52606820783799	-1.7748755	4.30521025
stan1289	-0.2605563368165	2.28766634394795	-5.07104075	4.04285474999999
stan1290	-0.257475276765	2.08865340858466	-4.41280475	3.672497
stan1293	-0.384080454775	2.21964250642409	-5.07274575	3.9331235
stan1306	-0.25470875012	2.26034755916511	-4.915303	4.25258025
stan1318	-0.0713484545775	2.12366539677524	-4.451036	3.94448875
sude1239	0.073368127672	2.20951624873936	-4.220226	4.5313185
sumi1235	-0.928614390063	1.7096043615921	-4.41878125	2.43418675
supy1237	-0.137017696881	2.23913610380383	-4.657601	4.26569975
surg1248	2.04530893153	1.87281466916148	-1.37505425	6.09097275
tabo1241	2.1927318425	1.9369579185262	-1.30994725	6.25856025
tafi1243	-0.20643711646	2.27672272453869	-5.0035225	4.23978475
taga1273	-0.0493333228265	2.3114120083461	-4.41757775	4.33342825
taha1241	-0.0445581405467	2.26866815076956	-4.55808675	4.40131874999998
tahi1242	-0.039674301249	2.24742358086901	-4.714217	4.571909
taji1246	-0.134507737149	2.28106175768304	-4.79879775	4.30497825
taku1257	-0.06198646968375	2.21604197939012	-4.51844675	4.29335925
tali1259	2.14614218132	2.09887537161626	-1.67835125	6.38150824999999
tama1365	-0.5202941282895	2.15979592087617	-5.21122675	3.56238175
tamb1254	-0.0511043602755	2.17274091829745	-4.2561015	4.404526
tami1289	-1.581306141993	2.02815184996808	-5.9450905	2.184546
tang1336	-0.5169706083625	1.66437295161266	-4.04211175	2.78098774999999
tang1347	-0.35964201725445	2.2318861885566	-4.82944275	4.07320324999999
tari1256	0.007187292454	1.80041488271915	-3.55165025	3.50712375
tari1263	-0.157618232764	2.29475943846487	-4.99103475	4.25540375
tata1255	0.4632239284255	1.66638754254945	-2.89514875	3.74691975
tata1257	-0.101040932795	2.34166008501453	-4.835351	4.54123675
tata1258	-0.6816810012215	2.18179699304139	-5.33702775	3.211231
taul1251	-0.283463951117	2.18998052292913	-4.94547125	4.00617075
taus1251	-0.12574972969	2.25402880205954	-4.569719	4.24444925
taus1253	-1.191938918041	2.08988704344411	-5.757465	2.45977225
taya1257	-0.007088176136	2.26557812868265	-4.7318875	4.46272775
tbol1240	-0.1434497464905	2.23289065333886	-4.5526065	4.19185125
teda1241	-0.1398062857695	2.16202218790884	-4.44984725	3.9824365
tega1236	-0.331671363285	2.28953158380619	-4.95652525	4.03334375
tehu1242	-0.60604647643	2.02358182982485	-4.8559325	3.24116075
teke1275	-0.00857215552	2.27017344277344	-4.6991995	4.509248
tekt1235	-0.444313533365	2.09472040451723	-4.70479075	3.45273325
telu1262	1.1963204063725	1.67260978374321	-1.99351325	4.664608
temb1272	-0.074836161425	2.36983087924883	-4.68521725	4.43982
temi1246	-0.3667659621735	2.19746213710466	-4.781998	3.72971549999999
tene1248	-0.5172968769205	2.22319747309673	-5.2353435	3.75126075
tenn1246	-0.201395933995	2.19218625946329	-4.5607025	3.97345825
teop1238	-0.701024535152	1.93731595797801	-4.715068	2.93298775
tera1251	-0.454363478675	2.13189014138171	-4.85241075	3.64527425
teri1250	-0.188285785555	1.92688109159501	-4.3300395	3.386931
term1237	-0.0630652397515	2.27893083830411	-4.704341	4.3056555
tete1251	-0.684086210435	2.16991138895445	-5.10534025	3.33673775
tezo1238	-0.7544118283	2.09535274065588	-5.0821585	3.1618695
thad1238	-0.7394849107335	1.78506490110827	-4.72961875	2.4462845
thak1245	0.5766988736195	1.56579458058707	-2.6846515	3.58279125
thao1240	-0.100304456825	2.26223360347757	-4.8601805	4.3308735
thul1246	3.23536079225	1.50404684651441	0.381355625	6.45099375
tibe1272	-0.3835910691036	1.95349774267393	-4.41733575	3.33322124999999
ticu1245	-0.8350009489605	2.01735913811737	-5.31208325	2.736907
tief1242	-0.257767831985	2.29048267024782	-4.92011275	4.3109355
tief1244	-0.25545122254	2.29901325102846	-5.04747425	4.14698625
tiga1245	-0.2623003121585	2.2598740147639	-5.0310675	4.1394685
tigo1236	-0.24033481458	2.34729873016197	-5.1131315	4.400648
tika1246	-0.16566772457	2.33358829668526	-4.7012165	4.24991
tiko1237	-0.07395535579	2.37487413719972	-4.9485615	4.59455225
tiri1258	-0.07810260303	2.26560648754807	-4.73558575	4.19674824999999
tita1241	-0.29442565653	2.22679644564217	-4.85514675	4.02581474999999
tivv1240	-0.192678394727	2.22342751012192	-4.81155075	4.0866515
toab1237	1.4859348083072	2.09300886563852	-2.58555275	5.57512549999999
toar1246	-0.920566785195	2.07470284564668	-5.168568	3.04923425
tobe1252	-0.389842827265	2.11922916491439	-4.84046475	3.72799475
toho1245	-0.212070421485	1.92244575418491	-4.302458	3.4353985
tojo1241	-0.44883200591	2.207168826073	-4.919271	3.698763
toke1240	0.02344695988	2.26609449824377	-4.60355575	4.662406
toma1245	-0.17788512932	2.38901970441842	-5.066663	4.52992325
tomm1242	-0.5442433382945	2.17412872937252	-4.9560065	3.66229974999999
tond1249	-0.4858883155495	2.19949074819907	-4.9755995	3.69867625
tong1318	-0.048429209229	2.34503104096081	-4.9301955	4.7872155
tong1325	0.058280794878	2.24650016898152	-4.4896635	4.52235525
toor1238	-0.10302113215	2.24009644075963	-4.7586715	4.31515424999999
tosk1239	-0.4173284311475	2.10449600169388	-4.8763415	3.491038
toto1302	3.7053483396315	1.80300635053864	0.40271375	7.516936
trio1238	-1.0779218677825	2.00337603744858	-5.43208425	2.55194925
trum1247	2.715963523567	1.89919285992806	-0.6220972	6.85928599999999
tsam1247	1.4097215048	1.64133667780472	-1.958969	4.59776375
tsat1238	-0.101594929085	2.2813283094492	-4.59410825	4.28969425
tsha1245	-0.950098477815	1.89959484942742	-4.978387	2.456596
tsis1238	-0.1329005244305	2.3209384496139	-4.7893105	4.35808825
tsix1234	-0.7687996756612	1.98168137422193	-4.8471815	2.861822
tsog1243	0.020905592044	2.30858666589745	-4.43816925	4.62936774999999
tswa1253	-0.59728227168	2.1063750947883	-5.0974035	3.42547874999999
tswa1255	-0.03342298863605	2.34438550101555	-4.70078625	4.56378025
tuba1278	-0.8545431637465	2.1126328561901	-5.3259785	2.89227074999999
tugu1245	-0.197306335515	2.29585060305284	-4.688849	4.16749725
tuka1248	-0.118357702155	2.16264248705366	-4.653246	4.12923175
tuki1240	-0.083831043511255	2.24221241687442	-4.5335405	4.23612775
tuml1238	-0.17483354369	1.90017051495722	-3.9376985	3.3897515
tung1290	-0.1483442361345	2.28802883738383	-4.6686285	4.34790049999999
tunn1238	-0.181987962082	2.11195686235645	-4.4975425	3.83326
turk1304	-0.83408056325	2.04858897980249	-5.424308	2.886786
turk1308	0.1535333110845	2.18784583445522	-4.3299525	4.3343285
tusc1257	3.366268931	2.11620557304998	-0.380614525	7.89746224999999
tutu1241	-0.36931672453	2.21342723344086	-4.933602	4.03781475
tuva1244	-0.021951417129	2.22053190952581	-4.3338565	4.19831275
tuwa1243	-0.14223027201	2.26401995410671	-4.94030325	4.08782299999999
tuwu1238	-0.234961998912	2.20975484296319	-4.81567525	3.97500775
ubir1237	1.96966217242	1.83932478733101	-1.53037275	5.71706975
udih1248	-0.55522419614	2.02271767877479	-4.679972	3.20756999999999
udii1243	0.176222687134	1.56960869013629	-3.0393055	3.38885149999999
uduk1239	2.0472619086545	1.92804464373911	-1.46622725	6.24059125
ughe1237	0.70440747217	2.15201577919803	-3.51978225	4.80442575
ukra1253	-0.21889291671	2.05599880688138	-4.363259	3.64131425
ulit1238	0.0635938380855	2.2699274991738	-4.3469985	4.61155799999999
ulwa1239	-0.10990046565	2.06033218376372	-4.4400855	3.8794905
umbu1257	0.028117008065	2.26633187850297	-4.36254725	4.494933
umbu1258	0.27172080015935	1.83024905929921	-3.40471425	3.87414824999999
umes1235	1.95665617002	1.89140762236997	-1.37402225	6.17666475
unua1237	-0.4619384777028	2.15489844292782	-4.89622525	3.70298925
uppe1275	-0.654834435745	2.16103085733117	-5.34222125	3.263974
urar1246	-1.226938185273	2.02434796649534	-5.38775225	2.394984
urav1235	-0.242140401086	2.23758013567687	-4.736096	4.276307
urim1252	0.4693608725965	1.75175969145631	-3.05149825	3.905745
urip1239	-0.433849848945	2.13907534076476	-4.7788705	3.79915375
utes1238	2.412070939425	2.00247042328831	-1.36404775	6.55840125
veps1250	-0.93677058796	2.02417478296924	-5.258743	2.888144
vera1241	-0.2083694624	2.30305244307157	-4.80509925	4.28716275
viem1243	-0.2211020458205	2.28721535859807	-4.7996065	4.4346315
voti1245	-1.272435802805	1.93929049299996	-5.396847	2.1670845
vunj1238	-0.1145027900265	2.31940020611331	-4.748389	4.55686274999999
vure1239	-0.213334747865	2.29745380671028	-4.828156	4.27795425
vwan1235	-0.0834369306725	2.29117160713981	-4.73764325	4.34223575
wage1238	-0.472802484285	2.20952303111146	-5.1641195	3.6652395
waig1244	-0.1969597899215	2.32492566788887	-4.90616	4.28594999999999
waim1251	-1.02207429495	2.19174520106963	-5.70991525	3.119195
waim1252	-0.1475372135495	2.21331277990384	-4.68055	4.3109725
waim1253	1.652807910035	1.83820828756606	-1.89676025	5.49234675
waiw1244	-0.944895030388	1.90189944566325	-4.928439	2.597962
wala1266	1.587313781515	2.11637118426654	-2.27944325	5.83529175
wall1257	-0.0382819397925	2.23086893701772	-4.53391775	4.549218
wamb1257	4.3947814205	1.63889396974446	1.57671575	7.90979674999999
wand1267	-0.26141190056	2.31168440093861	-4.9291315	4.23516175
wand1278	-0.581673893125	2.15157188803736	-5.06891625	3.63644875
wann1242	-0.26969679007	2.26950322347514	-4.89204725	4.1715275
wara1294	2.6982788876	2.00734767230321	-0.88382095	7.0440545
wara1300	-0.12690761173	2.22045199172298	-4.4979865	4.17500525
wara1303	-0.53269144598	1.99353737458726	-4.81830925	3.24136525
ware1253	-0.487331409485	2.15925094435122	-4.77329025	3.79291725
ware1255	-0.924031365505	1.9838861617859	-5.11405425	2.8537415
wari1268	-0.742864265624	2.04616892304714	-5.23475975	3.14881174999999
warj1242	-0.2321607194685	2.10391121914909	-4.470542	3.68272274999999
waro1242	-0.43026015745	2.15439161388502	-4.8624065	3.64621575
wawa1246	-0.175275946168	2.33058712466364	-4.870329	4.5272425
wayu1241	4.3575301169	1.64022419001539	1.44657075	7.86130075
wels1247	-0.815670888835	2.09555668090646	-5.49021725	3.006218
weri1253	-1.109874287936	2.04018013887589	-5.41575625	2.6539015
west2354	-0.504129344825	2.18956737463992	-5.01398925	3.68194275
west2369	-0.397712804905	1.98616304129918	-4.676584	3.40006425
west2397	-0.531816968814	2.14546168214415	-4.997805	3.560987
west2415	2.57835479615	1.3120708132979	0.17529715	5.33343025
west2418	0.98240529892225	1.51220592877444	-2.00527275	3.94683425
west2430	-0.33669090939	2.16565729323959	-4.626708	3.7516435
west2466	-0.270118576345	2.29467853832341	-4.97564375	4.12446775
west2516	-0.16134274485	2.1773727301416	-4.5772715	3.97965624999999
west2519	-0.002677987255	2.36588810209297	-4.90057	4.71390375
west2555	-0.1366999797935	2.26074374823837	-4.81722475	4.38386125
west2557	-0.09341272207	2.3503655142329	-5.045998	4.405734
west2560	-0.0464932756565	2.15921961213026	-4.2650155	4.2969525
west2594	-0.560593171223	2.15714071274977	-5.17363175	3.468749
west2600	-0.2596225806265	2.13881392367814	-4.52645125	3.86275474999999
west2632	-0.139498837825	2.27940911561536	-4.81754875	4.3561245
west2635	-0.4809964952975	2.06771962218509	-4.64126625	3.344875
west2644	-0.6858197440363	2.1761035984497	-5.47210675	3.37185875
whit1269	-0.23239289723	2.20637623868362	-4.57657475	4.00525625
wiru1244	0.9801735548605	1.71531941636132	-2.333016	4.49336525
wola1242	0.8209473912075	1.68611290067505	-2.36027525	4.13827
wola1253	0.385748892345	1.99223357956501	-3.685002	4.1486965
woli1241	-0.1455851989695	2.27904234748082	-4.75153	4.247627
woun1238	-1.11427285162	1.96215909567389	-5.401473	2.66540325
wuch1236	-0.4097915935175	2.03947289308204	-4.748123	3.4294905
wusa1235	-0.7607637386985	2.00520411312564	-4.94716475	2.875076
wutu1241	-0.0057985489895	1.84212576648053	-3.969655	3.41400025
wuvu1239	-0.209682264034	2.28274137017213	-4.81741825	4.36479125
xamt1239	0.433910295845	2.11972091263771	-3.707489	4.634968
xara1244	-0.100403878585	2.26530833242454	-4.70875	4.10388175
xava1240	2.63954811221	1.98059557456241	-0.9257412	6.78355525
xokl1240	-0.630334335564	2.03367930919882	-4.68565275	3.1234465
yaak1241	-0.1321630952845	2.27757131496257	-4.61728425	4.1138735
yaka1272	-0.025779151954	2.17547776504021	-4.55361075	4.28646724999999
yaka1277	-0.07511222814	2.27196804869317	-4.64186075	4.43404375
yaki1237	-0.315198315738	2.16433472153216	-4.5849065	3.954529
yakk1236	3.3770690780065	1.53259462735504	0.564983275	6.68475325
yaku1245	-0.9054618763487	1.97093529053128	-5.12336	2.563902
yale1246	-0.558402036166	1.78309005676595	-4.18725375	2.95867675
yama1264	-0.784708900755	2.04954859266398	-5.17590975	2.9915825
yami1254	-0.0520795652095	2.25133533188678	-4.501819	4.49819125
yami1256	-1.1311771439985	1.85516025099571	-5.04148875	2.10811
yamp1242	3.017080914115	1.40259476938465	0.38764555	5.98216575
yano1261	-0.9765337352	2.0488117814366	-5.280687	2.63403875
yaou1238	-0.263773586435	2.33155139508636	-5.096417	4.18680775
yape1248	0.068071348745	2.26118402195894	-4.59081325	4.51314624999999
yapu1240	0.1502773641085	1.77515035974872	-3.5547875	3.49165275
yaqu1251	2.169609429883	1.88872969725352	-1.24288025	6.25164475
yasa1242	-0.02251716406	2.21740724719787	-4.18907225	4.26050275
yatz1235	-0.864378972583	2.08542580829005	-5.3417845	2.99458325
yaul1241	-0.4052596237895	1.87743787687481	-4.2664005	3.2946505
yaum1237	-0.8984437120709	2.09169605410414	-5.42683675	2.9498835
yawu1244	-0.122533831385	2.13833619851897	-4.49680925	3.914103
yecu1235	-0.501419112425	2.18179488290142	-5.03430475	3.55443125
yele1255	-0.098479280145	2.07594777392551	-4.233378	3.91157849999999
yidi1250	-0.265662033615	2.2288424914448	-5.07747625	4.089065
yoga1237	-0.176910770095	2.23743012286625	-4.5816435	4.0414615
yoku1256	-0.65724183049	2.15581476146743	-5.086251	3.647746
yong1270	0.1983581002945	1.94046234449417	-3.7340605	4.0129305
yong1280	0.117296106628	1.97974863725852	-3.86025275	4.13898125
youl1235	-0.875243250079	1.82802311877549	-4.676994	2.532223
youn1235	-0.15573204954	2.30454627779343	-4.72006475	4.41391575
yuca1254	-0.1331246179625	2.24765815216073	-4.714699	4.27929275
yuch1247	-0.358490408255	2.01851934699419	-4.61730975	3.34146775
yuec1235	-0.3934319081	2.03623300866055	-4.582832	3.357369
yukp1241	1.50554599586	1.82476291323604	-2.03003775	5.307252
yulu1243	-0.097634210705	2.41314139859777	-4.847258	4.82177849999999
yura1255	-0.630889577592	2.03013643669857	-5.030895	3.082393
zaba1237	1.27981673329	2.16000587174569	-2.75750275	5.5972995
zaca1241	-0.6569407007895	2.13545729054305	-5.20834325	3.20609225
zagh1240	-0.1253184660175	2.18675694549196	-4.5891005	4.2289015
zaiw1241	-0.958133726762	2.16215547095231	-5.490441	3.17100525
zakh1243	0.98430212341	1.63703262513117	-2.24240575	4.13764525
zamb1245	-0.066348267802	2.19117993140941	-4.4217595	4.44523225
zani1235	-0.801121941678	2.13160763164158	-5.565297	3.17137925
zarm1239	-0.088640475755	2.23824260650168	-4.6172325	4.20172575
zaye1235	-0.896077582875	1.96688526032974	-5.139695	2.63669425
zays1235	2.0225278154665	1.6582270519297	-1.0086235	5.47225775
zeme1240	0.680378142899	1.642566145325	-2.5058035	4.0511505
zenz1235	-0.755889899187	2.13968646271663	-5.4488755	3.3040965
zhab1238	-0.51278746189125	1.98048850906283	-4.791956	3.0890275
zoog1238	-0.872229707825	2.07904228108916	-5.294609	3.014658
zulg1242	-0.636899965704	2.0773259859547	-4.9456145	3.19751849999999
