Estimate	Est.Error	Q2.5	Q97.5
abad1241	-1.1144823893625	1.9686157115112	-5.25108775	2.51428525
abar1238	-0.369190512504	2.19817473415386	-4.76033	3.68315199999999
abkh1244	-0.532119399653	1.8544161067201	-4.4446865	2.93749324999999
abun1252	-0.52027359532	2.19733048077752	-5.34880975	3.78053575
acha1249	-1.373206332446	2.02775268993	-5.71996575	2.16809
achi1257	-0.2505787128	2.30088528414238	-5.15773125	4.3227275
achu1248	-0.6294953476655	2.12208006398289	-5.0833105	3.477216
acol1236	-0.40067228231	2.10148961636889	-4.77974575	3.7477605
adan1251	-0.28925592315	2.06454223523431	-4.5386395	3.674694
adze1240	-0.9183798756407	2.08770232611181	-5.15034275	3.08700149999999
afar1241	0.2592701192255	2.16738525163896	-4.19552775	4.31044625
agob1244	1.0315156575985	1.78943609828483	-2.59956375	4.51231225
aheu1239	-0.351555523205	2.28608215134687	-5.13910675	3.987978
aime1238	0.53195177767	1.99466034467301	-3.3376935	4.536894
ainu1240	-0.54192543707695	2.12355388640605	-5.1633235	3.4083935
ajab1235	-0.25305154826	2.20886225265291	-4.71622125	4.0087495
ajie1238	-0.2329982561029	2.29901301188701	-4.817731	4.37925024999999
akha1245	-0.4647411808155	1.78866378126284	-4.17160975	3.0239055
akoo1248	-0.1721562647217	2.3205460202102	-4.880459	4.52215875
akun1241	1.941407973717	1.91648190088637	-1.63711125	6.02540049999999
alab1237	-0.350483271765	2.16944697684867	-5.022479	3.71755375
alab1254	0.967291625	1.96287444707945	-2.818462	4.8883245
alac1244	-0.674110192895	2.18812658409327	-5.0855175	3.472624
alag1248	-0.36554898791	2.30300884369786	-5.17947975	3.7649865
aleu1260	-0.314295687095	2.05401712601758	-4.58099525	3.5777705
alor1247	-0.282620943164	2.05817845099151	-4.5541945	3.69954575
aluk1238	-1.124659413225	1.75595874900679	-4.89495975	2.094232
amah1246	-0.8006083868415	1.92843535879428	-5.0548735	2.572858
amam1246	-1.2260344289085	2.00589507744426	-5.4308155	2.426071
amap1240	-0.12051641592	1.86873871552545	-3.86269425	3.5212845
amas1236	-0.631342868963	2.15991637490278	-4.929602	3.3268945
amdo1237	-0.70422727580355	2.03188243748379	-4.91808325	2.92074625
amii1238	-0.700379661535	2.14115616749973	-5.2599645	3.35493049999999
anei1239	-0.215926313767805	2.34318839135001	-4.8853015	4.29099575
anfi1235	3.4359176694335	2.11628365121134	-0.40520065	7.96566375
anga1288	-0.316482154159	1.54909304642913	-3.46353625	2.67421825
ango1257	-0.89999628240785	1.93330495294832	-5.054897	2.5741515
anta1255	-0.0507357215975	2.3280960278325	-4.8162125	4.37018124999999
anut1237	-0.1012065382545	2.26315697229007	-4.62661625	4.3415915
anuu1241	-1.48014280268405	1.96831466602946	-5.505762	2.0641725
aona1235	-1.424289206445	1.76334698305952	-5.15485475	1.69670399999999
aoua1234	-0.284876279635	2.35671225588478	-5.2570145	4.12178799999999
apat1240	-1.440376677738	1.88169482676511	-5.41467425	1.97614175
apin1244	-0.80952187454	1.97482735336727	-4.851045	2.73960875
apma1240	-0.4677603654375	2.1311326632797	-4.904705	3.76513475
apma1241	-0.403252391184	1.84689247771835	-4.21800475	3.03219825
arak1252	-0.391041002825	2.14799123730468	-4.69715025	3.76297275
arao1248	2.47545030544	1.7256278631748	-0.6437555	6.05844875
arbo1245	1.3345975428715	1.80852246059861	-2.23483	4.91296049999999
area1240	0.9607682944584	2.06985783508876	-3.25967375	4.924538
argo1244	3.60573165055	2.2838752463898	-0.507733275	8.38877675
arhu1242	-0.013618256585	1.80846072729213	-3.8111005	3.29180775
arig1246	-0.06231999812	2.26991515302046	-4.59354525	4.29483074999999
arop1242	-0.29463944654565	1.88332554693784	-4.12181825	3.3518
aros1241	0.4693487477425	2.18970143218593	-3.74506725	4.688432
arta1239	-0.3167108860295	2.33630126226488	-5.132067	4.04817125
ashe1272	0.361730838293	2.16400473325172	-3.9763105	4.52197775
asoa1238	-0.157553016452	2.25892055689666	-5.09102025	4.16985275
assi1247	-0.368557127825	2.12484742033844	-4.98700225	3.48542375
asut1235	-0.139454354049	2.37875000701429	-4.811248	4.58321225
athp1241	3.6312978804	1.40993041250743	1.04974725	6.56324175
aton1241	-0.029772587	1.98070466162788	-4.41328775	3.63065275
aulu1238	-0.5522993742295	2.16098546631643	-5.09588225	3.5891435
auye1238	-0.6786051098815	2.06205432047657	-4.93085425	3.16000475
avac1239	2.062058182945	1.8069952902286	-1.2666725	5.8353565
avat1244	-0.3201263557145	2.14570096005987	-4.8406905	3.7758115
awac1239	2.8863900775	1.83417447286136	-0.371637725	6.85226925
awad1243	1.72547685267	1.80485468525939	-1.45671275	5.59185125
awad1244	-1.031463969265	2.06260627210694	-5.30677375	2.8397505
awar1249	-0.868411883005	2.00231842361885	-5.19331975	2.8811375
awji1241	-0.16760630062	2.32742195112481	-4.8989355	4.25689025
awtu1239	-0.16237752774	1.69301977257076	-3.6122905	3.230607
axam1237	-0.553927085973	2.17807899581158	-5.06163125	3.5703355
ayac1239	1.976720186352	1.95566137372836	-1.4870145	6.06733125
ayiw1239	-0.0825463735285	2.36846066732485	-4.8399665	4.60321925
baba1266	-0.306500519525	2.20822524014895	-4.5447555	3.8787695
babi1235	-0.4959555333525	2.0414044974119	-4.7553865	3.4154965
bafi1243	-0.17857524256	2.40832660254178	-4.93747825	4.54495724999999
bafu1246	-0.32634576553	2.24163270834451	-4.70770725	3.90412024999999
baga1272	-0.18854405606	2.23396394049939	-4.5850755	4.320971
bagi1246	-0.52687013357	2.1941215774822	-4.9172745	3.6411355
bagv1239	3.9565225429	1.76673737688753	0.909479675	7.99413075
baim1244	-0.723885945445	1.96065271668191	-4.9388365	2.7341715
baka1272	-0.1100932310605	2.44008411050527	-5.22997525	4.62897899999999
baka1274	-0.2238044283209	2.25852042154268	-4.798229	4.3125945
baki1244	-0.5266853507045	2.12848435456388	-5.03701175	3.53828525
bala1315	-0.006408364647	2.39951788889491	-4.8413415	4.749401
bala1316	-0.18049735355	2.35192814646491	-5.046593	4.229746
bali1278	-0.02459082167	2.29704642171909	-4.60717975	4.4616215
balu1257	-0.23752544535	2.27678755193927	-4.76023025	4.21020375
bamb1262	3.06064515407	2.10600781607821	-0.819998775	7.32347725
bamb1269	-0.072770137226	2.4038921884799	-4.941438	4.68762575
bamb1270	-0.03894860618	2.32890150378188	-4.57142525	4.45061325
bamu1253	-0.2452382837705	2.22036684260052	-4.8059875	4.21164825
bamw1238	-0.1863438481226	2.34744139736234	-4.97844025	4.40500474999999
band1344	-0.19880533678	2.25244637692823	-4.8079335	3.98229
bang1363	-0.45762848023	2.14021403956161	-4.82101275	3.6255825
bang1369	-1.261930707973	1.96222021168617	-5.35670975	2.3802405
bant1281	3.6089155693	1.35940015391734	1.1166685	6.51260225
bara1357	2.437086293865	1.44517780378532	-0.211407425	5.44333674999999
bara1369	-0.199903881375	2.31589852073281	-4.93906025	4.41396875
bare1279	-0.238976517905	2.28893924703517	-4.7405325	4.0627745
barg1252	-1.1087299354305	1.89103916163451	-5.03978075	2.55242825
bari1286	-0.4594359933275	2.26261695883962	-5.119742	3.935399
baro1253	-0.287163230047	2.25682825311605	-4.9405425	3.90081149999999
basa1282	-0.11300042295	2.27644830713076	-4.65653375	4.32909524999999
basq1248	-0.392892985435	2.22634523050987	-5.0411395	3.906678
bata1289	-0.128471662635	2.28677588198725	-4.6690025	4.52765774999999
bats1242	3.21288109261	1.73226929289019	0.2656262	7.04043874999999
baur1253	-0.32744768278	2.24991165111915	-4.8585555	3.81304125
bawm1236	-1.4187888417285	2.04624564016938	-5.77662575	2.3261145
bayb1234	-0.135750138875	2.15656720517138	-4.447953	4.1155205
bebe1248	-0.217101340485	2.2884678218573	-4.92540275	4.07976775
beja1238	-0.2220469827815	2.20162450671914	-4.661999	3.89044925
beka1241	-0.0840018839147	2.31448733577696	-4.85316425	4.39457975
bekw1241	-0.234777694023	2.37389706698063	-5.06927775	4.61139025
bela1254	-0.9819124628295	1.94140482087445	-5.09568825	2.5478885
beli1257	-0.13310813749	2.24999908558738	-4.50259825	4.27069275
bell1243	-0.347813768995	2.33362482732931	-5.117355	4.18412525
belu1239	-0.2658368070745	2.27586061593308	-4.923335	4.287496
bemb1257	0.0176210570567	2.30011594537377	-4.3409485	4.667282
bent1238	-0.4827189012355	2.11592355188847	-4.91056325	3.536342
bezh1248	3.59065232692	1.70001620515565	0.5717475	7.39941749999999
bhoj1244	2.93513359621	1.97736847748605	-0.5353283	7.40597525
biao1254	-0.20447006311	2.27567605815943	-4.6061735	4.21604725
biao1256	-0.371482731505	2.16960326978556	-4.66721725	3.89256099999999
biat1246	-0.11802339515	2.3098821598717	-4.7980435	4.4842135
bidy1244	-0.1180612458	2.3270998574167	-4.851526	4.40788975
bier1244	-0.52513046295	2.12813466767966	-4.8797245	3.531678
bign1238	-0.507439974005	2.15554325609219	-4.867575	3.671604
biha1246	-0.663037311825	2.22958665967424	-5.0177005	3.50086325
bila1255	-0.2455194614125	2.23928401702352	-4.73043975	4.31743625
bimi1240	-0.1519640433855	1.88066934561881	-4.109848	3.385556
bina1277	-0.8811886199975	1.96509852222986	-4.97341225	2.85749424999999
bini1246	-0.0822988778065	2.1991688333665	-4.62849075	4.17151099999999
bira1253	2.1813835428275	1.68079296553137	-0.861212775	5.56643975
bisu1244	1.487007812208	1.68766511731806	-1.725246	4.93119925
blab1237	1.932974860914	1.95644858285763	-1.837781	5.70106025
blan1242	-0.4286611945505	1.9736783888125	-4.61497075	3.306824
bodo1267	3.85846840502	1.86768141142722	0.6569307	8.02742024999999
boht1238	1.1994404787715	1.77164708440278	-2.448689	4.74852675
bola1250	-0.21283528382	2.23194242520805	-4.42022	4.0731095
bolg1251	-0.2675318405935	2.25359197440635	-5.010348	4.10243575
bolo1262	-0.1388164333415	2.26993239580112	-4.61155075	4.2497095
boly1239	-0.531475532828	2.22243125860592	-5.165124	3.61900875
bomb1262	-0.1711896460528	2.3034798062356	-4.9205075	4.09552724999999
bomk1234	-0.2114639295305	2.2560870962892	-4.908145	4.1656205
bona1250	0.032399139454	1.71872948739004	-3.51252575	3.27771975
bond1247	-0.140395069736	2.25765942012094	-4.75226125	4.37340025
bong1284	-0.051052885715	2.32619377650705	-4.8536355	4.57359775
bong1289	-0.07577963518	2.16212602472615	-4.34344325	4.06547125
bora1263	-0.857260348715	2.14775078522172	-5.297614	3.1101625
bori1243	-1.337426165715	1.92280757070049	-5.24515975	2.1782355
boro1277	0.84452021467	1.82088707877164	-2.68589425	4.44924
boto1242	-0.107286343057	2.29821664916424	-4.792367	4.53036325
brah1256	2.2762085959265	1.96934902608417	-1.1594645	6.4590785
bret1244	-0.321768250305	2.12187410432424	-4.55672975	3.57650224999999
brib1243	-0.420959680135	2.04818538481638	-4.980141	3.440243
budu1265	-0.3957459940805	2.19314892610084	-4.7274255	3.80551
budz1238	-0.07488543786285	2.24291536932027	-4.37347575	4.1887525
buga1247	-0.7134860208958	2.12519288847878	-5.207676	3.340041
buga1250	-0.99241050961	2.19293537800927	-5.53128675	3.02988225
bugh1239	2.43000549089	1.91914644699005	-1.28546625	6.33986749999999
bugl1243	-0.720420808185	2.0732511160705	-5.1851885	3.21710925
bujh1238	2.7006369211	1.45684913906168	0.1623337	5.779539
bull1247	-0.141166431547	2.25543066035458	-4.641156	4.1609925
bulo1242	-0.5972746179245	2.1841414563493	-5.14104675	3.517031
bumt1240	-0.865194379145	1.97244399909147	-5.176934	2.78216099999999
buna1276	3.14814735595	1.8898970833093	-0.39332915	7.06303774999999
bund1253	1.65412320947	1.88833954483753	-1.615884	5.6655275
bura1292	-0.45209185052	2.2802805079375	-4.95143475	3.94965925
bure1242	-0.4649853119195	2.16095749302088	-4.95786075	3.582913
burj1242	3.677944940335	2.10440527402757	-0.16174855	8.08361349999999
buru1296	1.813349680335	1.92854165846132	-1.67592775	6.1754455
buru1320	-0.370032663935	2.27530814373607	-5.18573275	4.02071475
busa1253	-0.110544389635	2.28219174376043	-4.62427875	4.1765935
bush1247	-0.095525729835	2.39307096943645	-4.93037475	4.45395974999999
buwa1243	-0.584094316755	2.21023797609773	-5.13587675	3.66668675
bwai1242	5.0221868365	1.73084806624975	1.8985315	8.54893475
bwat1240	-0.214443833895	2.27662168947064	-4.6418885	4.17291349999999
byan1241	3.592938019895	1.7714570662442	0.491116	7.35752225
caac1237	-0.212574997701	2.376209339248	-5.026809	4.37881849999999
cahu1264	-0.689342682235	1.98322465408449	-4.9071155	3.00866575
caml1239	3.78820915275	1.38121779463793	1.21702	6.85244475
cane1242	-0.846006252334	2.00704273014592	-5.263173	2.7901205
carn1240	-0.25081558659545	2.22695671586502	-4.679538	4.10477824999999
caro1242	-0.0465527797	2.29394281491575	-4.41337875	4.4384735
cash1251	0.4105868800215	1.6809262025255	-3.164816	3.61791
casi1235	-0.288398948098	2.33783483263759	-5.15849325	4.12871075
cavi1250	-0.2331586344775	1.88877128921335	-4.243724	3.1892405
cemu1238	-0.1963074890065	2.35779578081267	-4.9135565	4.59621225
cent1989	-0.334177853966	2.21263253028838	-4.8885685	4.04064025
cent1990	-0.20369324185	2.26609703768855	-4.70032	4.0296175
cent1992	-0.664874332738	2.25741863620872	-5.66989175	3.6492525
cent2084	-0.20302507802	2.40897451713245	-5.074233	4.37693974999999
cent2127	-0.186162696775	2.30194198230019	-4.949155	4.33148125
cent2131	3.1068125241	1.79653463929954	-0.2475314	6.86054175
cent2140	-0.8496119440035	1.96364762382456	-4.93330225	2.69239425
cent2142	0.2707407217455	1.99943891925583	-3.71390375	4.0862725
cent2150	-0.9059275967515	1.99639983840241	-5.065869	2.60647725
cent2292	-0.299624933095	2.25801556548477	-4.82479725	3.99946475
cent2314	-0.311074939985	2.24016068963958	-4.8938625	3.86637099999999
cent2322	2.14292098816	1.84008354342246	-1.24020975	5.87129425
chac1251	1.02815492412	1.80021362469897	-2.59161475	4.4646695
chad1249	-0.2262179115975	2.35689472320476	-5.0122175	4.3737575
chak1270	-1.31581075603923	1.98345454416245	-5.474028	2.21120124999999
chak1271	-0.22382835197	2.22820468789103	-4.620791	3.94449599999999
cham1309	4.0362789965	1.7960378167424	0.95180475	8.12426075
cham1312	-0.0460719536405	2.3067150285516	-4.62787425	4.39505175
chan1313	-1.57037575529	1.8270460345776	-5.6427875	1.57161075
char1269	2.788275096955	1.85305960263659	-0.551790925	6.71088449999999
chec1245	3.035332699625	1.93796956714141	-0.357070175	7.067437
chek1238	2.119790836675	1.96353054338778	-1.76509275	6.0787605
chen1255	0.512445823275	1.67861956727385	-2.8896845	3.79083075
cher1273	-0.5550646314945	2.12662946008114	-4.95550725	3.57683125
chhi1245	3.521625486	1.34848416238366	1.05390025	6.26138375
chil1280	-0.46189964517715	2.02373478201293	-4.66480625	3.436945
chim1302	2.4905727489205	1.87161815477202	-0.83762145	6.45862675
chin1286	-0.521684728497	2.07857494737632	-5.0948245	3.27582199999999
chip1261	-0.387757646815	2.11830181230717	-4.64635525	3.55759875
chiq1248	-0.2913947777255	2.21102756653309	-5.09737675	3.84224725
choc1276	-0.5102981224	2.13764497092301	-5.1472015	3.58414075
chon1284	-0.314407754785	2.23105463753963	-4.93565775	3.75615475
chot1239	-1.0585628429935	1.73339424515571	-4.74641175	2.1000835
chra1242	-0.45784095446	2.22299963718656	-4.9799635	3.86692625
chug1252	-1.3295595735	1.92626218189877	-5.4072195	2.23267225
chuj1250	-0.592788245507	2.16676334885536	-5.24707375	3.523405
chuk1273	-0.859635111622	2.08474088189341	-5.2252915	3.10798175
chuu1238	-0.019288673535	2.31990965647232	-4.893485	4.542662
chuv1255	0.0428107278455	1.71406487536516	-3.50818775	3.39718275
chuw1238	-0.028402715455	2.37848395642336	-4.7541785	4.7095995
cici1237	-0.0986128326465	2.26538770408904	-4.5978135	4.24152225
coat1243	-0.7940834766925	2.15656724891932	-5.16535525	3.2998655
coca1259	-1.45564930632	2.02483482961873	-6.1066515	2.20889825
coeu1236	-0.46429012881	2.18540366765541	-4.9126315	3.6558375
colo1256	3.230094188	1.99122928367524	-0.217921325	7.5439205
colu1241	-0.33219858706585	2.28233635280029	-5.13518175	4.034182
coma1245	2.757112743675	1.90799450007286	-0.8072881	6.63578599999999
como1259	-0.3182805769205	2.23551191958892	-4.7021805	4.19891275
cong1236	-0.104562057185	2.31602810820429	-4.8792325	4.40564674999999
copa1237	-0.852125525288	2.20092718338956	-5.38584825	3.35657025
cori1240	-0.1888579631325	2.27211380576862	-4.69820675	4.2836215
cors1241	-0.43176324432	2.22839569909661	-5.00656725	3.627314
cosa1234	-1.095884985245	1.88768631234301	-5.056863	2.51833799999999
cota1241	-0.222059597835	2.27237911182843	-4.783662	4.110354
cree1270	-0.42964365946215	2.17152050529348	-4.849692	3.56598825
crow1244	-0.460111946295	2.13202002308502	-4.8818505	3.544168
cube1242	-0.4840968427882	1.81087829361039	-4.106678	2.86327325
culi1244	-0.70004415171	1.91245323048478	-4.686816	2.70651525
cusc1236	-0.035687112318	2.15552050660829	-4.47114375	3.94537925
cypr1248	-0.0636907570725	2.24021963168949	-4.7475125	4.19781124999999
czec1258	-0.298975592031	2.0982021684699	-4.58943075	3.74094775
daai1236	-1.4485570478995	1.99952443477804	-5.78843225	2.1109895
daas1238	0.3201700781565	1.96156825316042	-3.4645655	3.978385
dadi1250	1.859565767245	1.75464314272921	-1.3540825	5.697643
dagb1246	-0.195265528748	2.2320008292669	-4.58861025	4.142836
dagi1241	-0.505817754731	2.1978566568847	-4.97555075	3.7336485
daka1243	-0.54424554454605	2.13772042334898	-5.02618675	3.49032324999999
damp1237	-0.111104563875	2.29492801403716	-4.706222	4.508112
dana1252	-1.047752292166	1.91835129706316	-5.25824825	2.343881
dand1238	2.805412748185	1.75029249929473	-0.303421425	6.79640949999999
dani1285	-1.029448626614	1.99158419062004	-5.39069675	2.52965575
dara1250	2.42267776668	1.53896955411427	-0.307309825	5.720422
darg1241	2.406104313374	1.67564355960826	-0.6201536	5.817817
darm1243	3.62902912175	1.78749583656661	0.4823401	7.41585125
dawr1236	3.59570353404	1.95581584253733	0.221013425	7.8896705
daza1242	-0.32375623835	2.24981650411646	-5.1074955	4.07478075
dege1246	-0.11662195275	2.32505798857467	-4.90838225	4.2794385
dehu1237	-0.21224559876	2.31330167329564	-4.8844665	4.30930324999999
dera1248	-0.425998072555	2.35242974764353	-5.11660825	4.12824025
desa1247	0.666524987049	1.5186013777022	-2.18270575	3.68603724999999
dhao1237	-0.122820787806	2.285515601317	-4.77536525	4.10367299999999
dhim1246	4.58023792695	1.73048255653037	1.38450975	8.2294425
dido1241	3.80745878985	1.73667329939557	0.87412825	7.58698074999999
diga1241	1.647247241275	1.7016285883472	-1.63367875	5.0888365
digo1243	-0.07511390548	2.27536670978868	-4.5057465	4.31083375
dima1251	0.121710722157	1.65969109751223	-3.111289	3.2840005
djam1255	-0.565767353755	2.23295178058806	-5.332302	3.63780924999999
djin1251	-0.25432662241	2.24622797352574	-4.6424555	4.15387125
dobu1241	4.6529653375	1.75049031979012	1.46304275	8.37152225
domm1246	0.1490184362675	1.76981051614473	-3.50799975	3.54823475
dong1285	2.39078852065	1.85722780510168	-1.10047575	6.10875675
doro1266	-0.722385344205	1.94831677712801	-4.70952425	2.88568975
drun1238	-0.516472326275	1.89771394703959	-4.55624575	3.13364275
dupa1235	-0.272925085859	2.36447983396784	-5.02919925	4.4456815
dutc1256	-1.053870121205	1.97354926864211	-5.321356	2.45964375
dyul1238	-0.33835513051	2.36829441355608	-5.1987585	4.297187
dzao1238	-0.319181915485	2.26712739502687	-4.78974675	4.22812225
dzon1239	0.694517802101	1.70074053886792	-2.636657	3.8741015
east1236	-0.576028188985	2.17334075027684	-5.18983725	3.52411525
east2328	1.06981573108	1.63529564980153	-1.99353425	4.430971
east2332	-0.485672647079	2.27948556800774	-5.28466275	3.984232
east2342	-0.183223055895	2.07448494627412	-4.405769	3.9265515
east2443	-0.435605140883	2.21522129579785	-4.910419	3.868441
east2485	-0.100839046915	2.35412643710366	-4.70396375	4.4046425
east2516	0.799979755614	1.67248803784778	-2.481573	4.04711775
east2555	2.04730639275	1.88160031721565	-1.35256475	5.85940049999999
east2556	-0.6755949184575	2.16623331517911	-5.380455	3.42123525
east2690	-0.157628987615	2.31244314844494	-4.80518125	4.08271299999999
east2773	3.6965813987	1.52940597140852	1.030165	6.969637
egyp1253	-0.10546437696	2.35287661884533	-4.7974315	4.50994025
eipo1242	-0.73014043409	2.12319881152997	-5.1687565	3.25786175
ekar1243	-0.651544393325	2.15080318490287	-5.09937275	3.38085325
elna1235	-0.8716739906015	2.1894298588192	-5.70620625	3.0270175
emae1237	-0.4870597878125	2.17105892283282	-4.9295255	3.7319975
emai1241	-0.08838886518	2.23690039946915	-4.66260175	4.08593
embe1260	-1.236359086193	1.98796669494287	-5.59239775	2.428235
embe1262	-0.974404037295	2.0893763363087	-5.43239275	2.87347625
enap1235	-1.03447896508	1.94196500815016	-5.2708515	2.5297915
enuu1235	-1.266047412775	2.06226497903917	-5.80403875	2.4560105
epen1239	-0.841355862035	1.99215348372355	-5.09348325	2.74211025
ersu1241	-0.31176083851	1.7748512099108	-3.89739825	2.93665674999999
erzy1239	-0.8852121685215	2.01413234523692	-5.185256	2.73137925
esan1238	-0.09708495333	2.22265441950335	-4.6274205	4.3890395
esee1248	2.521312553305	1.79517073667653	-0.671391975	6.350362
esim1238	-0.362658677015	2.31010921261545	-5.03703875	3.9278055
esto1258	-1.38603510745	2.01355666281681	-5.7473235	2.266008
eton1253	-0.166416716585	2.37787469036177	-4.87467625	4.6594345
even1259	-0.566246236346	2.15316794995001	-5.1333175	3.4747585
ewee1241	-0.28147220967	2.26938990750637	-4.8239545	3.98139525
fait1240	-0.78887105321	1.8847591222038	-4.54654275	2.76051725
fare1241	-0.123015030675	2.34422069450149	-4.792304	4.51697725
faro1244	-0.3192357955275	2.12421332991703	-4.71709725	3.7553795
fass1245	-0.65802669845	1.90121309594371	-4.65537875	2.98973225
fasu1242	0.844553494435	1.91173132515593	-2.94623775	4.4927305
fiji1243	-0.02385497729	2.26158022393437	-4.417722	4.4207225
fili1244	-0.051424751244	2.29515297555728	-4.677495	4.59301025
finn1318	-0.7478955506105	1.92658819253811	-4.91684225	2.722562
fonn1241	-0.24828989992935	2.20703341432482	-4.687777	4.003461
fore1265	-0.866700636064	2.00283970333241	-5.22139275	2.6660995
fran1266	-0.71536925606	2.16916619490307	-5.34924375	3.22945225
fuln1247	-0.81037393934	2.11293953316173	-5.59595575	2.93326975
furr1244	-0.265219560213	2.25787898476546	-4.88406625	4.2078265
furu1242	-0.17626979343555	2.26393858077868	-4.7991325	4.17767825
futu1245	-0.18124972593995	2.3625885018774	-4.9884515	4.37364575
fuyu1242	-1.20077295296	1.92663255024917	-5.1899635	2.32004874999999
gaan1243	-0.457531579222875	2.25759978333011	-4.8711425	3.9934385
gaga1249	-0.84541712095	1.94166683819052	-4.85178975	2.8352125
gahr1239	1.255254683831	1.6871968717183	-2.101814	4.47628525
gali1258	-0.3552844947775	2.28324888106856	-5.183222	3.80158375
gali1262	1.91872947462	1.94829005637253	-1.5928495	5.92519575
gamo1243	3.141264086612	1.79020496590902	-0.338993825	6.75892425
gang1266	-0.907363754902	1.75604597510994	-4.63522625	2.42661875
gant1244	-0.766226106555	1.87444758032191	-4.6168365	2.87145375
gata1239	4.1353657732	1.88039583436235	0.960356775	8.1282445
gayo1244	-0.179763492126	2.34611495339833	-5.10882125	4.25968675
geba1237	-0.84127833777	2.14166245855886	-5.25947275	3.04220074999999
geda1237	-1.06539945783895	1.89071757248409	-4.8877245	2.42784025
gela1263	2.60750812365	1.81372236236934	-0.849927925	6.32337749999999
ghad1239	-0.076308086359	2.36205184058406	-4.809808	4.52340299999999
ghan1242	0.09694414523	2.24451416036213	-4.3564395	4.62762949999999
ghar1239	2.84071093038	1.84790454799452	-0.640457825	6.5361785
gheg1238	-0.48449875754	2.16072088821291	-5.053856	3.47860625
ghod1238	3.8841960374	1.87764434023524	0.63848345	8.21392175
ghom1257	-0.2719983302115	2.16802317192804	-4.81290875	3.761016
gily1242	-0.4941188166	2.20645774805795	-5.005002	3.897834
gira1247	-0.99335878542	1.85051898947686	-4.8847705	2.3762385
goem1240	-0.4361654377245	2.39290308305071	-5.330774	4.091078
gofa1235	3.51818861182	1.89074932545413	-0.046572975	7.45416225
gola1255	-0.167056120075	2.38511485375006	-5.01086975	4.50899775
guah1255	2.0043649984985	1.89388821604118	-1.400388	5.97832575
guan1269	0.1724737349375	1.74274261729037	-3.3195455	3.60037774999999
guat1253	-0.33808708917	2.18972561326853	-4.782037	3.75726225
gube1234	-0.120818573978	2.25636335017916	-4.74106825	4.1090195
gude1246	-0.499480194175	2.24827285024931	-5.00809075	3.77586625
guer1243	-0.74794407817605	2.26385498149708	-5.36522925	3.69062775
guhu1244	-1.2072548246675	2.01812466592992	-5.4271545	2.59431925
guiq1238	-1.01464286444	1.99292852383295	-5.29794875	2.627282
gulf1241	-0.14546715203	2.2170515977955	-4.69746125	4.02147325
guma1254	5.213864444	1.83020190930967	1.8261965	8.97304499999999
gumu1244	0.39212907669	2.18552371792714	-3.96392375	4.826477
gunw1252	-0.48621984575	2.24703720275148	-5.30485675	3.68843075
gura1251	-0.6043288657875	2.18945938986488	-5.45536725	3.512929
guro1248	-0.19428785906465	2.22541510697194	-4.69853025	3.9942475
guru1261	4.14120492085	1.50181065420391	1.4563605	7.38939825
guru1271	-0.436206984755	2.29245603672118	-5.018436	4.06292599999999
gusi1247	-0.195070631257	2.2836075547207	-4.946069	4.1786135
gyel1242	-0.143787377334	2.30165755495962	-4.70242725	4.44444975
haaa1252	-0.032710120215	2.30968479446888	-4.692071	4.5504525
hadi1240	1.493691812365	1.94799261144229	-2.17393975	5.3650865
hadz1240	-0.3875792936925	2.21549396573521	-4.91246275	3.84892675
hakk1236	-0.23477502745	2.26905193572229	-4.94613925	4.25410874999999
halh1238	-0.2713413034138	1.98354946514756	-4.39356875	3.4786185
hali1244	-0.46836775007	2.16914815490445	-4.938925	3.59988575
halk1245	-0.421646113425	2.20685127024604	-4.89279475	3.6420195
hani1248	-1.16776277869	2.07755108041376	-5.77278375	2.440708
hano1246	-0.4292350647565	2.22288413217516	-5.13628275	3.97977475
haus1257	-0.25679655987	2.21272257245077	-4.52862	4.04619025
hawa1245	-0.08817065296	2.24830898117409	-4.58469325	4.29489375
hdii1240	-0.5652355529755	2.12344948905848	-4.88747375	3.37080474999999
hebr1245	-0.127090699195	2.27901612605557	-4.83847075	4.23939999999999
hehe1240	-0.062506242851	2.34109720392188	-4.755642	4.47668525
here1253	0.0273601847965	2.44110923891681	-4.96643075	4.82977175
hida1246	-0.4827480347895	2.07070507909892	-4.71384425	3.370742
high1276	-0.8873967956165	2.13422491854899	-5.608556	2.95978275
hind1269	-0.76705700779	1.85687511008416	-4.650881	2.5296415
hoaa1235	-0.62963563821	2.13913826901383	-5.010891	3.47374975
hoav1238	0.6457373763325	2.12045877872698	-3.4833395	4.89977
holo1240	-0.0897706396625	2.2222020838907	-4.48455475	4.31914875
hone1235	-0.4382607414105	2.23885159448434	-5.08647475	3.798394
hopi1249	-0.60265155918	2.02853653698238	-4.754748	3.24496425
hote1245	-1.072323312935	2.13416770714827	-5.40798875	3.05995
hual1241	1.60103794459	1.77018134650034	-1.60115025	5.35230125
huam1247	-1.086092569105	1.83929990999015	-5.079787	2.311031
huar1255	1.60325287134	1.67380027346716	-1.55581825	4.98495975
huas1242	-0.450432657645	2.2153653745156	-5.042802	3.78286874999999
huba1236	-0.4943564404295	2.24608424793474	-5.0107975	3.73156474999999
huic1243	-0.8643591518	2.15581453365213	-5.4765805	3.07290975
hula1244	-0.10282076212	2.34879608401645	-5.02747275	4.73091699999999
humb1243	-0.312558286665	2.22053664380087	-4.684037	4.00106774999999
hung1274	2.19958923640035	1.81307743432002	-1.0472855	5.93276275
hunz1247	3.48148908452	1.68596386797017	0.478251525	7.12123675
hupd1244	0.18914490714	1.54096044562748	-2.908455	3.15773549999999
iaai1238	-0.249251812465	2.30172132022285	-4.9339645	4.21050325
ibal1244	-0.259829725265	2.24650051057328	-4.7401395	4.10042125
iban1264	-0.05351693726	2.41182552155524	-4.8877885	4.60102249999999
iban1267	-0.289289395735	2.34620261516851	-4.95273125	4.15965449999999
ibat1238	-0.115362356573	2.30206139145752	-4.69821575	4.40456349999999
ibib1240	-0.123156706124	2.30119654060278	-4.823929	4.38356975
icel1247	-0.248567836744	2.19691413827763	-4.5563765	3.933227
idii1243	1.335872498505	1.62267827336478	-1.785662	4.52181074999999
idun1242	4.84500149491	1.69876385969433	1.83858975	8.29984199999999
ikkk1242	-0.258526588543825	2.17055024991039	-4.60447075	4.01973225
ilaa1246	-0.022551910799	2.31280551442792	-4.74742975	4.65192325
iliu1237	-0.2088400161995	2.19396864861496	-4.73012225	3.9904305
imba1240	3.29331283107	1.88279328642458	0.0118907025	7.36794
indo1316	-0.1710929872885	2.15300404276854	-4.49317875	3.94124374999999
ingr1248	-1.39723104625	2.04365617626499	-5.69188175	2.2279265
ingu1240	3.064333273135	1.86376786073147	-0.227895175	6.888032
iqui1243	-1.55243658041	2.14072868688622	-6.22436	2.2579305
iraq1241	-0.388426415005	2.29213001743365	-5.05918	3.9500375
irar1238	-0.241525479091	2.27282074950912	-4.711136	4.33241524999999
iris1253	-0.396303588965	2.20583225291025	-5.07592425	3.62004825
irul1243	-0.791023860475	1.97716510724314	-4.9463765	2.7243965
isco1239	1.08101824394	1.52021000030809	-1.864233	4.1895605
isir1237	-0.794615011641	2.11687533005749	-5.2648715	3.1032965
ital1282	-0.989853307217	1.96943699584126	-5.4825215	2.50471025
iton1250	-0.45852432605	2.20935520767658	-5.1667165	3.65602175
itza1241	-0.317572200654	2.31009983129022	-5.11203475	4.30366075
iwal1237	-1.0981386091485	2.1156066756547	-5.45802125	2.77056675
iyoo1238	-0.971520627515	2.02430598717281	-5.13462075	2.899925
jalk1242	-0.307840875575	2.33643079830461	-5.053447	4.1596985
jama1261	-0.800331888305	2.05427969246509	-5.281258	2.8068155
jamb1236	-0.079727704685	2.23742777172649	-4.37588925	4.22532325
jams1239	-0.45389569985	2.12557554933879	-4.8059705	3.66973325
jara1266	-0.573838754535	2.18136204314385	-5.018231	3.7226415
jede1239	-0.3715615369055	2.26981177405632	-5.11430225	4.03310925
jeha1242	-0.328711701528	2.26603132953606	-4.99477675	4.03839625
jina1244	-0.50316832214	2.1506427543383	-4.940677	3.53850474999999
juan1238	3.44024105588	1.92352649848139	0.1304853	7.52904475
juku1254	-0.391793215915	2.23681366013243	-4.94201775	3.9546555
kaba1278	-0.00267964216	1.76196291215103	-3.6461455	3.41659375
kaba1281	-0.174704054374	2.26553499366129	-4.71302925	4.18449575
kach1280	-1.3669961311535	2.07351298133651	-5.76474975	2.44136
kado1242	-0.071304276575	1.60960407169094	-3.32953175	2.9889435
kafa1242	3.57545568809	2.11213288494205	-0.271184375	8.00373525
kagu1239	-0.1951250686145	2.40613315748604	-4.78308925	4.47674925
kaik1246	-0.098759390115	1.64471746621445	-3.66160125	2.89203175
kala1384	-0.07060220011	2.38516037471534	-4.774424	4.73859975
kala1388	-0.1243447201025	2.41170185607935	-4.96715375	4.566519
kala1399	-0.08710473652	2.21169646524164	-4.537929	4.23701799999999
kali1308	-0.285869008456	2.25396343340913	-4.60079725	4.0444335
kamb1297	-0.076356681805	2.30549612574997	-4.680984	4.5608605
kamb1299	-0.08009822968	2.37324099226266	-4.7685125	4.73926574999999
kamb1316	1.359914365981	1.89397111004787	-2.355756	5.09889975
kana1286	-0.0244163745555	2.29740127527434	-4.91990125	4.3883275
kani1286	-0.2587674334655	1.98191273130714	-4.171904	3.63354675
kank1243	-0.27528040167	2.27359345201844	-4.9487315	4.33863125
kaqc1270	-0.434729924805	2.1170474705086	-4.80919225	3.39677075
kara1482	-0.1691886335985	2.37078211342374	-4.89832975	4.28688975
kara1486	-0.28201586704	2.31264251508913	-5.07365225	4.03719175
kara1500	-0.45819854064	1.91164945947785	-4.58194925	3.05749425
kare1335	-0.925408399009	2.04750848491488	-5.53256175	2.8032315
kare1338	-0.175957020869	2.28494326929444	-4.97338525	4.15937325
kari1311	-1.100737537485	1.97466128621399	-5.3472095	2.50296075
kark1258	-0.81554592021	1.89578522775655	-4.74068875	2.82069
karo1304	-0.514335543988	2.1796554654974	-5.2253735	3.396812
kash1277	-0.749309675275	1.79938018866908	-4.510693	2.61153975
kask1239	-0.47500787254	2.13447809868279	-5.03382	3.6527265
katb1237	-0.54227980747	2.15660699100718	-5.00045525	3.81993775
kaya1315	-0.7183920252665	2.06673591233054	-4.9247045	3.289116
keap1239	-0.524661409451	2.08864295602967	-4.7363585	3.6815215
kele1255	-0.052227554625	2.28064915657962	-4.55008225	4.186611
kemb1249	-0.08294907923075	2.305411161132	-4.69340975	4.24456424999999
kenu1236	-0.1218547176105	2.2572607959404	-4.854494	4.23518525
keoo1238	-0.13907336931	2.3464993233939	-5.02352925	4.60931224999999
kera1248	-0.11890536838	2.26795977038844	-4.55845225	4.2052725
kesa1244	-0.794580251939	1.88869421644323	-4.74849975	2.640654
kett1243	-0.72418674941595	1.93244760840562	-4.7729565	2.80229775
kgal1244	-0.134330960445	2.24589855342048	-4.5084245	4.31532375
khak1248	1.9483278307205	1.78815398404028	-1.393532	5.7639225
kham1282	-0.6175777779655	2.0922722304918	-5.0763645	3.1308005
khan1278	-0.139027530365	2.24646611104632	-4.539761	4.1777915
khin1240	1.14647513403675	1.46971554295269	-1.712706	4.10798875
khmu1256	-0.244527839615	2.12762549904751	-4.6203305	3.91659949999999
khum1248	-1.3433665216025	2.08470299785288	-5.84537775	2.44484375
khva1239	3.8561793725	1.7341936930159	0.844798825	7.79596074999999
kich1262	-0.450126444526	2.12912432824658	-4.77615725	3.36481525
kiku1240	-0.266982798625	2.35402430516822	-5.2109115	4.572863
kile1243	-0.580353779267	2.01042444374705	-4.83700525	3.143932
kimm1245	-0.7252963063655	2.06512076523363	-5.09188925	3.13651975
kinn1249	2.91848076797	1.80706037267462	-0.39541935	6.69046
kips1239	-0.235679727765	2.2693881862035	-4.824054	4.1657585
koho1244	-0.7543375880966	2.07238431771143	-5.20987075	3.0934065
koir1240	-0.56545455823	1.57239127047432	-3.604729	2.39821475
koit1244	-1.01164676497	2.03831355510184	-5.313372	2.80042925
koko1269	1.941605975595	1.98126986268444	-1.8796315	5.67648625
kola1285	-0.105470662705	2.19540860774136	-4.5242865	4.173875
kolb1240	-0.25653516669135	2.20561591102834	-4.750203	4.097074
kolc1235	-0.109969725545	2.22361607373389	-4.71117075	4.29302524999999
kolu1245	5.3661415004	1.75145690638946	2.17058675	8.940841
komc1235	-0.33170583043	2.2230642063122	-4.6950205	3.91752125
komi1268	-0.786061805416	1.96166259209979	-5.13907275	2.7524125
komi1269	-0.827849182414	1.96557047092788	-5.12575625	2.70917999999999
kona1242	-0.2286859876445	1.8901134278428	-4.152182	3.39741025
konk1267	1.922863251425	1.8690717375912	-1.28981725	5.92379275
kons1243	2.561251356955	1.70890602685979	-0.610909725	6.07759925
koon1244	0.0219624719755	2.3463298938225	-4.755527	4.791506
koon1245	-0.1265983386295	2.40021249592676	-5.0843965	4.4452505
kore1280	-0.49471965589	2.0445043325778	-4.79466525	3.425546
koro1298	-0.357055293445	2.24753240528997	-5.16287425	4.03236375
kosa1249	-0.78016530559	2.12242438457252	-5.232651	3.18986125
kosr1238	-0.0337294839045	2.37541413705246	-5.109219	4.57588075
kota1263	-1.135193867235	1.73256299899234	-4.67105475	2.108139
koti1238	-0.069372679254	2.27385049197116	-4.563158	4.3295295
koya1251	0.704193856752	1.70012942875011	-2.8523305	3.9250675
koyr1240	-0.264003775165	2.21228044961028	-4.61688	3.7912675
koyr1242	-0.236849516211	2.26255766595388	-5.1073635	4.1233965
kryt1240	1.2159039326005	1.51734814454725	-1.6503385	4.24869725
kuii1252	3.84994669335	1.57055010522655	1.047265	7.19937525
kuik1246	2.91838442984	1.90167217577017	-0.5229304	6.94483174999999
kuku1273	-0.2456558073865	2.25494513947934	-4.8522715	4.13520075
kuku1280	-0.25572247624	2.21779512094913	-4.81666275	4.03163675
kulo1237	-0.0489421458425	2.25462410036753	-4.72307025	4.15474825
kulu1253	3.452284225585	1.34329702992788	1.01974225	6.22484675
kuma1276	-0.182381420715	2.35320493068756	-5.07939825	4.19435075
kumb1268	-0.13401978017	2.2206194503525	-4.6078975	4.12154374999999
kumz1235	-0.373927652032	2.15713628836298	-4.76984675	3.69411575
kuni1267	-1.2324637615415	1.99256916753098	-5.4335985	2.4094935
kuot1243	-0.32118478431	2.24633180917124	-5.1381155	4.04435025
kurr1243	-0.0637720783515	2.31583708251865	-4.83620425	4.42341975
kusa1251	0.47579143106	2.11153566160491	-3.66539675	4.65998625
kute1248	-0.3815137652925	2.20040144376729	-4.86538825	3.8049045
kute1249	0.102549709176	2.18684431322802	-4.287916	4.41115925
kuvi1243	3.57741404005	1.53617929790473	0.791280025	6.79019925
kwai1243	1.18499681385	2.00020612687955	-2.76526475	5.1552685
kwam1249	2.513488712925	1.95638208471105	-1.099817	6.42425375
kwar1239	1.3473378334345	1.99156487042815	-2.678831	5.39134375
kweg1241	1.15359143317	1.8568120019099	-2.5431325	4.97413825
kwom1262	1.7280082915185	1.7644975601027	-1.49657025	5.53474125
kxoe1243	-0.581720193875	2.23991364808792	-5.274853	3.850185
kyer1238	2.26936586843	1.4500901434351	-0.5299226	5.2989325
lach1248	-0.74669090218785	2.10536673694232	-5.156029	3.20039875
lahu1253	0.33426649883395	1.58894570531696	-2.79712625	3.47489975
laiy1246	-0.1014158535885	2.38105377897799	-4.80221625	4.68773899999999
lakk1252	2.59204776985	1.5277481007917	-0.21945545	5.729184
lala1268	-1.058512362246	2.0048556101926	-5.362111	2.60218075
lama1277	-0.237444893575	2.21574674030023	-4.84547025	4.27902375
lama1288	-0.5589916149175	2.12362596065332	-4.8969155	3.405515
lamb1269	2.551011760715	1.85622916883238	-0.769227975	6.6996295
lamb1272	0.016611263979	2.27628147144137	-4.59261925	4.34093524999999
lame1260	-0.52150325134	2.11847458682796	-4.85583425	3.551882
lamk1238	-1.1703882837415	1.78120055052175	-5.004558	2.1797365
land1256	-0.14515049309	2.27704668904727	-4.77871075	4.2172085
lash1243	-1.38813731066	1.91529322489723	-5.38717525	2.099775
latv1249	-1.34288602332	2.02620931628972	-5.7016075	2.27553799999999
lave1248	-0.62558876794	2.22595251867156	-5.266387	3.53923325
lave1249	-0.6373208625545	2.19165452823244	-5.2140925	3.596809
lavu1241	3.538280438195	1.92148494552259	0.1384958	7.67667224999999
lazz1240	1.71095445071	1.89995610620954	-1.80081875	5.79098825
lega1250	-0.123735623662	2.31409170141585	-4.78683075	4.36928775
lele1267	-0.4165082471025	2.2038015325958	-4.85302125	3.77144575
lele1270	-0.199371762015	2.22752712729196	-4.62220975	3.97996525
lele1276	-0.42253211324	2.21129435410739	-4.79952325	3.84827275
lemb1266	-0.28625540111	1.95714550103958	-4.3504685	3.5161785
lena1238	-0.264318723155	2.35232072033213	-4.838075	3.914833
leng1259	1.898818038088	1.9798555948507	-1.916567	6.036444
lepc1244	2.9864871570885	1.44662363491926	0.41422885	5.94756375
leti1246	-0.130820154735	2.31605580870988	-4.93010725	4.37272574999999
lewo1242	-0.504438656325	2.13772334644262	-4.88253175	3.71623625
lezg1247	0.917963498528	1.41487835398953	-1.81432875	3.73383875
libi1244	-0.1916016154	2.30959404699334	-4.88702925	4.11882699999999
liby1240	-0.03292653392	2.32687541115082	-4.719987	4.631185
liji1238	-0.2712092282336	2.34210920176375	-4.91074725	4.305341
lika1243	-0.1950996429785	2.3083577952431	-4.91457475	4.478923
liki1240	-0.191532945194	2.29604438497023	-5.048979	4.33729675
lill1248	-0.364437677935	2.29445532031789	-5.09882525	4.0997245
ling1265	-0.5407797381005	2.13677693282312	-4.9525145	3.6347
lipo1242	-1.18741138652	2.13998708167704	-5.77768	2.73776025
lish1245	-0.5820684099375	2.10544873595826	-5.039354	3.29718974999999
lisu1250	-1.2685398833245	1.94289236923231	-5.3868145	2.260112
lith1251	-1.243675795642	1.98611074596169	-5.5030855	2.2533505
lito1235	-0.157895060323	2.40273123795038	-5.14253175	4.4559085
litz1237	-0.523505099726	2.13261233616353	-4.78960175	3.637566
livv1243	-1.123075926451	2.0640269220738	-5.56111525	2.68887625
loba1239	-0.1643618673925	2.28195282313308	-4.96233775	4.21985325
logo1259	-0.3500821833915	2.25398682484487	-4.8465525	4.02950425
loma1260	-0.2029728538795	2.2151215699066	-4.6584915	4.08386875
lomb1257	-0.995452287865	2.06655254603138	-5.58154575	2.6317015
loni1238	-0.195159684733	2.2486492245191	-4.68639625	4.14831925
lote1237	-0.01570195977948	2.28865457043767	-4.800299	4.4407215
loth1237	-0.95709877485	1.66523635114273	-4.2570985	2.26867775
louu1245	-0.226842476305	2.25114549589621	-4.58963775	4.05975374999999
lowl1260	-0.66532898217	2.07438364317043	-4.91234425	3.22927475
lowl1265	3.12102034882	1.78785210923728	0.00917661875000001	6.9970925
ludi1246	-1.068147656995	2.0046041952005	-5.494439	2.5865845
lugb1240	-0.358144652	2.22274756894925	-4.84525575	3.96698125
lugu1238	-0.112875838867	2.27175505882106	-4.879487	4.26154525
lule1254	-1.1045711303865	1.9468287691855	-5.362122	2.3495045
lumb1249	-0.063102702645	2.40071519697342	-4.86532525	4.544087
lumu1239	-0.508069727935	2.18968560067308	-4.96231725	3.738724
lund1266	-0.042757638815	2.33255216324035	-4.60306725	4.6892535
lund1271	-0.074668563425	2.40132627378226	-4.88217075	4.56567449999999
luok1236	-0.182398850875	2.33115819286451	-5.1345425	4.28653475
luse1252	-0.127955083035	2.30622784908607	-4.98911175	4.34675449999999
lush1249	-1.26183063047	2.10860762244172	-5.58875225	2.664203
lush1252	-0.34489619044	2.21522091380827	-4.947718	3.8967605
luva1239	-0.0411761361445	2.3419700758986	-4.82649	4.59339775
luya1241	-0.1329116586295	2.20062883027611	-4.520648	4.18052725
maan1238	-0.044533563555	2.36813947102347	-4.6501375	4.64567775
maas1239	-0.237815752835	2.27957552957763	-4.93792525	4.00508575
maba1270	-0.140204347245	2.34920865472184	-4.8756705	4.52027625
maba1277	-0.4325239003575	2.18948370718193	-4.93795875	3.67428925
maco1239	-0.54321400864	2.15059126120607	-5.17448175	3.588463
macu1260	-0.3923905035865	1.79711229289554	-4.053297	2.9471405
mada1285	-0.314966792354	2.26747130964864	-5.30755525	3.95275825
madi1260	-0.382399811874	2.21114839633631	-4.84245775	3.60580025
madn1237	-0.7683541480535	2.17528847316957	-5.068329	3.37077425
maee1241	-0.498041063915	2.13631142609549	-4.7680425	3.68024274999999
magd1235	-0.913948053445	2.15970178487494	-5.37636125	3.207863
maib1239	-0.439331418571	2.18139337090628	-4.872168	3.72645774999999
mail1248	1.2384294071725	1.8257019494848	-2.54433225	4.7265175
mais1250	0.289794095962	1.95093685870361	-3.619772	4.01294974999999
mait1250	3.89109716715	1.91673459002075	0.5433867	8.02596425
maka1304	-0.148779768735	2.23721826473198	-4.65144775	4.069487
makh1264	0.04756324575	2.39047643773653	-4.8672815	4.86116049999999
makh1266	-0.0154231873955	2.28294899032681	-4.76294025	4.240107
mako1251	-0.060830195545	2.25282696205382	-4.50939125	4.38387
makw1236	0.002238035725	2.33577897768788	-4.53264125	4.5921705
mala1464	-0.93055918238185	2.03819391226298	-5.363284	2.6350695
male1284	3.5912507166	1.87748439019351	0.08641214	7.7391725
male1289	-0.5275582055815	2.30327643588654	-5.41935	3.898705
male1297	2.63430276589	2.05656854154813	-1.22998825	6.95811949999999
mali1285	-0.64611245809	2.22126026884441	-5.1194465	3.52402225
malo1243	-0.4291503130615	2.14927776279571	-4.6171925	3.68425575
malt1254	-0.031922451195	2.36614583990108	-4.899685	4.64711275
malu1245	-0.4879525204	2.12826289448525	-4.7478125	3.54277824999999
mamb1294	-0.4660841648185	2.2647059925387	-5.05819775	3.710914
mamb1296	-0.09524629478	2.29959668893473	-4.6636645	4.39443975
mamm1241	-0.5341227141485	2.19848856873282	-5.10633475	3.61804775
mamv1243	-0.3163668359505	2.32787958704974	-4.99287675	4.22922399999999
mana1288	0.98238176651	1.61418257524892	-2.29830325	4.14668
mana1295	-0.917312934795	2.01402701495172	-5.25337825	2.92416425
mana1298	1.519330179322	1.78391089194155	-1.80348375	5.13382549999999
mand1415	-0.1750453248015	2.28623756110978	-5.006536	4.25173475
mand1436	-0.11959830709	2.27737396393938	-4.83700275	4.21169725
mand1440	-0.2947066356845	2.23477238199037	-5.05691725	4.00753525
mang1381	-0.3068516449515	2.33858483103463	-4.88063775	4.284584
mang1401	-0.0523279322065	2.43795119386624	-5.0462115	4.86303099999999
mang1403	-0.05432060988	2.25495446180442	-4.62257425	4.28204225
mang1404	-1.0127384049	2.07377682515806	-5.20848875	2.90156624999999
mani1235	-0.420319529005	2.30305131108339	-5.31266525	3.8604865
mann1248	-0.1533736809105	2.22812084474254	-4.88902275	4.11413525
maor1246	0.0010731879	2.26145177014155	-4.771827	4.24852175
mapo1242	-1.0280737539	2.07935382270748	-5.213147	2.8562985
mapu1245	-0.76640162314	2.01725720147562	-5.03195325	2.89290824999999
mara1378	2.363189244395	2.05210328374657	-1.2067175	6.62316925
mara1379	-0.6419446411761	1.56215131127772	-3.71781375	2.2959945
mara1386	-0.735962784875	2.10252612155189	-5.1595775	3.23420675
mara1399	-0.50907132495	2.14190612604501	-4.81697975	3.7350025
marg1265	-0.52450490239285	2.1426559096204	-4.97987375	3.690796
mari1416	-1.049440360123	1.72933142427941	-4.8033235	1.99987125
mari1426	-0.351954092833	2.28250273447871	-5.12172525	4.11857275
mari1428	-1.026454687905	1.85902134246581	-4.8909055	2.35859899999999
mars1254	0.048748035855	2.22736769225795	-4.25874475	4.343053
maru1249	-1.2361662251375	2.07226964343417	-5.61200525	2.5030855
masa1322	-0.45107087816	2.24604164792906	-4.9025225	3.84274675
mask1242	-0.5465215986125	2.1636564638832	-4.91999475	3.65552975
matb1237	-0.274246841284	2.36263508806547	-5.074716	4.27505325
mati1250	-0.130770108523	2.30333119655406	-4.6423345	4.26661425
mato1252	-1.06851019769885	2.05805243145717	-5.465201	2.6836535
mats1244	-0.6596904424245	1.98091687170571	-5.1785845	3.16279225
matu1261	-1.1069121622795	1.89308450614898	-5.00189975	2.63610575
maun1240	-0.374861072991	2.26728450869101	-5.1436625	3.943727
maxa1247	-0.81191892579275	2.02417467950216	-5.3093695	2.8209915
maya1285	-0.52867997498	2.05612679720721	-4.83469825	3.30978425
mayo1261	-0.213349278435	2.26122315719915	-4.67596225	4.29002525
mayo1264	3.6110668032	2.04641131235473	-0.21248385	7.88676175
maza1304	-0.52704037624	2.22270240892232	-4.99311175	3.88256175
mban1263	-0.122576522565	2.31839582568307	-4.7279665	4.375704
mbar1260	-0.4534162393125	2.12152903539441	-4.7694635	3.69428975
mbay1241	-0.312129804745	2.22339619588595	-4.91611475	3.97155275
mboc1235	-0.1909674897	2.33885563322522	-4.84603975	4.40479525
mbol1247	-0.10658980824075	2.37691481203727	-5.02588625	4.43401824999999
mbug1242	-0.31560386905	2.34981480281007	-5.004957	4.18250949999999
mbul1263	-0.594667929918	2.30870596685042	-5.5174935	3.757801
mehe1243	0.877313360326	1.62931440982609	-2.3395865	3.981528
mend1266	-0.1541603221629	2.23705469578494	-4.62971725	4.09297249999999
mere1242	-0.335173864595	2.20074572358274	-4.7822675	4.03994625
meru1245	-0.12294013941	2.3470736383761	-4.68601775	4.33233875
meta1238	-0.30259129846	2.25663737428431	-4.857986	4.06601
mezo1235	-0.79181444103	2.05004924962738	-5.30401975	3.01467
mezq1235	-0.5935834163245	2.2122959198921	-5.03358075	3.70680725
midd1327	-0.888415454816	2.00672555020983	-5.08739575	2.86661575
miju1243	1.380472601335	1.62715603607411	-1.77170375	4.486099
mikm1235	-0.3891235767	2.04759982044435	-4.55855325	3.3216525
mila1245	-0.1164350471882	2.03228832305814	-4.044266	3.81108775
mina1268	-0.048248349285	2.31029463801492	-4.69299025	4.3591025
mina1276	-0.55844250735	2.20680646586354	-5.070263	3.69540825
minn1241	-0.197553163834	2.24473752154405	-4.71528725	4.18902075
misk1235	-0.53173866715	2.08807144354164	-4.70635775	3.32001
miya1259	3.22995240618	2.05291270823924	-0.63123745	7.56786175
miya1266	-0.369771296879	2.25826547888987	-4.9931805	3.96890125
mlab1235	-0.0789949385615	2.25113438600255	-4.542589	4.2430665
moba1244	-0.1214437438205	2.3605713643442	-4.6753465	4.64043325
moch1257	-0.60525365337	2.13942637882286	-5.21866675	3.21975224999999
mode1248	-0.41589940618	2.15779591290648	-4.97507025	3.6418205
moha1258	-0.372004351625	2.06991020056135	-4.76692775	3.5535525
moke1242	-0.047479894745	2.28550992040853	-4.67146675	4.34052425
moki1238	-0.035544590945	2.33282021831107	-4.53663475	4.49974875
mokl1243	0.0016132892165	2.26076568372274	-4.41028475	4.513717
mokp1239	-0.103720336206	2.3117751521437	-4.667927	4.47682499999999
moks1248	-0.89215913283	2.05482198643073	-5.44464125	2.78784099999999
mong1338	-0.021967077941	2.36679700807195	-4.7604095	4.62205275
moni1237	-0.233138537353	2.24229925099425	-4.652395	4.03002575
mono1270	-0.130326717199	2.30673814621858	-4.72185	4.287825
mono1273	-0.344851004192	2.14122275002747	-4.729947	3.98395675
mono1275	-0.833965149721	2.00515432390132	-5.273061	2.86809025
monz1249	-0.110272653821	2.36571123799583	-4.89237225	4.50334325
morm1235	-0.61408837717	2.19069768602248	-5.14336525	3.37415325
moro1285	-0.5235103474185	2.19540426725965	-4.9778075	3.68993125
mose1249	-0.0965847824035	2.04041419304587	-4.2679365	3.81088825
motl1237	-0.12975391844	2.36911951315904	-4.843765	4.3983285
moun1252	-1.127508396089	1.89790063000144	-5.21837375	2.381294
mpad1242	-0.417241344565	2.14353748171713	-4.60639075	3.76268975
mpot1240	-0.07611041628	2.36970835276353	-4.9725955	4.57928249999999
mpur1239	-0.4033543002895	2.20645692654465	-4.97537925	3.62097049999999
mual1241	-0.024224263945	2.36889104280955	-4.8363825	4.59627725
mudu1242	-0.243533853943	2.30179198442463	-5.0061105	4.19987875
mull1237	-0.66493348692	2.18315724192098	-5.1527575	3.432399
munc1235	-1.238247397538	2.03616009464325	-5.72374275	2.41894975
mund1320	3.28404156452	2.1360582000122	-0.40558745	8.00130249999999
mund1325	-0.503873316858	2.22582346194175	-5.029793	3.67193249999999
mund1326	-0.282866176655	2.28751223752005	-4.77610875	4.29181075
mund1328	-0.371420066256	2.1889810128961	-4.7415345	3.73493525
mund1330	2.026203195585	1.84468755639587	-1.40743475	5.98144875
murl1244	0.7035812781965	2.20912580587519	-3.79506075	5.1072025
muru1266	-0.114216109965	2.32151153295425	-4.72223775	4.25981424999999
muru1274	-1.1778168183415	1.9759601630067	-5.4316285	2.3663575
muso1238	-1.041090808759	2.06853818235977	-5.22224	2.76927225
mwag1236	-0.38034018707	2.20668391741157	-4.97196325	3.8962615
mwan1250	-0.235290001998	2.28625918264883	-5.00170075	3.93475475
mwer1248	-0.0519424281	2.28768637937598	-4.465772	4.351436
naka1262	-0.112775239893	2.24655941248065	-4.81451925	4.10871725
nali1244	-0.306766538865	2.30404806812309	-5.08999825	3.9735125
nama1264	2.883664334825	2.15322590811387	-1.0286835	7.59732749999999
nama1268	-0.461331136085	2.17041146086077	-4.97389075	3.843409
namb1293	1.7706916132	1.56522813029057	-1.151378	5.05529024999999
namu1246	0.300908084324	1.61950653659584	-2.808374	3.45942
nana1257	-0.63007735639	2.08830191424904	-4.9661465	3.30688725
naru1238	-0.101100698975	2.2706087816407	-4.65450375	4.3304265
naue1237	-0.17326202171	2.25431784991297	-4.699182	3.959841
naur1243	0.0114208567325	2.35613561546217	-4.740023	4.5088085
nava1243	-0.51279452618	2.11678339965422	-4.9016665	3.358366
nawu1242	-0.15397399717	2.28439239542374	-4.70975225	4.2669525
ndam1239	-0.04935245251575	2.34067843430081	-4.78326625	4.61421675
ndun1249	-0.17108932556	2.34346059121245	-4.90926475	4.357368
nege1240	-0.335581579995	2.25941076262274	-5.1395745	3.93610724999999
neha1247	-0.3031209204	2.37217244433281	-5.063414	4.5881425
nene1249	-0.815339778882	2.07761184526087	-5.27462025	3.01216175
neng1238	-0.18981400022	2.33412818362971	-4.7493795	4.45473225
nenn1238	1.6852969546	1.55324163250843	-1.29826225	4.9013205
nepa1254	2.3954684768545	1.22370074985379	0.118984025	4.9832515
nese1235	-0.4850209556375	2.13222441119719	-4.82342175	3.6196275
newa1246	2.355967740125	1.32124383207195	-0.1576344	4.92382525
nezp1238	-0.60680095899585	2.23596800060609	-5.2277935	3.6965485
ngab1239	-0.7300747263365	2.00785447238885	-4.80768975	2.923295
ngal1292	-0.434244644594	2.23367370811203	-4.93269	3.71960124999999
ngam1268	-0.334125271969	2.25967991041285	-4.651529	4.00145225
ngan1291	-0.842948206181	2.07943170895811	-5.0685175	3.029073
ngas1240	-0.418515409335	2.21882710890183	-4.935101	3.7832385
ngba1284	-0.14430201128	2.42236613337143	-5.045834	4.51871825
ngba1285	-0.143599796895	2.37140012926254	-5.22931275	4.520732
ngeq1245	-0.660205489888	2.1394615183625	-5.22860475	3.39904775
ngit1239	-0.31638950751	2.17460694595829	-4.7018045	3.96558525
ngom1268	-0.11194337065	2.41205016927362	-4.83130225	4.88914075
nhen1239	-1.107597780621	1.92714718293283	-5.0120135	2.4614885
nige1253	-0.363399716365	2.29025500763375	-4.87909325	4.06919875
niha1238	-0.165413115225	2.17343372928675	-4.54425275	4.094374
nila1242	-0.28717303891	2.31887014499625	-4.8975735	4.2587435
nisg1240	-0.42573569972	2.28312783397465	-5.41345375	3.74450524999999
niua1240	-0.05355239329	2.32083741141934	-4.9359325	4.6589255
niue1239	-0.010108132886	2.23088508318016	-4.37664375	4.4423745
njan1240	-0.29251329316775	2.26489951200656	-4.8110185	4.08681475
nkon1248	-0.3216161855529	2.20218855166223	-4.69263925	3.948521
noct1238	-1.315728953736	1.80879441934082	-5.12219975	1.937587
noku1237	-0.24000560662075	2.28328958457447	-4.678172	4.40673749999999
noon1242	-0.06259991698	2.37920998411248	-4.83282225	4.5893845
noon1243	-0.34223609394	2.18518059327922	-4.799085	3.86559425
nopa1235	-0.7864824614	2.18963604279669	-5.41453725	3.2942815
nort2671	-0.765781944665	1.95529125014553	-4.99667275	2.74851225
nort2684	-0.3234550609	2.20484136648652	-4.7772815	3.78078275
nort2690	2.216598159522	1.85344623618715	-1.15406575	6.33130475
nort2697	0.13967317486	1.63444322604704	-3.08842925	3.32831025
nort2722	-1.1341366248485	1.98126128117072	-5.2830815	2.416497
nort2723	1.3839901530605	1.71626547854354	-1.82668475	4.93023075
nort2732	-0.645660848875	2.00700438547988	-4.96181225	2.78328349999999
nort2745	2.2162889433721	1.94658461358907	-1.334995	6.27465
nort2747	-0.166046701879	2.18612415597329	-4.623811	4.17498725
nort2774	-0.132305750835	2.26938265101188	-4.59659625	4.25003249999999
nort2775	-0.094218980145	2.35864756545771	-5.14549225	4.56759825
nort2839	-0.515774234792	2.08288736772042	-4.7854255	3.49614475
nort2845	-0.0077809211195	2.25498402160459	-4.53052425	4.63161325
nort2847	-0.2721017419465	2.34236708426418	-5.0105615	4.00841375
nort2877	-0.27621573973	2.25411995839338	-4.97196675	4.0250275
nort2885	-0.0799016051	2.42476766097809	-4.90871825	4.77286825
nort2930	1.141885691422	1.84530446548873	-2.564966	4.68917224999999
nort2938	-0.62115653001	2.18377718302373	-5.06575675	3.383798
nort2942	-0.499860309605	2.19149516438151	-5.08746725	3.4914605
nort2959	1.4820681578	1.79477107847394	-2.01838825	5.048413
nort2961	-0.183329339422	2.32300700449849	-4.95098325	4.2534635
nort2972	-1.3067153753131	1.99638258542196	-5.641425	2.24232525
nort3047	-0.5822441425035	2.22376214857583	-5.1448385	3.47902275
nort3139	-0.049633429465	2.27764401210074	-4.811347	4.45272074999999
nots1237	-0.323989888595	2.24353791534905	-5.28300225	3.96308275
nsen1242	-0.0343314415447	2.35173156138197	-5.0122625	4.859294
nucl1235	-0.8431012581415	1.87827103489727	-4.7403795	2.6691865
nucl1240	-0.39590274519	2.26901733058778	-4.97887075	3.8970675
nucl1301	2.2637455039	1.93519302957949	-1.231576	6.43082225
nucl1305	2.359791680539	1.94475313225231	-1.1437405	6.44756525
nucl1310	-1.4341371759795	2.01583271472352	-5.777124	2.103419
nucl1347	-0.0563546361395	2.37989379451314	-4.8036245	4.519119
nucl1417	-0.12468283333	2.2672413901914	-4.580071	4.22674375
nucl1458	-0.963784825205	1.95500245944137	-5.17670075	2.6310035
nucl1593	-0.66281623912	1.76326614198864	-4.26648725	2.65332725
nucl1622	1.12850791134	1.97183485486954	-2.8769865	5.159968
nucl1630	-0.815952876939	1.92875827144648	-4.87331325	2.78730374999999
nucl1632	-0.98886095236	2.11406966602689	-5.36850375	2.8409855
nucl1633	-1.004456322094	2.11158669710699	-5.37307	2.80848475
nucl1643	-0.425191860765	2.17632139093768	-4.8189515	3.52251774999998
nucl1706	-0.0357723502985	2.23994167688324	-4.5700755	4.268974
nukn1238	-1.04852358272	2.06236691527736	-5.4519785	2.73198225
nuku1260	-0.053456007127	2.28952936190595	-4.70795625	4.47905149999999
nung1282	-1.0992037009075	1.90972677965866	-5.0940915	2.46572025
nupe1254	-0.0624924220755	2.2487553102322	-4.70826925	4.240308
nyah1249	-0.634454113603	2.16715696606711	-5.0828465	3.44305825
nyah1250	-0.256623721925	2.19425789737858	-4.689273	3.93494125
nyak1260	0.038868282005	2.220321213842	-4.47622025	4.42219649999999
nyal1254	-0.12831648055	2.37534173473057	-5.080757	4.6491755
nyam1285	-0.4010241164335	2.35788886438497	-5.1958825	4.17780325
nyan1307	-0.106698628997	2.34692267031395	-4.89853425	4.48433
nyat1246	-0.2482959383	2.20852135571774	-4.61368125	3.93865974999999
nyis1236	-1.43072598172	1.89390215454713	-5.467036	2.02211325
nyor1246	-0.22078026586598	2.2179521447165	-4.68462675	3.993849
nzad1234	-0.041689112911	2.36221358481364	-4.844304	4.5458195
nzak1247	-0.140248732361	2.36377130049767	-5.0625325	4.32778025
obok1239	-0.87991921124	2.13275526785108	-5.2449795	3.20788975
occi1239	-0.4731325560915	2.19585697482507	-5.0145135	3.413056
ocot1244	-0.939676625235	2.10717192539051	-5.449992	2.981825
okan1243	-0.242979231745	2.23815004084758	-4.80897375	3.95310324999999
okoe1238	-0.0921787242865	2.27744120626301	-4.50830125	4.29131224999999
oksa1245	0.02976521167	1.89830526982658	-3.89273	3.64868075
oloo1241	-0.143761360461	1.76291400701552	-3.8228655	3.2840155
olut1240	-0.906893388972	2.11426131236841	-5.33542925	2.993212
onto1237	0.02391499225	2.3592456964789	-4.661338	4.77748499999999
oriy1255	3.25470454824	1.93447623197238	-0.0155490125	7.6573045
orok1266	-0.152426405059	2.29232512470797	-4.68573275	4.38793075
orok1267	-0.018727347743	1.89713469177465	-3.88656875	3.65983825
orok1269	-0.728874236975	1.92377691821885	-4.5363885	2.94426275
orow1242	-0.219232079046	2.19701655933593	-4.53946525	4.132453
otta1242	-0.251540169115	2.05881278380113	-4.55122375	3.584989
owaa1237	0.156488393036	2.35579362316153	-4.590337	4.780916
paaa1242	-0.340385533746	2.25417278584359	-4.86482	3.88364375
paas1238	-0.2256775809585	2.21291525232704	-4.63837775	4.19049825
paco1243	-0.546102640764	2.17610085058565	-4.96580825	3.52817825
pagi1243	-0.12345037879	2.27689048148169	-4.6384655	4.47369649999999
pahn1237	-0.667108110626	2.0767478532181	-5.00542825	3.36843925
pala1344	-0.083045198555	2.3256367650764	-4.6763085	4.48211225
pamo1252	-0.04721072691	2.40902718818011	-4.82738475	4.63942199999999
pang1287	-0.01240198655	2.33166255164426	-4.80549725	4.55723675
pang1291	-0.0477679340745	2.18630765732075	-4.390782	4.170507
panj1256	2.10293707939	1.97091034286247	-1.340884	6.40845024999999
papa1238	-0.634149999545	2.09109337181012	-4.9450575	3.40383275
papa1265	-0.56487539241	2.05350534451084	-4.79449725	3.188131
para1302	-1.52980651229475	1.87859755641046	-5.551841	1.93867175
pare1266	3.21808014875	1.43545332219396	0.542314125	6.14737325
pare1272	-0.65011625285	1.87975471499648	-4.662115	2.86702875
pate1247	-0.9899681851535	2.04302436042095	-5.22011625	2.82392925
patp1243	-0.300452104719	2.32361633168734	-4.81805525	4.20558924999999
patt1248	2.32259819558215	1.83582581294057	-1.00484225	6.350257
paul1238	-0.1595242155405	2.40933919225545	-5.07357275	4.6440815
pawn1254	-0.3291498202355	2.1215823944866	-4.647469	3.624877
payn1244	-0.996246718834	1.90503927739047	-5.00219125	2.57434499999999
peer1241	-0.322827311492	2.2171611869244	-4.69116475	3.970198
pela1242	-1.3393996255175	1.99587314945484	-5.78353475	2.19057325
pemo1248	1.9218003379	1.92118252916716	-1.686621	5.80270399999999
pend1242	-0.11293406329	2.25179969247644	-4.66543225	4.26813675
peng1244	3.7267618769	1.58432354859591	0.88742825	7.0520225
pila1245	-0.410664443145	2.20680694477305	-4.72763925	3.75492125
pile1238	-0.089286230345	2.3652943383689	-4.9445635	4.528745
pima1248	0.6429093023675	1.82936229049221	-3.19172	4.166881
pina1252	-0.466374159094	1.95255115029291	-4.46555025	3.3001955
pipi1250	-0.35957075261	2.21962347581105	-4.959358	3.87507975
pite1240	-0.7150238564615	2.02519058359531	-4.9927425	2.87645825
pnar1238	-0.428434233193	2.04367568141118	-4.423428	3.52963925
pohn1238	-0.1681282871214	2.29373959012116	-4.882548	4.3684175
poko1263	-0.3191867055	2.1065271087603	-4.60970925	3.6620695
poli1260	-0.33625011754245	2.05223879823366	-4.445253	3.526813
popt1235	-0.59773557748	2.13339934357388	-5.1567475	3.4203165
port1283	-0.33220043635	2.2062785950918	-4.80261925	3.80425225
port1285	-0.55237130088	2.17037162003183	-5.01209625	3.583647
psik1239	-0.56074720712	2.16280974117854	-5.12388975	3.55641225
puka1242	-0.151194454023	2.20463127701614	-4.87626475	4.02746474999999
pula1262	-0.12885286389	2.31059699182888	-4.6501935	4.62475674999999
pula1263	-0.14967276932	2.32925054894185	-4.59083675	4.4815625
puoc1238	-0.49013949204645	2.35923957708193	-5.1650575	3.953052
pure1242	-0.544359474195	2.1342294419943	-4.958823	3.40089625
puri1258	-0.0952666577735	1.96094315832027	-4.158791	3.5369175
qawa1238	-0.799202081375	2.08098789910788	-5.01482725	3.119279
quer1236	-0.5536425380785	2.2156648976727	-5.14100625	3.835412
quio1240	-0.89306943071	2.02826916322849	-5.14605025	3.04650825
rade1240	-0.5506876329905	2.16584932271122	-4.959001	3.58350675
raji1240	0.54172466245	1.73234712973238	-3.177581	3.83186275
rama1270	0.5158286839	1.94818672035186	-3.3822415	4.27497199999999
rapa1244	-0.037396125768	2.37016580004144	-4.69779975	4.62305524999999
rapa1245	-0.124249066822	2.23929704973887	-4.57617475	4.10876799999999
rapo1238	-0.61510957829	2.03883021698852	-4.85712575	3.13298575
raro1241	-0.009677427289	2.49243369465778	-4.96663725	4.9613285
reng1252	-0.610302496953	2.15214221601692	-5.0829965	3.3644365
rian1263	3.016028755275	2.03147618660847	-0.848286475	7.32657875
rong1264	3.66210119342	2.00526961299111	0.14961315	7.97331975
ronn1241	-0.3889166877855	2.19756283986458	-5.179304	3.69095974999999
roto1249	-0.59271155389085	2.02427484643773	-4.896479	3.06667675
rotu1241	0.000316332340000001	2.22779825886292	-4.39531575	4.6464695
rovi1238	0.5120352773965	2.12439699788413	-3.486246	4.7486495
ruch1235	-0.34487539182	2.12614171278456	-4.724405	3.76414925
ruka1240	-0.03278685389155	2.32341485930752	-4.848599	4.4811065
rung1258	-0.387541677535	2.13972921453533	-4.7021855	3.6702485
rung1259	-0.049959353155	2.26524464624557	-4.65341025	4.37145675
russ1263	-0.284142730195	2.21450605468303	-5.11927425	3.79509725
russ1264	0.39858985773	1.85974878069266	-3.44960475	3.900808
rutu1240	1.44716127063	1.48474630550135	-1.3969965	4.42302174999999
saaa1240	0.616948616295	2.18268757096796	-3.5651075	4.875179
saaa1241	-0.4774152658725	2.10073510637493	-4.788502	3.72654175
sabu1255	-0.098556399127	2.39506013259382	-4.915888	4.58658525
sais1237	-0.0276205169	2.267011519534	-4.554599	4.50725175
saka1289	-0.307338046685	2.2035243120447	-4.555693	4.021081
saka1291	-0.069554246475	2.22703978865811	-4.505403	4.23531725
samb1305	-0.37677726042	2.27190359330629	-5.0318185	4.1779015
samb1311	-0.366321326821	2.24750875861901	-4.994361	4.07880975
samo1305	-0.07349953044475	2.20575113197151	-4.61453725	4.17887575
sana1295	-0.1606234832	2.38326055015876	-4.81460525	4.49307099999999
sanb1242	-1.136486933624	1.9268556396922	-5.37228725	2.2944945
sand1278	-0.6145924764015	2.19477797562904	-5.0083545	3.45772025
sang1331	-0.002159560705	2.34227324410425	-4.94193375	4.55969425
sanj1284	-0.93425165109	2.11240927145341	-5.401627	3.03183175
sanm1295	-0.9172937934995	2.2005257640174	-5.54173175	3.25214049999999
sanm1301	-0.735415524616	2.0244027727762	-4.93094925	3.006225
sant1410	4.1554125961	1.90783983786722	0.90260355	8.25887
sant1436	-0.812504281595	2.24689772437515	-5.48087425	3.671675
sant1451	-0.714624778396	2.06826069851579	-5.01244775	3.230991
sanu1240	-0.809243470536	1.93736661421186	-4.8852635	2.668464
sapo1253	-0.57014198175	2.05938771203338	-4.76457575	3.2626095
sapu1248	-0.68810392331845	2.18659328724097	-5.349127	3.51241725
sara1321	-0.174694663345	2.24824503057806	-4.7191075	4.14023649999999
sars1236	3.000213069665	2.04442933523633	-0.7267197	7.22695749999999
sasa1249	-0.0395046809925	2.34314069741787	-4.8300165	4.56509875
sata1237	-0.0073337465004	2.36321385433244	-4.70097625	4.7653
sauk1252	-1.057231366746	2.01153651207597	-5.240901	2.6336405
saur1249	3.98050957576	1.95494899707534	0.60420455	8.2322375
savo1255	3.407259784285	1.8380566082981	0.00482075075000003	7.30510224999999
seda1262	-0.5846588893565	2.16089899106137	-5.000416	3.6329225
seim1238	-0.087285315316	2.29904146213404	-4.6708435	4.485835
seke1241	-0.469974660616	2.11776556922012	-4.889791	3.78895925
sekp1241	-0.3471343334125	2.2135393302199	-4.8328695	3.82713724999999
sela1259	-0.064871324511	2.3937072773018	-4.8960295	4.70869775
sele1249	-0.33153166759	2.18707139302216	-4.6994455	3.73433624999999
selk1253	-0.7973976238445	1.98676749185837	-5.30268375	2.82638075
sema1265	-0.352137890825	2.21304957847432	-4.7579075	3.786301
seme1247	-0.316298618065	2.2802366261618	-4.9552565	4.0203515
seri1257	0.1969989911075	2.07385047517985	-4.111343	3.99692375
sgaw1245	-0.411807315865	2.23310322049103	-4.9225405	3.87648075
sham1280	-0.1441146965225	2.27154696347096	-4.56663425	4.23954749999999
shan1283	2.94905922775	1.8893189647305	-0.592645	6.81883
shaw1249	-0.349605892397	2.1634365963539	-4.69243625	3.72440275
shil1265	-0.000335385229500003	2.23389863747563	-4.55998425	4.240068
ship1254	1.769540203705	1.64741808942073	-1.315835	5.23840375
shol1240	-0.870180644135	1.89307298204069	-5.03027725	2.48083525
shon1251	-0.07981343651	2.25345726595696	-4.76604075	4.32813675
shos1248	-0.54073133359	2.01404558543927	-4.73812525	3.146195
shua1257	-0.886825267015	1.89423795021252	-5.01480575	2.572915
sich1238	-0.116310011425	1.74364862410112	-3.65384425	3.123591
sici1249	-0.317556327308	2.28438104406969	-5.10796875	3.90313225
sida1246	1.0722968772333	2.02251414698404	-2.82162625	5.1226425
siee1239	-0.293197486935	2.31224541497463	-5.0545025	3.99655575
sier1250	-0.913321687915	2.02818260520726	-5.29347575	2.9437315
sika1261	0.0972182713806	2.29545996615682	-4.50014875	4.61118274999999
siks1238	0.271752191305	2.15393936631868	-4.01972475	4.36833775
sile1255	-1.10305723975	1.84495210481278	-4.91166125	2.39893625
sina1266	-0.7250203441	1.96055552915495	-4.76397375	3.02159525
sing1264	-1.0827284571205	1.82989770123829	-4.90991475	2.2300155
sini1242	-0.24141224187	2.27947522434242	-4.67007325	4.3318105
sioo1240	-0.88468870669215	2.17452896488865	-5.30874125	3.19719175
situ1238	-1.230114992905	2.07270364200491	-5.6801175	2.48233225
siwi1239	-0.0544772861875	2.32976903247973	-4.735907	4.43906125
skol1241	2.19472710795	1.8464360593412	-1.13268375	6.226669
slov1268	-0.34541805302	2.23249932507791	-5.15323975	3.87550125
soch1239	-0.8394365881926	2.05733808365786	-5.10519125	3.0165455
soma1255	-0.19159402395	2.18746570613343	-4.64975875	4.028244
soni1259	-0.136667166797	2.40125376855522	-5.18347825	4.61007725
sons1242	0.006656106226	2.38568460714117	-4.7467565	4.6988895
sooo1254	-0.498484342355	2.28686117635187	-5.226407	3.896472
sooo1256	-0.296740216485	2.17465867519336	-4.61917225	4.1121805
sora1254	3.096543916915	1.59335893652013	0.195989125	6.38269775
sout1528	-0.174590041125	2.25060195378191	-4.92091675	4.13103925
sout2649	-0.7577737315465	1.92814988970914	-4.7703895	2.74194725
sout2674	-0.6461295325081	1.95776581458616	-4.722502	2.98364375
sout2679	-1.44462028898	2.00339811420403	-5.70564925	2.27465725
sout2728	-1.06018742981005	2.06019953977534	-5.1102255	2.8688645
sout2782	-0.41740192099	2.32729571951973	-5.11513275	3.92104475
sout2807	0.00308460302	2.39805681138361	-4.9121535	4.87592675
sout2856	-0.406396456555	2.25467818854524	-4.97226225	4.032
sout2857	-0.5377193673125	2.19157527730139	-5.195943	3.7355115
sout2869	-0.259788976086	2.3447552824683	-4.88978225	3.9860755
sout2918	-0.091671215259	2.22356359106596	-4.5909845	4.3432095
sout2956	-0.6374791770105	2.17500704983141	-5.182988	3.2950275
sout2959	-0.36691873452	2.15602297742922	-4.873896	3.59549225
sout2976	-0.645968682525	2.15531172490788	-5.2323425	3.3242595
sout2985	-0.7724621306845	2.02441882907341	-5.1401675	2.836747
sout2996	2.9455828208715	1.98207888463374	-0.5776313	7.18207375
sout3236	1.80265639261	2.14265446857385	-2.28530975	6.17317075
sout3261	1.41948350838	1.44468472721179	-1.3237615	4.384447
stan1289	-0.286245176315	2.08090230241954	-4.71073575	3.63517425
stan1290	-0.33923760168	2.19586491379267	-4.879647	3.73053875
stan1293	-0.50117065533	2.15680862005726	-5.0859975	3.537673
stan1306	-0.2896285210877	2.21728666657731	-5.00424775	4.214796
stan1318	-0.1242734268585	2.34917386642746	-4.84515775	4.47344125
sude1239	-0.064276769111	2.18186771251084	-4.37248675	4.24352175
sumi1235	-1.267065553565	1.67103300298017	-4.75440775	1.937941
supy1237	-0.258662591987	2.25760283039543	-4.8399305	3.99527275
surg1248	2.15636094846	1.90986281539054	-1.37386075	6.17997325
tabo1241	2.9480362716	2.04228312798613	-0.963496575	7.01666475
tafi1243	-0.3090200549525	2.13768733170267	-4.734763	3.7787525
taga1273	-0.058721174275	2.28878820444898	-4.7276025	4.6965615
taha1241	-0.01167640343	2.23614864576196	-4.43629	4.4311565
tahi1242	-0.05153165876	2.35798198859266	-4.6350845	4.680972
taji1246	-0.13370378358	2.29638353548193	-4.8403885	4.3908355
taku1257	-0.119164160676	2.29584154686868	-4.62425025	4.38273799999999
tali1259	1.98215282045	2.01211509593014	-1.8502065	5.94806825
tama1365	-0.42300091453915	2.15104534606138	-4.70897275	3.78161825
tamb1254	-0.058715449891	2.20107201822154	-4.3998355	4.42253974999999
tami1289	-0.994874229655	2.01736054401552	-5.4888145	2.69438724999999
tang1336	-0.776711071869	1.70174211350308	-4.14397375	2.3489525
tang1347	-0.384340440811	2.15043383245938	-4.67284775	3.85418475
tari1256	-0.006179876136	1.68114796334748	-3.647842	3.17361374999999
tari1263	-0.18796702559	2.29817743953329	-5.061771	4.205065
tata1255	0.562970051325	1.63641076902159	-2.74859975	3.91614375
tata1257	-0.097548108395	2.19163928066583	-4.54374325	4.25162125
tata1258	-0.7974567294715	2.16593797746662	-5.500543	3.238325
taul1251	-0.31662403596	2.25466597927424	-4.95245	3.94121174999999
taus1251	-0.094346278122	2.2627583024764	-4.7825355	4.34270325
taus1253	-1.3473743166815	1.99978977358974	-5.7598145	2.2866035
taya1257	-0.054515827752	2.21362663487655	-4.3736895	4.39778975
tbol1240	-0.2326391689	2.31258223007368	-4.989431	4.18946175
teda1241	-0.248162472805	2.21193839153869	-4.86061375	4.0464335
tega1236	-0.408746777476	2.1488579080786	-4.69413675	3.83061125
tehu1242	-0.7784068583475	2.07269630647283	-4.93989575	3.02269449999999
teke1275	-0.0373156392655	2.38514815743809	-4.85287925	4.7426485
tekt1235	-0.609823219025	2.13561836147496	-5.20120825	3.16720225
telu1262	2.24329393705	1.68676700276642	-0.87953045	5.813724
temb1272	-0.121227388885	2.39232487313046	-5.02823775	4.5473765
temi1246	-0.324478392425	2.24758044395185	-4.93547375	4.023964
tene1248	-0.451381717031	2.10836425068768	-4.7101805	3.59033175
tenn1246	-0.4092794354585	2.21205177092882	-4.89353725	3.86750074999999
teop1238	-0.587577715116	2.01288438677118	-4.8974115	3.08625475
tera1251	-0.4073842876235	2.2263786663691	-4.856431	3.84034424999999
teri1250	-0.573412284495	2.01124850379757	-5.24456975	3.083162
term1237	-0.108508720415	2.3183482907352	-4.6933175	4.38097
tete1251	-0.64749158495	2.19988561031846	-5.30669575	3.41528375
tezo1238	-0.8348209133735	2.19624484524913	-5.24935275	3.2225235
thad1238	-1.0096403059565	1.75711052984823	-4.90554825	2.261198
thak1245	0.2485857314	1.52585358330073	-2.9552495	3.099035
thao1240	-0.0596515920644	2.22670989908246	-4.632363	4.145814
thul1246	3.147579701265	1.41108215587522	0.52152835	6.05397725
tibe1272	-0.6485280852475	1.93858897024824	-4.52747625	2.98157025
ticu1245	-0.86598655165	2.04433275162387	-5.15724075	2.70760725
tief1242	-0.32129971882	2.35823519979969	-5.1822265	4.22672675
tief1244	-0.3010645822175	2.34800244986635	-5.05851675	4.0549965
tiga1245	-0.2626810141255	2.41439072160604	-5.24884825	4.28742475
tigo1236	-0.356644004185	2.23052479245503	-4.8144045	3.9669155
tika1246	-0.283881591159	2.22509011079862	-4.7687235	4.07802825
tiko1237	-0.074893945484	2.391237694274	-4.89281725	4.761595
tiri1258	-0.214221097955	2.21311254663094	-4.68489325	4.1360405
tita1241	-0.2235402983415	2.26579049099402	-4.7032155	4.139077
tivv1240	-0.272029600765	2.37604604168258	-4.9819225	4.41601725
toab1237	1.35584228724	2.00683723310639	-2.6888245	5.53330274999999
toar1246	-0.9117678152995	2.01182837845267	-4.930858	2.8882965
tobe1252	-0.429501261235	2.15587370304488	-4.9224065	3.70851474999999
toho1245	-0.17933693926	1.94036533645315	-4.2235805	3.684746
tojo1241	-0.560247946501	2.18896966445687	-5.080064	3.61294075
toke1240	-0.083515965415	2.20891824795438	-4.59069525	4.0848485
toma1245	-0.2112183214	2.19775192278292	-4.5920095	3.9900725
tomm1242	-0.48120830184	2.14111440947243	-4.758007	3.60423325
tond1249	-0.41434642835	2.11242189801931	-4.634977	3.44419175
tong1318	-0.066875756815	2.32163952796343	-4.87166325	4.41482675
tong1325	-0.017796717895	2.37001830608193	-4.80863675	4.89882225
toor1238	-0.2518914692285	2.27522040975673	-4.81704675	4.1455645
tosk1239	-0.449966415265	2.15056302859507	-4.910893	3.45924574999999
toto1302	3.9311037664	1.7276667931707	0.834167625	7.584818
trio1238	-1.028166198224	1.95220869770988	-5.221649	2.281733
trum1247	2.813900098845	1.91114220697769	-0.626309425	6.84238425
tsam1247	2.082426941246	1.69208104579049	-1.106644	5.46963275
tsat1238	-0.145073035448	2.35685242362861	-4.64561325	4.581338
tsha1245	-1.253690822421	1.93729645602109	-5.57157	2.289827
tsis1238	-0.07549200064	2.30697658067778	-4.82731075	4.37058475
tsix1234	-0.61952354842	2.14689338558416	-5.04099725	3.6017725
tsog1243	-0.013908643472	2.38798202001995	-4.7323235	4.5985235
tswa1253	-0.50288320671	2.11858469311249	-4.7641795	3.61436275
tswa1255	-0.040748608395	2.26653064419971	-4.4479445	4.51444475
tuba1278	-0.746561258145	2.00708688495193	-5.0328005	3.11547824999999
tugu1245	-0.161564693025	2.29210590579283	-4.80919475	4.24902624999999
tuka1248	-0.0469684865155	2.19715213288814	-4.4983	4.29469925
tuki1240	-0.215847845461315	2.31200857908705	-4.797133	4.39142375
tuml1238	-0.0494149327015	1.87963777044974	-3.8268535	3.60419875
tung1290	-0.19569914651	2.28649626211856	-4.739152	4.14592475
tunn1238	-0.180930377615	2.25859197097906	-4.712196	4.1662745
turk1304	-0.895592984985	2.02784392256734	-5.336586	2.61511875
turk1308	0.081515357565	2.04148949811745	-3.99993475	3.99996275
tusc1257	3.52032736844	2.08802663122783	-0.234122225	7.90409925
tutu1241	-0.41969065012	2.16296707545969	-4.6485685	3.84516475
tuva1244	-0.029486348	2.28601197359623	-4.770199	4.276593
tuwa1243	-0.3052402631805	2.2271860743679	-4.57462225	3.88231125
tuwu1238	-0.3132444098165	2.17315456714398	-4.73891125	3.81379949999999
ubir1237	1.8209732060635	1.80955479875664	-1.632874	5.34290525
udih1248	-0.63871947388	2.12946736238735	-5.16327975	3.24991749999999
udii1243	0.4272447593775	1.58520254296493	-2.75774825	3.5539495
uduk1239	2.62108511999	1.97345277191021	-1.04919125	6.748435
ughe1237	0.58901668756	2.18436017623192	-3.448139	4.9965175
ukra1253	-0.27563897142	2.2357892540708	-4.9123345	4.08647625
ulit1238	-0.10171660266715	2.39304393885389	-4.90241325	4.61971975
ulwa1239	-0.38787238032	2.05137964460652	-4.51062925	3.4435285
umbu1257	0.010823016286	2.24520434051516	-4.48726925	4.517588
umbu1258	0.2260007411905	1.69227357920657	-3.230377	3.50179325
umes1235	2.072346643521	1.87461338037659	-1.3280395	6.02094
unua1237	-0.54914925973	2.16084611433781	-5.13881625	3.69745075
uppe1275	-0.757371286485	2.06529152515264	-5.33914475	3.054034
urar1246	-1.316731899405	1.95619300976403	-5.43962175	2.342986
urav1235	-0.2928717204335	2.31143042592762	-5.065912	4.07771075
urim1252	0.77073067197955	1.70028544768359	-2.59901575	4.07262
urip1239	-0.50413938422845	2.13833816718039	-4.748168	3.6547665
utes1238	2.71478981918	1.93681338428578	-0.772834525	6.9544445
veps1250	-1.08224025085	2.07756395575669	-5.521041	2.5240695
vera1241	-0.18583564293	2.29227591149097	-4.7734095	4.45522674999999
viem1243	-0.2773441431295	2.27267839575775	-4.8953085	3.88229225
voti1245	-1.4234365157193	2.05251607212214	-5.64215175	2.323436
vunj1238	-0.1388014191855	2.43676286622375	-4.8997155	4.61780675
vure1239	-0.1882218804485	2.29670020427491	-4.77378725	4.46050775
vwan1235	-0.014419226025	2.29102827677812	-4.514027	4.437123
wage1238	-0.549200837128	2.22115627769229	-5.23878375	3.60021849999999
waig1244	-0.283796213315	2.39575580181312	-5.0556265	4.599301
waim1251	-1.03387213716	2.03867781689731	-5.32993675	2.83267449999999
waim1252	-0.18483790962	2.26707339201377	-4.96697075	4.0700265
waim1253	1.8723816476835	1.88087965743953	-1.55638425	5.90477525
waiw1244	-0.8091599943205	1.90756618356697	-4.92869375	2.68782275
wala1266	1.45465174404	1.96661163822511	-2.514116	5.38360649999999
wall1257	-0.0018657666535	2.3050328023279	-4.44617325	4.67453825
wamb1257	4.2699728095	1.48572083769925	1.6729265	7.5118505
wand1267	-0.358401697641	2.26518042244861	-4.863192	4.08207
wand1278	-0.544525255005	2.16959487473261	-5.00381825	3.36402775
wann1242	-0.24328543246	2.28352650506317	-4.9615355	3.9701015
wara1294	2.764293557965	1.91026947269461	-0.80554615	6.68736425
wara1300	-0.2142770557015	2.24708347222995	-4.84907775	4.1339265
wara1303	-0.610707450905	1.89390226864641	-4.62953525	2.917159
ware1253	-0.543498977385	2.21524413262481	-5.2340935	3.68192775
ware1255	-1.032328849315	2.03527101775702	-5.3839625	2.6060545
wari1268	-0.64284721801	2.21118395873885	-5.24192925	3.44731125
warj1242	-0.48210661173875	2.07690946533389	-4.79641375	3.4980975
waro1242	-0.5706083367125	2.17630737060501	-5.08380975	3.639546
wawa1246	-0.2822138319185	2.24465638994885	-4.955306	4.279516
wayu1241	4.17292030775	1.5288004052677	1.46498425	7.57730625
wels1247	-1.025908840676	1.97770331107482	-5.35352425	2.47158975
weri1253	-1.197822761629	2.02096060675794	-5.40465575	2.53680675
west2354	-0.763579697207	2.12847531031663	-5.01120825	3.130823
west2369	-0.4018934914025	2.20929910397531	-4.92488175	3.8371835
west2397	-0.50561152501	2.31350376422384	-5.58555225	3.93820125
west2415	2.34809478668	1.21025596513144	0.1235307	4.7667615
west2418	0.7188547753485	1.50272042446577	-2.228028	3.6140045
west2430	-0.44437852379	2.27534100573233	-5.230597	3.92978025
west2466	-0.3254013219555	2.39119259371593	-5.231676	4.1199975
west2516	-0.216886022349	2.33511693557981	-4.8920385	4.32877824999999
west2519	-0.0410973750375	2.26538682498211	-4.403064	4.47529225
west2555	-0.158094766538	2.37504358563356	-5.16687875	4.42895025
west2557	-0.038752913585	2.40337342356047	-4.90856	4.811771
west2560	-0.0926681936895	2.25204109308591	-4.643495	4.2639155
west2594	-0.737348711055	2.00745961963419	-4.749339	3.26834575
west2600	-0.3455893496475	2.150388271309	-4.78491225	3.723905
west2632	-0.346559018994655	2.32787635968641	-5.16376325	4.212569
west2635	-0.612741582503	2.13069060601122	-5.147109	3.2655005
west2644	-0.8195108141245	2.144193627542	-5.34085475	3.17034475
whit1269	-0.267979305519	2.34198340529122	-4.90644125	4.04996949999999
wiru1244	1.071638897335	1.63528599484536	-2.183496	4.2451885
wola1242	2.02609007114	1.77351983683522	-1.3363685	5.56757925
wola1253	0.808475500845	2.13735886856059	-3.4302775	4.99499725
woli1241	-0.08909206316	2.28987818841291	-4.60216375	4.283245
woun1238	-1.310571654895	1.98946450003106	-5.73142125	2.3391275
wuch1236	-0.568965101785	2.04450993129748	-4.751103	3.05081875
wusa1235	-1.00488632851	2.08674362566781	-5.4884995	2.74085875
wutu1241	-0.16072819874	1.69192951749546	-3.6326325	3.055633
wuvu1239	-0.178939735274	2.30767525659211	-4.78168125	4.51912374999999
xamt1239	0.504014330135	2.17889978255819	-3.96417525	4.74086225
xara1244	-0.244744513845	2.27502753214861	-4.75491475	4.36223575
xava1240	2.56511346634	1.86869823599804	-0.848501425	6.434865
xokl1240	-0.771305251775	1.97391967207526	-5.01280975	2.843938
yaak1241	-0.23334827723	2.30373257852507	-4.85110625	4.18328625
yaka1272	-0.08087790494	2.41019029369891	-5.01830375	4.46273475
yaka1277	-0.04943627275	2.34879502509999	-4.7598515	4.29813925
yaki1237	-0.350261408165	2.30762735130407	-5.135842	4.01007
yakk1236	3.3327224995	1.4332905485501	0.77255645	6.303917
yaku1245	-0.840922808093	1.9642701719259	-5.16483575	2.62152925
yale1246	-0.44334022124	1.77511809040797	-4.17048825	2.94453275
yama1264	-0.785071913605	1.99340715316135	-5.195871	2.78635525
yami1254	-0.031203318575	2.19193779891214	-4.65054875	4.32528475
yami1256	-0.93251470818	1.90427141169093	-4.978473	2.43012075
yamp1242	2.78196844725	1.3757051874516	0.141729625	5.59395499999999
yano1261	-0.96645831274	2.01763946646452	-5.524719	2.7326545
yaou1238	-0.16456041258	2.22303587832186	-4.49390525	4.15212325
yape1248	-0.072826309325	2.35777103736145	-4.88575325	4.5475205
yapu1240	0.389524942513	1.67144584470712	-2.99531375	3.5343855
yaqu1251	2.48291444637	1.89687941707543	-0.95919345	6.62174899999999
yasa1242	-0.12764356222	2.26788583862567	-4.613975	4.24487325
yatz1235	-0.904316953772	2.06873471062416	-5.2571975	3.035376
yaul1241	-0.316534965165	1.85190046362423	-4.243215	3.138846
yaum1237	-1.075741688775	2.04957171046099	-5.28821375	2.6866985
yawu1244	-0.1119033663775	2.21323882860861	-4.601772	4.458741
yecu1235	-0.627351222455	2.12045313240472	-4.88051775	3.32157299999999
yele1255	-0.29390049524	2.0579563905168	-4.478656	3.5676885
yidi1250	-0.360036788075	2.2804224882113	-5.3447835	3.868528
yoga1237	-0.333309891125	2.26466766938288	-5.0935635	3.87456025
yoku1256	-0.64669154232	2.04652678653335	-4.89557425	3.30108525
yong1270	0.019389673061	1.76159665558892	-3.694866	3.29468225
yong1280	0.0624945783	2.08007182936217	-4.1699725	3.9932305
youl1235	-1.143020123285	1.91402451910213	-5.122715	2.25286425
youn1235	-0.1719622646154	2.19637794490298	-4.47909975	4.0540325
yuca1254	-0.3143731937685	2.27591658346199	-4.92487775	3.968099
yuch1247	-0.463343856839	2.23889301503951	-5.0916345	3.563881
yuec1235	-0.6703207596125	2.08527895510375	-5.26124825	2.9587445
yukp1241	1.5835742709755	1.76831855434962	-1.76198825	5.31409375
yulu1243	-0.083904883815	2.37245656674968	-4.96208675	4.39290474999999
yura1255	-0.80262617815	1.98440414239537	-5.04519675	2.68558475
zaba1237	1.173006990589	2.18526493393232	-3.17330275	5.46430824999999
zaca1241	-0.786400620457	2.05387402103531	-5.0348695	2.9839455
zagh1240	-0.2179286587565	2.23628610109669	-4.95087075	4.0621825
zaiw1241	-1.227965647095	2.05535793478532	-5.5271235	2.65786275
zakh1243	0.709442048421	1.60291827609932	-2.671847	3.760842
zamb1245	-0.186443740015	2.21711398482	-4.87211325	4.02185224999999
zani1235	-0.9186327291935	2.10625525837105	-5.415481	3.0817015
zarm1239	-0.135654174529	2.17142237589291	-4.44840675	4.029809
zaye1235	-1.10039529251845	1.98194064787276	-5.4037485	2.38676275
zays1235	3.30900828955	1.79947289819256	-0.0315936625	6.80389524999999
zeme1240	0.4142425872176	1.61162273954465	-2.7985965	3.6168095
zenz1235	-0.87392699386	2.12183622054888	-5.36741475	3.11248825
zhab1238	-0.796856002465	1.96569902992716	-4.9235825	2.73840525
zoog1238	-0.905591615875	2.04888914733367	-5.33558125	2.99773075
zulg1242	-0.569267734966	2.1543990347074	-4.9554265	3.45330675
