Estimate	Est.Error	Q2.5	Q97.5
abad1241	1.932927452852	1.60992290622806	-0.901107225	5.4118385
abee1242	-0.192324417015	1.86252823893673	-4.0835565	3.475882
abkh1244	-0.60351489183	1.75822122676804	-4.22786475	2.57710025
abua1245	0.26635721366	1.54287939068184	-2.8253185	3.3450325
abun1252	-0.8155254490985	1.75920161286976	-4.46710725	2.43763175
acha1249	-0.6571242700165	1.69936893717514	-4.35662775	2.5028925
acha1250	-0.1693050512564	1.77860515888314	-3.8235005	3.27538
ache1245	0.519674883825	1.63506075035106	-2.696832	3.9491685
achi1256	-0.29110520427105	1.73326132892681	-3.8854975	3.220697
achi1257	-0.096772864385	1.86102674644773	-3.85855775	3.65617225
achu1248	1.153391268155	1.69577470804128	-1.8417655	4.843063
acol1236	-0.70265247262795	1.73182090730985	-4.4575105	2.507509
adan1251	-0.5417726429475	1.71176983952431	-4.1930895	2.68570625
adny1235	-0.801971162715	1.64830380077033	-4.3027485	2.12679975
adon1237	0.075788314713	1.74131507727528	-3.488497	3.44813949999999
adze1240	0.44890809354	1.47843711459082	-2.42440075	3.42335274999999
afar1241	-0.592113304221	1.56429881080514	-3.980471	2.386029
aghe1239	0.0170209682585	1.62698018136955	-3.197163	3.14952825
aghu1255	-0.230744925745	1.62348350772835	-3.345921	3.03025625
agob1244	-0.303317158863	1.64522934231059	-3.71962125	2.76112625
agus1235	-0.1030270188525	1.78734101605856	-3.60881975	3.2403775
agut1237	-0.0934009943805	1.89340246666438	-3.9194315	3.63401225
aheu1239	-0.1701079364175	1.81381470721816	-3.94406025	3.3940215
aime1238	1.4784736362835	1.61771215536052	-1.39366425	4.93789775
ainu1240	-0.283886440688	1.78191529016767	-3.9267975	3.21405849999999
ajab1235	-0.52552338326	1.78498483999836	-4.2988245	2.87961499999999
ajie1238	-0.27839068807	1.81290031745235	-4.0787475	3.23127475
akha1245	1.22240862035	1.51927376166405	-1.4472255	4.40612
akoo1248	-0.22768237736	1.72356683703504	-3.68532725	3.14988174999999
akun1241	-0.326223803133	1.76574805377719	-4.06671425	3.0826225
alab1237	-0.0664961197	1.83522671753671	-3.69705225	3.541004
alab1254	0.972126580005	1.51473127462081	-1.69415775	4.15830674999999
alag1248	-0.972566816981	1.62827379344984	-4.5999475	1.95922975
aleu1260	1.0219714383905	1.75354147832083	-2.10160675	4.736383
alor1247	-0.4904127770625	1.73937313563961	-4.116728	2.80133275
aluk1238	-1.0044976199605	1.58333528211041	-4.3770835	1.8226825
amah1246	0.3282823549125	1.55336155062211	-2.85692575	3.44032825
amam1246	0.53504685141	1.40312953674788	-2.23158175	3.492828
amap1240	0.3756729423825	1.45921020591595	-2.54690575	3.461818
amar1272	-0.201821603055	1.6388537330826	-3.714894	2.98678525
amar1274	-0.0185910981022	1.75111276693702	-3.616791	3.5225915
amas1236	-0.1318865054053	1.72889990307121	-3.62842	3.2523085
amdo1237	-0.39433576384	1.79896252900993	-4.4068635	3.00582425
amii1238	-0.892235094746	1.74815971358145	-4.792441	2.3826725
amri1238	0.4805273557015	1.46747463837531	-2.42784375	3.523313
anei1239	-0.1718180066065	1.82258261046749	-3.9222315	3.43536725
anfi1235	-0.32874785009	1.56391685749704	-3.5678665	2.61701325
anga1288	-0.46436881571	1.52117940233606	-3.651864	2.4018755
anga1290	0.7244473776425	1.46292581280276	-1.9730875	3.764434
anut1237	-0.0019958413665	1.72471876477948	-3.6017945	3.46101325
anuu1241	-0.846304545205	1.75938344475444	-4.8437455	2.38913225
aona1235	0.6419376443675	1.45895706159962	-2.02644225	3.78858525
aoua1234	-0.307939286898	1.71019596484178	-3.9872505	2.99717625
apat1240	1.1968225651687	1.47975374332717	-1.59460925	4.22918575
apin1244	-0.153186565585	1.69585195767866	-3.5979165	3.33068875
apma1240	1.377086750985	1.58671464152956	-1.45581375	4.71140249999999
apur1254	-0.45184305805921	1.72085937103763	-3.9908835	2.8470705
arak1252	2.259781863695	1.6851256095599	-0.65658125	5.84983775
arao1248	0.302396414447	1.57799820727841	-2.8441885	3.568875
arap1274	-0.2026561721375	1.83377829250875	-4.1022685	3.3655355
araw1273	-0.0982769448635	1.84852552394168	-3.940689	3.48977225
arbo1245	0.149915045	1.36319640014986	-2.60765725	2.7625085
area1240	-0.346069268785	1.7404704261436	-3.98382475	2.99709625
aree1239	-0.047214651465	1.72183376878487	-3.5469265	3.24451675
argo1244	-0.1482822496	1.70826600097807	-3.65802225	3.21743475
arop1242	-0.3563372658205	1.54744198046755	-3.498616	2.66101075
arop1243	-0.092642541945	1.66540329554817	-3.38218925	3.33747375
arta1239	-0.263104662884	1.77808865621701	-3.96766275	3.13675925
ashe1272	-0.7477643062075	1.71679322830126	-4.220514	2.3481445
assi1247	-0.177183889084	1.87661569232722	-4.0270175	3.81874975
asur1254	1.792951984205	1.87706393820796	-1.31294925	6.00766525
asut1235	-0.3733908645445	1.73629741466582	-3.9336265	2.975689
athp1241	0.75642303973	1.38685054410608	-2.076714	3.53300725
atii1237	-0.1428049078685	1.85880933518848	-3.9653575	3.73435849999999
aton1241	2.498315784485	1.70831332332312	-0.39017725	6.212652
aulu1238	1.415774864093	1.48089471283523	-1.321247	4.4343655
auuu1241	-0.1152280708345	1.48710735929812	-3.3126415	2.860755
auye1238	-0.900704511315	1.62456955188078	-4.30828225	2.051236
avac1239	-0.064964160975	1.75291704799451	-3.95789225	3.50197475
avok1242	-0.460085319158	1.6855638912329	-4.2172865	2.8073515
awad1243	-0.669499689835	1.48752418002412	-3.808327	2.07803325
awad1244	0.400266975775	1.46342339225974	-2.498204	3.44021375
awap1236	1.090920638428	1.58053633697937	-1.842679	4.42109925
awar1248	0.2938447958338	1.47278069370892	-2.607268	3.32462875
awar1249	0.183558945997	1.54423653348136	-3.05982725	3.148514
awet1244	-0.34643827871	1.80801151353184	-4.3387035	3.17514975
awji1241	-0.204535602256	1.75295681125207	-3.88139825	3.22298225
awtu1239	-0.145021262915	1.46463771060564	-3.12919625	2.78569525
axam1237	1.296008988272	1.48889741929699	-1.36443775	4.44213575
axiy1235	-0.607804196485	1.75190387380134	-4.214845	2.636792
ayac1239	0.58338213709	1.69125868165283	-2.60807025	4.29986725
ayiw1239	-0.102414435567	1.80998324626754	-3.89300875	3.42658475
azha1235	-0.570086654673	1.69176611550226	-4.39882925	2.534671
baba1264	0.48338167214055	1.60659607021481	-2.69481075	3.73768425
baba1266	0.175827973948	1.62013534155043	-3.1615605	3.50136075
babi1235	-0.3377867539277	1.79801109893309	-4.0302425	3.05544174999999
bada1257	-0.80421655677635	1.55803791975099	-4.0551245	2.04870275
bafi1243	0.356855754672	1.71111707345315	-3.04272125	3.95194375
bafu1246	0.024589822065	1.62509694074762	-3.282825	3.37832125
baga1272	-0.4335365570695	1.75774896891903	-4.13768175	3.094105
baga1273	-0.458539044393	1.7522666538634	-4.18228575	2.88193524999999
baim1244	-0.470584039437	1.68403544378743	-3.9748245	2.792919
baki1244	1.054530589225	1.53367581286869	-1.725695	4.41472425
bala1311	-0.047799673075	1.8436524939493	-3.7174995	3.85807425
bala1315	-0.11281037207	1.82557080186448	-3.94758875	3.51174225
bala1316	-0.1607545753915	1.81670029340072	-3.86709625	3.5217135
bali1278	-0.0337041645545	1.81230308986692	-3.7684615	3.54879899999999
balo1261	-0.2699334830685	1.86584127085997	-4.2124775	3.42675799999999
balu1257	1.860298982225	1.77284067182572	-1.2999165	5.71394224999999
bamb1270	-0.0809668429265	1.83178930509539	-3.86323625	3.628937
bamu1253	0.6733290276088	1.73586474148179	-2.80109375	4.33026449999999
band1344	-0.38876406626645	1.79984643434718	-4.3435515	2.97077349999999
bant1281	0.871945849115	1.31309436765346	-1.65380075	3.562263
bant1288	-0.09766861627	1.81096862444797	-3.90442225	3.426739
bara1357	0.4221364627135	1.25503576306159	-1.95569075	3.0123525
bara1370	-0.0841353088865	1.80267978551431	-3.782645	3.5233735
bare1276	0.078905597215145	1.70605114047641	-3.51420775	3.51377975
barg1252	0.57870455044	1.44973866984559	-2.31620325	3.54521375
bari1286	-0.1995616906025	1.64357525747276	-3.68663825	2.9548915
baro1253	-0.40682044925	1.7808438609856	-4.1128805	3.12085449999999
basa1282	-0.469292251285	1.83065143178604	-4.4218295	3.12534875
bash1264	0.157332969465	1.81598664046881	-3.25541325	3.99775999999999
basq1248	-0.41285702191	1.76353697360997	-4.11625625	2.96466575
bata1289	-0.0765909487165	1.86225658134174	-3.82272375	3.50042124999999
baur1253	-0.5728761795969	1.86789672163484	-4.571104	2.840054
bayb1234	-0.0621929613465	1.81605435060139	-3.80070025	3.43490525
bebe1248	0.4541966157885	1.80388843601657	-3.081318	4.18450775
beka1241	0.02499231052	1.77898816742745	-3.58829275	3.56610625
bekw1241	-0.42882257058	1.78605404155688	-4.23303675	3.1642925
bela1254	-0.249135191836	1.63495621782123	-3.5430195	2.836955
bell1243	-0.09398535521	1.76637698643193	-3.71369925	3.44154875
bemb1257	-0.0800834918335	1.85703998303046	-3.99096475	3.52651124999999
bert1248	1.22246609865	1.74613651978455	-1.9495405	5.0784675
bhoj1244	1.651462699105	1.65285451828219	-1.1984195	5.309545
biao1253	-0.3816762801385	1.68383124265312	-4.02559875	2.87705525
biao1254	-0.3771141590605	1.82728558216912	-4.07743875	3.20143325
biao1256	-0.3339530160765	1.72722589087098	-3.8342225	2.9735325
bier1244	1.11098066046	1.52526583075343	-1.64592275	4.47550725
bign1238	1.466371797165	1.53311395764369	-1.32693775	4.74241875
biha1246	-0.20746861799	1.81982005123447	-3.9940095	3.34585625
bila1255	-0.34960433566	1.74113597961074	-4.058099	3.03262025
bilb1241	1.145144910153	1.48997695962627	-1.6836355	4.36493075
bili1260	1.0065527332835	1.67165562122018	-2.094294	4.475376
bimi1240	0.175477658132	1.54247486793687	-2.8615515	3.16694225
bina1277	2.3049101506965	1.63584115287448	-0.43348325	5.85446825
bini1246	-0.3282941711835	1.75458605416686	-3.87602975	3.045419
bira1253	0.92648346054715	1.45607543079421	-1.79448875	3.8950975
bisu1244	0.199230811005	1.55129722203869	-3.01799175	3.19177225
blab1237	-0.4231289233475	1.77871718011084	-4.142743	3.01931324999999
blan1242	-0.19065259404	1.82878882215028	-4.073276	3.317031
bodo1269	-0.0384070051205	1.51690493315357	-3.13275075	2.983903
boht1238	-0.60593538552	1.60773184505835	-3.9513495	2.2849955
boka1249	1.2506770968045	1.60119447771994	-1.70816125	4.6689595
bola1250	-0.26655805753835	1.78022671670775	-3.884963	3.145796
boly1239	-0.4195231763235	1.750367422273	-4.087167	2.88734949999999
bomb1262	-0.447075109449	1.83543977523466	-4.30973775	3.055444
bomk1234	-0.3502930243905	1.76233133215486	-3.9665715	3.18032925
bond1247	-0.2893666176625	1.78246614224492	-4.1010865	3.14292024999999
bong1289	-0.1736897286665	1.84371840803568	-3.89880775	3.52203024999999
bora1263	0.446877001485	1.72453052273101	-2.905033	4.0303455
boro1277	1.1463651120823	1.68761908538273	-1.8394965	4.72323874999999
boro1282	-0.1818123265925	1.76263713838093	-3.8306625	3.346841
boto1242	-0.1187809340035	1.90955747861488	-4.1782995	3.58680525
boun1243	-0.018434895891	1.68105488784176	-3.54789175	3.3641525
boun1245	2.569350768329	1.51207925470712	-0.0875037975	5.80523975
bret1244	-0.306180917959	1.71972799389224	-3.7504	3.01858175
bube1242	-0.330295959564	1.73986477875118	-3.99489425	3.07204899999999
bubi1250	-0.120522649355	1.82561509994084	-3.78691925	3.407278
budu1265	-0.652756695475	1.58026573691898	-3.9687865	2.2835895
buga1247	-0.45620344897	1.78502398691764	-4.1832185	2.98137925
buga1250	-0.03148878113	1.58725409374018	-3.15125275	3.0960065
bugh1239	-0.492171479528	1.83548100103663	-4.240498	2.85547499999999
bugi1244	-0.009379401792	1.84625518488336	-3.94426075	3.70251025
bujh1238	0.577530874055	1.24214080338472	-1.84006725	3.035606
bull1247	-0.434316356595	1.79435708712333	-4.1761035	3.14930425
bulo1242	-0.24005200293	1.79578685850854	-3.9102725	3.15263125
bulu1251	-0.0162230768025	1.71660873315886	-3.3819805	3.50128975
bumt1240	0.45817142214415	1.51860475487427	-2.52782125	3.5665345
buna1276	-0.19528773426	1.84418669719881	-3.96743275	3.5150935
bura1292	1.03414406749605	1.40754972734164	-1.62226525	3.97254175
bure1242	0.86069527013	1.45113056605389	-1.87053375	3.80802875
burj1242	1.36023450325	1.69308096067003	-1.71865075	5.07145275
buru1320	-0.9170277783875	1.60920112730902	-4.339065	2.05159625
busa1253	-0.297582817161	1.7744314370142	-3.9653225	3.1617145
buwa1243	1.7795989196235	1.3666885449559	-0.73135435	4.64595175
bwai1242	-0.103253462858	1.78270875788636	-3.901062	3.461412
bwat1240	-0.2507981642935	1.84116151725407	-3.9878175	3.362567
byan1241	-0.601140598485	1.6990532696341	-4.44786425	2.617134
caac1237	-0.170812250327	1.83646956433511	-3.95483675	3.56834725
cakf1236	-0.694199832172	1.47304248787787	-3.90803025	2.13684225
cald1236	1.0353067639285	1.67657507739878	-1.955095	4.76648725
caml1239	1.210260018845	1.2973986696133	-1.23203525	3.870192
cane1242	-0.11925457045	1.82384479143858	-3.81378375	3.5221625
caom1238	-0.389630896795	1.77697149701307	-4.253304	2.88116925
carn1240	-0.099539432085	1.85010816530355	-3.84252125	3.5478925
caro1242	-0.0562632057329	1.8215892842493	-3.79787625	3.56195475
cash1251	-0.032029133921	1.61855561941515	-3.1961345	3.03154175
casi1235	-0.245677023935	1.80275993325999	-4.14074125	3.2746645
cayu1262	-0.854188887795	1.76079525770276	-4.5250415	2.36325125
cemu1238	-0.227938017923	1.76240536673388	-3.94678375	3.127682
cent1989	-0.18709478568	1.8016123926595	-3.80038925	3.397098
cent1990	-0.1282558716245	1.83136067019591	-3.896486	3.53877675
cent2004	-0.9467431584852	1.62741192325819	-4.51122625	2.149995
cent2050	0.1160784961455	1.56584876717723	-3.1436575	3.16885399999999
cent2084	-0.167063187855	1.87600334789094	-4.0560745	3.602228
cent2090	-0.0927758958	1.9141783076357	-4.07363975	3.79696599999999
cent2100	-0.272468269882	1.79754944108774	-4.02015475	3.34935724999999
cent2127	0.8443328115525	1.65324651881893	-2.113988	4.3717945
cent2131	-0.273375569109	1.78924364736613	-4.19199925	3.14307675
cent2140	2.270804629365	1.80812829184939	-0.777431725	6.06437925
cent2142	1.1811801282851	1.76856576822834	-1.79482875	5.199268
cent2292	-0.2594955129185	1.79525964164176	-4.0840485	3.14146225
cent2314	-0.22507645003	1.87736050436561	-4.08790725	3.455169
cent2322	0.222142095352	1.69081769348994	-3.07603775	3.70516575
chac1251	-0.044492327043	1.53988166803419	-3.2771985	2.98093225
chak1270	-0.7646049420495	1.76894245356044	-4.7435265	2.38658075
chak1271	1.380934640915	1.68584201185884	-1.57473825	4.9382985
chal1275	-0.24967268201	1.77379164607638	-3.922642	3.1342165
cham1312	-0.0703331104835	1.79199693259942	-3.64683475	3.3282405
chan1313	0.79413087492	1.40933091331547	-1.80777325	3.622432
char1269	0.71430053067	1.65295465561507	-2.4064625	4.14597599999999
chas1234	-0.9048726585975	1.69105167669193	-4.472375	2.16136875
chek1238	-0.452213379865	1.81877642046996	-4.3054365	3.0440815
chen1255	0.49739613919777	1.73923365305826	-2.79522075	4.234372
chep1245	1.35619422671	1.33799948985222	-1.00037825	4.243782
cher1273	-0.095054145134	1.79518666594355	-3.868161	3.51722275
chey1247	-0.1948464286075	1.78212409132093	-3.7198905	3.22488425
chil1280	-0.20842757311	1.82431873035571	-4.20696875	3.33415025
chim1302	0.8820795194795	1.75215014558315	-2.32405425	4.7363535
chin1286	-0.4086039430435	1.83206430970174	-4.1336225	3.11399675
chip1241	-0.1539465200141	1.83675894948738	-4.02220975	3.37938275
chip1261	-0.16392581791	1.85452857318138	-3.86394375	3.44295
chiq1248	-0.28268892015	1.74155836526932	-3.94735825	3.12710525
choc1275	0.113656199635	1.47988539478404	-2.925185	2.9010705
choc1276	-0.138274924338	1.82858437642061	-3.98956175	3.64401375
chon1284	-0.217785022946	1.84690160699354	-4.07620975	3.4307165
chot1239	-0.9570745647765	1.62724634624762	-4.58753575	1.96380025
chra1242	-0.160057427229	1.85639226329367	-4.03034775	3.55246375
chug1252	-0.061854242009	1.57063899472118	-3.35367175	2.73661425
chuj1250	-0.4056918784445	1.76059623106362	-4.19809425	2.96143375
chuk1273	-0.2851755606775	1.80298122875643	-4.117591	3.21111075
chuu1238	-0.028706088665	1.80089342611452	-3.7069515	3.6780035
chuv1255	0.4236823265335	1.75114963334918	-2.89651075	4.0999495
chuw1238	-0.033132013647	1.82333209171124	-3.8522715	3.55856875
cici1237	-0.258762393025	1.83792985655111	-4.09399275	3.2793855
coat1243	-0.75853656073	1.73274575233973	-4.61670975	2.6226
coca1259	-0.13202062595	1.72133757571136	-3.58843625	3.27746525
coeu1236	-0.3612326183074	1.79221827622449	-3.94466625	3.19302
colu1241	-0.269315615754	1.78468539114122	-4.1140745	3.11852325
coma1245	-0.2421608474085	1.86021866142441	-4.1559085	3.325205
como1259	0.406671789404	1.76916453770997	-3.16682125	3.8652785
cors1241	1.78651641165695	1.74012757335786	-1.1208175	5.40213225
cota1241	-0.113548728417	1.85488627415192	-4.04818125	3.7140685
crim1257	0.1364774619568	1.77630533868919	-3.380786	3.8019325
crow1244	-0.203305355895	1.77857902395129	-3.675964	3.39057775
cube1242	0.273995487299	1.59011788121323	-2.778187	3.53667625
culi1244	0.5029406293	1.58687330874928	-2.514734	3.896375
cusc1236	0.6533611237	1.74724278390607	-2.469089	4.23588824999998
czec1258	-0.2444672345095	1.83210263584766	-4.16658825	3.38543825
daai1236	-0.742067069945	1.70133478371322	-4.273192	2.506284
daak1235	-0.11244539225765	1.70458024324799	-3.499362	3.27740549999999
daas1238	-0.624852693545	1.55812465993999	-3.85434525	2.23322025
dadi1250	2.161165379565	1.53782252365925	-0.495679325	5.50509775
dagb1246	0.5617104128565	1.77327377478718	-3.13950425	4.22206749999999
dagi1241	1.02908264698	1.80141224193569	-2.21651075	5.0250675
daka1243	1.62202579929	1.55249969478696	-1.19183725	4.96332925
damp1237	-0.09598478031695	1.7001219442775	-3.67029075	3.19688225
dana1252	-0.5330038218203	1.71992039740655	-4.209489	2.7065345
dand1238	0.56460248382	1.72672108790802	-2.69916375	4.13480525
dara1250	0.28962563198178	1.29322235112928	-2.22622825	2.9925625
darm1243	-0.60944750446	1.70493176071411	-4.39908425	2.616513
dawr1236	0.3765786538275	1.56642092263573	-2.70883	3.6036795
daza1242	-0.16525603392	1.88165771640268	-4.251031	3.54233325
defa1248	-0.64639382750495	1.72006851483159	-4.353378	2.54177225
dege1246	-0.5018989770645	1.81738700654175	-4.29710475	2.866797
dera1248	0.6770312653355	1.32236743904737	-1.79568	3.48548975
desa1247	1.3689986951105	1.72514150515887	-1.593504	5.15201975
dhao1237	0.1036180346675	1.80037309660937	-3.347431	3.89617525
dhim1246	2.034986246875	1.50684249947211	-0.48711525	5.268882
dhuw1249	-0.9854483783435	1.65255487085468	-4.623618	1.87115975
dibo1245	-0.2425218038855	1.80063715770838	-3.92524375	3.060587
diga1241	0.1768354088175	1.57021596648523	-3.08446525	3.39849475
digo1243	-0.2483100986	1.84146415111484	-4.142409	3.62680999999999
dima1251	-0.6272329305945	1.57763928062352	-4.1213925	2.2537645
djam1255	-0.5978202154955	1.79796593841923	-4.51901175	2.764565
djee1236	-0.8346635855305	1.79133444006225	-4.838291	2.69203175
djeo1235	-0.5769443842195	1.75097499941386	-4.25512325	2.70241525
dobe1238	-0.17806457858	1.7642912793909	-3.66082	3.24183299999999
dobu1241	-0.172916403505	1.84776843670592	-3.921007	3.55929724999999
doma1260	1.471760991165	1.76059160438307	-1.66342475	5.3591335
domm1246	2.696277734075	1.68592653323442	-0.192156525	6.350041
doro1266	1.365268414045	1.46368195502521	-1.3659165	4.45818424999999
drun1238	-0.67905297544625	1.79151145959684	-4.6611615	2.57012725
dumb1241	-0.1914449030485	1.6244006185846	-3.5188445	3.008479
dumi1241	1.34183392677	1.31176843690744	-1.147651	4.09566875
duru1236	0.5614155730704	1.81504292356486	-2.8986375	4.3429175
dusn1237	-0.4222877929515	1.71312680471143	-4.0855515	2.79468774999999
dutc1256	-0.0963088504125	1.58723941893794	-3.525416	3.19398625
dyul1238	-0.8486473258	1.67041342430645	-4.4107265	2.205556
dzao1238	-0.360975559777	1.79347729047043	-4.002219	3.10701125
dzon1239	2.678048074454	1.71850618930903	-0.325330375	6.415126
east1236	-0.21935606248	1.84240759449971	-4.1898455	3.46186775
east2328	0.45497301527	1.73322693984962	-2.74901	4.02049475
east2342	-0.424408585765	1.66210497098442	-3.8680045	2.7219335
east2443	1.46641363999	1.63889256438464	-1.3987565	4.94598
east2447	-0.08196870817911	1.80015870380116	-3.6815115	3.49620024999999
east2485	-0.135955072672	1.81057531780948	-3.73010075	3.63195925
east2516	1.990119026636	1.40008827634463	-0.52329715	5.03100675
east2555	-0.13605117442	1.80630985387486	-3.7892155	3.3675915
east2556	-0.70369234932	1.70578328401387	-4.3210715	2.55058625
east2690	-0.26262191034	1.74845058500708	-3.793373	3.08470775
east2773	1.515854355215	1.32087480224312	-0.9025735	4.20694125
east2782	-0.09392605617	1.78740649574339	-4.00634275	3.44610425
eipo1242	0.529549864169	1.46316611106195	-2.275262	3.50662775
ekar1243	-0.84917938205	1.61386936333468	-4.2827135	2.11074675
emae1237	0.666207159744	1.62545485884033	-2.358084	4.0433145
emai1241	-0.37076385953145	1.72066186999098	-4.2644235	2.91223599999999
enuu1235	-0.397033371228	1.61920739606407	-3.706722	2.6870135
ersu1241	-0.550697546465	1.7960300962151	-4.36189475	2.840806
erzy1239	0.25287546269	1.78887255540106	-3.178967	4.01138425
esee1248	1.126949041601	1.57719318734354	-1.69274925	4.6168395
esim1238	-0.10889415681095	1.65252685150469	-3.3166955	3.15936275
esto1258	0.2404569164915	1.73363351503499	-3.24364925	3.93110125
even1259	0.202772421253	1.80902232959974	-3.33695875	3.90418575
even1260	0.15520503677	1.76466314694707	-3.31062425	3.89711925
fare1241	2.15296138135	1.79866733419029	-0.8814206	6.26062425
faro1244	-0.49266604676995	1.75786570135262	-4.3227815	2.6897955
fass1245	-0.41821994933	1.46045980889818	-3.5122075	2.37300125
fasu1242	1.82077056828	1.57486005175764	-0.964424375	5.229048
fiji1243	-0.01462476906	1.85163487909299	-3.81349675	3.5766595
fili1244	-0.13610132122	1.88315086772185	-3.99029325	3.6844415
filo1235	-0.81716793871	1.66435025869598	-4.28680275	2.18832475
fina1242	-0.2719355762375	1.80486258532112	-3.94884325	3.18848
finn1318	0.238311150131	1.69071703223756	-3.12388025	3.833765
fonn1241	-0.52905264107	1.78501065993102	-4.37237175	2.86451074999999
fore1265	0.24413571837	1.7486939198947	-3.12011875	3.826307
fran1266	-0.361247828484	1.77540542048387	-4.07063225	3.17342375
fuln1247	-0.212461041169	1.82546581970329	-4.06305075	3.49040275
furr1244	-0.287822475505	1.7935299936895	-3.99839175	3.1101925
futu1245	-0.122389712447	1.76354289465748	-3.68787725	3.39808425
fuyu1242	2.22640504387	1.61471394606793	-0.593058875	5.58970875
gaaa1244	-0.2960341250424	1.68413712397271	-3.924366	2.91610475
gaan1243	0.800486554869	1.32221494337895	-1.68146325	3.57452875
gaga1249	0.172446397538	1.79336493635027	-3.2428045	3.95397825
gahr1239	-0.3319888141085	1.6943435303989	-3.876379	2.8865665
gale1259	-0.5854726477485	1.74066471281728	-4.13894725	2.77767699999999
gali1258	-0.2963445900765	1.77951492058364	-3.88830925	3.07150325
gali1262	-0.1199828995805	1.75723995202353	-3.80489525	3.27094574999999
galo1242	2.145172614264	1.6879324123685	-0.60072075	5.93481949999999
gami1243	-0.91153613568	1.65235944889201	-4.4160575	2.036715
gamo1243	1.31730880066	1.68177185022352	-1.689741	5.055462
gang1266	-0.967467034197	1.61483222384993	-4.62480825	1.89887825
gant1244	1.9981251340295	1.46067611351666	-0.5418711	5.1137115
gapa1238	-0.021925815125	1.7071126544151	-3.377738	3.3703335
garo1247	2.66546202638	1.75064656306325	-0.2632382	6.46092225
gayo1244	-0.076080085995	1.89063733008039	-3.8130225	3.63699625
geba1237	-0.5662709424705	1.73391236109143	-4.2329165	2.71484325
gebe1237	-0.40667992213	1.85613439649984	-4.53220775	3.1076345
geda1237	0.9968955511745	1.47639568174922	-1.87070375	4.1826525
ghan1242	0.068092534355	1.75534921368289	-3.458783	3.556796
ghar1239	-0.461484501644	1.81553511430092	-4.0930905	2.997334
gheg1238	1.06173855714	1.65592696701031	-1.9636365	4.51471375
gilb1244	-0.03812367958	1.77952336081435	-3.7133105	3.532813
gily1242	-0.638480387453	1.68217915739753	-4.195189	2.5169555
gira1247	1.74993228204	1.46711996836611	-0.892547425	4.95563749999999
glav1244	1.5192477373315	1.38813219861824	-0.97995335	4.40094924999999
gofa1235	0.916457263055	1.6179903602716	-2.1303855	4.43171025
gogo1265	0.73092184574225	1.62270018849792	-2.5112615	4.07059474999999
guah1255	-0.0252265796585	1.69214385623809	-3.62264175	3.18602
guan1266	-0.6360020974212	1.68219449251133	-4.28418375	2.52985625
guan1269	1.307297857775	1.72633766826047	-1.87852375	5.0994295
guat1253	-0.3531827517415	1.85031516773296	-4.104271	3.083245
gube1234	-0.009345580105	1.80415649354457	-3.536213	3.58073824999999
gude1246	1.6439684463135	1.32549747106192	-0.895865875	4.4267115
guer1241	-0.396196872108	1.68288755751985	-3.81582575	2.69255225
guer1243	-0.65166162188	1.69759659218726	-4.42065225	2.57716625
guhu1244	0.8876428797365	1.39558233842028	-1.794839	3.8140585
guiq1238	-0.6215637379145	1.81498085360181	-4.380572	2.8153405
guma1254	-0.147462994585	1.82695692596825	-3.90958675	3.386146
gunw1252	-0.81166070971394	1.82165367488139	-4.67080775	2.54109175
guny1241	1.067263195335	1.72829391389754	-2.033322	4.812552
guru1261	1.6409119437435	1.31101968417895	-0.79702115	4.30854975
guru1271	0.934309116175	1.44238587535623	-1.78127175	3.96922425
gusi1247	-0.5707155774805	1.72423796828817	-4.23299225	2.727003
gyel1242	-0.127832160705	1.79077998038733	-3.869443	3.4917355
haaa1252	-0.0898740846575	1.86512486120562	-3.9351105	3.6497495
hadi1240	0.536199609337	1.4641653969118	-2.20504525	3.58481775
hadz1240	-0.74619083661	1.69911793077457	-4.230825	2.45024575
haka1240	-0.758204055955	1.68574916308876	-4.391027	2.34985975
hakk1236	-0.2604483312715	1.80032356269892	-3.91301125	3.28433725
halh1238	0.231758457245	1.7641505832873	-3.21421275	3.9001425
hali1244	0.62346831148	1.61241782115371	-2.55745975	3.96004275
halk1245	-0.2180334282915	1.73067256690741	-3.8919025	3.1715415
hame1242	-0.03845715458	1.36479625399853	-2.72483025	2.58430625
hang1263	0.6521320375635	1.4954715625794	-2.23944475	3.76860775
hani1248	-0.301917440022	1.75959995485237	-3.91584425	3.07826375
hano1246	1.26863753321	1.62045902527375	-1.64993475	4.68433275
haru1245	2.37713267463	1.53104901585001	-0.2635487	5.74526375
hava1248	0.03082374361325	1.75542702307419	-3.55378925	3.59047275
hawa1245	-0.005259997195	1.88498053613032	-3.83428925	3.65931675
hehe1240	-0.234337242395	1.83416174829909	-4.10492025	3.3088265
hela1238	0.989609893652	1.32481711983266	-1.589368	3.82317475
here1253	-0.0470714337366	1.83089616423071	-3.779928	3.8608695
hida1246	-0.1550626117385	1.83033600221989	-3.8641265	3.24595275
high1243	-0.822657122107	1.65742624800233	-4.30473475	2.1342315
high1276	-0.508721509645	1.70265758032548	-3.9455625	2.753365
high1278	-0.818116761151	1.65981926463322	-4.24378175	2.12768849999999
hixk1239	-0.15834024120235	1.72798996342883	-4.05189225	3.19846975
hoaa1235	-0.430166436988	1.77120617883084	-4.1628455	3.01362075
hoav1238	-0.1600369323765	1.77381404416461	-3.92927125	3.39992825
hone1235	0.5263750707875	1.54519539206397	-2.466592	3.743129
honi1244	-0.480975294829	1.64444373315817	-3.96671975	2.55645075
hopi1249	-0.390769119255	1.65524259884868	-3.9742755	2.7126145
horp1239	-0.6452153362495	1.71122228130748	-4.353511	2.55846025
hote1245	0.284790825265	1.47046170720298	-2.66714075	3.259623
hual1241	0.176198341545	1.65339803427316	-2.915603	3.746193
huam1247	0.93535781686	1.68418395781231	-2.1268005	4.58246174999999
huar1255	-0.2827259108895	1.80284895090729	-3.81029125	3.31845775
huas1242	-0.439563468445	1.75450043151818	-4.149671	2.87519125
huba1236	1.01077003638	1.30188572026415	-1.4890095	3.6738945
huic1243	-0.073112889081	1.79068786599888	-3.714755	3.50183025
hula1239	0.999620762556	1.5488857132815	-1.86758275	4.1776505
hula1244	-0.26775638356	1.76694112735409	-4.09180525	3.200627
hung1274	-1.902460946355	1.74915644779794	-5.79577075	1.1028825
hunz1247	-1.2260571107935	1.7694969295332	-5.10595325	1.934694
iaai1238	-0.2564569657111	1.73726764648993	-3.86740375	2.9886015
iatm1242	0.8424167347135	1.56760188670545	-2.17034375	4.1166315
ibal1244	-0.240041040775	1.80750597648235	-4.03197125	3.24652875
iban1264	-0.023491200326	1.87048475192318	-3.682024	3.69016475
iban1267	-0.1891159361865	1.86300994967447	-3.98483125	3.24299725
ibat1238	-0.1144155461305	1.85738752592851	-3.83772825	3.58275725
ibib1240	-0.5779456936025	1.69842051719525	-4.0043385	2.71207824999999
icel1247	-0.522081986032	1.6775670668991	-3.82381475	2.68965125
idom1241	-0.4981988988505	1.78470272833158	-4.46798525	3.038156
idum1241	2.259428531545	1.73327420968067	-0.623986225	6.06124524999999
idun1242	-0.063475684895	1.72330275335716	-3.67455725	3.38022699999999
iliu1237	-0.380008506465	1.78363917890729	-4.09725975	3.0505685
ilon1239	-0.27393259034	1.77948474194025	-3.91436225	3.0708965
imba1240	0.96678921238	1.74579150153263	-2.14762	4.7242975
ingr1248	0.214535325646	1.7546045495386	-3.3182695	3.724386
iran1262	-0.10839948609	1.75669656824537	-3.701048	3.3039605
irar1238	-0.3940946310205	1.78210951424714	-4.0702955	3.00024925
iris1253	-0.255076713804	1.72696019759115	-3.77523	3.08656075
irul1243	0.1855445465645	1.77940543832015	-3.31513275	3.79374825
isco1239	0.01109052668025	1.60902646936396	-3.116581	3.20270699999999
isin1239	-0.2498580012305	1.79491527278255	-4.103214	3.151084
isir1237	-0.6921236571575	1.66410278870536	-4.2835855	2.50019
isna1241	-0.142697917063	1.8813838856109	-4.10670575	3.63049574999999
isth1240	-0.50461420299	1.73204145501542	-4.02924625	2.85685775
isth1242	-0.481841717057975	1.70806865793481	-3.967181	2.810239
ital1282	-0.2299123024215	1.75465562690418	-3.877874	3.0319385
iton1250	-0.7088607885775	1.7301616511306	-4.470375	2.45080675
itza1241	-0.186184153308	1.74967068574329	-3.8629485	3.4075695
iwal1237	0.28315489077	1.48525458541721	-2.7283985	3.292773
iyoo1238	0.8440368179575	1.46170137713402	-2.001154	3.9079695
jahh1242	-0.2874644063465	1.80550098222816	-3.97446975	3.3676745
jalk1242	-0.7555990702305	1.68827852406578	-4.3285495	2.57116475
jama1261	-0.553961627476	1.66996656016945	-4.02006925	2.68903
jamb1236	-0.000484668405	1.91470629947469	-3.97890525	3.89780425
japh1234	-0.62583500324	1.78289478800353	-4.4965705	2.79989775
jara1266	-0.2870145973625	1.8093050924563	-4.120364	3.17408425
jede1239	-0.2962378992005	1.82752925008731	-4.0133085	3.23673374999999
jeha1242	-0.29282200017	1.8272332343964	-4.16834575	3.33470975
jehh1245	-0.251343515125	1.80130037894394	-3.8765915	3.40598975
jenn1240	-0.860565397527	1.58259722212093	-4.182488	2.08395075
jeru1240	1.485544315415	1.32986857460813	-0.915084975	4.221802
jina1244	0.81005918554	1.38802954561687	-1.85860725	3.66553225
juku1254	0.250296439605	1.68853714261294	-3.07746975	3.647884
kaba1278	-0.75976055825	1.71191728979146	-4.45856225	2.39426025
kach1280	-0.672156958075	1.69101166066399	-4.39072	2.635002
kado1242	0.12162702264	1.57475280474486	-3.22115225	3.02374725
kafa1242	0.76101716224	1.57964610947874	-2.3130695	4.10326375
kaga1256	-0.083502277465	1.87457531268188	-3.945288	3.66690175
kagu1239	-0.42337764862	1.78494183131163	-4.28631725	2.93272325
kaik1246	0.187860239175	1.42044541605334	-2.61335025	3.055886
kaki1249	0.9148044203145	1.5439896224792	-2.0605275	4.38908425
kala1384	-0.1341832892025	1.93444758565077	-4.14457925	3.57688499999999
kala1399	0.827622681693	1.65130133733844	-2.12581725	4.278065
kali1308	-0.2959670556347	1.76943737799988	-4.029054	3.26399824999999
kalm1243	0.173054769794	1.82716271516183	-3.319009	4.0781695
kamb1297	-0.2756727593595	1.83461215918996	-4.10629275	3.3574305
kamb1299	1.177438745477	1.68577909513972	-1.83746675	4.87124425
kamm1249	0.697412621965	1.60467733759851	-2.36026775	3.94318775
kamu1260	1.028738361674	1.62294586053862	-1.94219225	4.30657375
kani1286	1.495060045115	1.57018704611855	-1.33629725	4.9646525
kank1243	-0.25757822939	1.79609688077146	-4.046272	3.06888975
kaqc1270	-0.28774392539	1.77780191818536	-4.0558865	3.12124124999999
kara1486	-0.33802037344	1.77555902296497	-4.23926875	3.1364085
kara1487	-0.266219328934	1.81063494366588	-4.1163125	3.0284435
kara1500	-0.1927939163176	1.84858356044436	-3.9465	3.47621725
kare1335	0.227489127609	1.76806751410287	-3.26902375	4.1083195
kare1338	0.2487337959045	1.66527314457412	-3.13154025	3.540165
kari1311	-0.307712105428	1.69928399248435	-3.888505	2.85890175
karn1252	-0.2174645397565	1.61850628505567	-3.76227575	2.95311225
karo1304	-0.2356244137885	1.69814965949819	-3.83107475	3.153318
kash1277	1.738324484667	1.77811602922631	-1.1673635	5.622347
kask1239	-0.137877340115	1.7303970731688	-3.72659575	3.43397
katb1237	1.370274960855	1.50364561894427	-1.3108525	4.62251099999999
kats1235	-0.69875487941	1.7062764817437	-4.3960665	2.49487924999999
kaya1315	-0.568660419275	1.69039487571974	-4.29380525	2.5362145
keap1239	0.71983434363055	1.55267320296766	-2.26916925	3.86076575
keig1242	0.2511727501575	1.69125136157721	-3.1795	3.8449935
kele1258	1.5164932076195	1.685803585593	-1.413807	5.0491625
kemb1249	-0.0478268509945	1.85072460278501	-3.784624	3.64837849999999
kens1248	-0.283567683235	1.76823528186314	-3.9929735	3.118098
kenu1236	-0.168440208732	1.79925135715034	-3.84663075	3.638155
keoo1238	2.3709524478025	1.80618868667614	-0.7055917	6.163516
kera1255	2.94123342311	1.71040617002121	0.010163021	6.63022975
kesa1244	1.97849512032	1.56858095914967	-0.770009925	5.5676115
kett1243	-0.505706767666	1.77082090748274	-4.2483665	2.97653625
kgal1244	-0.126490984751	1.7795222535129	-3.78350125	3.31010775
khak1248	0.235579216055	1.7328834004658	-3.09359825	3.77540325
khal1275	1.152167475355	1.34294765063467	-1.51373875	3.84546875
kham1282	-0.268842551758	1.75338198072722	-3.7712415	3.10477675
khan1278	-0.643011897655	1.68976601186667	-4.3527625	2.49960425
khas1269	0.1914489814905	1.68476561345289	-3.2598645	3.42874
khez1235	-0.322971375118	1.51261502068252	-3.49476	2.5439
khmu1256	0.50521287818725	1.61696272550242	-2.602356	3.81971
khum1248	-0.7939359584805	1.68383819151971	-4.32577475	2.370895
kich1262	-0.3177179585345	1.79206869346869	-4.074622	3.115503
kiku1240	-0.580745283385	1.7522055764035	-4.1395635	2.77892675
kile1243	0.2297354728135	1.70131586180898	-3.135086	3.68011075
kili1267	-0.1194769517145	1.75504477398409	-3.752815	3.30580575
kimm1245	-0.4038000248	1.75448392814444	-4.08146325	2.991039
kina1250	-0.126979395335	1.83699511173169	-3.9615685	3.431331
kinn1249	-0.56889721586	1.7412957414423	-4.3400125	2.91173275
kiow1266	-0.49673868606	1.70767170139739	-4.24344825	2.7247585
koho1244	-0.1848105825775	1.74601820954576	-3.82612475	3.26011324999999
koir1240	-0.718692899287	1.54868586092467	-3.84331525	2.234765
koit1244	1.87288992469	1.6187867224648	-0.937544	5.4051105
koko1269	-0.38973628746	1.73056908974754	-3.91374675	3.0186265
kola1285	-0.252997741775	1.83045984155993	-4.11101875	3.30750075
kolb1240	2.761746135265	1.86826299322856	-0.225474375	6.88418625
kolc1235	0.0966816187295	1.74533188022841	-3.41454225	3.5901835
kolu1245	-0.120965309195	1.81088716035702	-3.887764	3.50199175
komb1274	-0.0882612676014	1.62128162259202	-3.36002	3.14716125
komc1235	0.2615861760975	1.58241736509146	-2.85390275	3.56081275
komi1268	0.23744818597	1.7678420412716	-3.313485	3.81814325
komi1269	0.18297026129	1.73757398880257	-3.1855975	3.8029705
komi1270	-0.8253755541415	1.56146822901775	-4.1772775	1.989933
kona1242	0.27765432305995	1.55319277864456	-2.855827	3.37402575
konk1267	1.20110995333	1.68688837455145	-1.62141925	5.0298025
kore1280	1.76454091098	1.87233100813336	-1.33753425	5.97992875
koro1298	-0.3891326715585	1.65435930219253	-3.862452	2.81435975
koro1313	0.977820928727	1.55246582244058	-1.8871735	4.2571245
korr1238	0.26985607663	1.67427195233305	-3.02556125	3.76566775
kosa1249	0.90250643496613	1.55342397813461	-1.83879325	4.362111
kosr1238	0.004532212349	1.80987282398979	-3.6884935	3.5304395
kota1263	-1.2051382615069	1.62816260502726	-4.879699	1.7045825
kove1237	-0.2285703755835	1.68470641884582	-3.77011125	2.99306875
koys1242	-0.332281314425	1.78431427633157	-4.077211	3.0511
kuan1248	-0.401718960782	1.71261654264024	-3.94454025	2.64664775
kuik1246	-0.346223102085	1.80897555228932	-4.359676	3.1379795
kuku1273	1.007972639875	1.68925355795309	-1.92405475	4.49564375
kulo1237	-0.3607099837145	1.78787579789095	-4.0904505	3.0623215
kulu1253	1.0563574032875	1.3639176954729	-1.60502425	3.8423425
kuma1276	-0.170724642865	1.79750909089197	-3.7337715	3.32644775
kumb1268	-0.9173702135115	1.65870674090736	-4.5700245	2.1454835
kunb1251	-0.8597839431055	1.80162985049333	-4.77796775	2.5088445
kuni1267	0.752284569306	1.41872380870394	-1.97613275	3.64844325
kunj1245	0.973785055167	1.73320986664355	-2.12830575	4.84750225
kuot1243	-0.428206204714	1.73488892753458	-4.31247825	2.96481124999999
kurr1243	-1.080990075585	1.76337966708319	-4.995153	1.976132
kusa1251	-0.115267699805	1.75779477419752	-3.87185875	3.34012899999999
kusu1250	-0.456813060807	1.50592753350135	-3.62457125	2.500158
kuyy1240	-0.234920513435	1.7650354399275	-4.07313475	3.12222074999999
kwai1243	-0.38413708426	1.67987086981991	-4.033306	2.78227425
kwar1239	-0.40980816082	1.72442101192459	-3.9680385	2.80044024999999
kweg1241	-0.1084333291685	1.49707965341546	-3.19366825	2.74726425
kwin1241	-0.359185066115	1.76860680837781	-4.19473225	3.1068335
kwom1262	0.538415297915	1.48407280620575	-2.31530025	3.60836375
kxoe1243	1.025508174859	1.77779699972698	-2.228999	4.8876635
kyer1238	0.527469541165	1.31706008251353	-2.0566495	3.26978
laal1242	1.04670492957	1.72377887481623	-2.28527725	4.55276325
labe1239	-0.2419961010135	1.80559482147267	-4.0978165	3.31227975
labo1244	1.2417408772475	1.51852279820482	-1.54719075	4.4944355
labu1248	0.101742410751	1.49984786050906	-2.90777025	3.1676065
lagw1237	0.436209595219	1.44990053439341	-2.43721375	3.3735185
lahu1252	1.235045018455	1.52044602892611	-1.4809375	4.409894
lahu1253	0.32125507985275	1.51442544920033	-2.7668795	3.21696825
laiy1246	0.631554874015	1.79566781074838	-2.8165565	4.2232255
lala1268	1.57441992562	1.64266120163698	-1.4281305	5.18585574999999
lama1277	0.360342023359	1.70282195872358	-3.13355675	3.920438
lamb1269	1.4273682051245	1.75696492370511	-1.42427425	5.462221
lamb1272	-0.119532091257	1.76952000898114	-3.838616	3.17007774999999
lamb1273	0.9114952991415	1.72622225269322	-2.40920675	4.58295275
lame1260	1.1774815823655	1.52528154154588	-1.6387125	4.645433
lamk1238	-0.925049808025	1.62664152102524	-4.42086225	2.08837175
lamo1244	-0.18605555604325	1.69344389368067	-3.50687325	3.01133175
land1256	-0.4063523951385	1.77426861134443	-4.13492175	3.001512
lara1258	-0.8402369466245	1.73960649967007	-4.45121925	2.42825825
lash1243	-0.874854586395	1.67661283957329	-4.4817545	2.2622095
latv1249	-0.302013511296	1.71778092099747	-3.8464865	3.03886775
lauu1247	-0.3877583241735	1.78210446263476	-4.2312045	3.0832065
lave1248	-0.242820360445	1.86524243436692	-4.09451525	3.392778
lave1249	-0.2602967746335	1.85912689851819	-4.128685	3.46677925
lavu1241	-0.518673383073	1.69167105291769	-4.127581	2.6674305
lega1249	-0.0502745706178	1.83776095323022	-3.8662365	3.6231645
lega1250	-0.094730478215	1.86559271892364	-4.03449425	3.54676574999999
lele1267	0.3241608577555	1.66489743715978	-3.055667	3.7752475
lele1270	1.57213466226	1.70548719755768	-1.475393	5.133191
lele1276	1.028042583565	1.51590135381319	-1.896195	4.09361424999999
lemb1266	2.354055892505	1.53425501278374	-0.27332245	5.74943375
leme1238	0.859145896475	1.72056212385303	-2.41905025	4.47375149999999
lena1238	-0.165700135889	1.6635104067114	-3.660416	3.22065225
lend1245	-0.463445927153	1.78724055135549	-3.925776	3.061889
leng1259	-0.4060450442455	1.76303800342698	-4.126064	2.88275924999999
lepc1244	2.674746104156	1.5933194604285	-0.0226188825	6.0553555
lese1243	-0.39088636295	1.7950249178864	-3.98257425	2.95173775
leti1246	-0.245869144208	1.74065436239854	-4.00331025	3.223156
lewo1242	0.93970286261	1.54685889933212	-1.86796275	4.291496
lewo1244	0.4019049015795	1.72809425389153	-3.05736	3.93177575
lezg1247	-1.128310613147	1.7311120403099	-4.90097775	1.95385775
lian1251	-0.813246686258	1.56569725632914	-4.27970625	2.1436195
lihi1237	-0.316744629985	1.79485306261778	-3.9906555	3.24341399999999
lill1248	-0.220773296375	1.74749999867565	-3.84803925	3.04482325
ling1265	1.422519532945	1.49084536911075	-1.263846	4.63199575
lipo1242	-0.87272930440845	1.72025437475447	-4.6474915	2.20450075
lisu1250	-0.9016027471395	1.72727366832803	-4.56194875	2.14182575
lith1251	-0.372646957898	1.65494512704746	-3.73586625	2.67183125
litz1237	1.452277596665	1.49505951313468	-1.226329	4.67032574999999
livv1243	0.1917104953295	1.80345607464848	-3.36465525	3.967799
logo1259	-0.488991460055	1.73886257846542	-4.1351905	2.80690575
loka1252	-0.5216774535705	1.70497591806738	-4.13805275	2.72889575
lolo1259	-0.86042174533	1.70211249203784	-4.6613425	2.25100025
lomb1257	-0.388209564025	1.71287596123758	-4.19141	2.8204055
long1395	-0.3585876667725	1.76968055741727	-4.05756025	3.11203824999999
loni1238	1.6501175252695	1.71963058557427	-1.430561	5.164883
lote1237	-0.219308631285	1.80988484279676	-3.9624725	3.4611405
loth1237	-0.0017932773045	1.51033104151908	-3.01800675	3.15346025
lotu1250	-0.292436176214	1.71413986424441	-4.0309865	2.89912325
louu1245	1.970771532722	1.76557141849294	-1.12169925	5.65056875
lowl1260	-0.6177815692805	1.83906713555575	-4.40927625	2.78563075
lowl1265	-0.30550808206	1.79470437020329	-4.0075115	3.08309375
lozi1239	-0.233569282225	1.87857674897139	-4.1521245	3.37477275
luan1263	-0.2150939488705	1.79611690268904	-4.25991175	3.25929524999999
ludi1246	0.199601561058	1.72648966799906	-3.1927785	3.88495125
lugu1238	-0.2486763478476	1.81963813222816	-3.983065	3.32298625
lule1254	0.2896409066	1.74695918167684	-3.175257	3.8784015
lumb1249	-0.110288234175	1.93186507572918	-3.9584555	3.602786
lund1271	-0.1541595361945	1.80654554722019	-3.8621555	3.60949575
luok1236	-0.6001206318005	1.66495579185424	-4.08938975	2.488473
lush1249	-0.7234586231722	1.69600539186067	-4.309813	2.40381675
lush1252	-0.2399272848355	1.77147515000632	-3.840977	3.0877525
lusi1240	-0.2243848352505	1.65489582030422	-3.60155475	3.0666155
luva1239	-0.007695537858	1.89048424067261	-3.82947225	3.708805
maan1238	-0.03222061197	1.83143245188682	-3.804209	3.50562425
mace1250	0.40896515768	1.58627902926759	-2.7032295	3.61211575
macu1260	0.080230574285	1.67001238761808	-3.264031	3.4122615
mada1285	-0.4208145445655	1.74473518451968	-4.21205225	2.8822345
madn1237	-0.9221105220915	1.78307873593177	-4.77102	2.304669
maee1241	1.55860583628	1.5127566924814	-1.24393175	4.7835865
maga1260	1.478651469447	1.62383040477277	-1.31077025	5.005326
magd1235	-0.823040700897	1.68910993046741	-4.55011025	2.40042125
maib1239	-0.856538884182	1.76646338479224	-4.8122155	2.47423625
mais1250	0.914317548576	1.48975283517347	-1.85836975	4.09302125
mait1250	0.55662145842	1.43152503908139	-2.2917455	3.3749675
maja1242	0.8698675591421	1.60032056736874	-2.04351975	4.360116
makh1264	-0.06701935143	1.81300214383533	-3.733497	3.4932425
makh1266	-0.1375528421865	1.80442523988832	-3.839331	3.45412775
mako1251	-0.067298103783	1.70834935402786	-3.61830125	3.41132875
mala1463	0.2746752488445	1.67095495357699	-2.93289625	3.78863825
mala1464	0.1836330112225	1.72251432288685	-3.21342075	3.60216125
mala1479	-0.129380573484	1.84745727443603	-3.8312385	3.45806425
male1284	1.28754403229	1.59221294084209	-1.45465425	4.78672975
male1289	-0.198349950482	1.63922614935307	-3.686821	3.06931225
malg1251	0.198362329006	1.43724166289983	-2.661785	2.99609925
mali1285	-0.518620023349	1.69352724205941	-4.12738225	2.81420475
malo1243	2.00385709228	1.6034305001039	-0.7304344	5.32752475
malu1245	1.5869122121405	1.53623367831984	-1.18688025	4.91188175
mamb1294	3.443025817	1.76016361925584	0.393916525	7.371396
mamb1296	-0.1212304423525	1.79819310737296	-3.6880885	3.36979749999999
mamb1306	-0.300219453565	1.7520000968799	-3.7878305	2.96701775
mamm1241	-0.344458280019	1.85354451204837	-4.29069725	3.24165574999999
mana1288	0.4550024616945	1.39317970293484	-2.17965875	3.289008
mana1295	0.098511726895	1.6250972410694	-3.4484615	3.2451795
mana1298	0.6469968474955	1.50338990312152	-2.157683	3.69493025
mand1415	-0.2107550325325	1.79406860267855	-4.04293675	3.35516325
mand1440	-0.33364349553	1.80548377510795	-4.25944325	3.02368875
mang1378	0.39725123417	1.65696627919656	-2.84316675	3.8381755
mang1381	-0.7108615268065	1.7832263133189	-4.64195025	2.6562935
mang1394	-0.369174041884	1.79546084578175	-4.0975815	3.14758625
mang1401	-0.092723758515	1.84974945710941	-3.800497	3.575409
mang1403	-0.243740102315	1.83652559535601	-3.983301	3.289389
mang1404	0.3912774525905	1.45504691216232	-2.51522275	3.308059
mang1405	3.276138881635	2.05311352067771	-0.0948884375	7.87434775
maor1246	-0.05689474564	1.74805262265861	-3.683037	3.38987075
mapu1245	-0.324272351465	1.84935689175608	-4.1708275	3.22725925
mara1378	1.4458235196745	1.67209009807125	-1.4808355	4.96071474999999
mara1379	-0.612386419659	1.54006932973292	-3.66471	2.3461805
mara1382	-0.835662228465	1.6909291132529	-4.66663775	2.36159175
mara1386	-0.9148222759725	1.73906865221743	-4.8144785	2.282906
mara1399	1.48637836291	1.51021380387894	-1.29094575	4.74975675
mara1404	-0.1157070512105	1.78729033780386	-3.79970225	3.3624935
marg1253	0.99689378494	1.68094718470497	-2.03859875	4.528714
marg1265	0.53103201325	1.40804029011815	-2.28771175	3.44681899999999
mari1414	0.4133825473325	1.83592268344702	-2.9175415	4.18019049999999
mari1416	-0.9597640283725	1.63725580621074	-4.691429	1.9684825
mari1426	1.215207086875	1.68766409442529	-1.93226275	4.849329
mari1428	1.537997567565	1.48920203796886	-1.26001675	4.775679
mari1440	-0.2030071772035	1.93133080379538	-4.040659	3.78691625
mars1254	-0.0393532179585	1.85824081750618	-4.04128825	3.6030575
mart1255	0.4286507351625	1.59766422106841	-2.480926	3.71748175
maru1249	-0.815794825405	1.7355055090045	-4.4951825	2.566026
masa1322	2.602387081124	1.68513585683737	-0.230544925	6.40204525
masb1238	-0.1411341634665	1.84406430103553	-3.84912625	3.3583705
mask1242	1.3168116980775	1.48440389219503	-1.36333275	4.43919825
matb1237	-0.3417039436455	1.76970640081794	-4.2063885	2.94305275
mati1250	-0.129822053634	1.75045749372467	-3.83379475	3.28832225
mato1252	-0.1516914636622	1.49146644521268	-3.21710425	2.76856675
mats1244	-0.124778087194	1.62694784131087	-3.347913	3.21335775
matu1261	0.605608944755	1.44538719540093	-2.30766825	3.508745
maun1240	-0.855144269175	1.82811132158752	-4.86294825	2.497403
maxa1247	-0.1118735836645	1.84090075013292	-3.90477425	3.56256625
mayo1261	-0.374726533145	1.74910897202209	-3.98795425	2.99800075
mayo1264	-0.23352679415835	1.72334501348025	-3.691111	3.1547975
maza1304	2.086885978175	1.37254616027842	-0.245664525	5.024125
mbaa1245	-0.3157038397915	1.739591064732	-3.8731925	2.94408349999999
mban1263	-0.60916963957	1.71189265564798	-4.2346315	2.75724475
mbar1260	1.8412239052445	1.56339055767546	-0.87728645	5.2759975
mboc1235	-0.125126829597	1.72141129715919	-3.7299865	3.22323875
mbol1247	-0.16632335721235	1.84141807269478	-4.102232	3.44869125
mbul1263	-0.213433017691	1.63369565226597	-3.772433	3.02000025
mbya1239	-0.096179648625	1.76389527154602	-3.896942	3.44156274999999
meen1242	0.32442354971315	1.57117346071069	-2.71629125	3.57258125
mehe1243	0.232224006655	1.50652856924611	-3.04834075	3.23087225
meke1243	0.832366297625	1.46566499289525	-1.9392615	3.79689075
melp1238	2.842656929505	1.6223897242883	-0.033145735	6.40879
mere1242	2.95373213437	1.89022199812496	-0.11639215	7.086027
meru1245	-0.534651636245	1.72958190987948	-4.23704125	2.673175
mesc1238	-0.2388106623715	1.78878255878291	-3.873375	3.165204
meta1238	-0.138897801169	1.6478057143131	-3.4831075	3.15746375
mezo1235	-0.7649988524355	1.73951340303381	-4.6330035	2.55281925
mezq1235	-0.2907092518	1.75002430741881	-4.1106075	3.06559725
mich1245	0.301895398465	1.74253132548268	-3.161862	3.864709
miju1243	0.00954576979235	1.57557708760979	-3.2485895	3.16264825
mikm1235	-0.0942015211225	1.76641419974825	-3.54610375	3.46290925
mila1245	2.59881415025	1.79188021324979	-0.456020225	6.39834475
mina1276	2.0464245223675	1.38036348131656	-0.381248175	4.93663625
mini1251	-0.407350523505	1.71273864025688	-4.062742	2.71190825
mini1256	1.50829068161	1.74390242508434	-1.60400475	5.490684
minn1241	-0.2981792158795	1.7234461483001	-3.93085175	3.091761
misi1243	-0.2031414302255	1.83672127004683	-4.09955175	3.46317174999999
miya1259	-0.298603910911	1.75592261708616	-3.72703225	3.2616035
miya1266	1.37712065110615	1.66960974607414	-1.48822225	4.97345675
mlab1235	-0.029146430175	1.72596998028255	-3.5406575	3.364117
moba1244	2.044115141618	1.81336277177432	-1.086331	5.99471575
moch1257	-0.39110568998264	1.82645006290612	-4.198278	3.201467
moco1246	-0.193175642445	1.7974392384831	-4.020021	3.228564
mode1248	-0.55738974823483	1.72401272119787	-4.169641	2.632494
moha1258	-0.12782743003	1.70678292064986	-3.44478575	3.18631875
moii1235	-0.7044748597865	1.7693109507713	-4.53015525	2.61953775
moke1242	-0.0295013313445	1.78256512977028	-3.665314	3.58135675
moki1238	-0.121382414575	1.81334088450876	-3.89637625	3.3990905
mokl1243	-0.0417592750306	1.78313470436754	-3.7349885	3.461619
mokp1239	-0.32227083927795	1.71398046168078	-3.862852	3.08763825
moks1248	0.2630279693665	1.74251569229454	-3.0391525	3.853412
mono1270	-0.542370422876	1.77825496508297	-4.24097625	2.88756675
mono1273	0.6610703880235	1.71612808963516	-2.669065	4.24500275
mono1275	1.56386410374	1.71790822550101	-1.52461775	5.42211525
mopa1243	-0.183604040758	1.71076260005529	-3.8756155	3.24473675
more1259	-0.390311009743	1.72343386820523	-3.880434	2.88891725
morm1235	-0.72888369061	1.71423971781947	-4.4179995	2.5687475
mose1249	-0.41221143025	1.70340814495299	-3.8532295	2.7506375
motl1237	0.65658870166	1.74120870585713	-2.85278975	4.19118025
motu1246	1.5701549434795	1.57351134356698	-1.19593075	5.0137525
mouk1239	-0.20614694205	1.64975631527624	-3.6204995	3.033478
moun1252	2.326556529925	1.63087564932096	-0.550015925	5.81879225
movi1243	-0.8141603117045	1.82695306594613	-4.61152025	2.5144865
mpad1242	-0.53756119153	1.53197677284453	-3.78910075	2.3544975
mpot1240	-0.062119685791	1.73776577527854	-3.3898465	3.60007325
mpur1239	-0.7845464390435	1.73067046172334	-4.59979525	2.4149115
mual1241	-0.06362845699705	1.79319549959795	-3.67841875	3.4243225
mudu1242	-0.140567316615	1.7378584581871	-3.76873525	3.3631715
mull1237	-0.99299499652729	1.74463034376116	-4.944935	2.17651825
munc1235	-0.6280179913615	1.70006642906921	-4.16394375	2.49582475
mund1325	3.375959041541	1.77129613430035	0.376897525	7.3285665
mund1326	-0.4836127231545	1.6805333457836	-4.05227375	2.77783025
mund1328	0.2312288220345	1.6220738386705	-2.96484225	3.5250925
mund1330	-0.1255370590495	1.81433976415244	-3.882355	3.373253
murl1244	-0.036187252715	1.63588066092422	-3.38908425	3.248115
muru1266	1.1628183254017	1.64911979625715	-1.744274	4.87838625
muru1274	1.62757547496	1.84958840895906	-1.553864	5.62998325
musa1266	1.86694472599	1.47683110372482	-0.7393327	5.054825
muso1238	-0.0218951880595	1.52467226717263	-3.11126175	2.9450825
muth1236	-0.1542720412395	1.74579418141164	-3.484935	3.366947
mwag1236	-0.557866136275	1.49757583480955	-3.752999	2.295085
mwan1247	-0.084523687985	1.78616961537247	-3.78737725	3.46574525
mwer1248	-0.111295704019	1.84119018327225	-3.73336375	3.474344
naka1262	-0.2606222564425	1.75414227939414	-3.806897	3.17218575
nali1244	-0.39183529466	1.73989275603656	-4.305451	2.92579825
namb1293	-0.568864424795	1.67264835858417	-4.23957275	2.528572
nana1257	0.292602927858	1.7262382752619	-3.02542425	3.99034675
nang1262	-0.06423168602	1.74357285084017	-3.4812005	3.33480625
naro1251	-0.11056212787715	1.86942291731322	-3.70968775	3.559563
naru1238	-0.9038134869505	1.70592179956197	-4.531726	2.1379375
nati1244	1.224827691792	1.52476337459678	-1.5616925	4.53135975
naue1237	-0.268045616415	1.85339458573607	-4.26040975	3.42721524999999
naur1243	-0.02143640521	1.83727631058035	-3.92353225	3.68151825
nava1243	-0.380169755315	1.79737894253687	-3.9696285	2.998391
nawu1242	-0.21032373807	1.76685171101431	-3.7640165	3.3108195
ndam1239	-0.164545325865	1.91106354831621	-4.328706	3.68160799999999
ndog1248	-0.2495161283028	1.72866858041275	-3.93787875	3.21904125
negi1245	-0.10066792767	1.70378720082415	-3.40806	3.26247375
nend1239	1.4125227813205	1.39917253816368	-1.2044595	4.39759275
nene1249	0.240924132272	1.68620324482633	-2.93284525	3.77613049999999
neng1238	-0.15827005065285	1.8550267795215	-3.779387	3.450801
nenn1238	-0.465179230765	1.62950085870653	-4.06469425	2.625177
nepa1254	0.9320580318615	1.20471486986696	-1.35245875	3.49310925
nese1235	1.615905559735	1.53052745617548	-1.1504935	4.898478
newa1246	1.314792735036	1.3249542179513	-1.065825	4.14698425
nezp1238	-0.3466135123245	1.73056111289169	-3.94880475	3.20567025
ngaa1240	-0.97697738071645	1.69854332732038	-4.61448825	2.13446474999999
ngal1292	-0.6218768589415	1.88493121972925	-4.61891825	2.85787
ngan1291	0.263474127938	1.79215112593698	-3.24383575	3.98804075
ngar1283	-0.31365709539	1.68477488769013	-3.704153	2.88553325
ngas1240	-0.3116832105075	1.45014515369024	-3.2640075	2.3660455
ngba1284	-0.508493141394	1.8225179784494	-4.43583025	2.92159425
ngba1285	-0.559180496365	1.78458287672202	-4.290934	2.84082925
ngit1239	-0.398163814395	1.77232781134986	-4.03752825	3.00681075
nhen1239	0.1416888652515	1.79793350450221	-3.36416925	3.631028
nila1242	-0.581456355453	1.81726844371825	-4.42573575	2.8307295
nisg1240	-0.60667628162305	1.74482795177263	-4.17444225	2.6868615
niua1240	-0.049784905095	1.8310124486194	-3.79361275	3.4525675
niue1239	-0.034522504127	1.79259997966948	-3.7865745	3.70454975
njan1240	2.20353446192	1.87405395587837	-0.863372975	6.33563625
nkon1248	-0.494795075616	1.68173387859481	-4.0758565	2.73611575
noct1238	0.752402907485	1.43454105664751	-2.04387675	3.59398575
noku1237	3.199776757325	2.01972821969349	-0.151678525	7.5035775
noma1260	0.206865271027	1.72116283461771	-3.3117325	3.70487524999999
noon1242	1.880253826645	1.89920623576052	-1.4546925	6.096365
nopa1235	-0.731046258905	1.69872767699868	-4.28755775	2.45022975
nort2684	-0.1803556404555	1.75938774463239	-3.84165775	3.14588724999999
nort2690	0.150768543805	1.85394494251089	-3.5580595	3.95139025
nort2697	-0.43024592767035	1.64505941214647	-3.7126695	2.6780355
nort2702	0.472219673495	1.76763341609976	-2.87868125	4.36030975
nort2722	-0.594650889395	1.73804693012114	-4.3537255	2.64020475
nort2723	-0.6330606294795	1.67399242950875	-4.29997125	2.61247
nort2732	-0.363419604035	1.72677414416497	-4.02617575	2.897145
nort2745	-0.3420042339725	1.7999078318861	-4.2483865	3.13414675
nort2747	-0.2954160702005	1.85365736426503	-4.166508	3.31012849999999
nort2839	1.534778706655	1.57012170224087	-1.31853725	4.95717624999999
nort2845	0.0190681263195	1.82335910237293	-3.623801	3.6407965
nort2847	-0.1559023813805	1.65763582891766	-3.6401925	3.12575525
nort2877	-0.24505770604	1.80931902353022	-3.97315225	3.18151725
nort2885	-0.0909534922025	1.69535213290325	-3.55605375	3.158503
nort2930	0.793794955235	1.46516159055031	-1.99628825	3.564205
nort2938	-0.40906909499	1.74659439726588	-3.91466625	3.0867745
nort2942	-0.1219540238	1.73559945260587	-3.72435275	3.29056725
nort2954	0.2014221841	1.7986695512193	-3.35880975	3.682171
nort2959	-0.238505637857	1.81573938189056	-4.053653	3.47843425
nort2980	-1.300060695025	1.59381628001013	-4.78930175	1.52226125
nsen1242	-0.096843064115	1.83050463641854	-3.864937	3.4578475
nucl1235	0.878484806979	1.65742415004759	-2.149864	4.330977
nucl1240	0.7811073769	1.5897900547447	-2.42193075	4.00293725
nucl1301	0.1583150263685	1.79999450496871	-3.38291525	3.78079475
nucl1302	-0.713088836645	1.747363590318	-4.339577	2.64013075
nucl1305	0.2542614293	1.80801469504955	-3.13050225	4.17460224999999
nucl1310	-0.7530664604185	1.73264358080487	-4.41708925	2.4319815
nucl1327	-0.7945910187345	1.83337173930628	-4.55542675	2.73472475
nucl1417	-0.6350439167785	1.74639378364113	-4.2945005	2.5587025
nucl1452	0.96351816597795	1.64929018992533	-2.0170605	4.65725874999999
nucl1458	0.242144982207	1.52366634855173	-3.039898	3.09268874999999
nucl1593	-0.099977847414	1.52668305625116	-3.1839855	2.89233899999999
nucl1595	-0.708048849085	1.71160601666452	-4.45449425	2.54273125
nucl1630	1.6393397730595	1.50725582486687	-1.05713825	4.85174599999999
nucl1632	-0.438495658318	1.67253316351063	-3.870389	2.80140025
nucl1633	-0.418754779714	1.62207431656319	-3.7272665	2.78077649999999
nucl1643	0.27522474112	1.72781603373302	-3.0569165	3.75837825
nuer1246	1.4437088655405	1.66544717831406	-1.572888	5.20760975
nukn1238	-0.2094319637775	1.45418890123954	-3.29407975	2.7808315
nuku1260	-0.061091773008	1.85034975083498	-3.69511375	3.504475
nung1282	-0.828381169485	1.76991926524902	-4.5945585	2.281752
nupe1254	-0.3733058593565	1.77879607289461	-4.1089975	3.15600075
nusu1239	-0.9066382869645	1.70596609591723	-4.58707775	2.2350445
nuuc1236	1.2891749344785	1.66912490233162	-1.72196525	4.976889
nyah1250	-0.189640638625	1.87153191440977	-4.08612375	3.48406125
nyak1260	-0.14666426517	1.82698114722804	-4.1371375	3.4407735
nyal1254	-0.08718029704	1.82832211499072	-3.84720175	3.67087325
nyan1307	-0.140747086263	1.88545405174322	-3.97758175	3.63441725
nyat1246	-0.6238965470715	1.78326308886404	-4.46424725	2.5919975
nyis1236	1.242992898905	1.49308331927033	-1.5111135	4.37714025
nyor1246	-0.31834064955135	1.82105435287348	-3.98302875	3.25523475
obok1239	-0.730398645376	1.75259156895099	-4.4654065	2.72759675
occi1239	-0.2327885967225	1.71037162060148	-3.95280575	2.96891424999999
ocot1244	-0.857780670343	1.77179437942435	-4.6363035	2.3972805
ofay1240	-0.153394556215	1.80315390624133	-3.9835095	3.341865
okan1243	-0.2659694871335	1.77547657943113	-4.155927	3.021536
okin1246	0.4096856678265	1.76435649656693	-2.9497785	4.31683325
oksa1245	0.2704736092885	1.52135245437924	-2.7202005	3.4010595
oloo1241	-0.26253582547	1.49344180287849	-3.29130075	2.5880375
olut1240	-0.53846352192	1.7155098302561	-4.109522	2.85556075
omah1247	-0.206040329085	1.75234657512064	-3.8132715	3.13330774999999
omie1241	2.168136759125	1.63660955867569	-0.6510923	5.66576975
onon1246	-0.1410055469065	1.73515651451536	-3.773983	3.1828335
onto1237	-0.030545498099	1.80043054584155	-3.9298105	3.64548125
oriy1255	-0.216296335302	1.48931889061646	-3.361208	2.56879174999999
oroc1248	0.219332260135	1.72240099071351	-3.030749	3.7572505
orok1265	0.245754265683	1.68038309223554	-3.0066695	3.66742949999999
orok1267	0.6498308462505	1.52915115188477	-2.21892875	3.71511225
orok1269	2.416006634015	1.66916888617896	-0.454996825	5.927283
orow1242	-0.281390735195	1.75806942997376	-3.95261875	3.2247595
osam1235	-0.0597021428395	1.81765111054383	-3.489168	3.586539
otta1242	-0.1803355112045	1.75293701397358	-3.812128	3.245733
owaa1237	-0.087810079431	1.88147650264174	-3.8265815	3.80653625
paas1238	1.246865025534	1.63764819890062	-1.713658	4.789525
paco1243	-0.1823801167	1.84689574540698	-4.13676925	3.56090374999999
pagi1243	-0.176227046601	1.8528428284907	-3.850511	3.4044035
pagu1249	-0.930813563135	1.72713252363186	-4.567909	2.3396295
pahn1237	-0.356019839135	1.74730681584423	-3.908969	3.0563615
pala1344	-0.07325071767	1.78486471039269	-3.67871875	3.47529925
pali1279	-0.197304138726	1.85964879226643	-4.07603525	3.5094025
pamo1252	-0.128459887825	1.89372085811288	-4.1394685	3.54748624999999
pamp1243	-0.1191162718395	1.87146409586019	-4.02678425	3.4720115
pana1307	-0.252051912735	1.83997700125254	-4.030611	3.20230175
pang1287	-0.1646033512135	1.7487645084726	-3.8695475	3.14550575
pang1290	-0.18352398446	1.82978296476724	-3.97734025	3.53658075
pang1291	-0.0552391779745	1.84683015606466	-3.97762375	3.63675274999999
panj1256	-0.73913714127	1.64502825512599	-4.32430975	2.29856525
pano1254	1.6810935337345	1.73671656393496	-1.2967195	5.432768
pany1241	-1.0301157386795	1.69780083058948	-4.6141095	1.90536824999999
papa1238	-0.75624397401	1.68906049014794	-4.402823	2.38158825
papa1265	0.729850343367	1.51664387996204	-2.18338925	3.87011025
para1301	-0.4365551952745	1.90076470458319	-4.32265275	3.13541175
para1302	0.378189226613	1.41956266458673	-2.43223875	3.19274225
patp1243	-0.381077159285	1.7685363107595	-4.20093475	3.15440325
patt1248	0.184559675845	1.60202334883496	-2.975837	3.2433
paul1238	-0.14564758984	1.83641673916814	-3.79614275	3.58667599999999
payn1244	1.234173967385	1.39578857207608	-1.46626	4.145801
pela1242	-0.643594949755	1.71069888236711	-4.3565535	2.48101425
pemo1248	-0.13377807299	1.78216096614942	-3.77294025	3.40875325
pend1242	-0.104484334555	1.71613221481991	-3.59105275	3.28618925
phai1238	0.076814836184	1.70510555908361	-3.394489	3.41258775
phom1236	0.9874576996465	1.41583338722188	-1.4538455	3.944109
pila1245	-0.234967450995	1.81594485432021	-4.05280025	3.395698
pile1238	-0.108978938506	1.79128994378596	-3.70394175	3.42366725
pima1248	-0.226050793595	1.79604928286441	-3.82219575	3.30686699999999
pina1252	2.57667723983	1.55343002993748	-0.06377932	6.0504685
ping1243	-0.048867746726	1.85312235296512	-3.72480425	3.76961775
pite1240	0.271051147554	1.75549227334047	-3.06466575	3.97473299999999
plai1258	-0.131438604475	1.79952059915297	-3.88006625	3.42458525
pnar1238	-0.081977774862	1.73257541371058	-3.748005	3.46612275
pohn1238	-0.117391392553	1.81673256157411	-3.8262395	3.57581875
poli1260	-0.288008514409	1.72713092048055	-3.8610005	2.92471625
popt1235	-0.40637584245905	1.7394321566629	-4.08069375	2.95713875
port1283	-0.366750665522	1.64212383615852	-3.8194205	2.573912
port1285	1.31563670273	1.48343631818567	-1.40751025	4.49091125
psik1239	1.214618734992	1.30319677982954	-1.204283	3.87550275
pulu1242	-0.0558329779447	1.87179710531411	-3.77114275	3.7244345
puma1239	0.8697577360265	1.30255754871142	-1.66861625	3.573076
pume1238	1.1704791303965	1.72414763515067	-1.90619025	5.12441599999999
puoc1238	-0.042919102425	1.78550100201658	-3.66007075	3.529109
pura1257	0.622320635745	1.49813486485911	-2.2832205	3.6918705
pure1242	1.54265537077	1.8041840126792	-1.58355225	5.4840075
puri1258	2.21195099644	1.80895216670979	-0.8175323	6.17675075
qanj1241	-0.3946145820455	1.74831313129583	-3.99651675	2.936082
qawa1238	-0.215484526912	1.70713212611123	-3.788399	3.0597105
qima1242	1.1719315515185	1.75426435815904	-1.929169	5.17700175
quer1236	-0.0137144872525	1.72791291550523	-3.47681575	3.50157
quio1240	-0.866304298275	1.74366140447772	-4.575584	2.40973725
rabh1238	1.073337850819	1.47670030319473	-1.83130375	4.21005425
rade1240	-0.214058840681	1.85635823962993	-4.1430645	3.32657649999999
raji1240	-0.6340467140945	1.63509327225584	-4.195497	2.50169924999999
rapa1244	-0.083120566585	1.93220551780331	-3.91072025	3.82645825
rapa1245	-0.0361810798	1.8752128177858	-3.77599775	3.7916775
rapo1238	0.88032358861	1.53557327342636	-2.04592075	4.06515875
raro1241	-0.07823216599	1.8542812236699	-3.895132	3.55627775
rata1244	-0.1536302188625	1.80838909010213	-3.85259975	3.357273
remb1250	3.163401044435	1.98329807104806	-0.100718775	7.505593
renn1242	-0.09154992843	1.77607438761602	-3.72438	3.35226049999999
rere1240	1.43535534354	1.48034451567202	-1.18650875	4.5004605
reye1240	-0.60109076906322	1.55260946151001	-3.90908075	2.2033305
rian1263	0.3589724293175	1.70404453339751	-2.92123525	4.027225
rikb1245	-0.19701484706	1.84069967218888	-3.94655875	3.39466375
rong1264	-0.6024522326195	1.78806598215292	-4.52194475	2.769387
rong1266	-0.8665381814245	1.57517331552923	-4.2593245	2.05667225
ronn1241	-0.6816750502766	1.46440486278102	-3.870709	2.10183925
roto1249	0.735882820625	1.49973191066361	-2.171751	3.87197525
rotu1241	-0.09566971217	1.90428128700574	-4.00623975	3.70300275
rovi1238	-0.1191306324	1.75362447432376	-3.83285	3.1906485
ruch1235	-0.431143182895	1.7781680906272	-4.1081385	2.968717
ruka1240	-0.318862748409	1.7909147441603	-3.97734725	3.3901575
ruma1248	-0.4982222533205	1.78724813769535	-4.33394675	2.965532
rung1258	-0.1933309498505	1.75599723935508	-3.88093675	3.3279885
rung1259	-0.226236779502	1.80020370552626	-4.06902925	3.44155075
russ1263	-0.156686956295	1.73648914319565	-3.80561975	3.115856
russ1264	0.3248683911667	1.79535642348211	-3.1036275	4.0939955
saaa1240	-0.2850892775625	1.8186664458514	-4.0704235	3.191806
saaa1241	1.38466378546	1.57806473557224	-1.5460245	4.70315075
saar1237	-0.319951382721	1.78924648253793	-4.098096	3.29133075
saba1267	-0.260860577517	1.80498358700052	-4.1519635	3.18954375
saba1268	-0.3461136739281	1.68722376598703	-3.741524	2.8578675
saga1262	-0.302030817885	1.77216576845585	-3.87776625	3.11734575
sais1237	-0.365421978262	1.85908984400508	-4.14082775	3.27718275
saka1289	2.808907247205	1.86906232954232	-0.274507325	6.97041124999999
saka1291	-0.0235613084965	1.80124629474158	-3.729629	3.53653975
samb1311	1.64091452428	1.70270130500952	-1.2327555	5.43524575
samo1305	-0.067597383414	1.89071618988194	-3.9827845	3.83420174999999
sanb1241	-0.7226283352315	1.72774334031251	-4.45589	2.61264725
sand1278	-0.51910591424685	1.7829036196907	-4.2077255	2.8200105
sang1321	-0.023034190445	1.43285822238065	-2.8662325	2.8286
sang1331	-0.08606438863	1.77489222977464	-3.760096	3.420976
sani1269	-0.612299485775	1.76709490671866	-4.38516725	2.706888
sanj1284	-0.8584431256515	1.77193063950854	-4.59432775	2.432299
sanm1289	0.4715719710945	1.65124990299327	-2.7434425	3.95144325
sanm1295	-0.823756880354	1.68409582349028	-4.41439325	2.50700425
sanm1301	-0.729944306013	1.83077433332009	-4.57010925	2.5605035
sant1436	-0.7105873853245	1.70393934505772	-4.41438125	2.5137735
sant1451	-0.689727454502	1.80836286325144	-4.3949565	2.6121325
sapo1253	0.8287368256155	1.56142031707836	-2.21001975	4.10112825
sapu1248	-0.261064022525	1.84494452867677	-3.9581865	3.34592925
sara1327	-0.100162028825	1.8631914177504	-3.9574665	3.72969625
sars1236	-0.168610639736	1.79443042344392	-3.9812645	3.32376174999999
sata1237	-0.055564948077	1.89485660018224	-4.02150975	3.71911725
sauk1252	-0.045898896361	1.44266463916024	-3.09384625	2.7070315
saur1249	0.8234359412075	1.67941617018201	-2.3727	4.29351624999999
savo1255	-0.5401692528325	1.75222558354206	-4.169784	2.6145025
seda1262	-0.2672276080145	1.86048572803311	-4.25690925	3.27720849999998
seim1238	-0.0247689453815	1.8526857114098	-3.91735225	3.67406825
seke1241	1.3829782139465	1.58712874104389	-1.4923995	4.76646425
sela1259	-0.15730077173	1.7864654459314	-3.9209265	3.50358475
sela1260	0.4024385821985	1.76993918051665	-3.304036	3.942192
selk1253	0.2798904318325	1.66430386181498	-2.9808655	3.84676449999999
sema1265	-0.258090469115	1.82008467609965	-4.05679175	3.34195475
sema1266	-0.2762541724365	1.73278454646295	-3.8171935	2.9738595
seme1247	-0.213358435819	1.86835973060781	-3.96765675	3.305868
seng1281	-0.133862573128	1.73346797567376	-3.66802225	3.23303775
seri1257	-0.181520109127	1.69082325842752	-3.5997715	3.11398475
seve1240	-0.143383626306	1.92300505744169	-4.15215975	3.64668325
sgaw1245	-0.3187870805955	1.80936307435703	-4.1818725	3.23285625
shab1252	0.84758134067	1.62902590517032	-2.15144225	4.45817125
sham1280	-0.31343587442058	1.76405660207184	-4.0781585	3.12488425
shan1283	1.5624615208595	1.73003971907354	-1.58524	5.39057
shaw1249	-0.1022243854115	1.83945132922831	-4.013493	3.54538775
shil1265	0.07962015726465	1.60601354507532	-3.14424875	3.17664725
ship1254	-0.186161322995	1.49250069884148	-3.2895115	2.710468
shix1238	-0.663886719125	1.73277490224664	-4.50912325	2.57621225
shon1251	-0.0750458959415	1.89333203763933	-4.04600725	3.65251125
shor1247	0.1271618017415	1.77081424343317	-3.31859175	3.82156675
shos1248	-0.1048076209685	1.76607020405341	-3.68403325	3.38189575
shua1257	0.412335644085	1.67969063506518	-2.877673	3.812968
siaw1243	0.469222717665	1.47233729631867	-2.257027	3.5805935
sich1238	-0.587604802238	1.82535352908882	-4.40568825	2.9072195
sici1249	-0.7452815935655	1.66352601403966	-4.36434225	2.4008835
siee1239	-0.07917974307	1.76469963338536	-3.70231275	3.49452624999999
sier1250	-0.86925277009	1.71873235344478	-4.50486275	2.30629675
sika1261	-0.1779987441942	1.86737228485161	-4.0941195	3.6265975
siks1238	-0.232484489979	1.8319028370792	-3.9142955	3.27636025
siku1242	-0.058338856475	1.89034514200195	-3.90630975	3.65281349999999
sile1255	1.065325493815	1.41756369199877	-1.59623375	3.99667049999999
sina1266	1.1433927125065	1.46951584400294	-1.632355	4.2109975
sing1264	0.649248379545	1.50871860709668	-2.27961125	3.64277875
sioo1240	-0.241888120183	1.5321643415232	-3.535484	2.84216625
siri1273	-0.4019489286125	1.73934643137189	-4.00817575	2.8880695
situ1238	-0.643803505056	1.6943647912772	-4.243752	2.40815125
skol1241	0.11128972588	1.76499164669392	-3.35409375	3.84936
slov1268	-0.3533558350685	1.77363534771224	-4.063961	2.92088575
sobe1238	-0.6648651044165	1.65095104054083	-4.152055	2.53923475
soch1239	-0.83897168951	1.80574362325412	-4.68464925	2.422643
soga1242	-0.3255295726	1.86458903758099	-4.25196275	3.2973505
sons1242	-0.0249058795115	1.81049549645195	-3.570664	3.52216575
sooo1254	-0.2183665396735	1.74120364172654	-3.6914655	3.261399
sout1528	-0.297034927491	1.78988410338172	-3.94889725	3.27683025
sout2649	-0.63996915223	1.67733125068444	-4.060537	2.5897455
sout2674	0.207068301234	1.82130994574171	-3.46914	3.95634774999999
sout2679	0.236550552645	1.76558269558274	-3.1681805	4.010041
sout2715	0.700764814162	1.19505119352882	-1.588505	3.12512125
sout2728	-0.545280110652	1.79929094570796	-4.51873925	2.79397225
sout2729	-0.7043173713605	1.72943819778999	-4.58392275	2.561009
sout2730	-0.9415775604895	1.65176683233552	-4.60012725	2.16338699999999
sout2782	3.13074010684	1.6981602861128	0.15528815	6.9419475
sout2807	-0.0034029318835	1.90509896251259	-4.0333115	3.77922175
sout2856	0.253145420814	1.69908930059754	-3.16662075	3.730527
sout2857	1.1836777502325	1.52882657907481	-1.68210475	4.42554299999999
sout2859	1.440473205836	1.54214226266314	-1.3361005	4.8102115
sout2869	-0.1707113602065	1.66214122078769	-3.67128125	3.25380625
sout2918	-0.11368036052	1.81679599047389	-3.77061	3.41221025
sout2954	0.3987060535435	1.79123530365572	-3.188367	4.25617
sout2956	-0.35352998676	1.72394732016228	-3.725154	3.080343
sout2959	-0.13208813252	1.79098644906334	-3.72539325	3.24354175
sout2976	-0.128574089338	1.73620623564203	-3.6810215	3.36491725
sout2985	2.24024706992	1.81074738823093	-0.841129075	6.103023
sout2994	-0.29185720292305	1.75737570582196	-3.81938875	3.105478
sout2996	1.23472779081	1.75114548826011	-1.969686	5.03647024999999
stan1289	-0.3578953426825	1.73064015937318	-4.20791575	3.02509325
stan1290	-0.3185350558085	1.69037970467814	-3.9374135	2.73945725
stan1293	1.446467083676	1.63971487619792	-1.3856335	5.07993975
stan1306	-0.1962481136988	1.71794422365898	-3.70814075	3.414565
suba1238	-0.53214051813	1.71315731730128	-4.101414	2.7055915
sude1239	-0.320485352325	1.68658042175913	-3.81938325	2.945568
suku1259	-0.041071589705	1.77406055978081	-3.6082785	3.54467175
sumi1235	0.112007296519	1.46319458055283	-2.82166525	3.00351575
sunw1242	1.601089561935	1.30952752338025	-0.938422575	4.2136695
supy1237	-0.5561539391925	1.72381322857224	-4.3014175	2.84788725
surg1248	0.185592336651	1.76030767091457	-3.2499825	3.8796725
surs1246	-0.3090137532715	1.79173083325497	-3.95159525	3.322931
swah1253	-0.167594084695	1.79449385011297	-3.8185095	3.3031545
taba1263	-0.88285630666	1.71515654444857	-4.6374775	2.33120425
taha1241	-0.24249999423475	1.75557883426028	-4.03302975	3.13976325
tahi1242	0.011496041055	1.79052529278817	-3.5607415	3.64351025
taia1239	0.3266208380095	1.57413339123202	-2.89938775	3.3167025
taji1246	-0.104606203386	1.72766004348441	-3.7189635	3.30178325
taku1257	0.14701932411	1.83214417306129	-3.654934	3.6962105
tali1259	-0.40091682707	1.78566524880566	-4.112752	2.90638625
tama1331	-0.26709724442605	1.84992386901911	-4.1623875	3.262767
tama1365	-0.40795448414	1.64658532501285	-3.86921125	2.8349205
tamb1254	-0.2748524666325	1.79274407469551	-4.099982	3.01637699999999
tami1289	0.051984973907	1.86367398793458	-3.5613825	3.98329475
tane1237	-0.04649686186	1.7435823021316	-3.600328	3.314046
tang1336	-0.807206533466	1.55436818625778	-3.989502	2.2083335
tang1347	2.38259022894805	1.71293195591154	-0.522722675	6.05955225
tang1348	-0.036835211685	1.84711454938623	-3.6435405	3.6471055
tang1373	-0.377726036335	1.7423134673779	-4.01299225	2.87797475
tang1377	2.56993426299	1.76917665624816	-0.325536125	6.5335365
tara1313	-0.962790730445	1.6305336932898	-4.5572415	1.97759675
tata1255	0.393159144465	1.69139028449691	-2.721442	3.922164
tata1257	-0.281419872425	1.81538779508107	-4.32340675	3.2473955
tata1258	-0.7286235521423	1.73316251895965	-4.5170225	2.47544675
taul1251	-0.3795500089535	1.71963541113714	-3.984848	2.824252
taus1251	-0.130994850075	1.9069808519536	-4.07799625	3.53848975
taus1253	0.2015943651145	1.78118565956022	-3.3701995	3.86075675
tbol1240	-0.1226719839985	1.87885059763814	-4.09326875	3.68332375
tean1237	-0.0404247059505	1.73654416087281	-3.63719775	3.3315895
tedi1235	-0.82876943191	1.67400879327856	-4.44342625	2.24787625
tehu1242	-0.21698653548	1.79347460631761	-3.9410465	3.30938475
teke1275	-0.1642693591621	1.82403149843643	-3.90408675	3.35080925
tekt1235	-0.39403220062	1.81263177942634	-4.2669715	3.18164125
tema1239	-0.0881464154955	1.6576282663538	-3.517072	3.063402
temi1246	-0.2934020152025	1.88508730134012	-4.25037875	3.27544275
temo1245	-0.20964916381	1.65456731758639	-3.7027235	2.93718425
temp1235	-0.2636425031934	1.75466666407761	-3.976059	3.09320125
teng1272	-0.024710479885	1.83966218614225	-3.75005225	3.52922825
tenn1246	-0.58903113028	1.72649584486169	-4.31817675	2.58022575
teop1238	0.803281813185	1.50675953337167	-1.99768975	3.88296175
tera1251	1.40437535913	1.55919049800367	-1.382912	4.6584215
term1237	-0.005508626831	1.79322567550579	-3.66804775	3.7603415
tern1247	-0.842310211185	1.76010769808565	-4.5865605	2.38630025
tete1251	-0.476030216245	1.70815452335818	-3.93648325	2.838962
thad1238	-0.90746426786	1.66249097355569	-4.529124	2.004303
thak1245	0.63337312984655	1.38185200972582	-1.97158075	3.47375475
than1259	0.29240316798	1.49483785758325	-2.7619235	3.22130625
thao1240	-0.35298715519	1.80151344697642	-4.01429075	3.1552065
thul1246	1.2741018295035	1.40958259442795	-1.395192	4.17997375
tibe1272	0.5916286447225	1.6096714760406	-2.5395925	3.70201125
tief1242	-0.8765529126353	1.60975414291948	-4.4716385	2.08164075
tief1244	-0.85280658374	1.61210224317063	-4.448036	2.1055305
tien1242	-0.1090427073545	1.9012229538234	-3.86589375	3.6571635
tiga1245	-0.26909404434	1.81577779846028	-4.11906925	3.40416775
tika1246	1.879790541052	1.79902823558588	-1.32263175	5.79752199999999
tiko1237	0.021566373911	1.80944588456671	-3.5203805	3.71467899999999
timn1235	-0.418238974715	1.77251850201463	-4.15856325	3.025441
tina1248	-0.134304560205	1.86341976361832	-4.07554175	3.462359
tiri1258	-0.25241053963	1.75680649598537	-3.982113	3.11271425
tiru1241	-0.13040519978	1.82504368540774	-3.753125	3.4359065
tita1241	1.424647799252	1.71153550540851	-1.68166675	4.91648349999999
toab1237	-0.4086934445898	1.77726829285209	-4.27314425	3.07505775
toar1246	0.78518983525	1.50181642691554	-2.14353025	3.9378515
toba1268	-0.32833903584	1.65908317797062	-3.87819425	2.77916125
tobe1252	-0.90981952339755	1.84166248737041	-4.802127	2.4182625
toda1252	-1.15803336676115	1.63503490087456	-4.792148	1.78972425
toho1245	-0.195252382085	1.7227376219523	-3.8438725	3.09658075
tojo1241	-0.33738086066	1.76985652738133	-4.12112475	3.1235565
toke1240	-0.069097322225	1.74463801533101	-3.52860425	3.44890174999999
tomb1244	-0.22728254912555	1.75733473605101	-3.97379275	3.148327
tong1308	-0.1021469275835	1.8571571484653	-3.88794575	3.63097475
tong1318	-0.1091696754382	1.77926126661414	-3.6531065	3.52040625
tong1325	-0.1036698750385	1.85196944506398	-3.81572625	3.47429849999999
toor1238	-0.293864865347	1.76985194333745	-3.86222	3.11420075
tora1259	0.850156846365	1.5193304957918	-1.98193775	4.0010775
tosk1239	-0.407061244977	1.67664488181838	-4.08047875	2.9409245
toto1302	2.982876642705	1.70621089132778	0.04582589	6.691186
trin1274	-0.592634449156	1.79412906479916	-4.56018325	2.8886915
trio1238	-0.1895702818665	1.80376795851608	-3.97762675	3.294617
trum1247	-0.34557624666	1.86087893904049	-4.40296475	3.138281
tsam1247	0.82788512264	1.40024276357475	-1.7852645	3.77241475
tsat1238	-0.12802969896	1.75910509658086	-3.76078075	3.25587524999999
tsha1245	-0.135484770592	1.51053463969775	-3.2624315	2.807822
tsis1238	-0.3397333639	1.7704389354871	-3.9968435	2.99731125
tsix1234	-0.965167647875	1.742042665345	-4.59886925	2.29285675
tsog1243	-0.15131013222625	1.83696474426385	-4.1263785	3.4536105
tson1249	-0.05826548622	1.77950022919152	-3.751772	3.5264565
tswa1253	-0.345097367437	1.79357713942487	-4.319237	3.07238375
tswa1255	-0.055135112186	1.8133507539509	-3.732213	3.57564875
tuba1278	2.371392858865	1.94066448724446	-0.814560875	6.64850925
tugu1245	-0.2840427107235	1.79029121322002	-4.05095875	3.180287
tuka1248	-0.09197429575	1.80879018764302	-3.712145	3.575895
tuki1240	0.4384234101645	1.72448530881371	-2.9262185	3.9927115
tula1252	0.4594848408685	1.39516098335079	-2.25173675	3.23510699999999
tulu1258	0.24959675266	1.66938043490576	-3.024804	3.671975
tuml1238	-0.23143016009	1.58405929037768	-3.548957	2.91615925
tung1290	-0.06453206509	1.81324960927559	-3.89732625	3.516401
tunn1238	1.369508218285	1.69838826296046	-1.65527275	5.126474
turk1303	0.0871665778885	1.75937131339996	-3.44545225	4.01139949999999
turk1304	0.065799517605	1.79766433359281	-3.443015	3.920369
tusc1257	-0.184647467451	1.80970242093827	-3.89209325	3.42546075
tutu1241	2.035837041153	1.62450812934538	-0.758564175	5.46353875
tuva1244	-0.009619219346	1.8250090306183	-3.87621	3.66549174999999
tuwa1243	-0.275755367225	1.81068107390131	-4.08341125	3.11638124999999
tuwu1238	-0.51029329628	1.67115812398417	-3.94152375	2.74495124999999
ubir1237	0.1692805051725	1.61934534792674	-3.0859035	3.38492175
udih1248	0.274284576505	1.74434505335943	-3.316321	3.97304999999999
ughe1237	-0.14918929042	1.7669837638408	-3.77757075	3.17119525
ugon1239	-0.26799884196	1.8109943642243	-4.183349	3.3017445
ulch1241	-0.2337841114648	1.68477782342963	-3.656763	3.13345549999999
ulit1238	-0.08085552374	1.88916929278556	-3.73817175	3.95360725
umbu1257	-0.0850054060728	1.80189792073218	-3.8811065	3.51227775
umbu1258	2.309111314555	1.46180815910355	-0.257370925	5.511919
umes1235	0.254336090651	1.75810354831006	-3.18566325	3.994619
unua1237	1.4254622076115	1.48319209089791	-1.26942325	4.63590475
uppe1275	-0.801760355967	1.65653455363547	-4.32895225	2.24255475
urar1246	-0.016260643535	1.72656292973648	-3.68048125	3.4310425
urav1235	-0.061169438829	1.75859147420337	-3.7166925	3.518564
urim1252	0.2365504648855	1.50807358371009	-2.8799715	3.1230225
urip1239	1.540060457755	1.5129058443263	-1.2319765	4.87331525
utes1238	-0.186485384653	1.80034509723019	-3.8227685	3.28850175
uuuu1243	-0.250822748453	1.61448868251772	-3.48105	3.00392475
vano1237	-0.0401113360475	1.72759349226968	-3.52893475	3.2802515
veps1250	0.234337142615	1.75884883893672	-3.004298	4.24324075
vera1241	1.024060672975	1.73358280627182	-2.36916825	4.7434065
viem1243	-0.5704588658825	1.5986295504573	-3.80050075	2.4788925
vunj1238	-0.376296314085	1.68858845550072	-3.9554285	2.9150615
vure1239	1.01984981523	1.7287011784977	-2.42297275	4.699222
vwan1235	-0.1563224458025	1.76938846163139	-3.7972005	3.30443875
wadj1254	-0.9592905438295	1.77675240088497	-5.0044815	2.32853824999999
wage1238	-0.830118718315	1.80224344683752	-4.53663525	2.5298995
waig1244	-0.453063312954	1.79654705016442	-4.18866125	2.968648
waim1251	1.209354509414	1.59744802223226	-1.7084075	4.75301049999999
waim1252	-0.3126379379985	1.8136321289342	-4.18137575	3.3838665
waiw1244	-0.21590172178	1.86703309519457	-4.33327975	3.34135025
wala1266	-0.422126402308	1.71286129124282	-4.1318245	2.850747
wall1257	-0.06401112618	1.81029421668419	-3.7235	3.541899
wamb1257	1.2324738986155	1.32360245193183	-1.204665	3.9533965
wand1267	-0.4685027432125	1.67372917746237	-4.01646425	2.61919375
wand1278	1.31082965288	1.41401799352734	-1.24316625	4.29466725
wang1291	1.101078173462	1.66333348852402	-1.93348425	4.80362525
wanm1242	0.851385099718	1.67128426185199	-2.35841525	4.37873075
wara1294	-0.5566688819985	1.71095622041458	-4.184903	2.71756574999999
wara1303	-0.134102839146	1.78572369150299	-3.69287075	3.54665275
ward1246	-0.7289061308	1.78716891051457	-4.61028475	2.80824575
ware1253	-0.5675863118595	1.85994759992168	-4.51613875	2.93445374999999
ware1255	-0.002950860765	1.69235564359468	-3.48513575	3.46365449999999
wari1268	-0.403304917429	1.70069048946588	-4.12238475	2.94828575
warj1242	0.66562594282	1.63547897283256	-2.61372675	3.89339325
waro1242	-0.592091414295	1.76610567530863	-4.3215825	2.62796924999999
waru1265	0.877737822095	1.70563079010616	-2.249744	4.54449949999999
wash1253	1.1321529489775	1.76444822688812	-2.19036425	4.882582
wawa1246	2.3392011488	1.97247193534597	-0.824271375	6.7102305
waya1269	-0.21315025141	1.7283107503884	-3.64052875	3.26075425
wayu1241	1.698235002915	1.34274852995757	-0.724434775	4.41327449999999
wayu1243	-0.172862536637	1.79103591248335	-3.712189	3.2502135
weri1253	0.420671881	1.40480259670891	-2.32309525	3.33478425
west2354	1.2428265533075	1.70126210681633	-1.77444475	4.88673075
west2369	-0.52390691762	1.61824295863964	-4.067604	2.54471375
west2392	0.4257219011465	1.72975706075687	-2.84468975	4.07286999999999
west2396	-0.158413746535	1.85486091178213	-4.00909425	3.38351025
west2397	-0.270677353536	1.73539045319594	-3.96064825	3.17280075
west2415	0.8939838403935	1.19559765640551	-1.3393255	3.39016775
west2418	0.140275685905	1.3700360335933	-2.4761175	3.072939
west2430	-0.34137217423	1.70806090906532	-3.91820925	2.82335074999999
west2441	1.05468662351	1.65587954645323	-1.9214565	4.70685825
west2466	-0.871651892054	1.65204061845737	-4.465965	2.1407545
west2516	-0.2246954618325	1.73984827300396	-3.92498225	3.20697175
west2519	-0.044803290278	1.81205938648485	-3.7174415	3.59087825
west2548	-0.154907886519	1.83511769192508	-3.9688845	3.4875335
west2557	-0.0930922324975	1.75382064028992	-3.62101275	3.40534425
west2560	-0.291317333555	1.75914905821326	-4.21654225	3.03846475
west2594	-0.4241243746935	1.65062993028253	-3.95744775	2.84025
west2600	-0.83370569078	1.81995395687701	-4.8361125	2.569041
west2615	-0.3251568881595	1.75128033772101	-4.03804425	3.1058365
west2618	0.86390443373	1.7053923026544	-2.11753475	4.54107675
west2624	-0.4341978929685	1.71725696271704	-4.05308725	2.88510975
west2632	-0.45458737082	1.76036575026588	-4.09920825	2.8386985
west2635	-0.4106923037955	1.7589463232246	-4.104227	3.130084
west2644	-0.74908312723	1.69338251207066	-4.42015025	2.481199
west2650	-0.150455112815	1.80338516421422	-4.04549925	3.361952
west2763	-0.279518090908	1.72735080529145	-3.9079965	2.93736875
west2778	-0.169481163074	1.74850653140274	-3.7333805	3.281258
whit1269	-0.16722543553	1.64994674965986	-3.63667375	3.15685425
wiru1244	2.33353415621	1.45928107374433	-0.2293598	5.39876124999999
woii1237	-0.420525442476	1.89692158814803	-4.279742	3.2761465
wola1242	1.391459674815	1.74775143981173	-1.67449075	5.074543
woli1241	-0.0133744038985	1.8100320833615	-3.689464	3.63895974999999
wood1236	-0.117254664298	1.84216351991535	-3.90224425	3.72564375
wotu1240	-0.146991528653	1.88327410505051	-4.03653825	3.5080455
wuch1236	-0.1806190354765	1.7315377495008	-3.71072325	3.14730775
wudi1238	-0.728349797323	1.68170537359447	-4.39037125	2.430431
wusa1235	-0.7431755259895	1.70204819979264	-4.48509775	2.34661575
wutu1241	-0.461017276915	1.81628889569636	-4.1786395	2.9429845
wuvu1239	-0.207318342025	1.76267527655893	-3.80385	3.15905575
xamt1239	1.0607581909575	1.69624394772831	-1.89594525	4.95498649999999
xara1244	-0.2529420420055	1.75355695556652	-3.979143	3.2289435
xhos1239	-0.056250501935	1.79629299960335	-3.62977425	3.544659
xish1235	-0.8675214703731	1.72792158910422	-4.50938475	2.17605724999999
xokl1240	-0.106806317215	1.84309381102523	-3.93055775	3.62360025
yaak1241	-0.7530655784245	1.58554883838097	-4.02227875	2.2210575
yaey1239	-1.695361991112	1.77557373619517	-5.489441	1.4509535
yagu1244	-0.2629902079595	1.7855593702498	-4.022321	3.28320625
yaka1277	-0.078065756275	1.8003761246183	-3.8241315	3.53326875
yaki1237	-0.318006075435	1.76147591505373	-4.10611675	3.14594749999999
yaku1245	0.170917496945	1.83697994460799	-3.29575375	4.00100525
yale1246	0.1715014045715	1.48272377227883	-2.7551375	3.16452725
yami1254	-0.3046405374405	1.72953001548269	-3.9238255	3.2420975
yami1256	1.389936115612	1.66499003127715	-1.574764	4.97601724999999
yamp1242	1.474149981271	1.42798059019792	-1.208523	4.4668845
yane1238	-0.687823130142	1.63622245622001	-4.0257095	2.27443549999999
yano1261	0.99213277354	1.74550068565729	-2.131379	4.80760575
yaoo1241	-0.066677337925	1.82581928869078	-3.9000935	3.593952
yape1248	-0.0866280657985	1.81171197296311	-3.65331775	3.574351
yapu1240	0.00196888421	1.52513846017557	-3.24114275	2.89651225
yaqu1251	-0.159119316395	1.77144992974087	-3.8077125	3.392647
yare1248	0.704386762281	1.43005060875984	-1.9964915	3.6324745
yatz1235	-0.85542708754285	1.78501116645373	-4.6306645	2.3939865
yaul1241	1.139098288083	1.47969054810043	-1.57366475	4.255736
yaum1237	-0.156615881909	1.43307280596941	-3.2184675	2.6309735
yawu1244	0.03704985557	1.66618725208865	-3.38213025	3.31632475
yecu1235	-0.71859752803	1.68831763939775	-4.22193	2.46741
yele1255	-0.3852074204405	1.67304723312635	-3.759221	2.7780775
yems1235	0.493595947529	1.50035646320233	-2.44540875	3.67467575
yind1247	-0.49279223532	1.63942760469673	-3.92002725	2.6592235
yoga1237	-0.2440306685325	1.79653992364927	-3.942801	3.2466795
yoku1256	1.9426091972535	1.80045350371502	-1.1718625	5.704819
yona1241	-0.82377846088	1.68587607446036	-4.41195425	2.31423125
yong1280	-0.0362075169185	1.63115042732818	-3.3687255	3.3347655
yora1241	-0.250681017944	1.60700840362474	-3.6171125	2.85025075
youl1235	0.2916250520175	1.61870968617595	-2.9663285	3.46895425
youn1235	-0.370148525631	1.81754213151294	-4.016472	3.1260025
yuca1254	-0.1329257920105	1.83674021773848	-3.934878	3.46397775
yuch1247	-0.1674574876415	1.77227305765844	-3.846481	3.308378
yuec1235	-0.3087647597	1.67152435379498	-3.74215675	2.755683
yulp1239	0.700852407501985	1.60777158811361	-2.30313925	4.14948824999999
yura1255	-0.3386328470326	1.78240427171173	-3.9926415	2.96799925
zaba1237	-0.269729233261	1.73025282730691	-3.7715405	3.18118075
zaca1241	-0.769215509967	1.68282889072085	-4.4634885	2.237034
zaca1242	-0.707038142635	1.71763402187219	-4.34596375	2.52028825
zaiw1241	-0.641406823166	1.7674391805538	-4.32395725	2.6864455
zamb1245	-0.30580254284	1.94391887694898	-4.56905125	3.594858
zani1235	-0.8432371219395	1.70090931442009	-4.51567675	2.31411424999999
zapa1253	0.4620843981265	1.70067554501101	-2.73097525	4.0797765
zarm1239	-0.1627509475	1.71809471931953	-3.70990375	3.28318
zaye1235	-0.588235884188	1.71556886275769	-4.42670325	2.570786
zays1235	1.468386053385	1.62465544609172	-1.37149725	4.94915974999999
zeme1240	-0.740927586477	1.51995824269312	-3.98171125	2.08673725
zenz1235	-0.79323808884335	1.69213104094814	-4.411326	2.52194075
zhab1238	-0.56847644481	1.75106096942089	-4.297093	2.739808
zinz1238	-0.1637807133735	1.84041508782025	-3.81254825	3.3347875
zoog1238	-0.861118925169	1.77648286469371	-4.555135	2.43223075
zulg1242	1.912521895405	1.41718292972044	-0.587724525	4.9483005
zuni1245	-0.507857199995	1.80320253810302	-4.1546535	2.99579375
