Estimate	Est.Error	Q2.5	Q97.5
abad1241	-0.406160863108	1.88473619993172	-4.3267205	2.942448
abar1238	-3.188353521695	2.00307766301678	-7.75683275	0.0916558149999997
abkh1244	-1.2486013914625	2.27711459424924	-5.9413715	3.0176295
abua1245	-2.435262830995	2.18281468778265	-7.19980075	1.3013195
abun1252	1.772489514224	1.8069943616061	-1.7774945	5.54959375
acha1249	-1.236611547885	2.37881626083285	-6.4796415	3.14096425
acha1250	-0.65787318224	2.40111796854983	-5.72496175	3.7475205
ache1245	0.104785217471	1.64781763378355	-3.30006825	3.23835225
achi1256	2.196974069765	1.88981267873535	-1.24057725	6.21711325
achi1257	-0.931338496209	2.23209570592198	-5.692117	3.221343
achu1247	2.26354536251	2.06142949242749	-1.2390245	6.764129
achu1248	-1.293972618243	2.24048565550919	-6.0738045	2.76491
adan1251	-0.2266471763135	1.7313486961232	-3.87092675	2.93004475
adon1237	0.81804052183	1.66308924020971	-2.52697275	4.04020575
adze1240	-1.95462898319	2.02869540725052	-6.273887	1.6124405
aeky1238	-1.541130083178	2.33872954808296	-6.560131	2.6953985
afar1241	-0.72230646173	2.26643201710757	-5.4876625	3.37698749999999
aghe1239	-3.06674015649025	2.00123621303789	-7.462751	0.289562599999999
aghu1255	-0.993446851602	2.28006401614758	-5.9202925	3.338278
agob1244	0.15360612479	1.89290120352832	-3.70739975	3.71236075
agua1253	-0.88778295919955	2.32503598717455	-5.8632465	3.35960475
agut1237	-0.763588974735	2.20889173402348	-5.44634725	3.23002225
aheu1239	-0.341798509645	2.16540779444737	-4.85021275	3.53076075
aime1238	-1.415268264156	2.19457582185588	-6.088136	2.67376975
ainu1240	-0.48744767943	2.30578981428219	-5.36962825	3.96782175
ajab1235	-1.15737958014	1.88660503319444	-5.389327	2.200002
ajas1235	1.2198289683755	2.02480170675751	-2.83862725	5.30566225
ajie1238	-1.5733091143355	2.09650867042899	-6.14453325	2.11427425
akei1237	-1.8567105404135	2.04983876426401	-6.4516145	1.81446099999999
akha1245	-0.25951333384	2.03570178113959	-4.4362545	3.46399674999999
akoo1248	-1.342470566209	1.95239733241669	-5.435153	2.23085474999999
akun1241	0.2443960219365	2.00903668609675	-3.98684025	3.8949355
alab1237	-0.5775662353005	2.36862233918642	-6.05070925	3.726852
alab1254	-1.5091527014805	2.16651118334217	-6.293501	2.2574365
alac1244	2.72454514283	1.71326007385336	-0.2372349	6.50969875
alag1248	-1.657917622505	2.14493599610698	-6.3572075	2.13636025
alba1269	-1.2303395504185	2.18572235277776	-6.23178625	2.63336225
aleu1260	-0.983469812015	2.14720123112747	-5.6136175	3.00658
alor1247	0.040438529643	1.66221080842471	-3.43890925	3.09150475
aluk1238	-0.63367558542	2.2846581638846	-5.39896175	3.6298765
alya1239	-0.8476360966845	2.15394419565803	-5.370723	2.9912585
amah1246	0.727774917954	1.8596140396421	-3.18354675	4.35488825
amam1246	-0.7709346007776	1.80602346536185	-4.356294	2.773629
amar1272	-1.734324831395	2.15902885660208	-6.35291825	2.15348825
amar1274	-0.44404250262	2.25515208032621	-5.15492525	3.544581
amas1236	-0.4392310402535	2.2420061785088	-5.114794	3.63221724999999
amdo1237	-0.395542055428	2.39432916856854	-5.368407	4.134307
amha1245	-1.245030098225	2.22531414663966	-5.9114105	2.73488075
amri1238	-0.9699631942755	2.35490475976067	-5.626885	3.49035025
anei1239	-0.665277648626	2.09688371414353	-4.9415635	3.1912925
anga1288	-1.3564580562935	2.3530820300706	-6.22220175	3.0048405
anga1290	-1.191375692253	1.81932389611725	-5.11727475	2.0360915
ango1257	-1.033588788505	2.1860691753416	-5.69971	2.8605125
anta1255	-0.304300256761	2.36096955189876	-5.39805175	4.014086
anuu1241	-0.677893490771	2.39373560530033	-5.463761	3.81460175
aona1235	-1.246638489135	2.28672510883768	-5.86791825	3.1112655
aoua1234	-0.725744343935	2.38190971715983	-5.590832	3.6714775
apin1244	3.04777947334	2.12250679637818	-0.6842146	7.51217
apma1240	-1.1825086613575	1.73514331781598	-4.76219875	2.060903
apur1254	-0.699745629965	2.18135418897692	-5.32518725	3.3753235
arak1252	-1.960015265993	1.93417047385375	-6.20501325	1.4334435
arao1248	1.33739336104	1.93881479526754	-2.52262675	5.143642
arap1274	-1.111754598932	2.25764306490094	-6.0067075	2.79569224999999
araw1273	-0.59834003259	2.35349199464174	-5.54690225	3.8029585
araw1276	-0.824744373725	2.16927733012601	-5.49331125	3.1753695
arbo1245	-1.892639576	2.20198838976928	-6.77730075	2.029766
arch1244	-0.549027489316	2.02537362934363	-5.05218425	3.11784975
area1240	1.79336041147	1.73204661393596	-1.44347825	5.283301
aree1239	-1.042009671785	2.04732557640395	-5.37349225	2.7155585
argo1244	-1.130558959575	2.20536820979301	-5.8179475	2.75874075
arhu1242	-1.339363843965	2.18491183610021	-6.13503175	2.497658
arig1246	0.3543353505215	1.61667294972364	-3.02919875	3.472818
arop1242	-2.294454445289	2.19097870520517	-6.99679	1.48026975
arop1243	-1.869656258515	2.31320643366317	-6.8134295	2.35458125
aros1241	0.14336296636	2.02645735030417	-4.31298325	3.85496774999999
arta1239	1.0954454177025	1.45564052062303	-1.9272315	3.897115
ashe1272	-1.073204190255	2.27888673274734	-6.062894	3.13843849999999
assi1247	-0.64285113225	2.24860835497749	-5.274439	3.53516275
asur1254	0.649779669465	2.05110559011595	-3.468136	4.54110774999999
athp1241	1.376879093135	1.82850526974185	-2.1113285	4.96759925
aton1241	-0.58569973473	2.31193497157616	-5.31347025	3.86083049999999
aulu1238	-1.03015606478	1.50871744554723	-4.17684875	1.7361475
auye1238	-0.200367478695	2.14117838930054	-4.5766725	3.8122615
avat1244	-0.23124443731	1.6141535960362	-3.45240075	2.849688
awac1239	-1.250014939185	2.19830962914326	-5.9720805	2.75734549999999
awad1243	2.041420659226	1.92619521388812	-1.547865	6.009325
awad1244	-2.1250050559865	2.33270256449692	-7.03933025	1.99093625
awap1236	-1.57360664079	2.07967444345032	-6.061478	2.19159925
awar1249	-1.93451286315	2.38333346565029	-7.1481835	2.31933425
awji1241	-0.65815303145	2.19244748463196	-5.3553305	3.3614715
awtu1239	-2.524223083864	2.16901544253424	-7.15239675	1.28915275
axam1237	-0.76866824769825	1.51227892420784	-3.9495555	2.093366
axiy1235	-1.0372067480995	2.27901250764776	-5.677147	3.299983
ayac1239	-0.89158457504	2.29145680751738	-5.8687545	3.19470825
ayiw1239	-1.10787607441	2.11793789924199	-5.8672665	2.66638025
azha1235	-1.212282667255	2.33114744489377	-6.07844875	3.364454
baba1266	-2.783631012179	2.03356246412105	-7.25489675	0.68195485
babi1235	-1.32830630448	2.06566151641174	-5.68733925	2.3807835
bafi1243	0.80059508915	1.53939581279385	-2.19378525	3.759405
bafu1246	-2.91437098003	2.02895140170985	-7.415121	0.481778324999999
baga1272	0.180120985965	1.86712709238056	-3.65100375	3.662655
bagi1246	-1.850341337475	2.08967451715732	-6.3964595	1.82878425
bagv1239	-1.2256057566345	2.01687599147712	-5.48038	2.30866924999999
baha1259	2.45889194352785	1.99300243321562	-1.1226215	6.4647795
bahi1252	0.317327071202	1.8914354234073	-3.69633325	3.704824
bahn1262	-1.593450129734	2.30100928294725	-6.481435	2.4673295
baik1238	0.00370248075	1.97456086303741	-4.02934825	3.74976525
baim1244	-0.4358365866	2.39162910613367	-5.4763865	3.957914
baka1272	-1.14236715793	2.196681033782	-6.22592925	2.86588525
baka1274	-1.011982438448	2.38093303396261	-6.258825	3.27816725
baki1244	0.3801042466645	1.49794825293343	-2.5778385	3.317288
bala1311	-0.7716005697185	2.2062035731869	-5.5986245	3.07679375
bala1315	0.563260917915	2.07257168853668	-3.84368125	4.5931895
bala1316	-1.244029555755	2.12901658477198	-5.57490425	2.4437435
bali1278	-0.1197696899095	2.14129777048549	-4.53881775	3.8718895
balu1257	-1.396457709295	2.2732274737059	-6.33815225	2.582444
bamb1262	-0.14795729466	1.99216665916083	-4.1401715	3.6004185
bamb1270	0.703769423765	2.01520060243677	-3.3097985	4.63325225
bamu1253	-1.6355541598935	1.89266076814173	-5.57751325	1.67131025
band1344	-1.20285205867	2.31904318744253	-6.27112225	2.79222849999999
bang1354	-1.0869095085675	2.15772991129611	-5.8973795	2.64327975
bang1363	0.14303220602	1.9750218611233	-4.01423525	4.08721375
bang1369	-0.7617681231685	2.46896712673921	-5.7416605	4.02724975
bara1357	-1.11913031375	2.08993024507397	-5.47605175	2.73894525
bara1370	-0.46742289096	2.15351990833202	-5.0227665	3.33403525
bare1276	0.71039740835	1.90871317977196	-3.21394075	4.380908
bare1279	-0.09117897099435	2.09066641416768	-4.549545	3.73392875
barg1252	-1.960398444405	2.30629387808554	-7.073669	2.27399025
bari1286	-1.738368566239	2.15972373248634	-6.32377625	2.1338225
basa1282	-0.842102210275	1.90139938351166	-4.80247975	2.764281
bash1264	-0.29317857854	2.31245613001874	-5.0463315	3.92729349999999
basq1248	-0.2063904878575	2.44186331279136	-5.49855075	4.32421175
bata1285	-0.296904208612	1.79857613217941	-4.09046625	2.87109075
bata1289	-0.500592160385	2.39779688461649	-5.7115785	3.75933125
bats1242	-1.469121602315	2.27386756746678	-6.24760375	2.9670725
baur1253	-0.374650829775	2.26148708708983	-5.04940625	3.85461875
bawm1236	-0.81292685172	2.23822061898297	-5.2814415	3.43928199999999
bayb1234	0.294308021652	2.05309613002366	-3.949239	4.12835175
bebe1248	-0.6268533750244	2.00828477611529	-5.03369425	2.8895795
beka1241	2.7603531443545	1.86089728006934	-0.74594655	6.67730774999998
bekw1241	-2.146748346142	2.11082966192415	-6.700616	1.57858825
bela1254	2.1355276711365	2.06317357803325	-1.4310665	6.6548905
beli1257	-1.22072842380665	2.39174117271455	-6.3553975	2.905895
bell1243	-1.8341426455	2.19373347448583	-6.6708895	1.9322345
bemb1257	2.511753862335	1.90538615413228	-0.874687125	6.52951625
beng1282	-0.609805583265	1.87665960400002	-4.56445875	2.80962999999999
bent1238	0.796593848363	1.72872830816099	-2.6229775	4.21914075
bert1248	1.351426424436	1.77216297111592	-1.93838875	4.919593
bezh1248	-1.183518840898	2.01956269094816	-5.42889425	2.42886975
bhoj1244	2.43835247818	2.00437446379246	-1.1545845	6.696086
biao1253	1.3892093945145	2.04219274455065	-2.78515125	5.404336
biao1254	-0.5215061973055	2.37010322135772	-5.42907825	4.09741225
biao1256	0.062913110515	2.20260728138799	-4.6750525	4.16040325
biat1246	0.9817496321785	1.768887912213	-2.71899075	4.29165
bidy1244	-0.28640224355	2.01671752613476	-4.628134	3.27644625
bier1244	0.347436932808	1.49387258286854	-2.55826125	3.32014925
bign1238	-1.74753404306	1.718990661485	-5.46019075	1.21366699999999
biha1246	-1.795413008537	2.13846316556051	-6.3986975	1.858306
bilb1241	-2.117920135093	2.27435638470705	-7.10371125	1.992252
bili1260	-0.708063492805	2.26748065448181	-5.21954375	3.52473125
bimi1240	-1.883160187087	2.33118483482971	-6.91151875	2.2546615
bina1277	0.1859180474045	1.95348927253685	-3.7414245	4.11562875
bini1246	-1.03837757461	1.93941114407974	-5.208316	2.44804675
bira1253	-1.94824536791	2.20940494262537	-6.722412	2.026947
bisu1244	0.466454020745	2.12392141133447	-3.74291575	4.47893824999999
bitt1240	-0.51393970953	1.96288611003427	-4.571818	2.9674285
blab1237	-1.30295106592	2.1227365929187	-5.90226225	2.33620325
blan1242	-1.23675912595	2.16361466459434	-5.99441475	2.656368
bobo1255	3.46777160725	1.98263826438932	-0.252424725	7.58095675
bodo1267	3.295379095245	1.83369441953612	-0.0101037147499999	6.97459875
bodo1269	-1.113959265626	2.31814589938243	-5.80126375	3.311562
bola1250	-1.5994836082	2.21977483926979	-6.3678025	2.5426
boly1239	-1.17257500417285	2.1888175323848	-5.7590925	2.60592225
bomk1234	2.186687361515	1.83314686570207	-1.29817425	6.19082175
bona1250	-0.64712024381	2.48442647185083	-6.18743	3.90604675
bond1245	0.151784077764	1.99008174940539	-3.913743	3.74268125
bong1285	-1.07239608734	2.14825536625185	-5.8503095	2.82043575
bong1289	-0.7534718568565	2.18741392250775	-5.09686925	3.3430315
bora1263	-0.85466522010515	2.22679243015336	-5.74648975	3.26078525
bord1248	-1.13251541725	2.28184266829111	-6.05824875	3.01299725
bori1243	-0.971733853366	2.4042093795756	-5.89169125	3.5648885
boro1277	0.3820520450885	1.8819575912751	-3.41002725	3.9318005
boro1282	-0.3235577943215	2.2027003503263	-5.15695825	3.74092825
boto1242	1.929965101112	1.61282216093548	-1.2874065	5.0761325
boun1243	-1.2755131333638	2.26547699205394	-6.14648275	2.780995
boun1245	-2.0223381357405	2.13311147460659	-6.466297	1.8905025
brah1256	-0.158119892289	2.46617314359786	-5.2729935	4.40148275
bret1244	1.9492105002525	2.08746669149747	-1.88163825	6.58587225
brib1243	-0.933317586707	2.10432043001033	-5.59120975	2.825372
bube1242	2.04477775637	1.82047034784315	-1.428683	5.72964775
budu1248	1.252178421085	1.81430061094096	-2.41060525	4.75618125
budu1265	-1.388671453375	2.27806553159603	-6.0596655	2.84711025
budz1238	-0.24633163693805	1.94033341064456	-4.3915165	3.25650925
buga1247	-1.319384307985	2.14286286400207	-5.8110615	2.398171
buga1250	-1.78293229199	2.10817150568489	-6.25509075	1.9935375
bugl1243	-1.01555400433	2.33141144124921	-5.9706655	3.32174
buhu1237	-1.01185956913	2.19324378175456	-5.82139875	2.96577825
bujh1238	-0.9800929878	1.98970948760953	-5.06011525	2.67871624999999
buka1257	0.2008398538475	1.8986409087537	-3.8103175	3.58809925
bull1247	-0.28464091328	1.89997849284682	-4.324001	3.481266
bulo1242	-1.5941984235815	2.24459538889785	-6.66477025	2.50123775
bulu1251	2.959094350682	1.82523122024717	-0.294187975	7.08354149999999
bumt1240	-0.4003560447355	2.31226910807501	-5.1867995	4.15548175
buna1276	-0.44006340645	2.21340179383462	-4.83635075	3.79359475
bund1253	2.717402151635	2.10502057851019	-0.96272515	7.50314525
bure1242	-0.368943440775	1.94391985630152	-4.36752175	3.2028605
burj1242	-1.02038696047385	2.46421369361383	-6.27254125	3.40566149999999
buru1296	-0.28816100921	2.23707342564451	-4.9952425	4.06763325
buru1320	-1.577440397835	2.16420351167301	-6.1832115	2.43386875
busa1253	-1.26431114185	2.11660313731222	-5.678074	2.63148225
bush1247	-0.9570612106387	2.27990931067409	-5.872628	3.13109625
buwa1243	-1.679470147725	1.85897385663745	-5.5394905	1.69172975
bwat1240	-1.462487741635	2.16576883368768	-6.189956	2.4773335
byan1241	6.124922984	2.05272156156828	2.63311525	10.72602
caac1237	-1.3578134197995	2.17334983334673	-5.8731155	2.41683675
cabe1245	-0.42482910084	2.09668042059938	-4.70245125	3.4093585
cacu1241	-1.4859439593525	2.07795377106799	-6.02919275	2.20344775
cahu1264	-0.804097500545	2.16722132839226	-5.26857925	2.99705
cakf1236	-2.133276284285	2.15410308440031	-6.78125175	1.733728
cald1236	-1.465426271995	2.23108062253264	-6.2711385	2.5080995
caml1239	0.359994843982	1.8897967808442	-3.511845	3.90304599999999
camp1261	2.020433544052	1.93612083046825	-1.37765475	6.3872735
cams1241	-1.215705030595	2.3004202808545	-6.109703	2.98592325
cane1242	3.05866826711	2.06616347171924	-0.676243675	7.66016325
caom1238	-0.789456188035	2.36363439474312	-5.71581475	3.585062
capa1241	-0.43561653133	2.09398836900631	-4.8340465	3.3509725
carn1240	-0.860026610435	2.28788993570856	-5.82756125	3.18180475
cash1251	-1.0283963016	2.23186734913253	-5.89936575	2.88662349999999
cavi1250	3.189582715295	2.08623444758304	-0.4926386	7.59136925
cemu1238	-1.520081929721	2.20067365610909	-6.30230875	2.41547475
cent1989	-1.117503111135	2.28730055958851	-6.02134675	2.74950225
cent1990	-0.893969380295	2.25754562208671	-5.59847025	3.08285225
cent1992	-1.8274550605605	2.27968923960376	-6.89040025	2.205316
cent2004	-1.000013195715	2.3053647720165	-5.899318	3.1459965
cent2050	-1.488123066775	2.21846753886139	-6.2194035	2.59018525
cent2084	2.43146172635	1.63145088547517	-0.754002325	5.76565725
cent2087	-1.081216006145	2.25634838990818	-5.7571865	3.00448775
cent2090	-0.68570915103	2.27383019005667	-5.37094925	3.33811225
cent2126	-0.296204280885	2.41957967148917	-5.299397	4.275157
cent2127	-0.800284849075	2.29587385638077	-5.65238425	3.24749925
cent2131	2.56151607279935	1.85463929586374	-0.840704375	6.5805755
cent2140	-1.204529776675	1.97544748713277	-5.48914875	2.301504
cent2142	3.354228616204	2.00822870022819	-0.252305925	7.78299749999999
cent2150	-1.00974895743	2.2472447116342	-5.72785975	3.0717295
cent2292	4.72051567235	1.66847059432189	1.954274	8.44198325
cent2314	1.972397735385	1.71200780708609	-1.4414365	5.4414
cent2322	-0.46885829185	2.34236659787309	-5.52600375	3.8156285
chac1249	-1.246329100101	2.18947921725119	-5.87695925	2.62066375
chac1251	1.099571027315	1.92101048318049	-2.79637	4.78889175
chad1249	-1.09173215604095	2.18378134036788	-5.78461425	2.95405274999999
chak1270	-0.60672049389	2.34028326283047	-5.5074155	3.92827974999999
chak1271	-1.677390369155	2.26527198218438	-6.4515605	2.20596625
chal1275	-1.37840125864	2.11034351902915	-5.84566225	2.4251185
cham1309	-1.284748883715	2.08499855576116	-5.7021695	2.42202125
cham1312	3.3427905964	2.12260401853545	-0.53015845	7.96516824999999
chan1313	-1.14797926781	2.36791408604108	-6.0829945	3.21218275
chas1234	-0.989845067075	2.26302142793248	-5.71222525	3.33055825
chec1245	-1.12627168158	2.32090486286745	-6.10805175	3.24601875
chek1238	-1.23846618549	2.05252500645096	-5.83961875	2.276826
chen1255	-0.16650219975	2.59439896009489	-5.59215825	4.65979925
chep1245	-0.61055592226	2.04863869588466	-4.87849225	3.268739
cher1273	-0.577636968197	2.15613311862121	-5.277887	3.34303725
chey1247	-1.073085734677	2.34732464169348	-6.177695	3.04086049999999
chhi1245	1.141080773355	1.82238995769398	-2.4525995	4.92525125
chil1280	-1.55363596292	2.22396911996423	-6.346134	2.44728125
chim1302	-1.175535872002	2.23230300461566	-6.04430025	2.94683925
chim1309	-1.07040557342535	2.34546402665319	-6.248495	3.4123695
chin1286	0.277392150361	2.0901706947136	-3.92905025	4.14226174999999
chip1241	-0.984614066653	2.12702038066708	-5.71044525	2.8143645
chip1261	-1.093108519762	2.22434595604299	-5.877065	2.89744125
choc1276	-0.713840284025	2.26331260821246	-5.4403305	3.31023225
chon1284	1.42918769567	1.67511086001592	-1.8571755	4.779744
chot1239	-1.216190529415	2.3501023917812	-6.33911825	2.95631125
chra1242	-1.22527691827	2.34225244245939	-6.211605	2.957318
chug1252	-0.83542799073	2.4594543492912	-6.15206825	3.76066375
chuj1250	-1.7154757800665	1.7927534795403	-5.748929	1.35958974999999
chuk1273	-0.44322924407	2.28555775994712	-5.24529675	3.65900399999999
chuv1255	-0.20894049499	2.24926303651588	-4.82405825	4.116412
chuw1238	-1.0934416704295	2.18637295282564	-5.5598395	2.7298735
cici1237	-1.276815836995	2.10520516881969	-5.655731	2.5142055
coat1243	1.92040604293	1.58547906004444	-1.12713325	5.100169
coca1259	-0.445700125451	2.23902032280747	-5.516329	3.54570625
coeu1236	3.460941957395	2.17639068567021	-0.405746825	8.30933525
cogu1240	-1.28984762584	2.1538996746865	-6.159946	2.46003775
colo1256	-1.233189905378	2.16577869018631	-5.839245	2.62591025
colu1241	3.280942280885	2.11789175550737	-0.368154425	7.88144425
coma1245	-0.34886210599155	2.07136363749603	-4.7004825	3.4545845
como1259	-1.51777485474	2.19389780920207	-6.2775715	2.6344225
copa1237	1.391291166035	1.44214542859636	-1.429361	4.26180575
cori1240	-1.234548768925	2.10358314274084	-5.98826225	2.48579299999999
cors1241	-1.29561412812	2.06932886381402	-6.1602685	2.31233525
cosa1234	-0.87835479069	2.089123126939	-5.2627265	3.06578675
cree1270	-0.771847698585	2.23488407674389	-5.69314325	3.20244225
crim1257	-0.35318293518	2.42237801364448	-5.35429675	4.321676
cros1244	-0.9874443551005	2.00928739805919	-5.255391	2.70718674999999
crow1244	-1.039768604645	2.32221501770216	-6.131034	3.25730174999999
cube1242	-1.285486173155	2.33896185699969	-6.31847525	3.245263
culi1244	0.842515307781	1.98245420589143	-3.17183625	4.60537525
cusc1236	-0.914831205505	2.10377706869794	-5.35940025	2.88057575
czec1258	-1.3614960753985	2.00960732687669	-5.68224225	2.2083885
daai1236	-0.66012815662	2.50236868762946	-6.0087945	4.0758935
daak1235	1.8910629038702	1.75973906170559	-1.61005225	5.3701
daas1238	-1.858330033475	2.16389436352892	-6.642366	2.01620475
dagb1246	-1.4897262417075	2.20888684629402	-6.09122475	2.40814575
dagi1241	-0.20852541510355	1.77119908898138	-3.84796925	3.18488974999999
daka1243	-0.689629449328	1.54190301670484	-3.90371475	2.31354725
damp1237	1.0443040091725	1.99836687922685	-3.07319225	4.7355435
dana1252	-0.92397343665	2.11724103734076	-5.48214075	2.89831824999999
dand1238	4.6141760825	2.28556328194019	0.494393725	9.59941324999999
dani1285	-1.3984843744555	2.1587447560685	-6.0336455	2.48897174999999
dara1250	-0.6762240358175	1.95637861401442	-4.817155	2.935255
darg1241	0.064296658605	2.08110345319506	-4.137753	4.08318125
darm1243	6.1709796175	2.06749130831955	2.60011025	10.60896
daur1238	-0.349019049517	2.51165350739024	-5.79514475	4.3302915
dawr1236	-1.752541844505	2.17776222381225	-6.44334225	2.36194975
daww1239	0.316840177235	2.08460847946896	-3.950985	4.21412125
daza1242	-0.551557260712	2.40811825280279	-5.60628	4.0204845
dege1246	-1.026902202307	1.80873386571967	-4.9064625	2.27877625
desa1247	-1.5136630212395	2.01147179147895	-6.01724825	2.00563475
dhao1237	-0.723029711725	2.2033546574648	-5.40288375	3.1880955
dhar1247	-0.6800143354935	2.21288887064819	-5.20776	3.35478
dhim1246	2.93420763535	1.95597370807247	-0.921975725	6.95272174999998
dhuw1249	2.73071042388	1.94150243573926	-0.827348675	6.8573365
dido1241	-1.345920302475	2.0768587373551	-5.82563175	2.36712275
dier1241	-0.979167844505	2.22584307302151	-5.745568	3.0312935
diga1241	-0.699312763918	2.3365353157903	-5.6036255	3.72461149999999
digo1243	2.3216581609435	1.94563847204828	-1.114671	6.67815425
dima1251	-1.371281506735	2.33744085977784	-6.19669675	3.11120125
djam1255	0.2018745239785	1.84458734844657	-3.69768075	3.751816
djee1236	1.7995967152	1.83512280242358	-1.82084675	5.34356325
djeo1235	-0.59529359728	2.16800052948086	-5.07872825	3.39037699999999
djin1251	2.255415146354	1.97483112480966	-1.418095	6.38231424999999
dobe1238	1.137620000515	1.91871188518281	-2.84312575	4.801109
dobu1241	-0.69079854417	2.03822649060102	-5.050831	2.87409124999999
domm1246	-2.08200344580125	2.13926203177471	-6.62270275	1.85305049999999
dong1285	-0.615786887	2.36550936485961	-5.5885695	3.73296
doro1266	-0.034399571015	1.67518994819786	-3.542673	3.02104525
drun1238	-0.70635972392	2.36087508546864	-5.590769	3.68348275
dual1243	-0.08815289951235	1.76410539509184	-3.84483425	3.23445525
dumb1241	-1.24645519785	2.20601929607192	-5.94677325	2.7236015
dumi1241	0.19289983281	1.95886134335338	-3.8938515	3.91438375
dupa1235	1.05502433721	1.61579517200195	-2.223792	4.05451325
duru1236	2.48924200732	2.01960471236478	-1.19600375	6.7703275
dusn1237	2.341753872555	1.88137528529819	-1.317775	6.12517
dutc1256	-1.594649242495	2.1108205501262	-6.117323	2.0739155
dyir1250	-1.737717009715	2.10063720056234	-6.36582275	2.04386075
dzao1238	-0.1844896114662	2.28695899421727	-5.23418525	4.078898
dzon1239	0.42080601203	2.24608264519306	-4.20516675	4.71890674999999
east2328	-0.5124945649625	2.22354480218398	-5.307731	3.57602475
east2332	2.06276058911	1.8060557584682	-1.50982	5.78822574999999
east2333	-1.701254170115	2.10224652224984	-6.26523925	1.85467799999999
east2342	0.74803523679	2.00264270729567	-3.24278075	4.66830425
east2443	-1.74397781366	1.95421255303303	-6.084829	1.82792375
east2447	-0.0490884352375	2.14917762891324	-4.66492375	4.05138975
east2516	-1.844513630155	2.10174115945271	-6.2967325	2.05864675
east2555	-0.6137042773885	2.21838755271479	-5.17733325	3.31601775
east2556	1.917812426062	1.56381390985926	-0.895133175	5.04871925
east2694	0.689854462189	1.85568015118662	-3.1280795	4.16642675
east2773	-0.09216309727	2.12934099938014	-4.4211025	3.761408
egyp1253	2.7604982216315	2.0932951248699	-1.084822	7.08405149999999
eipo1242	-1.414847393961	2.33767153295278	-6.54092375	2.70938599999999
ekar1243	0.12781443465	2.17851961438648	-4.376584	4.2938035
elem1253	-0.578168895569	1.55924140252038	-3.857135	2.19599825
emae1237	0.209557831652	1.58963575723522	-3.289813	3.08075475
emai1241	-0.2792970840475	1.70387192333154	-3.816316	2.722698
embe1260	-1.04548312607	2.34008761011397	-6.0330505	3.18362925
embe1262	-0.827410003235	2.41849758339566	-5.8845005	3.5813565
enap1235	-0.7476176835815	2.32053120928899	-5.789633	3.54703375
enuu1235	-1.235361493605	2.40812737316519	-6.22594075	3.1017465
epen1239	-0.835453835175	2.40509749578463	-6.27271075	3.40566025
ersu1241	-0.736094215145	2.29835950369389	-5.59548775	3.41916224999999
erzy1239	3.41321419853	2.1965194230683	-0.584133975	7.94093949999999
esan1238	-0.959803203945	2.01882786010461	-5.13962675	2.82000125
esee1248	2.38520740501	1.88879125379013	-1.05263475	6.388318
esto1258	3.61195102052	2.1760266115439	-0.093858655	8.445206
eton1253	2.74446085816	1.71182262865135	-0.294948825	6.4932575
even1259	-0.379156397885	2.51695604323302	-5.8794985	4.33420875
even1260	-0.26078328367	2.51820672072305	-5.3211775	4.62329875
ewee1241	-0.957850982523	1.84787245858852	-4.7238405	2.38948925
fait1240	-2.175070201215	2.25583611619367	-7.31064225	1.8345405
fare1241	-1.479649076394	2.32320837145763	-6.4897475	2.55681724999999
faro1244	-1.277661741852	2.20056069679562	-6.01781425	2.61782775
fass1245	-2.191848864604	2.18919084518556	-6.92405575	1.626059
fasu1242	-1.624313293775	2.21436770982309	-6.40848375	2.510966
fiji1243	-0.658480449085	2.17343824913059	-5.13994975	3.276563
fili1244	-1.1729807379721	2.0667728510608	-5.8063225	2.44148125
filo1235	1.498099286429	1.40552434907658	-1.24687475	4.42158725
fina1242	4.4020552045	1.5688413525147	1.68284475	7.7608005
finn1318	-0.6882522269405	2.20622820145023	-5.1482475	3.3575925
fonn1241	-1.123029245181	1.91807257416299	-5.50590225	2.14847149999999
fore1265	-0.534142105583	2.48001746142563	-5.80189975	4.06568375
fran1266	-1.112824591645	2.24231575535492	-6.00967425	2.93291675
fuln1247	-0.6222704477585	2.24418396285524	-5.237051	3.393188
furr1244	-0.810731692725	2.28356854594396	-5.76996625	3.391325
futu1245	-0.265106086367	2.02812882805918	-4.4611645	3.55719525
fuyu1242	-0.261273058985	1.85477655694321	-4.00568125	3.296399
gaaa1245	-2.462210082265	2.00737246198208	-6.93581125	1.121932
gaam1241	0.1554528180275	2.05962024951316	-3.978288	4.20452175
gaan1243	-1.367886849872	2.16337374136811	-5.9430165	2.62337875
gade1242	-1.54356771749	2.08288376151561	-6.18306575	2.275954
gaga1249	-0.3625250663295	2.47260454422793	-5.5694265	4.1505735
gahr1239	0.5496425756175	2.21276707457489	-3.93238225	4.77691674999999
gale1259	-0.912478341624	2.31047129817737	-5.836599	3.34086425
gali1258	-1.44280530404	2.03887971835723	-5.799995	2.24788525
gali1262	-0.81372930683	2.18867713769958	-5.2517015	3.11189925
galo1242	-0.8781580203055	2.30298730250653	-5.55191325	3.409994
gami1243	2.82460869248	2.07720368168729	-0.742223325	7.27705525
gamo1243	-1.851022440235	2.31101501368219	-6.6294775	2.315111
gand1255	-1.130442121997	1.98740640938854	-5.696709	2.362488
gant1244	-2.218264301451	2.27634142619734	-7.12201475	2.01091
gapa1238	-1.02873506643	2.05826623132319	-5.413846	2.6024635
gata1239	2.370935170705	1.69966211360476	-0.99319505	5.8072565
gayo1244	-0.784389867065	2.33696407617103	-5.90668475	3.3219225
gbay1278	-1.066619984885	2.32955399799307	-5.89436225	3.04556975
gbay1288	3.03116311315	2.02354051883737	-0.55970275	7.29949625
geba1237	-0.60341057768	2.20281949529855	-5.46174575	3.4352445
geda1237	-2.094085977171	2.2829457240567	-7.07473	1.99065725
gela1263	-0.6247875126825	1.79895890456828	-4.34458925	2.7038875
gese1240	-0.648754793766	2.21882893644131	-5.3176835	3.35116
ghad1239	-0.628464659252	2.27365198334944	-5.2801755	3.37393675
gheg1238	2.56083659808	2.01152911886708	-0.89982835	6.95102325
ghod1238	-1.1302980344775	2.08213855043029	-5.398837	2.648443
gida1247	-0.2635923710215	1.57991158559482	-3.5728805	2.6526365
gily1242	-0.6773925077107	2.26185833747636	-5.551486	3.65105899999999
gira1247	-2.17104894399	2.33125076986762	-7.31548725	1.8403235
glav1244	-2.0032136865325	1.96277795818844	-6.18833825	1.667241
goem1240	-2.3280407648855	2.24790716037649	-6.98520225	1.58325725
gofa1235	-1.82008849148	2.21890177260263	-6.68446125	2.4365545
gogo1265	-0.501128992155	1.90974651509994	-4.53542375	3.072936
gola1255	2.727197762685	2.01064204630638	-0.8194407	7.0692485
guah1255	-0.9939592180765	2.22892268071942	-5.94779725	2.97491725
guan1266	-0.709465287775	2.53588132695663	-5.76600275	3.99059175
guan1269	-1.4131766139115	2.16936927842121	-6.20151675	2.579503
guat1253	-0.813303939089	2.20323794570564	-5.38031025	3.0017405
gube1234	2.48300361466	2.02044417896756	-1.11423675	6.8795255
gude1246	-1.27335642342	1.8586782813224	-5.3554635	2.1386885
guer1243	2.18317216459	1.561963422756	-0.6535378	5.53788749999999
gugu1255	-1.1983281494	2.22854525792896	-5.95825575	2.7986285
guhu1244	-0.719936633479	1.95835577932758	-4.6681675	3.142232
guiq1238	-0.710791308835	2.36506477324481	-5.367439	3.818021
guma1254	-0.7036164353	1.9821892254648	-4.90601775	2.84128325
gumu1244	-0.2972988701325	2.12608636854593	-4.565869	3.72299975
gunw1252	2.59360564056	1.90864957668783	-0.803240125	6.76625025
guny1241	0.779060997245	1.88677954707244	-3.03990825	4.29133224999999
guru1261	0.1667378798275	1.94790243239753	-3.9039165	3.72153975
guru1271	-1.451443896625	2.02916995414632	-5.64889325	2.2558655
gyel1242	2.71466995115	1.90053907234501	-0.7433595	6.8683755
haaa1252	-0.4482802608575	2.22062875981858	-5.079288	3.55555449999999
hadi1240	-1.582073204095	2.18355196114368	-6.11227525	2.39819224999999
hadz1240	-1.2874364618885	2.1747616499473	-5.92540925	2.6735305
haka1240	-0.8972075818455	2.26042913926713	-5.37072625	3.17122675
hala1252	-1.78469581554	2.18696330835577	-6.338345	2.06584225
halh1238	-0.38264085828	2.33921094993025	-5.28407525	4.0533755
hali1244	0.220535084145	1.80511877278764	-3.526372	3.62132625
halk1245	-1.203049981945	2.09597129319213	-5.6741825	2.5316425
hame1242	-2.00945215019	2.20179954309433	-6.777052	1.882771
hang1263	-2.509002292785	2.15574773468253	-7.345673	1.3201985
hani1248	-1.106910233125	2.47016808217141	-6.365336	3.565982
hano1246	-1.438561489065	1.86844992655161	-5.477582	1.9451595
haru1245	-2.18896335449	2.25688790082278	-6.97209825	1.9379015
haus1257	2.199773778595	1.8875538721031	-1.24176475	6.246565
hava1248	-0.5091178475845	2.20980843436331	-5.43884275	3.52976425
hawa1245	-0.50895729761	2.33661515402825	-5.5941955	3.6665915
hdii1240	-1.9223940547225	1.90949926398298	-5.94403825	1.59087525
hebr1245	2.758428978915	2.06511083095837	-0.9776454	7.27205425
heil1246	-1.79549153773	2.07254437488178	-6.27968975	1.8263035
hela1238	-0.71139420868	2.13808401353663	-5.1718745	3.16222275
here1253	-0.792813945475	2.13979580431134	-5.5391925	2.871978
hida1246	-0.69310703906	2.28594948150545	-5.5995815	3.34627199999999
hind1269	2.684176136825	2.07006794654419	-0.799861775	7.178189
hixk1239	-0.76312610823	2.33394675455575	-5.7930705	3.482057
hoaa1235	-1.114200506044	2.29466121239074	-5.960807	3.15924975
hoav1238	-1.2600295940795	2.15826049292508	-5.93732525	2.3772425
holo1240	2.928574864745	1.98292577182306	-0.715416175	7.11326124999999
hone1235	-1.557100554387	1.87567658904292	-5.5680445	1.71628975
honi1244	-1.201533830605	2.49507642599124	-6.44913825	3.3145595
hopi1249	3.1723784524325	2.01115045962622	-0.299900475	7.61365325
horp1239	-0.710909141336	2.5017091082714	-5.932675	3.922274
hote1245	-1.57610703056	1.90147998382212	-5.59713275	1.8173985
huaa1248	2.43881807801	2.10860761043456	-1.386169	7.0065885
hual1241	-1.055879358881	2.21868117014996	-5.58860875	2.93797525
huar1255	0.3454513016775	1.81913611299075	-3.27695525	3.841957
huas1242	0.1209437707325	1.9500448437432	-3.81134675	3.9211285
huic1243	1.850468190415	1.93870417960709	-1.73303675	6.02674325
hula1239	-0.6283889781715	1.86656568005406	-4.70879375	2.7357945
hula1244	-0.9279747875359	2.22357407328443	-5.8212275	3.01944575
humb1243	3.0366282762495	2.06470345117409	-0.741772375	7.31000025
hung1274	-0.43975584017	2.39675872994286	-5.7371405	3.80099425
hunz1247	-1.092287440665	2.0126975998164	-5.30140025	2.38350275
hupd1244	-1.5894475189655	2.07727727767274	-6.20071525	2.130889
huuu1240	-1.29492732054935	2.01915428260277	-5.5742955	2.27586425
iaai1238	-1.276588134335	2.19392549366107	-6.032913	2.75434325
iama1237	-0.86442491912	1.9671890500041	-5.15204475	2.58678474999999
iatm1242	-2.263923392241	2.24894524213649	-6.88532925	1.84079525
iban1264	3.112072732025	2.06188675623328	-0.828340475	7.39482725
iban1267	1.717046237735	1.51375883174494	-1.35528725	4.6138625
ibat1238	0.73903011018455	2.043463018271	-3.43538275	4.53362475
ibib1240	1.08351879578	1.72321561262061	-2.15216075	4.6232515
icel1247	-1.270313242075	2.071178536252	-5.813335	2.37996425
idii1243	0.679940139	1.68795296049003	-2.766095	3.8603975
idum1241	-0.472053182495	2.44508527863833	-5.60955425	4.21314725
idun1242	-0.9248370216155	2.06006401196939	-5.30236375	2.756937
ikkk1242	-1.16770290911	2.29822328542836	-5.87827825	3.09958825
iliu1237	-1.135383387115	2.15815107957406	-5.710918	2.74556075
ilon1239	1.3466617040795	1.45036293535791	-1.61010025	4.11348525
imba1240	-1.4812268588185	2.14073200382849	-6.024559	2.4193005
ingr1248	-0.6321102472995	2.09554177297802	-4.99321125	3.252566
ingu1240	-1.40297834732425	2.30690883804522	-6.241759	2.9358035
irar1238	0.906256054822	1.88941971373668	-2.9067495	4.3061025
iris1253	2.06043017843	2.06112318277926	-1.50889425	6.60068024999999
irul1243	-0.2117342214035	2.43277266624092	-5.1679805	4.39680475
isco1239	-0.297805312675	1.93201031707029	-4.34807075	3.2317625
isin1239	2.62826563117	1.45241361710086	-0.164059175	5.621758
isir1237	-1.3267375679835	2.29289999696436	-6.4073745	2.69384449999999
ital1282	-1.391499091151	2.12471616803185	-6.06433875	2.41629225
iton1250	-0.3133068125825	2.12018193975937	-4.8076995	3.55377
itza1241	-1.343379521635	2.27408134660303	-6.31176025	2.62844025
iumi1238	0.6361757942935	2.00398717839485	-3.59510725	4.50647425
iwai1244	2.392561562592	1.99253382472057	-1.17561625	6.66926725
iwal1237	-1.4622852598035	1.90703772271951	-5.5255615	1.87342925
iwam1256	-2.2895138846845	2.2516922715839	-7.427191	1.687561
iyoo1238	-2.128465040275	2.24758709700649	-6.87329025	1.686648
jahh1242	0.4133647990445	1.71875783996997	-3.19845275	3.55930975
jalk1242	-1.0754906744349	2.00223443577258	-5.55306325	2.47379
jama1261	-0.70807391421	2.24540536524228	-5.446394	3.4209925
jamb1236	-0.482250064902	2.35160376350608	-5.63157125	3.73604825
jams1239	-0.432580806335	1.85270477640155	-4.2746255	2.9157155
japh1234	-0.667270741435	2.51234140130308	-5.9673725	4.10827525
jaqa1244	-0.989033654725	2.2616161247074	-5.879793	2.9933495
jara1266	-1.8595727237675	2.23214345581361	-6.52320875	2.15269975
java1254	-0.51024337127	2.31203011603755	-5.64138575	3.7150145
jede1239	2.477351003552	1.6775555351318	-0.610337375	6.0296165
jeha1242	2.195184441975	1.58729122760836	-0.7763346	5.33471825
jeru1240	0.6619355832805	1.84684203477481	-3.086596	4.18238225
jina1244	-1.77917757433	2.09434340384282	-6.2927725	1.87743025
juan1238	-0.4105911420715	2.11385211807585	-4.72781575	3.44412175
juku1254	-3.06983363892	2.17439237956995	-7.830412	0.669345324999995
jurm1239	-1.24317239249	2.35946962032716	-6.3808235	2.87789075
kaba1278	-1.4900182902365	2.16117511822159	-6.01840175	2.27999725
kaba1281	-1.1216378219845	2.26148784675075	-6.02167425	3.02862475
kaby1243	-0.6009992120755	2.2254131228306	-5.32801625	3.320773
kach1280	-0.85888624834	2.4292822686783	-5.7076105	3.697293
kach1284	-1.6064452589628	2.22037301726167	-6.3855365	2.192055
kado1242	-0.716516748085	2.14251031222089	-5.20171975	3.34111375
kafa1242	-1.619251711734	2.30186962554189	-6.71441075	2.35761575
kaga1256	-0.779208356785	2.21441914483496	-5.64644275	3.15052724999999
kagf1238	-1.139915291751	2.12751529623148	-5.815787	2.71072375
kagu1239	-1.45398520247	2.16803274785309	-6.0884405	2.36039625
kaik1246	0.07802051627	2.1105924673162	-4.21751725	4.14747775
kaki1249	1.225881617611	1.79399026771713	-2.35453275	4.8551965
kala1384	2.532642870975	1.91294261324945	-0.868980075	6.7433105
kala1388	-0.454735232659	1.99530454820782	-4.86813	3.145301
kala1399	-0.739259164295	2.27325521538339	-5.695342	3.46342575
kali1308	2.428970838581	1.9767777988403	-1.0212055	6.41973475
kalm1243	-0.411545355185	2.39688867863989	-5.28714225	4.21197575
kamb1297	-1.22258911922965	2.04109466300753	-5.51551825	2.351353
kamb1316	-1.6063522895205	2.18350351671037	-6.41559675	2.18761149999999
kamm1249	-2.703552094075	2.19838155961565	-7.61747125	1.0852285
kamu1260	-0.979370525285	2.10349267207952	-5.57890175	2.984114
kana1286	1.58743251305	1.71348471960007	-1.89894975	4.88183525
kana1291	-0.3641837124395	2.22662928617677	-5.12635175	3.82101874999999
kani1286	-1.8140909292695	2.10909903519384	-6.38049325	2.11740725
kank1243	4.8352125311	1.78950703310348	1.7396785	8.706854
kaon1241	2.552310404295	1.96688508140675	-1.009845	6.729782
kaqc1270	2.732768646225	1.74650509439225	-0.2710156	6.530984
kara1482	-0.1100582180555	2.12531590843838	-4.55472775	3.86610075
kara1486	-1.5993559438075	2.07057199641323	-5.97948825	2.06909625
kara1500	2.947186707045	2.03982779150506	-0.643443425	7.327214
kare1335	-0.888451271985	2.31218138850332	-5.82540875	3.333534
kari1311	-0.753847922725	2.19630839110178	-5.31143925	3.15892775
karo1304	-0.1417227084225	2.12081365177407	-4.52721125	3.690116
kash1277	2.287698942325	1.94951831655811	-1.048984	6.49033025
katb1237	-1.42451869141	1.57269206343462	-4.90304625	1.354387
kats1235	-1.00604267089	2.39902171111277	-5.84150925	3.57903125
kava1241	-0.499903959197	2.05159988457287	-4.77424275	3.31882925
kawa1283	-0.000878354568	1.94294104706229	-3.9410035	3.78580225
kaya1315	-0.340890186701	2.0831351136844	-4.7072265	3.4019035
keap1239	-0.64193468591	1.92955853948818	-4.74478625	2.83807274999999
keda1252	0.9551589733015	1.65589134905301	-2.335016	4.13405975
keig1242	-0.402145246389955	1.94141415244215	-4.47266575	3.23743725
kele1258	-1.366098504304	2.21521009285552	-6.17752925	2.382565
kemb1249	0.19010901648	1.91142277861405	-3.785177	3.7375585
keng1240	-0.58460550067	2.20978589462949	-5.127141	3.5874455
kens1248	2.581631290103	1.80084697906566	-0.878074725	6.28994925
kenu1236	-0.361579931328	2.30547658352598	-5.26047875	3.89895375
keoo1238	-0.9757590709585	2.20326339119052	-5.6600225	3.028414
kera1255	-1.149185291255	1.92456195609275	-5.09015375	2.390211
kesa1244	-2.14355638328	2.227494545028	-6.87433575	1.79928424999999
kett1243	-0.802622974873	2.39252148210847	-5.8880545	3.43967775
kgal1244	-0.68830755711165	2.11450387250171	-5.32900775	3.12370225
khak1248	-0.519700286725	2.45384181574863	-5.53173925	4.0576735
khal1275	0.65990567546	1.98324907439266	-3.4412655	4.6756295
kham1282	-0.214696304605	2.48021035362148	-5.47577325	4.6468475
khan1274	-1.0220889759125	2.21092165814035	-5.69499375	3.044297
khan1278	-0.2615541376355	1.54903187281498	-3.35054575	2.52970575
khar1287	2.4715028088	1.86196466805061	-1.10567625	6.25209425
khar1288	-1.379502146425	2.35393483673348	-6.31684075	2.94377125
khas1269	-1.5026987356105	2.14632507505544	-6.363457	2.25390175
khez1235	-1.33001551486	2.27242700047879	-5.99968575	2.96263775
khin1240	1.29781196309	1.7610328924603	-2.228735	4.69628874999999
khmu1256	2.220008001695	1.89083986222872	-1.167499	6.07730175
khva1239	-1.2616663488625	2.02089215555065	-5.532875	2.3388035
kich1262	2.43948802004	1.70123126460667	-0.577931075	6.120026
kiku1240	-1.515287870135	2.07518161734868	-5.9875155	2.20909275
kile1243	-0.368423613436	2.46691294269045	-5.384836	4.31053125
kili1267	-0.28701673602	2.06225751033442	-4.40888025	3.59582075
kima1246	-0.957913948265	2.26759882454419	-5.7111845	3.14059675
kimm1245	-1.261945247585	2.19430018302495	-5.9126065	2.8147775
kina1250	-0.817947008475	2.28345355480625	-5.691166	3.4272965
kinn1249	1.63066995611	2.15717526861248	-2.52331925	5.7360875
kiow1266	2.782197251435	2.10671485348864	-0.990707975	7.2289605
kips1239	-0.5583788182095	1.98603121011441	-4.669533	3.1378885
koda1255	-0.5562778112395	2.36988951753147	-5.52973175	3.83359475
koho1244	-1.57376317012	2.18044300371526	-6.15941325	2.359682
koir1240	-1.36680219557	2.3368302673704	-6.09062425	3.048536
koit1244	-0.494950519718612	1.90241062709938	-4.33041625	2.99801425
koka1244	-0.96907640108	2.20118627639199	-5.755203	2.9681465
koko1269	-1.3646433056	2.15183766299987	-6.01201175	2.4245875
kola1285	2.9894078643315	2.02926899163421	-0.7355043	7.24537475
kolb1240	-1.527724031715	2.09877787982	-5.95343625	2.35267475
kolc1235	-0.32091513163	1.87544401799118	-4.310297	3.07174125
kolu1245	-0.9137981921795	1.97002246108083	-5.17404275	2.61641775
komb1274	-1.068546525045	2.33507042641361	-5.830063	3.3949675
komc1235	-3.0714295236625	1.96598797187944	-7.40283275	0.180593074999999
komi1268	-0.4865092232735	2.42499129528358	-5.379327	4.051527
komi1269	-0.3039343183655	2.27165098229092	-4.976057	3.9882865
komi1270	-1.2303357304043	2.33001500138377	-6.172604	3.12961625
kona1242	-1.8136769138815	2.30351841163732	-6.5595955	2.31847025
konk1267	-1.147708126745	2.13260798276576	-5.66890775	2.746171
kony1248	-1.096905559504	2.40991857571992	-6.091884	3.5643025
koon1245	-1.169273137972	2.10260827508226	-5.76400125	2.5665355
koor1239	-1.592062477545	2.32294932134745	-6.55488075	2.52844275
kore1280	-0.558126332711	2.556087857465	-5.947181	4.31652175
kore1283	-0.923922147026	2.30490095222934	-5.794608	3.1778885
kork1243	-0.268726391315	2.31777168708762	-5.26136975	3.95321675
koro1298	-0.41064933598	1.94706907530011	-4.8584825	2.97158925
koro1313	0.768224987325	1.9562670446509	-3.18796025	4.4470795
kosa1249	-1.33555823912	2.3847569705913	-6.321781	3.07482874999999
kosr1238	3.3216177047	2.01741849351532	-0.273074325	7.79861349999999
koti1238	-1.151529591061	2.09633876827348	-5.6395025	2.5213165
kove1237	-1.6579097958575	2.18981967650045	-6.49717675	2.29927775
koyr1242	3.1227631227905	2.13830799126729	-0.6378613	7.66043175
koys1242	-1.467317403115	2.21675521627321	-6.0420485	2.5084845
kren1239	-0.302416731493	2.09933768428862	-4.761079	3.502596
kron1241	-0.257028162325	1.77555460867454	-3.902515	3.131357
kryt1240	1.24551608095195	1.77393795836169	-2.222355	4.60373175
kuan1248	-1.643812065594	2.05935145878858	-6.02981275	1.88572975
kuii1252	0.419795970774	1.99759410399173	-3.752167	4.21780999999999
kuik1246	-0.3031977309755	2.13179990830542	-4.80765025	3.61128525
kuku1273	-1.509844293233	2.26436640143946	-6.51906675	2.65346374999999
kulo1237	0.6919710705228	1.69555019433274	-2.8806385	3.8908315
kulu1253	1.09628925034	1.86485456698685	-2.5828375	4.888477
kuma1276	-1.2729579816055	2.12245283771173	-5.63082875	2.352763
kuma1280	-2.12229196449	2.18758945355926	-6.8520635	1.95340175
kumb1268	-0.616387982509	2.06785746473247	-5.03029875	3.1576285
kumz1235	-1.4650684620515	1.96521005953022	-5.82053775	1.95001624999999
kuna1268	-1.026283351394	2.21301640864429	-5.886762	3.059506
kunb1251	2.648660762625	1.78222582641213	-0.7086113	6.40729725
kuni1267	-0.6086708170285	1.75675599794081	-4.26120425	2.77329975
kunj1245	-1.2739727107155	2.31010335531624	-6.2521165	2.91850425
kuot1243	-1.7618134488375	2.04568331901785	-6.28849125	1.67022675
kurr1243	-1.3801731653135	2.28198310274906	-6.34717175	2.76608674999999
kusa1251	-1.1665840731915	2.16530825695921	-5.840826	2.6661345
kusu1250	0.78615430322	1.86376875928165	-2.87051425	4.40653625
kute1248	-3.0803715434785	2.17586377510578	-7.8232445	0.591744474999997
kute1249	0.271425863605	1.89608771508438	-3.53538075	3.82008124999999
kuyy1240	-1.266311921671	2.21497097989462	-5.99748275	2.7074345
kwai1243	0.9789660328765	1.69869705436482	-2.33641	4.14222375
kwam1249	-0.718044913289	2.068389496597	-5.1303565	3.0027425
kwam1252	-0.209263663745	1.72028762386278	-3.86641375	2.8634865
kwar1239	0.337333061853	1.69435381403502	-3.0864635	3.51912625
kwaz1243	2.678177366187	2.0440754830038	-1.11212175	6.96820925
kweg1241	-1.93301107486	2.32204628401079	-6.8215355	2.0793805
kwin1241	-0.470865916275	2.02512348673326	-4.675805	3.1823175
kwom1262	-2.488633839215	2.14087215943868	-7.27470325	1.2166565
kxoe1243	-1.134640840202	2.24961446753887	-5.87074875	2.8690025
kyer1238	-1.01879219719	2.18121646546872	-5.764042	2.88869249999999
laal1242	1.3984286294965	2.04682227203251	-2.5130805	5.43829175
labo1244	-1.20573752464	1.61684014228191	-4.64418775	1.74431625
labu1248	-1.848925330697	1.99759691532385	-6.1711105	1.70479825
lach1248	-1.2813491806625	2.24642359375785	-5.96288625	2.8921445
lagw1237	-1.7480466439705	2.12150968258842	-6.2721	2.00052825
lahu1252	-0.21593899505	2.02757464289118	-4.36122525	3.46835925
lahu1253	-0.323241032092	2.12941545012224	-4.72346475	3.59100525
laiy1246	-0.5852829538985	2.23194839669092	-5.24128675	3.50690374999999
lakk1252	-0.06844504893	1.95546336461634	-4.14012475	3.6118995
lala1268	-0.3411772714325	1.91435196686314	-4.2232375	3.22607175
lama1277	0.1900603902505	1.78667993450044	-3.42443125	3.50401875
lama1288	-1.955066913955	1.93294767518719	-6.07486625	1.57380225
lame1260	0.2634459306995	1.48703484337157	-2.713068	3.170076
lamk1238	-1.16776223179	2.250998468798	-6.129227	2.9093325
lamo1244	-1.603245103595	2.15124495459373	-6.2867705	2.322875
lash1243	-0.969229924287	2.34175698355133	-5.902535	3.356121
latv1249	2.86145124399	2.1752346804493	-0.778570325	7.673396
lave1248	-1.3421085659685	2.0756873465145	-5.817836	2.3408195
lave1249	-1.8153260062525	2.16032055918766	-6.50398	2.00038124999999
lavu1241	-1.2163245175705	2.26782484994749	-5.9285435	2.99596574999999
lazz1240	-1.25769408524	2.23568795383329	-5.8778745	2.91988249999999
lele1276	-1.07935137909995	2.1102788523137	-5.4756665	2.846991
lemb1266	-2.17991461617242	2.31067798900805	-7.2733955	2.0809275
leme1238	-1.522880830585	2.17378895760436	-6.24512	2.135572
lena1238	0.083719145622	1.6510579791473	-3.35043125	3.19238975
lend1245	0.7904490263	2.09632671505583	-3.42214775	4.88118875
leng1259	-0.16012576241	1.79623119410973	-3.8062575	3.18958375
lepc1244	1.837206936955	2.03628278519703	-2.37704375	5.874581
lese1243	3.58478298018	2.14370765361297	-0.2564185	8.39032175
leti1246	-1.268425190835	2.23592635533145	-6.164851	2.69264325
lewo1242	0.31849188725	1.54311877725025	-2.87772475	3.2811015
lewo1244	0.180267035208	1.81078297492799	-3.6415555	3.5875395
lezg1247	1.93874204323	1.86061783488704	-1.6589665	5.76666775
lian1251	-1.394036666815	2.34202425689148	-6.18265675	2.999942
liby1240	2.696563423749	1.99916443450029	-0.806111475	6.84822
liji1238	-2.0559456355535	2.16990013665934	-6.7660955	1.7003795
lika1243	-0.6174934419795	2.02073270241205	-5.06218175	3.04654325
lill1248	-1.37468575129	2.28331535997602	-6.41423175	2.763695
limb1266	1.19465441119	1.92844469222439	-2.71632425	4.9949365
ling1265	-1.516097331373	1.57428506803163	-5.009848	1.16903675
lipo1242	-0.998323025235	2.43694663932144	-6.39510475	3.39777325
lish1245	-1.560600426829	2.17458239406804	-6.135283	2.38386175
lisu1250	-0.89559881978	2.34136914029704	-5.7257175	3.58484775
lith1251	2.437558896232	2.13979885869052	-1.33127	7.19097175
litz1237	-1.6492174730835	1.63707839214595	-5.13971475	1.253684
livv1243	-0.995556327705	2.36794602231001	-6.088966	3.36595125
logo1259	-0.3960183960215	2.30087781075223	-5.2445625	4.0116935
lolo1259	-0.967420833168	2.39980279214048	-6.04822975	3.46105825
lomb1257	-1.820041277925	2.08702740005533	-6.261307	1.7493625
long1395	0.15731477814	1.80344333144309	-3.523846	3.70605525
loni1238	-1.317538614905	2.25883832414592	-6.1269765	2.46486425
lote1237	-1.281495603885	2.22993596586634	-6.03010625	2.71909475
loth1237	-1.309361549095	2.28727323830979	-5.9948515	2.9578255
louu1245	-1.394955180945	2.24997094701242	-6.18827825	2.58177075
lowl1260	2.82085849251	1.88608413589934	-0.427598675	6.98375149999999
lowl1265	2.058470328745	1.75115949067018	-1.234011	5.870605
luan1263	-1.190835950295	2.27188819017951	-6.48764925	2.84550274999999
ludi1246	-1.039217767865	2.30408856741797	-5.93252625	3.09254474999999
lugb1240	-0.391936721525	2.33038281967378	-5.282199	3.86432525
lugu1238	-1.276980413285	2.13291842435081	-5.9051065	2.414601
lule1254	-0.87011178448	2.2098012988518	-5.76075525	3.028631
lumu1239	0.13743867092	1.64004991262416	-3.28104475	3.43377375
lund1266	-0.5427242564	2.04434645372085	-4.9468225	3.09017649999999
luok1236	1.561116159401	1.9737770685935	-2.01989775	5.62871875
lush1249	-0.808342838555	2.30254110175084	-5.33827875	3.42009275
lush1252	-0.9110283059525	2.15736307917073	-5.50416075	2.905775
luya1241	-1.01425157631	2.23390158726422	-5.88347125	2.949352
maan1238	-0.44701581202	2.18849632152188	-5.0118805	3.5514985
maba1277	-0.6396864511735	2.39023491100269	-5.54405375	3.7461695
mace1250	2.646958198855	2.08750700061847	-0.89952765	7.30516224999999
maco1239	-0.9168600952125	2.32586860391304	-5.77650175	3.4296825
macu1259	-0.674563805185	2.36406136629058	-5.61991425	3.71288475
macu1260	-1.22070587778625	2.09382412565172	-5.5721415	2.56771825
mada1285	-1.7010974527225	2.1476776631057	-6.5153645	2.03327175
madi1260	-0.86691219408	2.37440361657137	-6.021369	3.591317
maee1241	-1.82876708857	1.70173368831299	-5.65155075	1.0403775
mafe1237	-2.0249621811255	1.91883788356576	-6.37315625	1.45862225
magd1235	0.868502784186	1.45799614203563	-1.98950475	3.72501875
maia1254	-2.02606527591	2.32426526222168	-7.1422545	2.12173925
maib1239	0.487809107575	2.01385826538731	-3.543368	4.294374
mail1248	-1.037137361581	2.19535416119002	-5.98786125	2.99379474999999
mais1250	0.2101745151335	1.87163931597271	-3.7903255	3.764007
mait1250	2.40551431723	1.87733133825353	-0.8500617	6.568777
maja1242	-1.56953149388	2.22980543732241	-6.484375	2.354925
makc1235	-0.733676857625	2.36566324637142	-5.80857925	3.76627875
makh1264	-1.169368162063	2.22532419544641	-5.95545675	2.749759
mala1463	-0.417744046629	2.42870667839286	-5.359171	4.19130225
mala1464	-0.45070853714	2.38827146408495	-5.3357115	4.30223374999999
mala1479	0.702449861365	1.97583433903355	-3.35379825	4.616868
mala1522	-1.35080865756	2.10036044076812	-5.85436925	2.31238374999999
mala1534	2.494637622258	1.5632922152631	-0.4088918	5.65667075
male1284	-1.92204653917	2.30528660316579	-7.02112925	2.28007324999999
male1297	2.82079893106	2.03460784862101	-0.817790725	7.0036935
malg1251	-1.78799103064	2.11720902260904	-6.339981	2.05392125
mali1285	2.763434779345	1.732329116889	-0.2649439	6.556014
malo1243	-1.98559951904045	1.8264961320208	-6.0532405	1.194479
malt1254	2.22086037037	1.98282623219067	-1.3646335	6.405663
malu1245	-1.8344851230635	1.72600457175594	-5.59789775	1.1293095
mama1275	3.27054184161	2.08382820350228	-0.67555745	7.556232
mamb1294	0.2822563954175	1.560176200448	-2.85945225	3.2196195
mamb1306	-0.7514874102355	2.29017495533936	-5.493101	3.436824
mamm1241	0.255989966809	1.7099265619338	-3.085585	3.6104685
mamv1243	0.3312362425785	2.11501358391244	-3.77882975	4.467733
mana1288	-0.7551321908185	2.05382321461934	-4.9703815	2.9928145
mana1295	-1.84855351422	2.36519532019411	-7.03001325	2.2423915
mana1298	-2.424019335765	2.17669705704419	-7.1324025	1.3775585
mand1415	-0.426036147135	2.37054399878293	-5.5011525	4.0464535
mand1436	3.2963242803155	2.04323320585794	-0.31967515	7.589659
mand1440	-1.52548611974	2.13982895092154	-6.14907	2.2303525
mang1378	-0.6754561527035	1.98361787044758	-4.836429	2.73050175
mang1381	-0.2295702513905	2.26141172726204	-4.6441835	4.06551475
mang1394	-0.85810127326	2.1626513909315	-5.5370565	3.1015925
mang1401	-0.534799774898	2.34615658414111	-5.41650775	3.72578199999999
mang1403	-1.38031164259	2.24300075294737	-6.19420975	2.4793475
mang1405	-0.967971909844	2.36324954610161	-6.127513	3.33799
mani1235	-0.4220319333	1.94404943834951	-4.6375855	3.09310775
manm1238	-1.3358070413115	2.04410291986359	-5.648097	2.3444505
mann1248	-0.032507194535	2.28966245924105	-4.9688245	4.26635325
maor1246	-0.557513346205	2.27298594263212	-5.434082	3.64792625
mapo1242	-1.75283016447	1.92596632656543	-5.80983225	1.624742
mapu1245	-0.8146505942585	2.20621753673359	-5.5665285	3.07725975
mara1378	-1.17679906357615	2.13997040892707	-5.89219625	2.637615
mara1379	-1.360729799685	2.31370212359374	-6.092424	2.86063375
mara1382	-0.748665015936	2.32754685276145	-5.40330775	3.6317205
mara1386	-0.9666045735295	2.21611024862644	-5.6923445	2.97763725
mara1404	2.32397388959	1.85618273053058	-1.372206	6.14316075
marg1253	2.439243010225	1.93763377040878	-1.211256	6.4242645
marg1265	-1.584447340965	2.13332652913868	-6.22368775	2.219441
mari1416	-1.227451498159	2.29753034090464	-6.1002325	2.9338195
mari1426	-1.607966681285	2.12972459621431	-6.26819925	2.40090025
mari1428	-2.1574440784855	2.30054467747123	-7.16098625	1.91301325
mari1440	0.3968556101905	1.89415596196866	-3.40348625	3.8253575
mars1254	3.30368776544	2.14259144090558	-0.52304865	8.12020524999999
mart1255	-1.15631083427	2.21017464300606	-5.89949275	2.928794
maru1249	-1.07353373764	2.48468165365212	-6.3550195	3.5721545
maru1252	1.398356019931	1.80215471550767	-2.28145075	5.073656
masa1322	-1.185860920475	2.05459519023949	-5.336615	2.59217299999999
masb1238	-1.127553893861	2.10736048385886	-5.77252475	2.64656275
mask1242	-0.502617415487	1.51622257164975	-3.67718125	2.37427175
matb1237	-0.73374135371	2.25064074828541	-5.4698355	3.23281649999999
mato1252	-2.09683311323	2.23546735392919	-6.91688125	1.75869625
mats1244	2.589861993035	1.97740521261134	-1.248582	6.63661549999999
matu1261	-1.9711322809282	2.30268862227758	-6.8774395	2.22248175
maun1240	2.986038396385	1.90917071003136	-0.523094	7.03387225
maxa1247	2.78063997358	1.94578605045317	-0.7658681	6.9693575
maya1285	-0.811021273465	2.30127802451307	-5.61534125	3.57173325
mayo1264	-0.875714985155	1.93913152680193	-5.09175475	2.64394925
maza1304	-1.06112810697	1.7818994366293	-4.7859375	2.1675265
mbar1260	-1.3198302360935	2.07056772096879	-5.41680625	2.36817699999999
mbay1241	-1.4407311632015	2.08130606719245	-5.965057	2.1737035
mboc1235	-1.64842317737	1.9671926445735	-6.0305325	1.79647725
mbug1242	-1.51164963451	2.16505230870058	-6.25041475	2.134054
mbul1263	-1.740525619685	2.19925984651223	-6.53753225	2.21648775
mbya1239	-0.668336766415	2.21499963577144	-5.26476875	3.38865225
meen1242	-1.613303809505	2.40810016871812	-6.776802	3.02557
meke1243	-0.156854741006	1.7727494854547	-3.6387275	3.23876675
melo1242	-1.830467014305	2.24120815025978	-6.6323075	2.30286499999999
melp1238	-2.13110009711	2.20258903701533	-6.95186975	1.7738605
mere1242	-1.9770719027325	1.99303587898465	-6.30187125	1.41900775
meta1238	-2.548130680405	2.09856032125638	-7.094095	1.15773749999999
mezo1235	2.1030599031775	1.72725119810893	-0.922552625	5.72740625
mezq1235	2.9017572723375	1.97835469707199	-0.468916525	7.310077
midd1327	-1.58254539737	1.88567779032179	-5.49162325	1.8654325
miju1243	-0.694408897995	2.30358592447874	-5.37402275	3.56513299999999
mika1239	-0.6362235337895	2.35357175433155	-5.744569	3.58840099999999
mikm1235	-0.9719984927	2.27189374792536	-6.1553665	3.06868324999999
mila1245	-0.719098871385	2.35303532701829	-5.681393	3.75193899999999
mina1276	-1.3522156024935	1.80009460100262	-4.88592025	1.86386425
mini1251	-1.667040290915	2.08429472680355	-6.09513775	1.80820575
mini1256	-1.026834710231	2.2689226019575	-5.99937375	3.00924475
minn1241	-0.35920173205	2.371852881617	-5.6705695	4.1396005
miri1266	-0.266681637239	2.1558874228145	-4.6351415	3.82672275
misk1235	-0.90769950128	2.25410611927993	-5.86986025	3.39095125
mixt1426	3.0687060333	1.74090561572783	-0.07195021	6.92731475
miya1259	-0.344501040925	2.52457325868801	-5.52150875	4.4807795
miya1266	0.27717571832	1.80082312704966	-3.343411	3.78682125
mlab1235	-0.3851701649501	2.01677898960018	-4.832022	3.25028125
moba1244	-1.445953195425	2.12552670194275	-6.029971	2.320594
mode1248	-1.29491134742827	2.13995683281724	-5.9459305	2.52453225
moke1242	-0.596698063919	2.22771920915558	-5.32537925	3.4828985
moki1238	2.94768453455	2.00680536941236	-0.773675075	7.25619525
mokl1243	-0.827743828665	2.33957505879784	-5.7084255	3.45594824999999
mokp1239	-0.11662714539758	1.66504259305579	-3.445846	2.974249
moks1248	0.0641068638	2.25921803354942	-4.71789675	4.28342725
molo1266	-1.80932341258	1.93939436625451	-5.94040525	1.74600725
mono1270	-1.5287659844946	2.24641961881656	-6.4349315	2.39678525
mono1275	-0.3641151919605	1.92601757213901	-4.2237085	3.255713
mont1268	-0.65527308733	2.3225344779407	-5.70406275	3.54335575
monz1249	-1.721611119135	2.2078804191415	-6.56561025	2.04821525
mopa1243	-1.04928098716	2.10334837045562	-5.68309125	2.839219
morm1235	-0.2534812416665	2.02261972896704	-4.48167925	3.46209275
moro1285	0.247729185424	1.66288633535442	-3.2257035	3.58465875
mort1237	-0.518928930585	2.32991358934151	-5.54531525	3.6956155
mose1249	3.6238981746545	2.08346416094419	-0.0666383925	8.3632215
motl1237	-1.4377700569205	2.2435718710831	-6.18478	2.562334
motu1246	-0.489970431451	1.89456568679823	-4.379897	2.884446
mouk1239	-1.6720208101085	2.1124864262097	-6.2476455	2.16492199999999
moun1252	-0.14193308501	1.82978849981793	-3.97885775	3.2808755
movi1243	3.192037030045	1.95294027198841	-0.44519435	7.44653725
mpad1242	-1.5986656099	2.24110403424214	-6.28004075	2.444035
mpii1239	-0.01755545264	2.28717933982564	-4.6090775	4.11213549999999
mpot1240	-1.0440569907695	2.20214713460401	-5.89821475	2.91465475
mpur1239	0.23147858397	1.78827062208615	-3.64923675	3.54483625
mual1241	-0.1806806098945	2.10040759599855	-4.68641675	3.6048915
mudu1239	-0.5973592668726	2.3511941618168	-5.42147	3.870065
mudu1242	-1.5315395344145	2.31521317129612	-6.5782345	2.52406825
mull1237	-1.025637614415	2.18297915501683	-5.77442075	2.87128275
munc1235	-0.5989912723325	2.43614240383478	-5.69660725	3.958437
mund1320	0.4298276925405	2.1918814021691	-3.98873875	4.65754775
mund1325	-0.616270155442	1.66576629016867	-4.02489675	2.42723675
mund1328	-3.204941827607	2.00081463561463	-7.7683615	0.0456019624999993
mund1330	-0.64960700355	2.24471908851328	-5.590465	3.35424675
murl1244	-1.270992544495	2.33792414069738	-6.26188625	3.247835
muru1266	2.7220594978225	1.97688873547148	-0.84375335	6.9684635
muru1274	-1.04511049614	2.19750006518418	-5.5729505	2.904139
musa1266	-2.200508285855	2.34821842031133	-7.215533	1.99783575
muth1236	-0.4968098197875	2.37516761328832	-5.31476725	4.0823655
muyu1244	3.119000987535	2.10451821749729	-0.7667888	7.6245185
mwag1236	-1.639858215632	2.04779489896348	-6.07467775	2.00048875
mwan1250	-0.75382109510275	2.1757990529792	-5.29469675	3.275238
nade1244	-0.2989203842105	2.3102627391876	-5.1921035	3.95596325
naka1262	-1.42197138722	2.15552536493489	-6.080955	2.46813075
nalc1240	-1.384404904258	2.34397120013521	-6.51128725	2.8327535
nali1244	-1.70213366152	2.02086076593861	-6.16281575	1.69952925
nama1268	0.2035213076315	1.65680818500827	-3.45453625	3.29963825
namb1293	1.068890595705	1.66284425954544	-2.3331705	4.21677725
namu1246	-0.771336077101	2.33205429721606	-5.71425575	3.546607
nana1257	-0.430338776418	2.42885234604348	-5.463009	4.146542
nand1266	-0.51463232968	1.94208062078734	-4.552777	3.11723574999999
nang1262	-1.0821006009715	2.21944406553597	-5.9510135	2.793788
nant1250	-0.705494961792	2.31971095210508	-5.73248375	3.510619
nara1262	-0.853293939846	2.24186014723971	-5.9130665	3.2272075
naue1237	-1.21475170883	2.2124618759744	-5.7159605	2.715281
naur1243	-0.59370412723	2.51703663204583	-5.91258	3.74964175
nava1243	2.832031618055	1.99759154953536	-0.64759475	6.97338525
nawu1242	-0.507041854667	2.20099317073848	-4.992377	3.57960025
ncan1245	-3.169861828415	1.99089711533135	-7.6583195	0.121591825
ndam1239	-1.100735396445	2.32235397236068	-5.764588	3.06047674999999
ndog1248	-1.0364054722191	2.03370827955747	-5.31235375	2.59418575
ndun1249	1.6822161481	1.9477468935112	-1.855698	5.77266925
negi1245	-0.5698112068315	2.32280019382847	-5.59274475	3.74653975
neha1247	-0.515698364595	2.17562123556155	-4.871741	3.399908
nend1239	-2.21481781652	2.34429041887273	-7.208864	1.97361275
nene1249	-0.42368656344	2.43787949912509	-5.7265645	4.0890645
neng1238	-0.915238530915	2.35790973824999	-5.980896	3.4468395
nenn1238	1.2149757019305	1.65403937616169	-2.03776675	4.50231775
nepa1254	-1.04351768969	1.94059750339812	-5.11902625	2.373582
nese1235	-1.85335195444	1.72416961687096	-5.64613725	1.15865175
newa1246	-0.42649113916	2.04908436670503	-4.44930875	3.47868925
nezp1238	3.224511607195	2.06130664343525	-0.25860655	7.91140075
ngaa1240	-0.819183063215	2.24319743395585	-5.6644715	3.258112
ngab1239	-1.166091618355	2.32609765234496	-6.15383675	3.13869349999999
ngal1292	-0.265813556865	2.13251784524898	-4.66296925	3.57478725
ngam1268	-1.31496600088	2.10401198047882	-5.76969425	2.310164
ngan1291	-0.46309515515	2.36738768056188	-5.3355265	4.013271
ngar1235	1.983259676915	1.92173252212121	-1.57314175	6.19286299999999
ngar1283	0.116839035855	1.93613602746195	-3.87129325	3.92079575
ngar1284	2.741374861452	2.08083389414928	-0.982053575	7.0576885
ngas1240	-1.98037681976	2.11578196359971	-6.3167155	1.81842575
ngba1284	-1.81370420575	2.21352068139806	-6.760185	1.904025
ngba1285	-1.479310345795	2.20748175425731	-6.3056475	2.6170745
ngeq1245	-1.2965424821135	2.01325752282522	-5.51839375	2.20476725
ngit1239	3.47004418695	2.01767256742863	-0.198210625	7.6765015
nhan1238	2.70611545518	2.04059480228871	-1.0189175	6.82386975
nhen1239	2.45633439524	1.97562474301284	-1.3532295	6.50723125
nige1253	1.2064842584615	1.73589144501601	-1.9881195	4.88672725
niha1238	-0.503819805612	2.31696873725751	-5.2864455	3.82811675
nisg1240	-1.475149236296	2.19598033914267	-6.19459175	2.56017425
niua1240	-0.0937074077105	2.19975171302584	-4.749416	3.8003915
niue1239	-0.5451305427034	2.21209305228317	-5.312077	3.50771075
niva1238	-0.66973741762	2.12630385141021	-5.2658025	3.28094625
njan1240	-2.47786595656	2.09924662049922	-7.13495175	1.12958
nkor1239	-0.2892336586065	1.59373416136928	-3.5192595	2.614309
noct1238	-0.997735518538	2.46210550211113	-6.11969075	3.53416474999999
noku1237	-1.7174253268705	2.17516481972584	-6.443589	2.226922
noon1242	-0.078776560335	1.94523932417243	-4.34770425	3.45001075
noon1243	-3.099305701741	1.97393556004645	-7.401577	0.1744707
nopa1235	0.5552246552945	1.36617662694272	-2.06917425	3.252716
nort2671	-0.96836912187	2.28980923494111	-5.90262325	3.02212074999998
nort2684	-0.96777733538	2.21678774388157	-5.63906225	3.029462
nort2690	-0.316685588661	2.31922589950534	-4.89241325	3.8509785
nort2697	-0.4199647164855	2.15004072020021	-4.8126415	3.63013725
nort2722	-0.576689709085	2.44934307811214	-5.82030975	3.9497805
nort2723	-0.80343874802	2.30163048159505	-5.59986875	3.543049
nort2732	-0.3852017457285	2.37213961334519	-5.44822525	3.93036275
nort2745	-0.86661988173	2.28892744857862	-5.55563675	3.27508425
nort2747	-0.76094349741	2.3856931297351	-5.71621875	3.5768715
nort2774	-1.043050909595	1.92998893491765	-5.0968145	2.43239675
nort2775	-1.414222123805	2.21504699983508	-6.3807955	2.530689
nort2836	0.081891982772	1.75319343718504	-3.566977	3.4620885
nort2839	-0.74837450767	1.60182030162608	-4.1017195	2.27766574999999
nort2845	3.33715296637	2.03214760020687	-0.412213125	7.71622699999999
nort2847	0.3139967860825	1.6340014294388	-3.136767	3.57335975
nort2885	0.6083516829695	1.83269179205188	-3.16308725	3.95407275
nort2930	-1.00347477134	2.08345956147247	-5.4375195	2.6861575
nort2938	-1.0905912347375	2.2235729557507	-6.026479	2.900901
nort2942	2.435688975639	2.08344733420411	-1.23097675	6.96762275
nort2954	-0.4792184219125	2.1466976255844	-5.172017	3.43258425
nort2957	2.114866409152	1.37348469016274	-0.52997175	5.00403699999999
nort2959	0.17686299203905	1.99478636156913	-3.972754	3.9829085
nort2961	-1.05858004349	2.26095230038754	-5.99484375	3.0901695
nort2972	-1.061920911074	2.2582649552774	-5.83908575	3.0399305
nort2980	-1.1571465736135	2.2722459302977	-6.02501775	3.052532
nort2994	-1.4112435680125	2.14746496491057	-6.13293775	2.45478825
nort3047	-1.699517620525	1.89685894500472	-5.79012075	1.74091775
nort3139	2.577823021075	2.03838095093274	-0.8100733	7.0460925
nots1237	-1.745643755482	2.05645017889763	-6.5427505	1.83445524999999
nsen1242	2.431302407417	2.00841006961856	-1.1112215	6.74170475
nucl1235	-1.566432427535	2.01781516240148	-5.92464375	1.94604925
nucl1240	-2.383125535975	2.10454701396508	-7.10755975	1.291826
nucl1301	-0.324349826343	2.37808927884841	-5.145843	4.013181
nucl1302	-1.563346383395	2.2865885913136	-6.58782575	2.63170499999999
nucl1305	-0.452042418795	2.34481368451214	-5.34962125	4.08417575
nucl1310	-0.6847020299805	2.45536230772243	-5.75359125	3.8710495
nucl1327	0.0388572863325	2.01963034953728	-4.016072	3.8982025
nucl1347	2.4597561504465	2.04596980246562	-1.20717975	6.77103925
nucl1417	-0.6726110925485	1.58842932660386	-4.0556385	2.1763995
nucl1454	-0.785533284045	2.07059542141916	-5.0736945	3.019839
nucl1593	-2.294512634965	2.18169579772093	-7.117142	1.45469999999999
nucl1595	-1.362884385625	2.22778680202667	-6.050381	2.54884625
nucl1622	-0.7464256470125	2.20455860387962	-5.122672	3.4219015
nucl1630	0.1181021438345	1.64487760893732	-3.2522785	3.14178475
nucl1633	-1.5012811358	2.31272606752527	-6.34558675	2.468116
nucl1643	-0.225338506035	2.48302477859437	-5.241871	4.40613249999999
nucl1706	-0.8888904520765	2.0968257865993	-5.23656925	2.9692445
nuer1246	-1.55035634228	2.27083087839881	-6.3105145	2.50400449999999
nukn1238	-2.081619325095	2.19813416442384	-6.8494115	1.76775524999999
nung1282	-0.845313468515	2.39869483356336	-5.875425	3.5958035
nuuc1236	-1.370704345898	2.25146287044851	-6.0936155	2.54573025
nyah1250	-0.775801315575	2.27292986791959	-5.67654425	3.20166575
nyal1254	-0.837188430905	2.29410200015289	-5.750106	3.45450175
nyam1285	-2.2146924316925	2.13169774336078	-6.89356025	1.4863545
nyan1307	-0.428379641455	2.09183546539366	-4.92364875	3.287668
nyig1240	3.3369574322	2.17220203754686	-0.467740025	8.06858124999999
nyis1236	-1.00351922192	2.43470497342368	-6.14370075	3.57450874999999
nyor1246	-0.2829898478585	1.85326211435941	-4.321632	3.208317
nzak1246	-1.5287378908525	2.04876913954381	-5.8715425	2.07873649999999
obok1239	-1.28203626932645	2.23373190232305	-6.06006475	2.78135625
occi1239	-1.428790747145	2.21492142580306	-6.16861025	2.467615
ofay1240	-0.882466062705	2.28258932029498	-5.68246925	3.32991425
okan1243	2.6317874387	2.00016972367645	-0.9143387	6.79911024999999
okin1246	-0.26291420514	2.41680444060992	-5.35088925	4.1863905
okoe1238	0.756960789975	1.5772376757126	-2.47676475	3.7874235
oksa1245	-1.9458713557085	2.32523951339632	-6.9339485	2.16322925
okuu1243	-3.01816972488	1.95480670237756	-7.13283925	0.276136624999999
oloo1241	-2.459404545035	2.12679753729951	-6.88493975	1.23056775
olut1240	-0.27924845451015	2.07536104805212	-4.44796875	3.4940455
omie1241	1.246298075784	1.73671033356608	-2.002908	4.85369724999999
onon1246	-1.06557437995	2.21097953144904	-5.95363525	2.816705
oriy1255	-0.589042116045	1.84598359661924	-4.666785	2.8760755
orma1241	-0.8216327754725	2.26200880444653	-5.73279025	3.16036275
oroc1248	-0.41030217764	2.35994841610683	-5.11364125	3.804274
orok1265	-0.344039612395	2.35726438342107	-5.4500025	4.08829125
orok1267	0.399284343645	1.93498438999806	-3.49188725	4.2778405
orok1269	1.02802770455603	1.77775474535576	-2.32323375	4.76580875
orow1242	-1.50069614618	2.09184092729431	-5.97756275	2.24425525
otor1240	-0.39484081717	1.7948113656795	-4.134266	2.96711525
otta1242	-0.7322984756174	2.25537672181098	-5.42068975	3.18158625
owaa1237	-0.3528637491	2.2960903334317	-5.18842925	3.71623125
paaa1242	0.948437101132	1.71994408394478	-2.31242975	4.33905625
paam1238	-0.00269105121	1.50450388588491	-3.01979125	2.9675305
paas1238	-1.708552688605	2.31199870133727	-6.77403175	2.20277125
paco1243	-0.5920142316073	2.03894914972935	-4.936439	3.13928899999999
paez1247	-1.04556349519	2.35556141640693	-6.18556075	3.1783925
pagi1243	-0.6613801116115	1.91053293994695	-4.6063245	2.95579725
pagu1249	-1.522125990495	2.15659951539077	-6.12935475	2.29466875
pahn1237	-1.200035196065	2.24397208584078	-5.885698	2.97994275
pait1244	-1.2370365293	2.2516091711626	-6.02647625	2.82343625
pala1344	-0.338785899647	2.29352810337608	-5.24715725	3.79542725
pamp1243	1.057202456775	1.76771589213283	-2.41055525	4.51990775
pana1307	-0.6967870775475	2.19104739829155	-5.31330425	3.40378125
panj1256	2.537228185101	2.0917288429993	-1.32722475	7.10065175
pano1254	2.79575617782	1.88658125270285	-0.682921	6.70483075
pany1241	-0.9354002703645	2.19825600112464	-5.4812745	3.134239
papa1238	1.13665322063	1.61883755743119	-2.02486225	4.37534575
papa1265	1.55204253033	1.60599369365439	-1.6090365	4.699509
para1301	-1.4053507579935	2.16140580394911	-5.99079525	2.45719725
para1302	-1.1119780117	2.37181069022478	-6.19048725	3.26477325
para1316	-1.160477673596	2.16949685281562	-5.86919625	2.6855465
pare1266	0.058062178025	2.05075349879373	-4.21082925	3.7351365
pare1272	3.2853961706285	2.03454550613305	-0.50205745	7.6106315
pate1247	-1.667789771565	1.87926001948539	-5.583477	1.57246225
patp1243	-1.488548688365	2.15142439888524	-5.78439375	2.49854699999999
patt1248	0.350551452087	2.35892470308325	-4.324772	4.86068525
pawa1255	-1.372478148185	2.04662361101074	-5.57708225	2.41427475
pawn1254	2.751717411865	2.11137899164978	-0.983999575	7.29694875
payn1244	-2.19624645953	2.35590226019956	-7.21837075	1.96653775
pech1241	-0.974323928465	2.25283757892002	-5.56519675	3.00681725
peer1241	-2.378886991405	2.07171768662272	-6.8762155	1.03841
pela1242	-1.290965707615	2.35293824374476	-6.62608875	2.85175524999999
pend1242	2.5544599194	1.66748375034614	-0.613836225	5.8368245
peri1253	-0.263173244368	2.40925074594761	-5.1330275	4.17410475
phai1238	0.11198668152	1.87961108824038	-3.9337625	3.61065175
phom1236	-1.176017709785	2.36971379803525	-6.08158725	3.294521
piap1246	-0.913288553515	2.45464877571094	-6.445095	3.4479135
pich1237	-0.931216042882	2.39503479881169	-6.006433	3.32185425
pila1245	3.00933548152	2.07780585746625	-0.82415915	7.44155599999999
pile1238	-1.07274439255	2.15944713593567	-5.89383275	2.76495425
pima1248	-0.05612230165	1.88160683145653	-3.904048	3.5150435
pina1252	-2.17236870542	2.24936830687305	-7.00184925	1.90451749999999
ping1243	1.12785617031	2.0711395908769	-3.136129	5.12428625
pipi1250	-0.3388442167715	1.84133068818291	-4.27409425	3.02132525
pite1240	-0.41234991978	2.07850683857403	-5.022409	3.19754425
plai1258	-0.46208645487	2.1197534311675	-4.724785	3.38705475
pnar1238	-1.4970574402347	2.1206949699553	-6.224778	2.247506
pohn1238	0.274555479665	2.17427790612476	-4.2909555	4.39441
poko1263	1.28338656628	1.8922686519176	-2.495437	5.10613975
poli1260	1.867604085016	2.1153499027816	-1.9696175	6.51175975
popt1235	-1.427934486	1.68368872150927	-5.07877975	1.6007325
port1283	-1.34193991713	2.05410126975377	-5.74227175	2.3098555
port1285	-0.605620275382	1.51270814101887	-3.787045	2.25306975
psik1239	-1.73043089034	1.94420040254834	-5.8470385	1.73307875
puka1242	-0.513962251659	2.27483553589477	-5.31554675	3.62020375
pula1262	2.84056130885	2.08293916075195	-0.67726055	7.43180249999999
pula1263	2.8955686943725	2.1044108660576	-0.72441705	7.35536849999999
pulu1242	-0.52994743292	2.26320026188967	-5.26884775	3.6042295
puma1239	0.809936520103	1.83748269728186	-2.80406125	4.38342225
pume1238	-0.920539629695	2.37243729005258	-6.3467115	3.3397685
pura1257	-0.369240821478	1.98921803980507	-4.5931715	3.31213525
pure1242	-0.435151004805	2.04897361952188	-4.90624275	3.27173
puri1258	0.517686492868	2.29540604920629	-4.01608125	5.061347
qanj1241	-0.85013865267	1.78556888479286	-4.51258875	2.4792245
qawa1238	3.0722833962645	2.11870721307268	-0.6173496	7.81293175
qima1242	-0.80489826154	2.26388780160652	-5.6608155	3.38933575
quer1236	2.67285689522	1.99795268139204	-0.71955865	7.05173525
quio1240	1.82462415047	1.42183567560626	-0.772172725	4.73724375
rabh1238	-0.87079983685	2.28186832954158	-5.76134025	3.39878925
rade1240	-1.66539174247	2.12816722398365	-6.43383725	2.127587
raji1240	1.831045959455	2.17158659010978	-2.38706125	6.42548775
rapa1244	3.345999913895	2.11753508881417	-0.4787717	7.765362
rapa1245	-0.5672683905385	2.33793516398092	-5.6643355	3.76380225
raro1241	-0.50872033004055	2.19757484772265	-5.313141	3.57851325
rata1244	-0.55093350482	2.33175134697903	-5.305845	3.668605
reja1241	0.2696034354027	2.11822921884451	-4.1146845	4.2481835
remb1250	-1.03989655679	2.27443381671578	-5.880379	2.9756615
reng1252	-1.755162632265	2.21636081063873	-6.4733115	2.19764275
rere1240	-1.201147235265	1.53227052915835	-4.37986575	1.52875
rian1263	-1.0447061007585	2.18667761121076	-5.85850175	2.9608885
rikb1245	-0.57671862553	2.13304852800203	-5.24764	3.18453775
roma1326	-1.6700759065135	2.07619206440325	-6.1284775	1.98620175
romb1245	-1.0629930602895	2.18922821026631	-5.65569775	2.9871265
rong1264	5.42767863675	2.24530777235841	1.502054	10.3876375
rong1266	-1.394296070455	2.34239437972193	-6.33363775	3.00934849999999
ronn1241	-1.8626719907185	2.07052746793086	-6.368161	1.847133
roto1249	1.6865601346695	1.62010454302664	-1.49165775	4.78393475
rotu1241	-0.557710487575	2.39169341750989	-5.5196575	3.61848274999999
rovi1238	-1.2041954765415	2.12210413771572	-5.84347475	2.40637975
ruch1235	-0.906260863265	2.25697712255692	-5.978271	3.0502515
ruka1240	0.99143911849795	1.87159737185595	-2.74893625	4.74452149999999
ruma1248	-1.368740759205	2.19955615048	-6.04479625	2.45456725
rung1258	-0.42424259347	2.26194084846427	-5.039974	3.9492185
russ1263	1.852224173334	2.02641231030992	-1.889895	6.32871324999999
russ1264	-0.4742292526765	2.35836241828165	-5.2335085	4.07955
rutu1240	0.92508300588	1.8757053335999	-2.8426335	4.68645999999999
saar1237	1.4136373217894	1.71384945881764	-2.126361	4.750636
saba1268	-0.10773492271	2.06336075827011	-4.45168225	3.857083
sabu1255	-0.786110631468	2.17438178287441	-5.4490005	3.113692
sais1237	-0.423818247215	2.03276388672625	-4.710392	3.4145275
saka1289	-1.9695955458	2.0255643688458	-6.41853175	1.60248674999999
saki1247	0.0747861106675	1.93321265545472	-3.861059	3.6579735
samb1305	-2.677251206445	1.98227953946615	-7.1717635	0.648604674999997
samb1311	-2.703874226555	1.98070975557518	-7.04947675	0.592084074999996
samo1305	3.344746836625	1.98794928227844	-0.2364005	7.43668775
sanb1242	-0.946110969241	2.28874614254946	-5.82731675	3.1147955
sand1273	-1.548417270345	2.25558294656464	-6.435938	2.542346
sand1278	0.102887559764	2.01755306915915	-4.09086575	4.021897
sang1321	-1.2692038823	2.27785226187639	-6.05642575	2.87102225
sanj1284	1.9396459135595	1.51284502092985	-0.878198125	5.1290215
sanm1289	-0.95614592768	2.36182839663897	-6.003382	3.29828925
sanm1295	0.82414422028	1.441226111333	-2.13849625	3.599456
sanm1301	1.0592957243775	1.71380000243766	-2.32682375	4.491153
sant1410	0.672428329005	2.15866417072651	-3.751538	4.752509
sant1436	1.756491165295	1.50800430682358	-1.02741275	4.95315125
sant1451	3.141593046195	1.7596612658379	0.0357598475	7.03863474999999
sanu1240	-0.709977126895	2.38589460869009	-5.52620875	3.54467699999999
sapo1253	0.79244502797	1.69103939786827	-2.50627775	3.9504005
sapu1248	-1.4876794453	2.04998939726411	-5.882698	2.14427875
sara1321	-0.317623984518	2.14193200453835	-4.9593495	3.81739375
sara1327	-0.801669457844	2.25179714907572	-5.61844075	3.16534725
sars1236	2.298868460925	1.96779906440046	-1.30815575	6.44136074999999
sasa1249	-0.624990618296	2.28618018043525	-5.36701	3.55538775
sauk1252	-2.073864624899	2.04155645979006	-6.60604375	1.4887135
savo1255	-0.9914613471995	1.92172621341918	-5.14112475	2.4821695
saya1246	-1.6090776729895	2.0443109974848	-5.754519	2.058689
seim1238	-0.951550694537	2.36990157220078	-6.1497255	3.154968
seke1241	-1.141416090606	1.71999318972544	-4.6629965	2.100744
sela1259	-0.4893019367325	2.35237735924671	-5.571614	3.77338
selk1253	-0.478772944324	2.3920309289434	-5.45473325	4.03710975
sema1265	0.299641395035	1.93971591436229	-3.6726285	3.8967225
seme1247	2.17942790217	1.871644244262	-1.22313	5.9789435
sene1264	-1.1842576690505	2.16629824571834	-5.89072275	2.75798175
seri1257	-0.199977945275	2.03617155112609	-4.53905225	3.4931345
seve1240	-1.06071129425	2.26568257427752	-6.09331975	2.84918725
shab1252	-1.630159648774	2.21710265555037	-6.6768135	2.39858875
shan1283	2.68922179087	1.9051281354676	-0.8026528	6.664928
shaw1249	3.03174354254	2.20255135406459	-0.8243644	7.74130775
shee1238	0.389517767225	2.24655896760862	-4.12594275	4.62461675
shil1265	-1.425741928245	2.29464491109461	-6.39329225	2.61282799999999
ship1254	-0.844631964295	2.06038786489385	-5.232417	2.95931475
shix1238	-0.75748809221	2.41798906638662	-5.74438475	3.88778225
shol1240	-0.58520520816	2.24846015615492	-5.15808475	3.679151
shon1251	-0.2182125501785	2.07740352253263	-4.5958265	3.615601
shor1247	-0.3613931085365	2.23574771939703	-4.9687215	3.909696
shos1248	-0.8397408009935	2.19373712343697	-5.791194	3.088919
shua1257	-1.102886484287	2.34646709562259	-6.10532825	3.0462915
shwe1236	-1.45507797467	2.24268247766731	-6.312176	2.5066965
siam1242	-1.1720109153	1.82895753978941	-5.02132925	2.097971
siaw1243	-2.2273037265375	2.24068795866309	-7.2089855	1.5770545
sich1238	-0.693288191912	2.41152661073194	-5.63788625	3.8318195
sici1248	-0.752499994825	2.02768651199502	-5.121733	2.97733875
sici1249	-0.373041422445	1.73222346752747	-3.99502175	2.92451125
sida1246	-1.446296040332	2.23775100371409	-6.381047	2.6272365
siee1239	1.75256161434	1.67355389166229	-1.50371875	5.07047
sier1248	2.399247665485	1.76454983655876	-0.8279819	6.243936
sier1250	1.6124986223775	1.3657422821322	-0.9294567	4.33219124999998
siks1238	-0.108032210939	2.08164852205894	-4.51276525	3.601697
siku1242	-0.7274754893865	2.30445826236179	-5.67881375	3.4361595
sile1255	-2.166422470645	2.32835045766213	-7.152651	1.9300785
sina1266	-0.4445714548545	1.7689318288557	-4.242053	2.69138375
sing1264	-0.938493045835	2.48074432706024	-6.052859	3.6926075
sioo1240	-1.962005861181	2.22459277688787	-6.63663325	1.9432835
siri1273	-0.705125198746	2.29193628489999	-5.69718775	3.41641149999999
siri1274	-1.467158926485	2.1501770648408	-6.07681575	2.34022375
situ1238	-0.71200276299	2.41271413415983	-5.553714	3.67347325
siwi1239	-0.703261602265	2.26865350225036	-5.5170955	3.31674375
skol1241	-0.848260101	2.21842943821658	-5.58346	3.07393725
slov1268	1.70617424137	1.98924352979046	-1.925396	6.044341
sobe1238	-1.300363603074	2.29659985778238	-6.279454	2.739675
soch1239	2.17662348135	1.58717806611641	-0.793458575	5.43454375
soga1242	-0.7752676447335	2.03561476050401	-5.11233425	2.885373
soni1259	0.623297998725	2.16294279786939	-3.6656005	4.77368199999999
sons1242	3.261787536545	2.03253882440688	-0.340399025	7.483849
sooo1254	0.338629497465	1.75876476344843	-3.35284775	3.55596125
sooo1256	-0.3152652500005	2.11156248596705	-4.85070425	3.6331335
sout1528	-1.247352395695	2.02183147473099	-5.458981	2.27546875
sout2649	1.855993358396	2.01283712317752	-1.79115325	6.16760225
sout2674	3.0196022649	2.07294807328367	-0.755459625	7.46891875
sout2679	3.631249540769	2.04166099366553	0.0685920025	8.005161
sout2728	-0.570961909495	2.39312721281601	-5.80413175	3.88434949999999
sout2729	-0.7926586328255	2.39353279988454	-5.95295825	3.7777755
sout2730	-1.0705413019685	2.39028613336624	-6.0060765	3.32191325
sout2782	-0.320652795165	1.58804078034837	-3.53913275	2.64191075
sout2807	3.021756279385	2.03561997834468	-0.688576725	7.34506525
sout2826	2.96883739299	1.97732863790986	-0.615115225	7.04917375
sout2856	0.113887784645	1.8170172754647	-3.7115355	3.61120525
sout2857	-1.034979319495	1.6200846934757	-4.43364725	1.89839625
sout2859	-0.424440581409	1.55264422868353	-3.57270475	2.6111
sout2869	-0.1571663839715	1.69794276959102	-3.709029	2.93682374999999
sout2895	-0.81278151804	2.35722358324331	-5.772787	3.3240315
sout2896	1.6401454996665	1.71081458222225	-1.66222175	5.22571475
sout2912	-0.93684823412	2.18808915894161	-5.70243975	3.1640835
sout2954	-0.28168011056	2.48106136018058	-5.5573115	4.45158449999999
sout2956	-1.0463837775355	2.23971867828304	-5.93276225	2.9257145
sout2959	2.4471110359465	2.05603592264559	-1.2158725	7.03332974999999
sout2976	-0.732491294265	1.96022875931554	-4.9729995	2.90957225
sout2985	-1.18500171317	1.99853683313496	-5.36406275	2.221813
sout2994	-0.08032585618	2.21560659045554	-4.58790325	3.9999795
sout2996	0.16688574667495	2.21322445186229	-4.527014	4.333657
sout3236	-0.39652549089	2.01173149454114	-4.536303	3.20838375
sout3261	0.867185261255	1.93582552398608	-3.0539555	4.486622
stan1289	2.1025125445125	1.94241655893777	-1.51243475	6.22455525
stan1290	-1.242195192825	1.9950925548684	-5.532476	2.24011675
stan1293	-0.984056559105	2.04028217621938	-5.54421525	2.77824725
stan1306	0.3063478155275	1.94484090125024	-3.6129955	3.93435225
stan1318	2.45407557467965	2.03438527689172	-1.18586625	6.78135725
sude1239	-0.506823009675	2.20631196522843	-5.24495675	3.61790199999999
sumi1235	-1.29430489697	2.22847881048585	-5.7804105	2.942011
sund1252	-0.517466185725	2.19982605486871	-5.18791075	3.44975125
supy1237	1.7469753557525	1.75123353609035	-1.46899775	5.42963
surg1248	-0.410162050945	2.33128217060065	-5.214287	3.9502045
susu1250	2.974034135825	2.01937587054571	-0.676550625	7.2039025
swed1254	-1.13303196411	2.20666676651363	-5.8302995	2.889241
tabo1241	-0.80871979267	2.10046653720429	-5.086351	3.04561525
tafi1243	-0.3711330863175	1.62283934753755	-3.7174735	2.6444605
taga1272	-0.246579872679	1.87881453466972	-4.2664715	3.14587975
taga1273	-0.95939431629	2.24034382664697	-5.7900555	2.9908555
taha1241	-0.65923334205	2.25867415136833	-5.52057675	3.30476475
tahi1242	-0.50415493896	2.15931451750239	-5.20450375	3.543275
taji1246	2.407645711055	1.62846914694862	-0.708750625	5.6427255
taku1257	-0.355848719365	2.15236472928289	-4.849232	3.5038225
tama1331	-0.837643340005	2.31758561472508	-5.7041145	3.51140325
tama1365	-0.3314171399625	1.83475413178236	-4.31509925	3.07289675
tamb1254	-1.1978077146465	2.13489504086461	-5.5993125	2.62461925
tami1289	-0.365427454475	2.36514440222236	-5.23849075	4.122554
tane1237	-1.187472749397	2.21089677967429	-6.07469025	2.69604325
tang1336	-1.31581672479	2.3240910663892	-6.182886	3.01729975
tang1347	-1.9780727367025	1.95068815614742	-6.28675975	1.41452725
tang1373	-0.586253980815	2.39640351792003	-5.78978925	3.92173
tang1377	-0.62475229262	2.35218480826203	-5.46406875	3.7499275
tara1313	-1.23994435721	2.35181194100335	-6.48083475	3.00295875
tari1256	-0.9925958559485	2.07688137741749	-5.4986265	2.7133865
tari1263	3.09583602275	2.16317298189834	-0.796576075	7.685698
tata1255	-0.4705301979	2.30414813543331	-5.28129725	3.8412175
tata1257	-0.994177658435	2.26533905921519	-5.69439925	3.0307335
taul1251	-1.61117215488	2.09449229334764	-5.99321025	1.9226965
taus1251	-0.74954990209015	2.30578344859593	-5.71564225	3.3494185
taus1253	-1.199146244192	2.44373771441109	-6.2785015	3.3084345
tawa1286	2.931569295705	1.94136513021096	-0.61735205	7.224351
taya1257	-0.54182112664105	2.18360650501888	-5.350628	3.40604
tbol1240	-0.617385187438	2.12888569647074	-5.04884025	3.25178375
tean1237	-1.210437871667	2.19172274756054	-6.11095525	2.5494155
teda1241	-0.296906774315	2.39278134974145	-5.07156525	4.19362725
tedi1235	-1.102361427232	2.25338579583401	-5.69421725	3.20837624999999
tehu1242	-0.5497614810525	2.35279574181478	-5.3579315	3.65512925
teke1275	-1.116940228778	2.22410283414907	-6.0045625	2.74107975
tekt1235	-1.4459719723575	1.79143609079825	-5.34403725	1.76145575
telu1262	-0.1989407937895	2.4936137074893	-5.656622	4.52160649999999
temo1245	2.478964394175	1.84612539374178	-0.940026325	6.5155985
tene1248	-0.581851974318	2.07152126116585	-4.92445275	3.32232649999999
teng1272	3.22058187541	2.00070265284453	-0.443382625	7.49097525
tenn1246	-0.98811927839	2.31302758413899	-5.972484	3.3214795
tera1251	-0.0244792715505	1.93591667057289	-3.996249	3.6614935
tere1279	-0.932670160865	2.20930569472746	-5.55749575	2.99609225
teri1250	-1.080950711925	2.22676680111081	-6.13296375	2.893778
tern1247	-1.604883203905	2.13592092057707	-6.4229065	2.0600335
tete1251	0.491277144645	1.72984168937124	-3.03088275	3.8773725
tezo1238	1.9048353363315	1.59035637748151	-1.067811	5.25933225
thad1238	-1.240229974835	2.27652657127466	-6.31241525	2.8823015
thak1245	-0.427511667985	2.04954604205345	-4.65589	3.4774185
thao1240	0.542741752998	1.70533075173563	-3.053322	3.67096225
tibe1272	-0.22826439272	2.40316567044987	-5.001715	4.43543575
ticu1245	2.63998624583071	2.03998888133476	-1.1690415	6.926062
tief1242	-1.617313194725	1.97182518985313	-5.99548425	1.69774025
tief1244	-1.5806940859135	2.00432648419332	-5.9245755	1.95034925
tiga1245	-1.48240436881	2.14849055571966	-6.10050725	2.3353275
tigo1236	-3.0968134628745	2.10581413091911	-7.7555045	0.486713649999999
tika1246	-1.646519549295	1.99425147582744	-6.209645	1.893304
tilu1238	0.5297478324305	1.80962138215608	-3.241902	3.90488475
timn1235	0.292640178625	1.8358856401396	-3.56466775	3.77423374999999
tina1248	3.02999983387	1.70337975879458	-0.15959885	6.49966125
tira1254	-0.68729726166	1.90325604856801	-4.6880845	2.8854125
tiri1258	-1.4925852011765	2.09523835285028	-6.0844775	2.140951
tiru1241	0.091490314665	2.00714176402908	-4.02507375	3.82161575
tita1241	-1.3395571525	2.2270044544238	-5.92485375	2.562943
tivv1240	-2.566719099935	2.27770840750111	-7.449216	1.244272
toab1237	-0.264821344175	1.89800799716671	-4.2454445	3.20044675
toar1246	0.52543159563	1.72841014817061	-2.8009795	3.96968375
toba1268	-0.974341418212	2.16590263691562	-5.74774675	2.795549
toda1252	-0.61512328302	2.25720327358809	-5.267097	3.633167
toho1245	2.801704697005	2.15275819868484	-1.03910475	7.31821275
tojo1241	-1.77511658106	1.97708938260153	-6.01489475	1.71468575
toke1240	-0.45415088479	2.20909926139763	-5.22862575	3.54409
tolo1255	-1.889809332982	2.04657387477241	-6.4006285	1.64365525
toma1245	-0.229367484258	2.07758930114202	-4.65610925	3.683068
tomm1242	0.3582423579035	1.79315394992807	-3.316048	3.80344
tond1249	2.37159657774	1.84748396506919	-1.00479025	6.21060774999999
tong1308	0.05753592948	1.98598862317255	-4.2016305	4.00358
tong1318	2.482339780345	1.98414384196796	-1.116746	6.87515124999999
tong1325	-0.4892703935255	2.34413328095942	-5.5520515	3.64383875
tosk1239	2.366377552095	2.08952379120071	-1.36864275	7.0059025
toto1302	1.841725333445	2.08382849965954	-2.0932615	6.059297
trin1274	0.174188351397	2.05910364197876	-4.0453095	4.07068774999999
trio1238	-0.789566305985	2.38500528941488	-5.627041	3.5690205
trum1247	-0.636921754055	2.08056425307563	-4.964819	3.18528275
tsam1247	-1.9794233912855	2.20674154908215	-6.7995575	2.1134405
tsat1238	-0.523075367235	2.25180477938363	-5.18840775	3.57738924999999
tsha1245	-0.7677017136175	2.4281553835737	-6.009359	3.84883175
tsis1238	-1.450636949424	2.07179711238982	-5.92030325	2.08541399999999
tsix1234	-0.615251651445	2.3118638303481	-5.5521685	3.737667
tsog1243	-0.9934784225165	2.12711121603021	-5.3615265	2.84349775
tson1249	2.429959604705	1.8681524908406	-0.916409625	6.431462
tswa1253	-1.2329174601965	2.17172834492606	-6.222166	2.56654674999999
tswa1255	0.436979041985	1.87538017248108	-3.39311275	3.91409125
tuca1252	-1.553047586415	2.01864392368191	-6.00861475	1.88316075
tuge1241	-1.021006749468	1.93906176582344	-5.14204075	2.58904375
tugu1245	-1.25441433215	2.24300065770018	-5.9656955	2.83625124999999
tuka1248	-0.65495114347	2.27016268399592	-5.3890725	3.3429625
tuki1240	1.947666993634	1.52237858786594	-0.9117079	5.14127725
tula1252	-1.493728087365	1.92732946175622	-5.60898925	1.90640575
tulu1258	-0.452110226767	2.38786115431371	-5.27872225	3.85309899999999
tung1290	-1.1868855979115	2.40609618675984	-6.37010325	3.22050725
tunn1238	-0.500920950635	2.3995848320441	-5.59638225	4.00489999999999
turk1304	-0.28782653029	2.37146986590983	-5.10727975	4.005043
turk1308	-1.73801073181	2.12477812564971	-6.45559725	1.81763
tusc1257	-1.05614699003	2.22548772643546	-5.89824075	2.9123705
tutu1241	-2.0059829317	1.85773335179365	-6.261285	1.2455405
tuwa1243	3.952324249	1.48731221579165	1.32899875	7.222028
tuwu1238	0.8652525663425	1.66546385051101	-2.35788125	4.19838849999999
udih1248	-0.410802641224	2.46778228567617	-5.467048	4.13998775
udii1243	0.7155883767775	1.91281690880026	-3.11968775	4.60308424999999
uduk1239	-1.0565580857985	2.13326265636792	-5.67406325	2.909329
ughe1237	-1.1540641628	2.19060770215569	-5.99670925	2.797567
ugon1239	-0.106864357655	2.48237858104763	-5.03169075	4.60111075
ukra1253	-1.470281549282	2.1033125315573	-5.99177325	2.32937575
ulch1241	-0.59032652849	2.35543433119933	-5.476655	3.87676074999999
ulit1238	-0.6179677061145	2.22560705944597	-5.52658425	3.41665425
ulwa1239	-0.365660691395	2.21104154718335	-4.83232075	3.73413475
umaa1242	3.494624632125	1.78627377789462	0.1825162	7.22445
umes1235	2.871863979546	2.04225569208228	-0.9032041	7.31595599999999
unua1237	-1.313782857545	1.54592137720792	-4.653617	1.37835675
uppe1275	1.7168005632915	1.30560443834236	-0.8063506	4.40267775
uppe1427	-1.102418460045	2.15546018878871	-5.6459895	2.88743975
urak1238	-0.740030598335	2.19152813172163	-5.437681	3.27786125
urar1246	-1.10796145656	2.35835950214272	-6.1188525	3.21412775
urav1235	1.64099993175187	1.6924380391402	-1.7262585	4.92917325
urim1252	-2.571969134445	2.12149507819399	-7.368581	1.06520924999999
urip1239	-1.801053010625	1.68342597186592	-5.5458045	1.10511075
utes1238	-0.72327361092	2.20155481683645	-5.48918225	3.1641275
vano1237	-1.222527478468	2.18777073557546	-6.072211	2.4495215
veps1250	-0.943823719895	2.25159315943794	-5.71910975	3.172823
vera1241	-1.571708522642	2.14698660925905	-6.260512	2.05232625
viet1252	-0.71508790049	2.15018858580279	-5.26952925	3.21394375
vinm1237	-1.529384898799	1.60709764740196	-5.02568875	1.2615555
voti1245	-0.10723163929959	2.06467184166244	-4.47518375	3.9667105
vure1239	-1.57363806354	2.14266610438438	-6.2402975	2.02603224999999
wage1238	-0.6440929719885	2.19334028770444	-5.3204275	3.489734
waig1244	-0.0348507101445	2.14115798885171	-4.7380925	3.739686
waim1251	-0.10788465343	1.88818234431451	-3.94879625	3.468714
waim1252	-1.218791190675	2.16678771896213	-5.76906275	2.54109825
waim1253	-0.7619577217885	2.35755555942443	-5.74669075	3.52171825
waiw1244	-0.7718948194235	2.40605552999662	-6.1380155	3.708374
waja1257	-0.558819301963	2.12496445552078	-5.024129	3.30111574999999
waka1274	-0.7262110071215	2.22405698501991	-5.603073	3.267438
wall1257	3.240860924055	2.01921037934986	-0.341071	7.615387
walm1241	-0.326757110253	2.20720240446745	-5.079187	3.67375925
wamb1257	0.681304579225	1.8049038215707	-2.9570925	4.19934175
wand1267	0.761805184575	1.72148548695706	-2.69889625	4.16887075
wand1278	-2.004949891191	1.98849802934095	-6.1280565	1.53721075
wang1291	-0.114725938715	2.0977130390588	-4.565853	3.7077745
wanm1242	2.76446941969	1.99378841571636	-0.885933575	7.16466099999999
waor1240	-1.22745529234	2.2145879978243	-5.7615785	2.770364
wara1294	0.607419533762	1.84423209691163	-3.03057675	4.13222325
wara1303	-0.5862319680055	2.36565564913707	-5.59258975	3.9115935
ware1253	-1.124818948553	2.20709595557188	-6.0193605	2.96102425
ware1255	-0.4109649654155	2.27502128893571	-5.138222	3.855378
wari1268	-0.88377847908	2.12599680079426	-5.4625485	3.03431175
warj1242	-1.36869856003775	2.16839514539885	-6.1054655	2.41369725
warr1255	-1.248256283565	2.40112094157819	-6.30238375	3.0026605
waru1265	-0.819320238135	2.1945354011829	-5.68676975	3.09132375
wash1253	-1.212985870537	2.07158763943709	-5.50635025	2.7467935
wawa1246	-2.399045037715	2.15416468009533	-7.18645225	1.236494
waya1269	-0.728444159175	2.34640389187307	-5.65487525	3.65568525
wayu1241	0.392709717279	1.95734921932245	-3.5168925	4.14794725
wayu1243	-1.228792159805	2.08095563037936	-5.6443435	2.435797
wels1247	1.9547440349615	2.08133567195656	-1.6506465	6.55659825
weri1253	-0.9263582555205	1.85895783624695	-4.6579695	2.5882045
west2354	-1.636180741638	2.1771175496715	-6.51943475	2.127104
west2369	1.7864596901175	2.00698285333016	-1.9280445	6.129277
west2396	2.4732901493475	1.84660188677046	-0.929319625	6.19046375
west2397	-0.379121175481	1.97168835542473	-4.5164895	3.13542625
west2415	-1.053699850145	1.95067549223403	-5.16399	2.37761025
west2418	-0.214696635435	1.94309098795048	-4.140281	3.43715375
west2430	-0.524402951455	2.26340411761411	-5.2808465	3.624961
west2466	-1.535243335795	1.90792494215015	-5.416168	1.739617
west2516	-1.2049150346565	2.2314390087766	-6.12950475	2.7454075
west2519	-0.64392232455	2.17796017232303	-5.432866	3.306417
west2548	-0.90257204553	2.35467105755756	-5.95841975	3.30951325
west2555	1.1536162279792	1.80368700794194	-2.32513325	4.5897205
west2557	-0.491532393831	2.28607818950921	-5.2973745	3.7386275
west2560	-1.120678472105	2.29806385112509	-6.0416975	2.855291
west2594	-1.056804834587	2.4458818764353	-6.11095875	3.5129185
west2600	-1.5232949132745	2.20878103326216	-6.53860625	2.320559
west2615	2.462510466975	2.01069953075507	-1.33324775	6.83592475
west2635	-1.5185178336545	1.70830426120568	-5.30020275	1.476982
west2644	0.450051839185	1.37894622457671	-2.3614995	3.09742925
west2650	-0.60908419666	2.19828247474171	-5.33691875	3.33848
west2778	-0.57245617414	1.88447167023602	-4.6543265	2.981697
whit1269	-0.02749685103	1.67723289614147	-3.503285	3.149775
wikm1247	-0.859875764622	2.23281162909742	-5.58083375	3.00675375
wiru1244	-1.875428128649	2.08658676385294	-6.2822475	1.9215985
woii1237	-0.414721792865	2.06508136664391	-4.82653475	3.51846125
wola1242	-1.682707010928	2.2605054322745	-6.56494975	2.41847449999999
wola1253	-1.283750136138	2.2427212188758	-5.90789975	2.59417474999999
wole1240	-0.50727487315	2.16286816545311	-5.147063	3.40191425
woli1241	-0.59676191744	2.23374233641826	-5.323917	3.4968135
wood1236	-0.978758400942	2.15123300374729	-5.75009375	2.75546675
wotu1240	3.86577277675	1.99798956286478	0.367204925	8.334549
woun1238	-1.10022444747	2.29775817168751	-5.9010225	2.97269375
wuch1236	-0.403915253945	2.37536780936052	-5.5602275	4.22882124999999
wudi1238	-0.89560997284	2.35560191687968	-5.74289675	3.5470595
wusa1235	-0.827187242715	2.38470148816663	-5.82836575	3.75600275
wutu1241	-0.60845057299	2.46855431765328	-5.947872	4.01127275
wuvu1239	-1.242073719215	2.52615791954062	-6.4486075	3.4776265
xamt1239	-1.04757084121	2.27664857214725	-5.915588	3.092553
xara1244	-1.5053093105645	2.08725506533743	-5.97879375	2.12641375
xava1240	2.854948836815	2.0751360543533	-0.9305361	7.2971085
xish1235	-1.042843265826	2.36908578949784	-6.23638075	3.24244775
xokl1240	-0.8029211275495	2.19696041529836	-5.58671775	3.16929475
yaak1241	-1.3522934973825	2.17044955211426	-6.134938	2.42141525
yaey1239	-0.379129721795	2.26213450685888	-5.045096	4.1079275
yagu1244	-0.206275232919	2.2091939979753	-4.65129425	3.8306715
yaka1272	-1.562733442472	2.15854711728008	-6.19362	2.420957
yaka1277	-0.77650812914	2.1956267107638	-5.39242375	3.177553
yaki1237	2.505772562345	2.01810426542717	-0.95286175	6.801098
yakk1236	1.05090570816	1.99287430110337	-2.87971125	4.99858875
yako1252	-1.3741148986475	2.03902744664591	-5.7145515	2.19115224999999
yaku1245	-0.296533335045	2.31664702280693	-5.13582575	4.21942375
yale1246	-2.38430343029	2.20455577120792	-7.262538	1.38057975
yama1264	2.614874221695	2.06290470654157	-0.865607025	7.24005449999999
yami1254	0.212502216563	2.32016482389632	-4.48392575	4.522996
yami1256	2.335597133665	1.8779296595672	-1.25342275	6.100169
yand1253	-0.816728832155	2.28607674854459	-5.86520475	3.11417775
yank1247	-0.833591233155	2.23585071973209	-5.63495725	3.21180325
yano1261	-0.3242229725	2.29967003708993	-5.4593345	3.85494599999999
yano1262	-0.714307139075	2.42066333502188	-5.95752975	3.7976005
yape1248	-0.6985440649755	2.44868533636368	-5.9605825	3.64929174999999
yapu1240	-2.572270306763	2.10705515290481	-7.05872175	1.0578725
yaqu1251	2.6492699881465	1.91564071906548	-0.77282645	6.84078025
yare1248	-0.0455973244005	1.84695980056312	-4.042419	3.543298
yatz1235	1.767731159261	1.42967872410519	-0.96105235	4.75264625
yaul1241	-2.198062120525	2.32218753178388	-6.934895	2.0247025
yaum1237	-2.113180014395	2.12033473245296	-6.78977125	1.58346324999999
yawa1260	1.45480917776	1.81806873080235	-2.268085	5.03197175
yawu1244	3.68566997395	2.07394704389241	0.03532282	8.32257425
yecu1235	2.13151677848	1.76444557635126	-1.111885	5.69636325
yele1255	-0.5914475577005	2.13568847542908	-5.10086875	3.28370949999999
yems1235	-1.49367497605	2.20618288524644	-5.924322	2.5865385
yidi1250	-1.7708702587858	2.11822051880358	-6.31942425	2.0071445
yind1247	-1.377700858486	2.17569890126027	-6.2380295	2.51794475
yoga1237	1.422429369	1.42762065873479	-1.42185225	4.1141815
yoku1256	1.4216359010595	1.85564556050623	-2.12543625	5.39353575
yona1241	-0.38819359361145	2.25857661790179	-4.96552875	3.91422125
yong1280	-1.1525325308875	2.24874520629685	-5.7504555	3.12227525
youl1235	-1.2837145073965	2.0498601922398	-5.62740125	2.3527985
youn1235	-0.6612754598785	2.33225796354438	-5.35140225	3.582188
yuca1254	-1.199010641965	2.2144559227809	-6.023868	2.82115075
yuch1247	2.510498303645	2.06041359066771	-1.08135625	6.91718625
yuec1235	3.2544484866785	2.13216799232804	-0.5503107	7.68433149999999
yulp1239	3.566401535021	2.07534045245589	-0.103036725	8.22955699999999
yulu1243	3.5020858924545	2.1167183369164	-0.2095841	8.06361775
yura1255	-0.5325448135335	2.35485991975123	-5.54082525	3.5700275
zaba1237	-1.24766184925	2.23777041611138	-6.25861875	2.65659475
zaca1241	2.00900461521	1.37502999160845	-0.582821275	4.899214
zaca1242	0.2296218980485	1.41495760344166	-2.655954	2.992555
zagh1240	-0.3338044510045	2.36804898771801	-5.1664995	3.9222835
zaiw1241	-1.312425149545	2.36739526012574	-6.2584265	2.94748525
zakh1243	-0.716518027816	2.37281773287617	-5.4909595	3.85574175
zani1235	1.3193856418574	1.53496944633538	-1.57667375	4.4414225
zapa1253	-1.230567202015	2.24782217461129	-6.19409075	2.87544275
zarm1239	-0.6358374066765	2.11576525246094	-5.1723695	3.27529699999999
zaye1235	-0.86888928338	2.15004807052234	-5.60347225	3.03719675
zays1235	-1.8507976035	2.27266716243407	-6.74121175	2.24231575
zeme1240	-1.3991801640642	2.35951343109608	-6.1670755	3.184077
zhab1238	-0.623088108335	2.48730590052345	-5.7606185	4.0137055
zoog1238	1.731735625781	1.38975130711708	-0.90922245	4.5630665
zulg1242	-1.85435887195	1.90582728384118	-5.9988655	1.58801575
zuni1245	0.6092962736835	1.97293091868713	-3.412931	4.38403175
