Estimate	Est.Error	Q2.5	Q97.5
abar1238	-0.734217247735	1.19409569212195	-3.268423	1.53925775
abee1242	1.1340970650855	1.53643751523834	-1.82762	4.3312285
abkh1244	0.428540456691	1.82458735527907	-3.2103035	4.199886
abua1245	0.7060641110309	1.47979940849687	-2.1097015	3.761034
abun1252	-1.167536796535	1.60701028033261	-4.526551	1.95563675
acha1249	0.147314707289	1.38554230117784	-2.5213905	3.0561665
achi1257	-0.74407249101	1.42326498119776	-3.678501	1.91998625
achu1248	-0.179480949438	1.59673469754873	-3.35272325	3.08507625
acol1236	-1.1326039741155	1.46019768414115	-4.2585415	1.51081725
adan1251	0.09417750539	1.59877294297144	-3.25749525	3.34606725
adon1237	-0.643730712642	1.23921634469484	-3.13808575	1.65433
afar1241	0.746106973395	1.67135351640678	-2.44938525	4.26504975
agob1244	0.550006011535	1.80389490123756	-2.832485	4.366994
agua1253	0.4346564036995	1.78266028111174	-2.92643425	4.02662075
aheu1239	0.460029894576	1.51663453975265	-2.35911775	3.586302
ainu1240	-1.777632069355	1.68539670294594	-5.30897775	1.32773475
akei1237	-1.089949289671	1.07989775300901	-3.3672085	0.963409099999998
akha1245	-2.75752086829	1.35264785772774	-5.64036825	-0.462900275
akoo1248	-1.169145508205	1.58623521576365	-4.46514275	1.7527875
alab1237	0.3398557735001	1.81249700370472	-3.08145	4.06193725
alab1254	1.916699586325	1.62896796361952	-0.99937215	5.43808275
alac1244	-2.296704458505	1.52188872916393	-5.63153775	0.446246925
alag1248	0.923830015905	1.59705725304599	-2.103632	4.22969325
aleu1260	0.6291612745785	1.67429738485389	-2.47799675	4.0279215
amam1246	0.612221842996	1.34515584507627	-1.884799	3.543716
amdo1237	0.81635733178	1.67698790479075	-2.373292	4.432927
amha1245	0.87380776961	1.63794229866875	-2.1538415	4.297488
anei1239	0.302898369531	1.33219207437077	-2.24863075	2.945613
anfi1235	0.15813472601	1.47491382023032	-2.75097725	3.00298625
anga1288	1.352114033265	1.56352577990025	-1.5517905	4.48576675
anuf1239	-1.28983746116	1.5991800030606	-4.64911475	1.67019375
anuu1241	-0.618247573875	1.3517471022835	-3.2977035	2.08598425
aona1235	1.121533705885	1.47261907158265	-1.6818795	4.28752674999999
aoua1234	-1.511085427709	1.63890599915803	-4.948949	1.482173
apat1240	0.0585288056895	1.38215740372178	-2.5819865	2.850536
apin1244	-1.364067768025	1.56699390644488	-4.84607125	1.52916775
apma1240	-1.9320405728065	1.22911520926436	-4.59348575	0.254747649999995
arak1252	-1.01881865016	0.970733743385006	-2.960181	0.812774299999998
arao1248	0.52425327253	1.70720558112037	-2.640764	4.1263265
arap1274	0.408607647325	1.75834378977182	-2.87183025	3.97784025
arch1244	0.7443793640945	1.80402965119003	-2.64781225	4.650295
area1240	0.6939818012625	1.19678909835256	-1.57020075	3.1620245
argo1244	0.891828782595	1.69652630508211	-2.34586275	4.4809015
arhu1242	0.559799665316	1.70924340004039	-2.578601	4.10076725
arom1237	1.26216609495	1.61598025628662	-1.77348025	4.68982675
arop1242	-0.2293956648415	1.31849349820235	-2.8261595	2.267198
arta1239	-0.804600802137	1.16597125647651	-3.030553	1.409623
ashe1272	0.6371518509085	1.70879137210723	-2.5123405	4.19480599999999
asoa1238	0.8713181041035	1.43364446738795	-1.79062275	3.94278125
assi1247	-1.3716275963565	1.65643056365587	-4.90971175	1.7078075
athp1241	2.277569173365	1.57118254331692	-0.4519731	5.77510125
aton1241	1.3472575331205	1.67325005369023	-1.6028615	4.90508225
awac1239	-1.58314024497805	1.60407004746512	-5.05175575	1.483168
awad1243	1.01823936127	1.72051850695042	-2.10794025	4.53621275
awtu1239	0.20842051804575	1.39461112240818	-2.58637825	2.90744175
axam1237	-1.996499968035	1.08497667284099	-4.09985075	0.0155151524999975
axiy1235	-2.817994946005	1.52726818846547	-6.14189725	-0.170581025
ayiw1239	0.0261103903075	1.23940405678297	-2.364057	2.622673
azha1235	-3.1428662729	1.4733647248167	-6.511004	-0.555201000000001
baba1268	-0.6833354838635	1.5189332502682	-3.92101125	2.20123175
babi1235	-1.458754622614	1.64462255557928	-4.8289095	1.63082175
bafu1246	-1.012080463615	1.28543571429476	-3.779642	1.27166
bagi1246	-1.82337460212	1.29533606520146	-4.5547265	0.535645674999998
baim1244	1.0331036653105	1.60400629621198	-1.81201525	4.53833299999999
baka1274	-1.39496643538	1.48046070954677	-4.46002325	1.41869925
baki1244	-1.654527003365	1.10212668494585	-4.0355115	0.452326974999998
bala1315	1.1109038301095	1.65690960456932	-1.9957455	4.72896875
bala1316	-0.132307276491	1.2506195365616	-2.64853725	2.3069045
balu1257	-0.601209146793	1.21361859640435	-2.97239175	1.71839525
bamb1262	1.557040823344	1.45713069329288	-1.20392725	4.5263245
bang1354	-1.08415299246	1.57541971656426	-4.5266235	1.82043575
bang1363	-0.385466918935	1.50886996480884	-3.41251625	2.560778
bang1369	0.72705417347	1.58890340591735	-2.25348725	3.86555975
bant1281	2.356493619185	1.52164041730544	-0.35091165	5.563238
bara1357	1.89420902411	1.61742437861642	-1.04542375	5.38357975
bara1361	1.287311127178	1.45987822628655	-1.36531125	4.317126
bara1370	0.375588725753	1.3860790509384	-2.18920875	3.1902205
bare1279	-0.664640921135	1.48014376366436	-3.52460325	2.27238625
barg1252	1.59370230781	1.37099952148511	-0.7688418	4.51769725
basq1248	0.103740107705	1.8008171792692	-3.386031	3.7065435
bata1289	-1.5348471593435	1.62476917552361	-4.91964175	1.46284225
baur1253	0.428125626563	1.67199743976589	-2.834248	4.0390035
bawm1236	0.685011279691	1.3855269929538	-1.7967745	3.51155475
bayb1234	1.253430226395	1.57981745906834	-1.67392475	4.6535265
beem1239	-0.720709065025	1.51475908009462	-3.8424125	2.1098295
beka1241	1.1376027008155	1.44856479262404	-1.506818	4.2741525
bela1254	0.41927881238	1.67544043605176	-2.61680875	3.8643445
belh1239	2.32697677374	1.53608119122626	-0.374692275	5.6628615
bell1243	0.3654805518235	1.72181379993396	-2.84246325	3.9417325
bemb1257	1.01340683577	1.65163064934356	-1.87952375	4.45738225
beng1282	-1.269561298077	1.61769916556369	-4.77159875	1.67949624999999
bent1238	0.0305862493185	1.38487773249249	-2.69766325	2.84178925
bhoj1244	1.444836412375	1.67693764238501	-1.726365	4.91392425
biaf1240	0.9406245242935	1.49838605224589	-1.838898	3.92429425
biao1253	-1.2686101246395	1.5705851736273	-4.39649325	1.67822325
biao1254	0.265410068438	1.59968630662232	-2.885572	3.40474075
biao1256	-0.26959537873	1.59364324899805	-3.2876735	2.86881224999999
biat1246	1.0172574430365	1.26518068432859	-1.4173275	3.64854899999999
bidy1244	-0.4969192761401	1.5435259703953	-3.67512475	2.320046
bili1260	0.385137297845	1.7250966067138	-2.96857575	4.1259015
bini1246	-0.2314644326115	1.491909093332	-3.10191175	2.80247675
bira1253	1.938503229695	1.70522221127479	-1.104335	5.52208525
bisu1244	-3.42430276285	1.49307741303658	-6.669633	-0.895121350000004
bitt1240	-2.591999120235	1.34455479006863	-5.4853405	-0.280034775
biwa1243	1.519565055895	1.58942634598109	-1.25277475	4.74316375
blan1242	-2.96729824811	1.43272881932377	-5.962074	-0.530659850000002
bodo1269	1.238973616536	1.67986277268509	-1.886797	4.71312275
boht1238	1.14015909866	1.68955176929703	-1.9394575	4.6107425
boka1249	1.054082005307	1.57044203819295	-1.8848175	4.303874
bola1250	-2.0298759763205	1.52636042918047	-5.367997	0.647048074999997
bolg1251	-1.22520097342	1.56614998294555	-4.50444325	1.75641575
bolo1262	0.275920973463	1.43000550855968	-2.4692395	3.13054775
boly1239	-2.54681802139	1.59536863809821	-5.91818575	0.215937274999999
bomk1234	0.9536441862035	1.653307710382	-2.168819	4.27446225
bona1250	0.978508461426	1.58538998524028	-1.9791045	4.28615175
bord1248	0.581289493761	1.64861653710612	-2.53776725	3.97546525
boro1277	1.7589375584475	1.64611763333386	-1.1902735	5.3422985
boro1282	0.127335088625	1.76188923848122	-3.20518275	3.66519675
boun1243	0.97253257844	1.55663420428635	-1.892253	4.226255
brah1256	0.1537241840345	1.92456645090638	-3.60645725	3.98016525
bret1244	0.366295028974	1.69084267617243	-2.89836225	3.88781975
brib1243	0.4247247322335	1.6166958195787	-2.575171	3.85751875
buga1247	-2.31507636324	1.42870689292325	-5.307745	0.346410024999999
buga1250	-1.0291339709	1.3205298457741	-3.81438825	1.35814575
bugh1239	1.138416288535	1.32004983075318	-1.44490875	3.88923
bugi1244	1.1574038770785	1.5607848380982	-1.7933195	4.49773575
bugl1243	-1.915469766395	1.67799084909291	-5.486085	1.03405275
buhu1237	-0.40618615527075	1.27583584943638	-2.913622	2.06050625
buka1257	0.82262682417	1.25361275851498	-1.55576025	3.4019355
bull1247	1.4571321914375	1.59945159896909	-1.44018425	4.69706875
bulo1242	0.39153096111	1.48516371229835	-2.4883175	3.52818525
bumt1240	0.992128956178	1.68925846055038	-2.233102	4.46029675
bura1292	-1.72418925704935	1.37675820492461	-4.8182525	0.77938075
buru1296	0.29353881024	1.9209443375901	-3.530083	4.2330075
bush1247	-1.079741803645	1.51916015647949	-4.3036965	1.7277135
buwa1243	-1.54369442704	1.26383784294376	-4.242811	0.782555349999999
byan1241	-0.7091182303945	1.36707826018211	-3.43153375	2.04943575
cabe1245	0.5069662413215	1.65014443883348	-2.63875125	3.9243605
cacu1241	0.874780573475	1.69524875236172	-2.16218025	4.47730475
cahu1264	0.229111202315	1.87097124273051	-3.29556975	4.16733399999999
camp1261	0.85567107501145	1.54937813047241	-2.03882275	4.046172
cane1242	0.554551317616	1.58831638842662	-2.6135845	3.96353175
caom1238	-1.33623775512	1.48238114501158	-4.42642925	1.31088875
capa1241	0.576642571385	1.76082523976659	-2.7839735	4.26307925
carn1240	-1.531056364131	1.54410413223823	-4.78427975	1.301897
caro1242	1.2813508955165	1.54829077304187	-1.5715165	4.602288
cash1251	0.653745275865	1.74327904888152	-2.7575375	4.48185775
cemu1238	0.627977978225	1.40853785569992	-2.0759545	3.57256125
cent1989	0.550314481865	1.64451375073612	-2.4934945	3.99638649999999
cent1992	0.0799074509155	1.43577708229232	-2.55902975	3.0511375
cent2050	-0.545021138362	1.3022327346961	-3.1879015	1.992382
cent2084	0.417090063785	1.21420548321797	-1.94841625	2.85975925
cent2127	0.44091064964	1.75137997075021	-2.9627095	4.1125555
cent2140	0.912594297465	1.67886983413482	-2.15745925	4.412541
cent2142	0.35728169792	1.77693522341565	-3.06987125	3.885088
cent2150	0.350139993225	1.74247067135685	-2.9709885	3.92849624999999
cent2292	0.0840776744941	1.10375185679706	-1.9750245	2.32789225
cent2314	-1.3918556827435	1.59368041041965	-4.54755275	1.579854
cent2322	0.0386864604115	1.79057679540743	-3.34923875	3.71360725
chad1249	-1.674299700525	1.57443177877516	-5.046142	1.265478
chak1270	-0.319354008708	1.42454379442412	-3.10853875	2.60908874999999
cham1309	0.887676292365	1.7956312860734	-2.56869675	4.64564525
cham1312	0.99854679557	1.56298398242409	-1.74352075	4.271506
chan1313	1.29850331407	1.47305551176787	-1.43555675	4.51064825
chec1245	0.564508141304	1.87520682944723	-3.087285	4.493332
chhi1245	2.3258568497915	1.53891498956958	-0.340988225	5.7580245
chil1280	1.04005699728	1.62504281918543	-1.97773275	4.3363745
chim1302	0.154517420665	1.71732881508142	-3.211236	3.55017275
chip1241	0.53438272003	1.78251164693768	-2.73165975	4.241322
chip1261	-1.174964369685	1.616756395466	-4.74648375	1.818247
chiq1248	-1.990404001305	1.68595723828386	-5.621592	1.11945125
chir1283	1.4454499755075	1.57892607092082	-1.34375025	4.90078075
choc1276	0.724933370485	1.68463625425947	-2.4008635	4.29806825
chot1239	1.35116019291	1.61752375062794	-1.607951	4.733485
chug1252	0.808019655108	1.61854972004264	-2.306447	4.11970325
chuk1273	0.2505281206145	1.72579729867747	-3.12017	3.71758125
chuv1255	0.126796872112	1.88292787154782	-3.65051875	4.17534474999999
chuw1238	0.810492898813	1.61078859578941	-2.19104375	4.305971
coca1259	0.504375542441	1.69898262106384	-2.69284125	3.99808775
cogu1240	0.55922091603	1.72979887158744	-2.64628175	4.10576875
coma1245	0.256041179286	1.75396988201269	-3.097175	3.903599
copa1237	-2.00398938402	1.39463331902512	-4.79259025	0.590748625
cori1240	-1.36427829587	1.45793810620155	-4.547762	1.1781165
cors1241	0.6628162348885	1.56041627925638	-2.29757975	3.754526
cosa1234	-2.010264269385	1.18268804292254	-4.474807	0.200683499999995
cree1270	0.6929156166885	1.69916108078087	-2.497439	4.41729999999999
crim1257	0.049597558104	1.84716632620295	-3.56215075	3.6654555
crow1244	0.49567289185	1.62486130120816	-2.5012525	3.79691399999999
cube1242	0.708636133605	1.67392947403495	-2.29877675	4.207801
czec1258	0.37271828347	1.77041219132384	-2.85356875	4.0282965
daai1236	-0.41211801333	1.28193271698813	-3.01178875	2.13824299999999
daas1238	1.5823592597	1.69417607695317	-1.4005475	5.331788
dagb1246	-1.5830193578405	1.57731987732297	-4.847677	1.29217749999999
dagi1241	0.517793114115	1.41729255963613	-2.2049115	3.30363425
daka1243	-2.04346907995	1.11091822749561	-4.2715905	0.01895829
dana1252	-1.626488791277	1.34357671296201	-4.3649465	0.923194874999999
dani1285	0.186952947609855	1.58730286979779	-2.901848	3.41000575
dara1250	1.743510750415	1.682228567856	-1.342296	5.3400005
darg1241	0.579071645475	1.82352676720795	-2.94821275	4.25362975
darm1243	-0.7611482999535	1.35211227390898	-3.459413	1.9137485
dawr1236	2.39744479689	1.61359685703224	-0.4279079	5.6907735
daza1242	0.7366326609205	1.61281908847218	-2.33590125	4.18271025
dege1246	-1.004185150573	1.45805143516656	-4.11766025	1.6997425
dera1248	-1.684507423905	1.42710118181278	-4.70391575	0.956881999999997
dhao1237	0.6604229525335	1.32276650515708	-1.86165575	3.312611
dhim1246	1.922928731951	1.6226365750585	-0.8872764	5.3595575
dido1241	0.940823777416	1.78393379375108	-2.410177	4.71292175
diga1241	1.1161562325515	1.56398888209189	-1.69638675	4.5500085
digo1243	0.726832185075	1.52859260741996	-2.06266525	4.11685675
dima1251	1.344280084795	1.67154305284336	-1.743665	4.89880225
djam1255	0.56217062575	1.71455063207824	-2.63253725	4.14541275
djee1236	0.66771216057	1.64932805309736	-2.3067905	4.13782275
dobu1241	0.4642593152885	1.30088066894736	-2.09272375	3.136334
doro1266	0.756979950631	1.26571721172513	-1.68740475	3.441531
drun1238	-0.1384253691225	1.43868843298476	-2.92867375	2.7574375
dumb1241	-0.6777049007755	1.39441307300407	-3.58442	1.873561
dumi1241	2.279339277185	1.58528926616198	-0.54890025	5.68698575
dupa1235	0.0264616255505	1.22856980686001	-2.4056185	2.4721125
dusn1237	-1.99469427486	1.61337264822872	-5.410177	0.880377074999996
dutc1256	-2.3392211775585	1.6203246155085	-5.65970175	0.608597849999999
dyul1238	0.931588350235	1.31405640976452	-1.54382475	3.65587625
dzao1238	0.23791955481	1.62368514942543	-2.9759935	3.628073
east2328	0.14195703231	1.88984490454923	-3.6626975	4.01560425
east2342	-3.02649977352	1.55394908030026	-6.37779425	-0.2807244
east2447	1.2227365492245	1.55868479308841	-1.66866025	4.55273125
east2485	0.869850499548	1.376724979643	-1.73312675	3.710084
east2555	0.2358044954105	1.69793165841381	-2.95689875	3.742035
east2556	0.38985144361	1.37384483299342	-2.1587585	3.21983275
east2773	2.216525616415	1.56920562003485	-0.529045375	5.45617125
east2782	1.116986124768	1.60624933475851	-1.8078235	4.29847775
egyp1253	0.669149792813	1.61446438351837	-2.2541665	4.08162
eipo1242	0.177945687111	1.50834859375814	-2.69384825	3.19979225
ekar1243	-2.16506579341	1.5892726146542	-5.6626385	0.702869924999998
emai1241	-1.179171419134	1.4863398561958	-4.221691	1.5973815
embe1260	0.54628725572	1.67921176060004	-2.68922425	4.0574225
enuu1235	-1.967032647681	1.19542841879303	-4.54663675	0.23486245
epen1239	0.18048176055165	1.76179711058153	-3.15201875	3.84854325
ersu1241	-0.44970278111	1.45157497085203	-3.3391675	2.679107
erzy1239	0.185850182526	1.81401122270504	-3.1766105	3.935061
esee1248	0.444329712375	1.7414459164234	-2.8005005	4.09185075
esto1258	0.121956418495	1.87138192377103	-3.570278	3.943128
even1259	0.15175250342165	1.80159254924512	-3.23769775	3.837709
even1260	0.1359834775489	1.79684182608208	-3.2220765	3.724674
ewee1241	-1.339864327923	1.54650926080644	-4.51965	1.60035
faro1244	0.463848430922	1.66148439235624	-2.58319175	3.870648
fiji1243	1.64907021846	1.59588013403601	-1.144466	5.14737774999999
fili1244	0.057942494205	1.23206585220061	-2.4079955	2.5028755
fina1242	-0.178965245178	1.04617165564632	-2.171833	1.96954475
finn1318	-0.000523215240000001	1.84007535941027	-3.53513	3.6802745
fipa1238	0.93214488111	1.61750166188671	-2.051983	4.281082
fonn1241	0.282772297962	1.47513701552982	-2.58615275	3.2260935
fore1265	0.1211897074755	1.86378876500724	-3.49020225	4.0616405
furu1242	-1.38055222961	1.57732655884394	-4.7240135	1.503364
futu1245	-0.626373511015	1.29172562143039	-3.26870775	1.92496625
fuyu1242	1.523336692358	1.42823093851541	-1.1145265	4.716583
gaga1249	0.119931966749	1.78631909427617	-3.5319255	3.69691075
gahr1239	0.9923029796515	1.64872706701717	-2.01309275	4.51520174999999
gale1259	0.18124968681	1.65880384635257	-2.92228	3.531246
gali1258	-1.468929905605	1.50527902557822	-4.578374	1.2720945
galo1242	1.042992654786	1.55121401619464	-1.8073385	4.18893249999999
gamo1243	2.341757809745	1.69884530843598	-0.64719175	5.8881925
gang1266	1.396840315195	1.60422572341688	-1.503693	4.83556675
garo1247	1.295121410495	1.74058177804899	-1.81129925	4.897476
gata1239	0.930237715214	1.68138427334093	-2.236191	4.55321625
gayo1244	0.0633698242301	1.46064160089567	-2.705999	3.046854
gbay1288	-0.8415558417425	1.60574446516463	-4.139016	2.29940525
geba1237	-3.003860474785	1.45670480340599	-5.971234	-0.365393875000001
geda1237	1.3101606372	1.2584026402975	-0.940419375	3.94592975
gela1263	0.854600283231	1.29626872366133	-1.64910725	3.50775725
gheg1238	1.1440542123688	1.60246993269809	-1.89773	4.43028599999999
ghod1238	0.79088764849	1.82603477215963	-2.80158625	4.64569875
gilb1244	-0.9784437943	1.60871112905723	-4.48656825	2.22021725
gily1242	0.5291927711395	1.81290809400957	-2.8838305	4.37103374999999
gira1247	1.17846078130495	1.40310393226839	-1.44328075	4.03524975
guah1255	0.362338293873	1.76249812754819	-3.02721725	4.23265725
guan1266	1.283715617945	1.63576292066572	-1.67576325	4.81214425
guat1253	-1.815614058905	1.61036271983556	-5.06695175	1.13999875
gube1234	-1.14612040676	1.5930257796537	-4.33200675	1.79212325
gude1246	-1.296979101595	1.27572591888002	-3.93756575	1.1354945
guer1243	-2.49234003229	1.47138124548698	-5.6519765	0.244024149999998
guhu1244	0.80640691836	1.35595977821115	-1.623615	3.6399495
guiq1238	0.759675706335	1.58309415342775	-2.1962345	4.00099625
gulf1241	0.63469456147	1.6690635656549	-2.4520435	3.9965075
gumu1244	1.560948971075	1.6459582917355	-1.54517725	5.04233725
gunw1252	0.7011571340805	1.64341265557558	-2.30293575	4.18418075
guro1248	-1.1022379016965	1.71163515423143	-4.6595725	2.07210675
guru1271	-1.6882940335765	1.410526304764	-4.52731875	1.0430415
gyel1242	-1.2829577563625	1.61608313050848	-4.739734	1.7515325
haaa1252	0.9031368733684	1.62394931469123	-2.07286875	4.43044375
hadi1240	2.09537758981	1.60423057147245	-0.747397375	5.58756225
hadz1240	0.9601713602305	1.63874818225493	-2.17765175	4.35395399999999
haka1240	0.94954234967	1.47064813464311	-1.828438	4.004738
halh1238	0.30799274522	1.79800710376972	-3.16485725	4.14737475
halk1245	0.658500122552	1.69851313457849	-2.55256725	4.23373375
hame1242	1.8930059499755	1.65954225709485	-1.06756825	5.3888985
hani1248	-2.714390859195	1.50097499498828	-5.97160225	-0.121862950000004
hano1246	-1.706496111685	1.30953238007835	-4.39644725	0.795958024999999
hass1238	-1.7433504767645	1.60870693307719	-4.9125415	1.23924975
hehe1240	0.938201495322	1.51993134801017	-1.9720025	4.00533175
hela1238	2.1027529501855	1.56256194338203	-0.77630475	5.31650425
here1253	1.0646160584495	1.62700561101516	-2.006698	4.56688325
hida1246	0.40673451096	1.67761058161454	-2.822548	3.74311749999999
high1276	0.349277340005	1.65694148837584	-2.8610845	3.6994285
hind1269	0.5504136918475	1.66731777536265	-2.5318625	4.0396585
hixk1239	0.48599719251975	1.72515429458551	-2.730223	4.18648224999999
hoaa1235	-0.17757253183	1.4607134688787	-3.01054425	2.7843785
hone1235	-1.0328727952835	1.31196274946103	-3.67180375	1.534982
honi1244	-1.506014550125	1.23007436971632	-3.98499025	0.8031188
hopi1249	-0.489697673622	1.66609377474533	-3.68100375	2.890777
hote1245	-1.00608884471	1.32567330399742	-3.7498705	1.35929475
hual1241	0.6575173328575	1.75352241830379	-2.61327875	4.253169
huam1247	0.32879337177364	1.7576504125901	-2.98612575	3.919603
huar1255	0.2458764535465	1.83568621695745	-3.234665	3.991088
huas1242	-1.024514210735	1.55557884210683	-4.16900675	1.9804545
huic1243	0.240441993483	1.8075805626505	-3.19846025	3.88868925
hula1239	1.38781847032305	1.25485082966136	-0.952594475	4.01841775
hula1244	0.557332262485	1.72600249539093	-2.639843	4.3145375
humb1243	-1.081489429965	1.65305615468324	-4.4970795	1.944231
hung1274	0.148441942916	1.92986170384245	-3.62924425	4.00036925
hung1275	0.690496959321	1.67136986220166	-2.344951	4.299932
hunz1247	0.909844744022	1.75772352775005	-2.33295925	4.60069825
hupd1244	0.84785192838	1.72360967796879	-2.186544	4.63666799999999
huuu1240	-1.723916329639	1.12028406714002	-3.9530135	0.456744224999999
iaai1238	-1.10938873516	1.38150414573853	-4.006039	1.41868675
iatm1242	1.3142478248665	1.54251167204198	-1.48786625	4.51436
iban1264	-0.883119595075	1.52487526840052	-4.06019875	1.9379525
iban1267	-0.2510276157665	1.14882234170003	-2.5022355	1.98359625
ibat1238	0.9584136725195	1.49614919570961	-1.83446225	4.05337625
icel1247	0.5012741537795	1.6753606769476	-2.64144525	4.020487
idii1243	0.6781198694905	1.7356393405705	-2.72661125	4.34973425
idom1241	-1.73981342836	1.649011694719	-5.1448045	1.282083
idun1242	0.4946795532485	1.38059906467365	-2.02632725	3.36835425
ikkk1242	1.033859931425	1.63785492843051	-2.2474505	4.3898655
ilon1239	-0.842999455935	1.17991451423655	-3.17827475	1.4509515
imba1240	-0.61966291192865	1.61014195881571	-3.91454925	2.56353475
indo1316	-1.48502006784545	1.55451810923487	-4.750429	1.362501
ingr1248	0.09755153981	1.82790428692682	-3.49850025	3.8291515
ingu1240	0.703643193245	1.80498592315059	-2.59792525	4.36538899999999
irar1238	-1.658610442378	1.63546844389966	-5.19723775	1.197025
iris1253	0.43099728034	1.61007455242288	-2.6183065	3.74136474999999
irul1243	0.14544203892	1.8421810951187	-3.46914875	3.7552005
isco1239	0.605166629622	1.75756527553171	-2.65808275	4.35460825
ital1282	-1.3558935516985	1.60439180951349	-4.67164625	1.70123725
itza1241	0.39370843109	1.61163478771545	-2.62938375	3.66311624999999
ivat1242	1.0959484345785	1.63991682152674	-1.89911375	4.605695
iyoo1238	-0.328732283125	1.29951805739267	-2.8254525	2.14571225
jalk1242	0.06124439614	1.37124427185125	-2.681218	2.818391
jamb1236	1.1706549347635	1.54193206535271	-1.73342975	4.333432
jams1239	-0.4618373798416	1.28841327382825	-3.099998	2.09018475
japh1234	1.438273791833	1.65024886437758	-1.49880475	4.81060575
jaqa1244	0.502697851355	1.77095991107506	-2.741009	4.17200175
juan1238	1.1891093407665	1.61949326033136	-1.7067065	4.59588025
juku1254	-0.315068072114	1.21251544143229	-2.64602775	2.10417125
jurm1239	-1.49409906921	1.54899023438129	-4.90436675	1.309557
kaba1278	0.53623983836935	1.79154754913279	-2.8929445	4.12485825
kaba1281	0.661319799655	1.45037142147454	-2.0473555	3.779949
kach1284	2.15536495244	1.67187505863302	-0.6988093	5.948952
kado1242	-3.32479461285	1.3587909232679	-6.408638	-0.8865731
kafa1242	2.0306620409325	1.64602874592042	-0.92624575	5.56101725
kaik1246	1.22738770215	1.59663648596605	-1.712872	4.62085774999999
kaki1249	-0.571464375645	1.4492278282032	-3.46211	2.1890975
kala1399	0.3801726811355	1.69176256203299	-2.98297	3.788953
kalm1243	0.333419231803	1.69401774639315	-2.9101945	3.8210325
kamb1297	0.575056163005	1.64018797506821	-2.59108675	4.00653775
kamb1299	1.367756794525	1.56905989186834	-1.55214275	4.7381535
kamm1249	-0.915214977894	1.41587208716554	-3.813819	1.6970405
kamu1260	0.494411883424	1.74622732107178	-2.807742	3.93660325
kana1286	-0.2717815742675	1.17462821955971	-2.73045525	1.983829
kank1243	0.09975778938	1.18944024096616	-2.1936715	2.5122215
kaqc1270	-1.624957731847	1.62214498275643	-4.98526425	1.3188475
kara1482	-1.4121159642951	1.55158516112667	-4.691479	1.38603925
kara1486	-2.024064035625	1.37652265698509	-4.9443725	0.460260825
kara1500	-1.2511451147365	1.5127786535369	-4.3938505	1.58298125
karb1241	1.2298885021775	1.6665245601467	-1.9711965	4.60353275
kare1335	0.0234184855	1.75128210318415	-3.44416025	3.62957425
kash1277	0.76927253253	1.62704305320863	-2.298679	4.264921
katb1237	-1.611765045845	1.00379196405034	-3.6078405	0.332263899999999
kats1235	-0.517404465125	1.42824629510664	-3.293683	2.32436475
kaya1315	-3.2062927702915	1.50020588978759	-6.42274425	-0.492288175000001
keap1239	1.180942638875	1.28306684308442	-1.207643	3.83587425
keig1242	0.8074146076745	1.52035245681478	-2.19815675	3.78879325
kele1255	-1.0993673376195	1.56101615865873	-4.5328675	1.70246975
kele1258	-1.2939935815965	1.22487434280339	-3.79932325	1.0392195
kele1259	-0.644869328185	1.08335227505909	-2.79089875	1.4678875
kemb1249	0.478133147222	1.24766767146116	-2.0214315	3.00984075
kenu1236	0.3841109907895	1.8142208238758	-3.129693	4.06763049999999
keoo1238	0.0510489748245	1.41734945959718	-2.91622025	2.715445
kera1255	0.2432895816125	1.19464911349434	-2.14062	2.62191375
kesa1244	0.30591862541	1.35140537808016	-2.22666875	3.0101175
kett1243	0.232586280114	1.93890399369536	-3.41507325	4.18601425
kgal1244	0.857620101065	1.6513094553025	-2.2250875	4.36242525
khak1248	0.159820358484	1.82568460726814	-3.32251275	4.10708275
khal1275	2.244764136065	1.54926956629386	-0.4958912	5.75897775
kham1282	0.3324121835795	1.7385022212958	-2.91339875	3.84275849999999
khan1274	-1.81430250903	1.49473349076006	-4.93920125	0.866864574999996
khan1278	-0.545210883675	1.32971255320989	-3.25812175	2.06814775
khar1287	1.119967351785	1.65279193890876	-1.90387325	4.69111475
khar1288	1.4409638704605	1.56956128480066	-1.513678	4.664576
khin1240	0.5093240984365	1.66521209278949	-2.61685225	3.95816975
khmu1256	-2.2577255288475	1.50830488975325	-5.46865775	0.480338874999995
khva1239	0.919201114255	1.79090285246681	-2.38814325	4.74660625
kiku1240	1.50903720811	1.61373944091597	-1.30515825	5.01921725
kile1243	0.3086678311435	1.82690144453666	-3.166088	3.9923655
kili1267	-0.8100759841295	1.46832066995019	-3.77323175	1.98801
kimm1245	-1.3255058599005	1.27678868536656	-3.86073475	1.2232465
kimm1246	-0.527827799	1.31975907666037	-3.34213575	2.07702125
kina1250	-0.86268409101	1.53701499820312	-4.101723	2.12080625
kinn1249	0.8473841747395	1.58404942063081	-2.11799075	4.242556
kips1239	1.718637439487	1.69306668499457	-1.17627375	5.384475
koda1255	0.192811722545	1.79691376820962	-3.2277075	3.89374225
koho1244	-1.293405559865	1.59680502711208	-4.59356725	1.65822574999999
koir1240	1.44602433841	1.56183873167278	-1.52440025	4.72254325
koko1269	1.203593767275	1.45018344461884	-1.493869	4.1916445
kolb1240	1.309925297575	1.5028353599796	-1.4636025	4.5117575
kolc1235	-1.472004519521	1.5415711566723	-4.8116975	1.40182225
komb1274	-1.145908382225	1.48847204165098	-4.20555	1.8107175
komi1268	0.027394481145	1.83356506560564	-3.65618975	3.72735575
komi1269	0.134224619	1.88560710931181	-3.5030395	3.81898225
konk1267	0.588996314744	1.60307686734221	-2.30835625	3.98636825
kony1248	1.2421513926995	1.4692558544819	-1.415331	4.3560875
koon1244	1.033955411765	1.54440343371362	-1.855897	4.45319875
kore1280	0.4971477959485	1.69130948614429	-2.72621025	4.02252725
koro1298	-0.810377121504	1.44114255355994	-3.94140125	1.89425925
kosr1238	-1.1163686701665	1.59991665676526	-4.549207	1.832759
kove1237	-1.98252316411	1.60406574923308	-5.53674425	0.7834398
koyr1240	-0.92316700253	1.63823127608352	-4.32857375	2.20141175
koyr1242	-0.924615563643	1.64061973882583	-4.4561185	2.05969825
kryt1240	0.482966074398	1.67346659741219	-2.80186925	3.969728
kuku1273	0.1477391615885	1.84413516779888	-3.5297905	3.940743
kulo1237	0.198230781135	1.33382603312193	-2.35217425	2.912017
kuma1276	0.092929889161	1.25872893025871	-2.42933375	2.62192
kumb1268	0.1177575106865	1.85578308366023	-3.62499625	3.73353975
kumz1235	-2.11792424657	1.6644790461987	-5.5599	0.934986099999999
kunb1251	0.711844736289	1.60977174796622	-2.25961575	4.06977425
kuot1243	-1.7631870522045	1.31102403691826	-4.42672125	0.696557524999999
kute1248	-0.701268443889	1.20657322373828	-3.06839425	1.671504
kuyy1240	-1.492048407335	1.48324008936864	-4.65424775	1.176436
kwai1243	0.01945638725405	1.14030685827989	-2.288802	2.1831845
kwam1249	1.3555871859745	1.42048201330541	-1.336576	4.271976
kwar1239	-0.226875323897	1.17796560493522	-2.70660325	1.99087525
kwaz1243	0.608665132815	1.76072216176129	-2.80716325	4.15634149999999
kxoe1243	0.9911133859005	1.63604046048152	-1.98430425	4.3421295
kyer1238	1.96602324627	1.55952984201494	-0.7193257	5.30282
laal1242	-1.214937503418	1.53719243872147	-4.5632685	1.63686125
labu1248	-1.086616830665	1.30337034235048	-3.9034805	1.26892675
lach1248	-1.5637679959385	1.33443987945305	-4.34847	1.147671
lagw1237	-1.808939226096	1.32292518077887	-4.4960085	0.67209025
lahu1253	-3.426230715	1.37894742396818	-6.4806025	-1.02994975
laiy1246	1.28051226173	1.58630984440415	-1.562545	4.56584775
lala1268	1.775114115586	1.39935579498951	-0.77739635	4.8416975
lama1277	-0.3768973866355	1.20823910421538	-2.75583175	1.94836125
lama1288	-1.426503441355	1.22211061037332	-3.986741	0.860154524999999
lamb1269	0.52176462144	1.7629630778303	-2.82878375	4.20898824999999
land1256	1.369711281095	1.59867226908043	-1.5332515	4.792279
lash1243	-1.786825874275	1.46749682430623	-4.8779965	0.860104999999998
latv1249	0.42929121389	1.74064900749326	-2.83381075	4.03129174999999
lave1248	-1.97484128415895	1.48217431788394	-5.02884925	0.861250074999998
lavu1241	1.1148470714405	1.58808132386323	-2.0263585	4.33665075
lazz1240	0.832418155518	1.71404181929557	-2.55179975	4.47486275
lele1276	0.651660032169	1.34784954769405	-1.91441	3.42152975
lena1238	-0.3425043563255	1.26549371954792	-2.93339725	2.1192945
lend1245	0.779360545255	1.45665889120967	-1.936268	3.807869
lepc1244	1.886319681105	1.59539428812176	-0.959884125	5.22665525
lewo1242	-1.353474389575	1.08547979091978	-3.614467	0.701555074999998
lewo1244	-0.1660278664045	1.23204081935022	-2.5499495	2.18921825
lezg1247	0.5700531810545	1.71912279639924	-2.57063325	4.0958135
liby1240	0.641157866355	1.62947465730256	-2.27833875	3.97755899999999
lika1243	-0.2046885991325	1.38242880348586	-3.16796175	2.4643555
limo1248	-0.0575581750113	1.18275986571197	-2.4428995	2.25889625
ling1265	-1.55454277594	0.987977342439194	-3.488853	0.347061224999999
lipo1242	0.437480382358	1.37789152751681	-2.17099025	3.3422175
lisu1250	-1.6459665961	1.24505557772452	-4.07262725	0.830752524999998
lith1251	0.52580301544	1.69996472049501	-2.6922825	4.12321975
litz1237	-1.29823695665	0.994348390956491	-3.2485115	0.662450824999999
livv1243	0.0597416162545	1.81461460737709	-3.489059	3.741335
lolo1259	0.2505470199315	1.40211747216062	-2.44753175	3.27085475
loma1260	-1.0209276085465	1.64435402480606	-4.34899575	2.067698
lomb1257	-0.037526615744	1.47438240437417	-2.96036375	2.89344475
loni1238	-1.2689425907	1.22684479643419	-3.83369575	1.0308745
loth1237	1.189441764205	1.53272125657136	-1.7605365	4.280428
louu1245	-0.89542526341	1.16178239428176	-3.128057	1.36291575
luan1263	-1.0959102075505	1.47024552938554	-4.2753605	1.603942
ludi1246	0.0843986852405	1.86288468345605	-3.611702	3.92265825
lugb1240	0.3615656908047	1.44767143181304	-2.3575365	3.34430299999999
lugu1238	0.7101354879022	1.59946779535452	-2.25467525	3.93134625
lule1254	0.112680008785	1.8759232678078	-3.60267675	4.079125
lumu1239	0.063886323644	1.41084618756716	-2.8499345	2.932076
luok1236	1.47831748453	1.6408838064464	-1.442639	4.87530174999999
luse1252	-0.6798156755735	1.45418041307341	-3.66929525	2.010831
lush1249	0.828737400345	1.45583112739883	-1.7498535	3.93931725
maan1238	0.967938041322	1.49893064071731	-1.85453725	4.11418
maas1239	-0.5271235418785	1.5234375317778	-3.6444325	2.2989775
maba1277	-1.24357457566	1.65584222727028	-4.71945475	1.8359965
mace1250	1.18250965908	1.65553629674625	-1.8930975	4.7615295
madi1260	-1.240104096331	1.45497921512037	-4.30121125	1.4510485
mafe1237	-1.07125595958	1.0093525915089	-3.0369205	0.933571874999999
magd1235	-0.8205739092205	1.40299067600639	-3.54767225	1.94003625
mail1248	-0.697764749541	1.39947407904486	-3.5390135	1.9607775
mait1250	1.83632726623	1.60798694216676	-1.1551765	5.2268065
maka1304	-1.46678629377455	1.50540264182583	-4.6623085	1.219957
makc1235	-0.02423391823615	1.53720421362713	-3.1040275	3.06442875
mala1464	0.166351804556	1.86371785481829	-3.60650975	3.84846175
mala1479	-1.0484152532255	1.5580518139131	-4.43883375	1.91656625
mala1522	0.5545835017655	1.73674040357198	-2.72710975	4.23993999999999
mala1534	-0.046391706748	1.2130433523841	-2.4485975	2.186237
male1297	0.34704526637	1.71288244533038	-2.810751	3.865794
malg1251	-1.219308972035	1.23185351525723	-3.802858	1.07971375
malo1243	-0.856647322652	0.916587831569468	-2.622327	0.8904719
malt1254	0.759823757615	1.68918805355128	-2.25495775	4.37161075
mana1288	1.647046305884	1.59878027271141	-1.200591	5.11613399999999
mana1298	1.093680307176	1.52978159267172	-1.625529	4.2847995
mand1415	0.544883839379	1.7130327875267	-2.7193475	4.21755325
mand1436	-0.827373651646	1.63392562148531	-4.271088	2.14920975
mand1440	-1.67128343962	1.41669539047143	-4.607532	0.928863499999999
mang1378	-2.66295651398	1.43215746347491	-5.75912575	-0.2406263
mang1381	0.4310759010952	1.7551648229699	-2.914162	4.1331915
mang1394	0.891978583254	1.38382028606024	-1.59298925	3.712884
mang1401	-0.94235885984	1.60189641439068	-4.36973675	2.20123775
mang1405	1.12780271808	1.43406741507269	-1.627789	4.06285425
manm1238	-1.73601522709	1.13151226254117	-4.0884175	0.441337599999996
mann1248	-1.011522710268	1.76115551206995	-4.66625025	2.321541
maor1246	-0.988018557738	1.64251945734827	-4.47712825	1.937837
mapu1245	0.5886494139833	1.67314098090812	-2.63492225	4.0959445
mara1378	0.522272337255	1.74265320249285	-2.7919095	4.15581375
mara1382	0.270507944259	1.35032269515619	-2.212396	3.03190425
marg1265	-0.90854833799	1.25708087882369	-3.43425	1.5559425
maru1249	0.2360326428985	1.54391158559553	-2.7159295	3.51006425
masa1322	-0.502097780575	1.23179612176835	-3.0292075	1.79892325
masb1238	0.207870365206285	1.23690159151671	-2.3004805	2.5890465
mask1242	-2.030403082605	1.09006881309045	-4.1688785	-0.0337083125000001
matb1237	0.75786696064	1.54375471844294	-2.088823	3.99328175
mati1250	1.3592414982645	1.61614688859744	-1.6386495	4.895269
mato1252	0.13776145116	1.24281934301807	-2.26570525	2.5209105
matu1259	0.52729675004555	1.59226018225612	-2.42012925	3.78318375
matu1261	1.569947270716	1.3612112640889	-0.7982031	4.48240125
mayo1264	0.2666391292695	1.82010630228719	-3.171482	3.91584325
mbay1241	0.943254224823	1.38386984008441	-1.61961925	3.85957424999999
mbul1263	-1.11079594120605	1.49421351801247	-4.3145675	1.59646225
meen1242	1.81481415179	1.70308911710039	-1.2555445	5.5386175
mehe1243	0.6281252292335	1.36975603916786	-1.94799175	3.45400575
meke1243	1.063249640716	1.29383378538876	-1.28515375	3.86556675
mele1250	-0.903067861905	1.38053411209475	-3.74546825	1.67893325
melp1238	1.13289060807	1.49631719412923	-1.60357625	4.16907425
mere1242	-1.122279971305	1.05772423317546	-3.2074295	0.945642474999999
mezq1235	-0.2686558793905	1.51847163133755	-3.20834325	2.83886825
mich1245	0.25105645442	1.79667417415098	-3.18588975	3.912655
miju1243	1.04373460268	1.54928702962164	-1.815545	4.34419575
mika1239	0.355724760842	1.70829125958377	-2.98535925	4.040121
mikm1235	0.271851813695	1.7137000205327	-3.0568635	3.7861145
mila1245	1.203953641645	1.66231826742067	-1.836519	4.80472799999999
mina1268	1.0626712961	1.59321990139124	-1.8506835	4.3712125
mina1276	-1.365617967619	1.2698245760525	-3.9500155	1.03518975
mini1256	0.413927251099	1.76755004766481	-2.686249	3.9804375
minn1241	-1.7237963333495	1.59474913449458	-4.967807	1.17851975
misk1235	0.582414115366	1.65244129654579	-2.50832175	4.083924
mixt1426	-1.55301426471875	1.61759963116752	-4.83314325	1.465824
miya1259	0.32552090783	1.76966941886955	-3.00728775	3.90525775
miya1266	-2.08091035694	1.49520282012817	-5.3745605	0.493513624999996
mlab1235	0.3447347968755	1.47868930463974	-2.36301275	3.37794375
moco1246	-1.36000364737815	1.60114072816888	-4.77152925	1.581665
mode1248	0.5618276091595	1.69734333282534	-2.621419	4.10929624999999
moke1242	1.00883385464	1.63553462161702	-1.9840345	4.57112375
mokl1243	1.065829162485	1.57901882830129	-1.81463125	4.31717475
moks1248	0.16717115819	1.84921692004345	-3.39480925	3.8839105
morm1235	-2.393822154205	1.58240120012834	-5.86713675	0.377932049999999
mort1237	-0.9735247094	1.60798975336525	-4.473271	1.977446
mose1249	0.4296628437995	1.81845202611137	-3.0179375	4.362098
motl1237	-0.24594473295	1.30914010481895	-2.7453135	2.37388725
moun1252	1.549870749567	1.43322519585258	-0.990816975	4.67743475
moyo1238	1.34716480562	1.64184513330772	-1.668241	4.842873
mpad1242	-1.96443246912	1.44742223731094	-4.999358	0.580225099999999
mpii1239	0.313501168585	1.56235715074704	-2.46091125	3.65367575
mual1241	0.8060662580205	1.42819123116211	-1.87471625	3.72626275
mudu1242	-1.82195071442	1.57365909875166	-5.27411125	1.0552885
mull1237	0.59200079460385	1.77790311906026	-2.6689515	4.46222024999999
munc1235	-1.38823482349	1.40947970201804	-4.123933	1.38785775
mund1320	1.096833952856	1.64338107352114	-1.93772275	4.68136675
mund1325	0.674246151693	1.27132453089339	-1.68072725	3.40977
muru1274	0.26186319271	1.70575069918949	-2.929085	3.8845095
musg1254	-0.650186929145	1.2852740422248	-3.3036605	1.7622475
mwag1236	-1.121103735764	1.31191004002256	-3.77523625	1.36851225
mwan1250	-1.08236944109	1.66982750637458	-4.501084	1.98892575
naka1262	-1.707133820025	1.59274078520557	-4.9423345	1.0781025
nali1244	-1.930158437315	1.28239138737617	-4.59187375	0.494613249999998
nama1268	-0.784244401156	1.16067572296127	-3.05574275	1.4708725
namb1293	0.75998519516	1.70954342392883	-2.3391305	4.3039895
nana1257	0.36369944443745	1.76631788388512	-3.0123805	4.0592965
nand1266	1.496060117825	1.73157262128828	-1.71235225	5.27201675
nang1262	0.284942162228	1.41782735866001	-2.32573325	3.0494565
naue1237	-1.3978171688995	1.48616785663993	-4.737156	1.24343325
naur1243	1.177939848975	1.54456339472807	-1.624731	4.3928875
nava1243	-1.458278193445	1.56251781974282	-4.874238	1.369535
nawu1242	-1.4904605114865	1.5643822567521	-4.7947345	1.26855
ndog1248	-1.05148447555	1.58687139315856	-4.37496075	1.83616075
negi1245	0.4323744177275	1.74445650208306	-2.85313475	4.14724199999999
neha1247	0.9250346125695	1.55253316491687	-1.99282375	4.29472474999999
nend1239	1.52232791503	1.56153244201685	-1.4927465	4.54233025
nene1249	0.059883310686	1.9080795476931	-3.71552875	3.7805685
neng1238	0.6033792799245	1.45036692739083	-2.163084	3.63200224999999
nenn1238	0.748479719045	1.68213033596975	-2.375932	4.30556475
nese1235	-0.78087583116345	0.964139276525825	-2.6129835	1.20899725
newa1246	2.076523266508	1.55918031938046	-0.824797275	5.22831799999999
ngab1239	-0.250729885478	1.6219241551548	-3.40365175	3.1026175
ngam1268	1.215249306475	1.39714888886217	-1.3692615	4.08671775
ngan1291	0.1217125327325	1.88669425300092	-3.591694	3.78551675
ngar1283	0.399213539515	1.70223640369301	-2.8348445	3.92902825
ngar1284	0.315168515705	1.82259036176996	-3.2495985	3.89665649999999
nhen1239	0.6007930223395	1.67757556403972	-2.505811	4.19473875
nige1253	-1.560447136742	1.59639192779586	-5.12676475	1.30820825
niha1238	0.4099678390525	1.70670679505092	-2.809174	3.897708
niua1240	-0.78492913312095	1.56679843184007	-3.9884615	2.3843395
niva1238	-1.34019810661	1.67289409922522	-4.86448775	1.821194
njan1240	-0.2243973768865	1.29534097350385	-2.81797875	2.385817
noct1238	1.226370605555	1.51530002902145	-1.502141	4.4660145
noku1237	-1.1338356657525	1.28643639212835	-3.8461705	1.23653325
noma1260	0.12577389827	1.45441688649725	-2.68254775	3.0036075
noon1242	-1.30680779894	1.70218375171309	-5.03445625	1.79544475
noon1243	-0.1775661697951	1.17585121773975	-2.527874	2.1340535
nort2671	0.0458572555485	1.81123364128503	-3.49591475	3.65577975
nort2684	-0.047028518497	1.54053368390649	-2.9905425	3.0392965
nort2690	0.03963632332	1.8975596702261	-3.782736	3.90991525
nort2697	0.808695607882	1.71912754310316	-2.44743375	4.38039324999999
nort2702	0.39446082422	1.7868445455487	-2.94597375	4.16472725
nort2722	1.396924700265	1.59338574505901	-1.41764525	4.79880749999999
nort2723	-1.7382053386275	1.42306279671571	-4.604508	0.879286849999995
nort2732	-2.27989288555	1.62643766749172	-5.7348015	0.636978325
nort2745	0.4881637026965	1.77178979072494	-2.7854055	4.14916324999999
nort2747	-2.0420957193805	1.53665539667853	-5.31847975	0.751579549999999
nort2774	-1.22275568319	1.60268712414388	-4.61058125	1.6633945
nort2775	-0.9308682788	1.57544940349304	-4.14623275	1.871625
nort2845	-0.9463257685655	1.55571954347715	-4.36311825	1.90981475
nort2885	1.234886472505	1.55844322091913	-1.50995275	4.4949495
nort2930	-1.7830209808235	1.5548127568609	-4.9948305	1.06299925
nort2938	0.434881529265	1.72648619917511	-2.92192125	3.86436924999999
nort2942	-1.168514283405	1.60994350496115	-4.43997775	1.8540565
nort2951	0.7520845881075	1.74293200548542	-2.6350655	4.5698205
nort2954	0.554435714705	1.76896472901605	-2.61920775	4.18098225
nort2957	0.53649239525	1.52200123722707	-2.2757235	3.8141725
nort2961	0.564311978845	1.60915354933848	-2.5696965	3.7559645
nort2972	0.436916787535	1.66975476038839	-2.79634725	3.96619125
nort2980	0.63503387037055	1.64272026724336	-2.3909735	3.9043415
nort3139	0.651037012885	1.6147913503668	-2.2461515	4.0166315
nucl1235	0.98723526716	1.65811081336543	-2.1056425	4.57576575
nucl1301	0.11672118254	1.83236059218323	-3.32985925	3.855629
nucl1302	1.0787374990545	1.64592464843808	-1.921897	4.46822175
nucl1305	0.226137678465	1.84839261245429	-3.3521205	4.004815
nucl1310	-0.447454729805	1.27071336423397	-2.99173275	2.1315315
nucl1347	-1.24267873001	1.74643369341373	-4.859202	1.9727385
nucl1417	-0.7688428417175	1.30462348110851	-3.528917	1.73395025
nucl1458	1.4432422870455	1.647998307599	-1.68088575	4.87355825
nucl1593	0.199780181283	1.55435195764075	-2.815252	3.2946765
nucl1622	0.548196566605	1.6458391196332	-2.49637125	4.03928825
nucl1643	0.2749273906705	1.82732491103013	-3.18873575	4.04867325
nucl1706	0.441742598755	1.76809658328093	-2.9656525	4.04749825
nuer1246	0.79700699452	1.6010007136806	-2.299717	4.07880225
nukn1238	-0.02085244187	1.21014328858035	-2.3739175	2.27869375
nung1282	-1.447044413858	1.31224049696839	-4.0966495	1.09217575
nupe1254	-1.2985855722435	1.62353758350875	-4.642	1.72924325
nusu1239	-1.81189665114	1.27073957402337	-4.388944	0.5928085
nyah1250	0.76576854797	1.51619475612073	-2.02477025	4.01126125
nyak1260	1.1809101099049	1.59804497534994	-1.768881	4.5101025
nyal1254	-0.79394242077	1.4305804742944	-3.7474235	1.9931175
nyam1285	-1.405182745055	1.36177226218222	-4.2982385	1.10874425
nyan1307	0.5067965920345	1.48525833645048	-2.31864125	3.58941725
nyig1240	0.4747522614715	1.72964408838917	-2.73044575	4.1207525
nyis1236	0.1013175663005	1.37993526914875	-2.508283	2.7908715
nyor1246	0.4544762747	1.40577519240904	-2.292706	3.43043049999999
nzak1246	0.1408545787535	1.36749454043993	-2.569208	2.82588525
occi1239	-1.327078358233	1.52963359813932	-4.63473125	1.31424775
ofay1240	-1.5637652421955	1.61252527889407	-5.00974575	1.36624075
okoe1238	-1.5861700009665	1.53159146605166	-4.79996475	1.17690475
onon1246	0.3830256857995	1.71575988912219	-2.79421275	4.213562
onto1237	1.16330792969	1.54244679485327	-1.69582025	4.55836425
oriy1255	1.208097001225	1.62643966495806	-1.757372	4.76855899999999
orok1267	-1.758672069294	1.50247691106402	-4.90912775	1.00526725
orok1269	0.849393205164	1.47688892926844	-1.9382855	3.74110424999999
otta1242	0.4971874012	1.65077376190698	-2.62269425	3.68345724999999
paaa1242	-2.0089335525435	1.53164047999646	-5.37805575	0.71387405
paas1238	-1.39450464204	1.54214753009767	-4.80742775	1.280398
paco1243	-0.219527102715	1.42570045013759	-2.90947775	2.61899875
pahn1237	-0.974125207448	1.32932906859771	-3.61365725	1.645844
pala1344	-1.00388703815	1.63987104430673	-4.25566925	2.15022925
pamo1252	1.558278036934	1.62822348247296	-1.248868	5.18899699999999
pana1307	0.6657855104605	1.58629569270892	-2.29525875	3.86505425
pang1287	1.1614419213455	1.69096249182147	-1.95419875	4.74165675
pang1290	0.454363855915	1.47132789511996	-2.3329565	3.65282449999999
panj1256	0.63758746741	1.72868956520951	-2.5833915	4.18195925
papa1238	0.5056070926785	1.59566720077048	-2.48282225	3.6858475
papa1265	1.473764235137	1.49392979610371	-1.1657295	4.81282649999999
para1301	-2.11799096763	1.486890873214	-5.21199125	0.651081949999999
para1302	1.319755243255	1.5380471818946	-1.565853	4.636001
patp1243	-1.311309730675	1.53493692578299	-4.42447825	1.53317775
patt1248	0.977131503355	1.64340814134058	-2.0637365	4.48096024999999
paul1238	-1.2537999475565	1.49218369234237	-4.44414375	1.47851775
pech1241	0.5403259672675	1.68243118396339	-2.566226	4.042271
pela1242	0.0664232982249	1.30170807252944	-2.39519575	2.623631
pemo1248	0.374733128165	1.64600988612665	-2.54909475	3.626406
pend1242	1.18541144019	1.64563219515411	-1.79646275	4.63796174999999
peri1253	0.351470893945	1.77702945415898	-2.9835635	4.13098925
pila1245	0.58863209057	1.61422686950118	-2.37775275	3.8923445
pile1238	0.002389349728	1.26364609644324	-2.440944	2.54115875
ping1243	-1.39620721802	1.53907637138295	-4.68173425	1.402255
pite1240	0.105305654574413	1.90467605970513	-3.52536625	3.97160675
pohn1238	-1.0508792862285	1.64071989260835	-4.44336975	1.8851235
poli1260	0.410404094402	1.68608468067445	-2.793183	3.92219725
popt1235	-1.249217501755	1.54482891511033	-4.4274705	1.65567075
port1283	-1.472074500505	1.59477126508285	-4.7025535	1.61707875
port1285	-2.02625906601	1.08365569406339	-4.1821235	-0.0334349650000005
puka1242	-1.36195235687	1.57760007668773	-4.66070575	1.57782975
pula1262	-0.717246176175	1.6189905568755	-4.04083125	2.41372475
pula1263	-1.1384715203105	1.63733158584347	-4.5787605	1.87439525
puma1239	2.34519371479	1.52765323102932	-0.33382895	5.63403625
pume1238	0.476405165715	1.73924584239889	-2.6974415	4.098977
puoc1238	-0.41913256583	1.51189388354024	-3.2802855	2.657961
pure1242	0.009407062305	1.72118271226249	-3.357804	3.52801225
puri1258	0.82526596623	1.61990136420222	-2.18921825	4.090846
quio1240	0.66466257971	1.43894565445996	-1.9538595	3.63463475
rabh1238	1.41059219578	1.57439984996564	-1.42832625	4.78294575
rade1240	-1.1078050722275	1.45392220257767	-4.137861	1.629404
rama1270	-0.0477905779	1.74099709622248	-3.3533865	3.520465
rapa1244	-0.979779423662895	1.60767742757306	-4.43115	1.86727
rapa1245	1.247576170458	1.59819840174025	-1.7879745	4.7147115
raro1241	1.2058605580775	1.58888793144485	-1.70869425	4.52256049999999
remo1247	-0.9690504927555	1.47512402087693	-4.00277525	1.747515
renn1242	-0.7058830449075	1.56664318248937	-4.051383	2.233059
roma1326	-0.874053042935	1.42597913864919	-3.83983675	1.81457025
romb1245	0.42984410822	1.404613048749	-2.3077605	3.48571125
rong1264	0.239312892994	1.5756435747795	-2.88416575	3.41876624999999
ronn1241	-1.208554733656	1.35539895956905	-4.049269	1.2962885
rotu1241	-1.254324466986	1.59519661968255	-4.6407205	1.75127925
ruch1235	-2.38645559256	1.61002086404978	-6.00808675	0.472630199999999
ruka1240	0.14555887698	1.30514822387261	-2.3760065	2.72472275
ruma1248	-0.09697630736525	1.37565672715508	-2.7794655	2.63942075
rung1258	-1.5324331482	1.59773815104419	-4.85204425	1.38137425
rung1259	0.5257935082275	1.3376884735574	-2.04193325	3.209854
russ1263	0.412972419855	1.82348542329079	-2.957472	4.2254055
saaa1240	1.16331435041	1.36937106650361	-1.36364225	3.8888695
saar1237	-0.376926205125	1.21492968316067	-2.881624	1.9738665
saba1267	1.59703186758	1.5424452359095	-1.10055025	5.0060555
saba1268	0.599127988459	1.73687843913645	-2.69791725	4.14425175
sabu1255	1.27614726393	1.47675876015758	-1.5393215	4.264996
sais1237	0.5861021296395	1.50451552786289	-2.18053525	3.7115875
saka1289	-0.96854025073	1.11959700740786	-3.20682975	1.2324945
samo1305	1.1273044932385	1.54572970142584	-1.66628725	4.33904325
sana1295	-1.68299669478	1.60494662395917	-4.946488	1.40998425
sanb1242	0.22979283119	1.76147550606539	-3.24742025	3.879704
sand1278	-1.519041625082	1.66632249238483	-4.995179	1.75065825
sang1321	1.4091539273155	1.49386542802939	-1.28278925	4.64310725
sang1331	1.0798315700835	1.63839853617119	-1.94815225	4.57182975
sani1269	-3.052777328405	1.52451690997094	-6.50157375	-0.344630150000001
sanj1284	0.13699741132391	1.41954557151489	-2.44820875	2.95426975
sanm1295	-1.202742707437	1.37119008858889	-3.99618025	1.45657825
sant1410	1.33867818577	1.62431584822496	-1.6842315	4.9217255
sant1436	-2.251672242995	1.46039493146134	-5.38483325	0.456406599999999
sanu1240	0.481661890193	1.75508402563356	-2.8914715	3.9798115
sapu1248	-1.66054061887	1.43072180376928	-4.56161925	1.00484
sara1321	-1.64628778806	1.53972464806237	-4.880201	1.18979025
saur1249	1.2224535029641	1.6698747697715	-1.897985	4.77270525
seda1262	-0.075396321843	1.46291302902545	-2.91308625	2.96167225
seim1238	-0.741717375135	1.52448729236473	-3.87559	2.18072549999999
seke1241	-1.942024041345	1.23025042493844	-4.6418575	0.2517213
sela1259	-0.920557534188	1.61595962890884	-4.4557645	2.051979
sela1260	1.31747993442	1.62448092260662	-1.62087225	4.785997
sele1249	-1.566619597206	1.47177451805611	-4.62946725	0.999487475
selk1253	0.1161821871195	1.83249714707378	-3.62896025	3.69323175
sema1265	0.1210348296465	1.63606993007349	-3.00992175	3.49726225
seme1247	-0.45339126481	1.54619393208908	-3.49314425	2.5863225
seri1257	-1.38453234241	1.58161321426468	-4.68940375	1.49663225
seve1240	0.5819540761155	1.70817622743314	-2.56240575	4.21328949999999
shab1252	1.259039126865	1.67998533075495	-2.03968175	4.70143775
shee1238	-2.1684177642795	1.59835189917	-5.5759005	0.802746174999998
shil1265	-0.855050797065	1.5229785183722	-3.8091435	2.00506125
shix1238	-0.927829336145	1.38118630393638	-3.55145425	1.822233
shon1251	-1.378577743791	1.61826315690398	-4.726573	1.7393655
shor1247	0.07236900459	1.80581762156499	-3.41411375	3.74960675
shos1248	0.16636752584	1.77869384840225	-3.3615125	3.85906675
shwe1236	-0.60273762823	1.3130054123939	-3.2049085	1.915552
siam1242	-0.07458497340075	1.34235531357298	-2.8345755	2.503175
sich1238	-1.94066823066	1.48726569969768	-5.26539125	0.725423275
sici1248	0.9380810912791	1.61307257164634	-2.018851	4.36636325
siee1239	0.134454964475	1.30322077781763	-2.3656185	2.679922
sika1261	1.2192259383455	1.57302896113146	-1.70427925	4.5380285
sina1266	1.137079856116	1.18804023281813	-1.05764175	3.68544425
sing1264	1.2219860804885	1.51782832120683	-1.509832	4.324237
situ1238	1.47608269987	1.58659769750103	-1.3599655	4.81466025
siwi1239	0.74287111673	1.60128180460883	-2.16459525	4.01945475
siyi1240	1.238075355654	1.69517736779338	-1.86412125	4.797725
skol1241	0.0576744890845	1.92526872954621	-3.844336	3.81608575
slov1268	0.2838156304625	1.6427768458299	-2.84044825	3.7235255
soch1239	0.7216098180695	1.48690523128399	-1.97558875	3.7464135
sons1242	1.170288818705	1.50743558408383	-1.5753295	4.18565325
sooo1254	-0.78064395195	1.38640697139328	-3.488514	1.983782
sora1254	1.013794436975	1.69663470382301	-2.08159125	4.57833575
sout1528	0.470858238635	1.69649847049619	-2.72830875	3.99135425
sout2649	0.669774458715	1.70991726274022	-2.3596505	4.3617495
sout2674	-0.080388360717885	1.78232650835682	-3.62242	3.5411095
sout2679	0.195413999001	1.89503117727949	-3.46095625	3.9953545
sout2728	1.30124734618	1.60649276274623	-1.65614125	4.56888075
sout2729	-1.4409131505715	1.31096527292571	-4.05435775	1.07089275
sout2782	0.590042562967	1.30275598335557	-1.88986875	3.40335175
sout2807	0.825073848985	1.60803781893642	-2.10945925	4.378973
sout2895	-1.18326685611	1.47886141408118	-4.3750825	1.53815474999999
sout2918	-1.858161151592	1.50234044046503	-5.01572025	0.990481974999999
sout2956	0.45882611519	1.73566665025547	-2.82816525	4.07805425
sout2959	-1.1853766514615	1.68243345871636	-4.64156125	1.854027
sout2985	0.936678582353	1.64799316412034	-2.17308875	4.39879825
sout2994	0.39860406574	1.69901274297592	-2.80199275	3.8692045
sout2996	0.4076082750897	1.75169245837968	-2.944312	3.84362925
sout3236	1.7060705938705	1.63892773213409	-1.30322775	5.21003425
sout3261	0.6121027751785	1.75139481987033	-2.758874	4.2146945
stan1289	-1.3495026466895	1.60228159741973	-4.628021	1.73623775
stan1290	-1.38873327389335	1.64256682129236	-4.859751	1.7022125
stan1293	-1.88625848873	1.61194418222968	-5.40858275	0.940743474999999
stan1306	-1.1373465652186	1.53506374946456	-4.41480425	1.666535
stan1318	0.636726002936	1.63640347905304	-2.484131	3.99969825
sund1252	-1.494047311961	1.6750671208064	-5.095184	1.574512
supy1237	-0.933636249105	1.55022426974534	-4.2531245	1.89097025
surg1248	0.11723245794	1.94111335023892	-3.59492225	3.90669425
swah1253	-0.722175444226	1.50465399084648	-3.8694735	2.2111295
swed1254	-1.86647052202	1.6717564387266	-5.34989775	1.28991375
taba1263	-1.490182729285	1.62303910104594	-4.74133375	1.554879
taga1272	1.3568689746155	1.57062844622839	-1.373173	4.6574515
taga1273	1.167872918465	1.61905490684308	-1.7605185	4.54836975
taha1241	0.678546868195	1.55755023944407	-2.26461925	3.97552625
tahi1242	-0.97075457971	1.56494632894991	-4.172741	1.92318625
taji1246	1.259703338205	1.64463415569177	-1.63054475	4.83414675
taku1257	-0.6813515347855	1.54928204343585	-3.910131	2.15403775
tama1365	-0.510706194311	1.26328542838347	-2.99866325	1.991316
tamb1254	1.234462866315	1.3341096189047	-1.1575725	3.97517225
tami1289	0.1542293825019	1.76862530778146	-3.26406225	3.725538
tane1237	-1.20515352866	1.43114326025833	-4.14119425	1.45362275
tang1347	-1.068823273933	0.967351427848363	-3.02808775	0.72717275
tang1373	0.839695572275	1.63312037748176	-2.162022	4.0254155
tang1377	1.0991698437045	1.67358494856128	-1.959311	4.77601625
tari1256	0.748951895286	1.73261761990348	-2.4073375	4.242264
tari1263	0.77687814303	1.61083020864805	-2.20273025	4.2116
taus1251	-1.822650595577	1.4620549889226	-4.88623575	0.894504325
tawa1286	0.9060033392555	1.6789884493646	-2.0437185	4.50951649999999
teda1241	0.9161426952485	1.7088025857073	-2.2611165	4.43411649999999
tehu1242	0.417681566205	1.72692945136594	-2.78901825	4.055863
teke1275	0.7911867523365	1.48046523629266	-2.0731055	3.88563725
telu1262	0.3245850429291	1.90446700227379	-3.20871625	4.16736775
temo1245	-0.972109714525	1.52282425307989	-3.9151675	1.95151975
temp1235	0.38618751732	1.26151397205931	-2.0224455	2.84469075
tenn1246	0.320349075046	1.55623692014461	-2.650481	3.4546995
teop1238	1.6143461891785	1.48461763651819	-1.0214775	4.999046
teri1250	0.3292054543442	1.5888574517215	-2.670396	3.50524
term1237	-0.230440292956	1.46061356010269	-3.19635725	2.58566325
tern1247	-1.716538603165	1.60018955374837	-5.00850575	1.326147
tete1251	-0.586804030947	1.63510072396215	-3.83539075	2.582506
tezo1238	-1.443785734435	1.43020354685499	-4.43034275	1.25671299999999
thad1238	1.356711945225	1.64525721588376	-1.6016995	4.91735675
thak1245	1.54076241814385	1.57894469600759	-1.23176075	4.843328
than1259	1.67215617614	1.63632316696638	-1.343114	5.13850625
thul1246	2.15784501172	1.575987252975	-0.588738825	5.53881375
tibe1272	0.839387212477	1.64765053253608	-2.1172375	4.24113575
ticu1245	0.36583310419	1.78096420908838	-3.132787	4.047774
tief1242	0.753780608825	1.26669929485257	-1.58763525	3.203174
tigo1236	0.2557970264565	1.24191769274094	-2.15131625	2.78964525
tika1246	-0.638670567132	1.3847600693535	-3.506729	1.97194875
tiri1258	0.02761951539	1.22080404313055	-2.45764925	2.4334885
tita1241	-1.16794752394	1.30591125314369	-3.8903545	1.303157
tivv1240	-1.62189048767	1.57816481983858	-5.01692825	1.094631
toab1237	-0.233769853285	1.26306099567463	-2.69851875	2.19242375
toba1268	0.1971084162085	1.71585922197721	-2.95044625	3.88616925
tobe1252	-0.631356537627	1.57949090969602	-3.75773925	2.40428825
toho1245	0.0934885812025	1.71256305052385	-3.19965525	3.56828725
tojo1241	-0.32321418297695	1.55621390319948	-3.41717875	2.74130325
toke1240	1.14334302439	1.62897346387508	-1.82302975	4.5023195
toll1241	0.383873017979	1.71160967029042	-3.01561925	3.90018075
toma1245	-1.05279529392	1.69659738309862	-4.45396125	2.14777975
tomm1242	0.0679811639905	1.40987526879929	-2.7646085	2.86378375
tond1249	-0.557264981539	1.47362478665708	-3.5519415	2.19489949999999
tong1325	1.15373842407	1.60280519575781	-1.8777415	4.545491
toor1238	-0.4173468042555	1.41241664682894	-3.264379	2.24004075
tosk1239	1.201061670865	1.64675711961687	-1.755599	4.66088625
toto1302	1.70633820553	1.61444062414978	-1.26154925	5.084683
trio1238	-1.784042763855	1.57938233343682	-5.062613	1.25091475
tsat1238	-1.089837217585	1.56301681589095	-4.39580325	1.915838
tsix1234	1.392162132365	1.5584423517112	-1.5143985	4.72247825
tson1249	-0.92236184417	1.47936568544714	-4.00297375	1.95255125
tswa1253	0.210136761902	1.47422645581339	-2.512806	3.193887
tswa1255	0.0683615923005	1.51582945498561	-2.86863275	3.239826
tugu1245	-1.24546967706	1.47591248271534	-4.26677525	1.42539325
tuka1248	1.1988353763385	1.60481095090579	-1.636801	4.55689625
tumu1242	-1.45857140900786	1.56262744035257	-4.9053825	1.294384
tung1290	-1.71837773735	1.58561954617098	-5.07357475	1.0530565
turk1303	0.073339161215	1.80506003591998	-3.4072245	3.65070025
turk1304	0.027116790678	1.82988891677122	-3.46997175	3.67634825
tutu1241	-1.0011345793015	0.95187569681902	-2.82856475	0.93288765
tuva1244	1.059707309912	1.42043787942924	-1.539466	4.01405675
tuwa1243	-0.781201799515	1.0852673910137	-2.914353	1.29115
tuwu1238	-1.582020317018	1.50957252318354	-4.7406585	1.02468625
udih1248	0.29926767311	1.76459973778674	-3.0733085	3.9462005
uduk1239	1.037323718299	1.41402137836661	-1.7228515	3.919606
ukra1253	0.39395737959	1.77778100590216	-3.0013895	4.1585585
ulch1241	0.4472053596955	1.77610646882442	-2.7733855	4.09703825
ulit1238	-1.18040400042	1.65122401241831	-4.7497425	1.78624275
ulwa1239	-1.3562147848405	1.62495329122392	-4.73555175	1.62293775
umes1235	0.073233664073	1.76590308235972	-3.2681335	3.571152
unua1237	-1.78481489326	0.999838069561089	-3.7483815	0.0925062624999999
uppe1275	0.5918111247415	1.50654282857568	-2.11866175	3.69343875
urar1246	0.3460895035805	1.64028337271353	-2.751633	3.75675425
urim1252	0.63812305357	1.3916561894364	-1.92195775	3.50249375
urip1239	-0.9819534367125	0.980199169527569	-2.83904975	1.02262
utes1238	0.2343613027	1.78858533476827	-3.399635	3.84534575
uuuu1243	-2.1688677666	1.22954711599705	-4.8720955	0.175149425
vano1237	-1.1571301655375	1.41291193230226	-4.116601	1.50879975
veps1250	0.0603683993135	1.76879591313442	-3.36657325	3.631432
vera1241	-0.78409726834315	1.22678699257984	-3.17550725	1.50624225
voti1245	0.1203867484045	1.89433098932718	-3.57285475	3.75325375
vunj1238	-0.8601414242295	1.54174421773682	-4.12803825	1.98911875
vure1239	-0.777922387015	1.21688331579045	-3.21708775	1.48413175
wage1238	0.7287758789	1.81414425551017	-2.73468075	4.43395225
waig1244	0.787451248463632	1.52871470277593	-2.18280175	4.1132175
waim1251	1.550321877503	1.3741049118686	-0.888954725	4.6205385
waiw1244	0.4008553365865	1.699870102782	-2.746461	3.98048474999999
wall1257	1.2279980767291	1.54923235951008	-1.58660925	4.5072465
wamb1257	2.292015599695	1.51527508967666	-0.444316725	5.6310005
wand1278	-1.241406576	1.24242731831791	-3.855511	1.10442474999999
wang1291	0.197703792695	1.86892962636674	-3.34170525	3.9474295
wann1242	-1.0307081954005	1.66410155650844	-4.41474025	1.996839
wara1294	0.7794916704825	1.71018810903376	-2.479155	4.4344585
wara1300	1.07210170509	1.55552787781167	-1.75564125	4.27876575
wara1303	-1.89774666634975	1.70828726557363	-5.52573375	1.21489
ware1255	0.61507090364	1.70373542534318	-2.484937	4.233327
warj1242	1.444608614475	1.57245300901288	-1.4051225	4.779102
waro1242	-1.8325655911435	1.62896042032492	-5.518744	1.2140085
waru1265	0.1592005353775	1.80692848777744	-3.45912025	3.84323425
wawa1246	0.298251674201	1.33286014873269	-2.32505075	3.04695775
waya1269	-0.19853213087	1.62487647851773	-3.31238375	2.95898224999999
wayu1241	2.24140421965	1.54316945414537	-0.64686035	5.65155425
weda1241	0.164877249712	1.22968502149481	-2.11406475	2.61727
wels1247	0.1389880703365	1.65613354137373	-3.05202525	3.58442775
west2354	-2.32401927154	1.61066445023304	-5.49570375	0.619793024999999
west2369	0.38050007596	1.73719689091458	-2.95414375	4.0069505
west2396	-2.76873370281	1.52970162873965	-6.0318615	-0.0705105300000034
west2397	-0.438597556999	1.43188468352633	-3.351891	2.29050925
west2418	1.59536879697	1.55610447652065	-1.25241975	4.81554675
west2430	-2.64696049045	1.62199984606509	-6.2113845	0.208671499999998
west2516	-1.14183176708	1.42791315210385	-4.19973925	1.494005
west2519	1.600801884925	1.52818733837193	-1.2455635	4.95631525
west2548	0.325694236743	1.46291643929568	-2.45246475	3.381588
west2560	1.157670249667	1.31651021028899	-1.30929525	3.84269925
west2564	0.23249300532	1.3468980844305	-2.39248775	2.8861535
west2594	0.166839821985	1.51918543621967	-2.59732225	3.266565
west2763	0.59563914455	1.61474106214925	-2.41798525	3.936735
wiru1244	0.25337991537	1.54595547914832	-2.81947175	3.27952274999999
woii1237	-1.825017958519	1.56152288789518	-5.2058145	0.999687424999999
wola1242	2.24924901476	1.67949815055931	-0.577315775	5.99221825
wola1253	1.59248351134825	1.76447872394372	-1.47791	5.32809675
wole1240	-0.97239626991	1.5968023989039	-4.34003	1.99902725
woli1241	1.2022007230915	1.61216824968284	-1.7765635	4.57857599999999
wotu1240	1.521061488525	1.61119804956799	-1.2953455	5.13141875
wuch1236	0.53623895367	1.63326718607267	-2.62856725	3.84528625
wudi1238	-0.81917848576	1.29017417189714	-3.37582625	1.80809475
wusa1235	-1.079760598485	1.31745929596541	-3.7451745	1.45907575
wutu1241	1.017574328	1.55560732433397	-1.819757	4.23543925
wuvu1239	0.6792632141855	1.43097436617773	-2.0794555	3.5459875
xara1244	-0.295937278572	1.20905071563438	-2.73750725	2.0671155
xish1235	0.555857738585	1.53217193781066	-2.283722	3.74869874999999
yaak1241	1.270438826756	1.63757347721086	-1.64937	4.77263775
yagu1244	0.462848207315	1.65522226092363	-2.7207365	3.7986985
yaka1277	1.037210110915	1.59487830272564	-1.8120015	4.48607949999999
yaki1237	0.351355365745	1.76111387256969	-3.02849925	3.9084175
yakk1236	2.109636375415	1.59611573281243	-0.722038625	5.470407
yaku1245	0.170846527305	1.83619848658267	-3.37634275	3.91534125
yama1264	0.352208031281	1.6743809092085	-2.83069025	3.90707025
yami1254	0.900002142655	1.52210594760588	-1.8039955	4.06776375
yano1261	0.512060609763	1.68382843176927	-2.71805275	4.16029925
yaou1238	-0.72354156877	1.62613163677783	-4.045826	2.369554
yape1248	-1.20779259579	1.5158614741062	-4.38702225	1.59396825
yatz1235	0.394425761090795	1.37652345155056	-2.16736825	3.270959
yaul1241	1.53742279097285	1.60782047553144	-1.37407775	4.86092775
yawu1244	0.465473307105	1.71611217927777	-2.70745325	3.967543
yecu1235	0.581826647855	1.6465735111504	-2.61700125	4.02991025
yems1235	2.0671857841155	1.62409546470258	-0.786684825	5.4981125
yeyi1239	1.455197888555	1.57142500656123	-1.36857375	4.85576074999999
yidi1250	0.17043816557	1.79756548228639	-3.25701025	3.945309
yind1247	0.1540518239475	1.82422693361965	-3.462158	4.0117655
yoga1237	-0.88919462061665	1.18304786060255	-3.2621075	1.3631545
yong1270	-1.427363041065	1.31940582591279	-4.0713305	1.009876
yong1280	0.528569553924	1.62652733137171	-2.378443	3.87869099999999
youl1235	-1.618145301476	1.12864292934228	-3.91735225	0.524334499999996
youn1235	-0.16666875906	1.56648329412413	-3.18609525	2.995118
yuca1254	-1.351482089935	1.57166532022009	-4.61694425	1.554682
yulu1243	0.41339212287	1.50795530389831	-2.387657	3.66283325
yuqu1240	0.19753709944	1.74218269123887	-3.11400425	3.73614874999999
zaca1241	0.5431086562415	1.53436205879819	-2.33891475	3.69328175
zagh1240	-1.312168792039	1.57815180597932	-4.628048	1.7282265
zaiw1241	-0.048813226193	1.36087875357111	-2.665176	2.77921625
zapa1253	-1.5135546352178	1.58444100287154	-4.7343975	1.48416975
zarm1239	1.42979650355	1.56359432651981	-1.4923975	4.64701275
zaye1235	-2.25397545589	1.33059042750839	-4.95993425	0.22309595
zoog1238	0.437663919874	1.3652941756056	-2.1142425	3.27236675
