Estimate	Est.Error	Q2.5	Q97.5
abar1238	-0.593666844635	1.24769851481942	-3.194026	1.74582
abee1242	-0.2557303758145	1.4913665148016	-3.42599275	2.67510775
abkh1244	0.125722923122	1.47796613336902	-2.7736945	3.0477295
abun1252	-0.1694170609515	1.49755818442799	-3.14807725	2.790593
acha1249	-0.902363991268	1.35854803723665	-3.947756	1.49444275
acha1250	-0.54801950384575	1.40835681796567	-3.57692525	2.11006
achi1256	-0.747218223186	1.43839855489056	-3.9295005	1.775875
achi1257	-0.1864890981605	1.4928396709173	-3.410077	2.7768045
achu1248	-0.4274408396595	1.34216155067341	-3.24996025	2.205231
acol1236	-0.15668912225265	1.57512105958726	-3.607135	2.914128
adan1251	-0.3926738551395	1.40198355254175	-3.51969525	2.1462005
adon1237	-0.3763168605665	1.46514115598488	-3.5615045	2.5039805
adze1240	0.35602660310295	1.1587049208719	-1.97381125	2.740314
afar1241	-0.343777089705	1.40781949358995	-3.37332675	2.345974
aghe1239	-0.642153496267	1.28913354105088	-3.45261925	1.7831755
aghu1255	-0.366220916835	1.44462798837708	-3.4612565	2.45153475
agob1244	0.9526998948	1.29074570646316	-1.43186925	3.6182695
agua1253	-0.413703753839	1.33742250116099	-3.18609525	2.19846725
agut1237	-0.282206883665	1.47478928655587	-3.43129675	2.41442575
aheu1239	-0.398850588769	1.57504481622827	-3.8707345	2.510025
ahin1234	1.0100795960895	1.1124592623701	-1.10335225	3.303375
aime1238	-0.471178675185	1.38341673255942	-3.37231825	2.09643525
ajab1235	-0.368337249271	1.46718709951775	-3.47950575	2.42231675
ajie1238	-0.6182540083615	1.4785348063188	-3.94051275	2.0069465
akha1245	-1.1824055663655	1.35702916251328	-4.22859425	1.14539349999999
akoo1248	-0.718677638044	1.36207425296847	-3.68253325	1.72521725
alab1237	-0.745004865032	1.31685201587241	-3.570988	1.61572475
alab1254	-0.6632157408925	1.43154351916828	-3.69975025	1.95453375
alag1248	-0.607502456712	1.42593110673163	-3.74617575	1.907012
aleu1260	-0.695730803015	1.34357250790373	-3.59875575	1.8038995
alor1247	-0.3821470506805	1.40231705046359	-3.37312825	2.20148025
aluk1238	-0.6725470394345	1.53887638260972	-3.9032905	2.10534675
alya1239	-0.3340908922035	1.50287420100867	-3.545118	2.53861625
amah1246	-0.426979636646	1.27617972058363	-3.146338	2.038839
amdo1237	1.5623026145375	1.52036365691032	-0.990551225	4.9153205
amii1238	1.954630725613	1.38644921045168	-0.301681825	4.94704075
amis1246	-0.0814251694585	1.38738656647806	-2.9515865	2.58774425
anei1239	-0.446297139536	1.35318643756167	-3.3139165	2.12893775
anfi1235	-0.264680561955	1.53594833162665	-3.458579	2.54793175
anga1288	0.3550008911705	1.05634491918015	-1.68313525	2.583942
anta1255	-0.1250480140985	1.49130220436819	-3.14913375	2.753289
anuf1239	-0.358190036751	1.45674328634058	-3.4489095	2.4361465
anut1237	-0.1630145458815	1.52448113174601	-3.45476275	2.79560925
anuu1241	0.366624629528	1.17957324854956	-1.96706525	2.62973875
aona1235	0.311908694315	1.08618256554279	-1.6802035	2.6474555
aoua1234	-0.2310860657275	1.5072274938509	-3.339352	2.6853125
apat1240	-0.171825708083	1.25979344430043	-2.7407525	2.25142025
apin1244	0.991667923035	1.39000739999313	-1.47602825	3.99820875
apma1240	-0.221482676319	1.22223024948816	-2.860691	2.129951
apur1254	0.090109976849705	1.26296344977601	-2.5871555	2.54747875
arak1252	-0.4415874847931	1.25826527038093	-3.12079075	1.97454525
arao1248	-0.1840080776815	1.24384777213575	-2.71856275	2.19436175
arap1274	-0.170410307435	1.44437528951931	-3.19027925	2.54710825
arbo1245	-0.4192137004825	1.3763145231612	-3.34982975	2.1831735
arch1244	-1.1998681274325	1.35025641471663	-4.20381325	1.26743625
area1240	-0.2241634097805	1.30713242357043	-2.90159625	2.2522815
aree1239	-0.283344760812	1.19400320551302	-2.82381225	1.95588525
argo1244	-0.3769138975818	1.42011715639517	-3.25347675	2.41750525
arhu1242	0.817664197295	1.33702557924157	-1.689919	3.59507725
arig1246	-0.462678949825	1.40329913737064	-3.4759315	2.173072
arop1242	-0.4979290090424	1.37214758355973	-3.35918475	1.97425949999999
arop1243	0.474798098795	1.24811309431212	-1.8863295	2.9101535
aros1241	0.36530673674015	1.33156351266273	-2.24838075	3.0843575
arta1239	1.3892964560635	1.19105696073448	-0.88907955	3.798443
ashe1272	-0.845981459175	1.43468706158076	-4.12363925	1.75653325
assi1247	0.887616336121	1.36320523417426	-1.62244025	3.8189245
asur1254	-0.4475807672465	1.38444964536332	-3.46987625	2.13913025
asut1235	-0.469315279971	1.44248264697032	-3.45131125	2.2202035
atay1247	1.1962092607085	1.33439805960231	-1.3468655	3.86811025
athp1241	1.576068342858	1.06364278963466	-0.23178865	3.78603375
aton1241	-0.77090036803	1.33727047584741	-3.65395475	1.58805675
auuu1241	-0.504356599014	1.20724584139439	-3.00095325	1.7652355
auye1238	-0.25254886129	1.39813460095567	-3.054422	2.38942175
awad1243	-0.7106874109215	1.36990521277594	-3.71586525	1.76730675
awar1248	0.5537807245195	1.13863382147324	-1.63920375	2.810123
awar1249	0.9819882855459	1.05739626846342	-1.0861555	3.07929325
awet1244	0.766416885351	1.29379401329393	-1.593204	3.54050475
awji1241	-0.1640164976785	1.48829361394531	-3.12922925	2.7600645
axam1237	-0.1189489699015	1.13033050543973	-2.53155325	1.94613875
ayac1239	-0.7325701441785	1.43976496356642	-3.95205725	1.9547715
ayiw1239	-0.280920496368	1.40810034209394	-3.2992635	2.46865575
baba1264	-0.408967398072	1.21282939692016	-2.91617475	1.889126
baba1266	-0.574302095213	1.25361455580601	-3.24131225	1.719807
bafi1243	-0.5971331721835	1.28309384779164	-3.34007475	1.62939225
bafu1246	-0.621853437841535	1.26201613971207	-3.3129895	1.675477
baga1272	-0.35743991693	1.52390050600502	-3.504956	2.61222575
bagi1246	-0.3580705250995	1.38806875725897	-3.27643625	2.32926
bagv1239	-1.1960866339235	1.33798139889877	-4.0063925	1.2921625
baim1244	-0.026189926115	1.24445429895098	-2.71622725	2.30641825
bala1311	-0.233806859132	1.49947176324828	-3.49648725	2.54676625
bala1315	0.139584428145	1.52817509626587	-2.994603	3.13758375
bala1316	-0.483955056781	1.49439356206131	-3.5662815	2.20769975
bali1278	-0.1444785710605	1.49187530263056	-3.315609	2.604026
balu1257	-0.2754053970245	1.38776835074834	-3.32786525	2.37050825
bamu1253	-0.396084950145	1.23535661749106	-2.923353	1.949594
band1344	0.057193360141	1.47062324592254	-2.92630525	2.93974725
bang1369	-0.1894787043865	1.25937212303258	-2.90724875	2.140167
bant1281	1.099398755888	0.93992780338441	-0.615533475	2.965704
bara1357	0.5150009788815	1.03578249514658	-1.48954275	2.66080925
bari1286	-0.45027880924	1.32393297492453	-3.36187625	2.14637975
baro1253	-0.7182662463075	1.41798182769012	-3.60830525	1.8719735
bash1264	-0.318667025064	1.48526659465172	-3.34346275	2.43251575
basq1248	-0.1879076264385	1.43389412756216	-3.1759165	2.530432
bats1242	-0.93370361653305	1.37425551440281	-3.86671825	1.51055124999999
bawm1236	1.9215490910095	1.24395935622038	-0.23886535	4.5294025
bebe1248	-0.339546170462	1.45112836932072	-3.38720825	2.52510575
beka1241	-0.22358119868	1.52531884598559	-3.396918	2.95168525
bela1254	-0.2495680561665	1.53069541075173	-3.51119875	2.685705
belh1239	1.469751743275	1.00883385979226	-0.284984775	3.50482925
beli1257	-0.1100019261609	1.5584771344378	-3.49328925	2.99020575
bell1243	-0.519922448235	1.44182052678693	-3.61987825	2.29249725
bemb1257	1.772201554845	1.51639618969804	-0.99752055	4.950885
bent1238	2.696536934535	1.38829558720267	0.0366155475	5.57788075
bert1248	0.3023477014025	1.42697910898758	-2.5348005	3.21013425
bezh1248	-1.182004551904	1.35553072334273	-4.105855	1.20192
bhoj1244	1.11347873593	1.31745424172293	-1.28959925	3.868994
biaf1240	-0.28360154481	1.55858433484972	-3.51378875	2.65437374999999
bian1252	-0.55872114655125	1.19501267297737	-3.076789	1.72920925
biao1254	-0.238356623215	1.4561784308628	-3.27612175	2.561213
biao1256	-0.1817801337815	1.57280447281327	-3.605021	2.8164775
bier1244	0.3652264848215	1.22455311393073	-2.1448925	2.74336075
bign1238	-0.505077207751	1.17650866488597	-3.065384	1.69053124999999
biha1246	-0.3663793441445	1.4869699726852	-3.67659875	2.382551
bimi1240	-0.798887528434	1.2964160171613	-3.57537775	1.57557125
bini1246	-0.412301932495	1.49177470594454	-3.63723675	2.38429775
bira1253	-0.530287183428	1.30566940054413	-3.27494575	1.77337399999999
bisu1244	-0.86975725414045	1.34720240666617	-3.88585375	1.495585
biwa1243	0.9866418354155	1.16987500214538	-1.14965675	3.44060025
blan1242	-0.8717805094795	1.419734976261	-3.9258545	1.7271285
bodo1267	-0.810227681184	1.35937502086039	-3.779161	1.5347635
bodo1269	-0.770990568	1.31180021912677	-3.5152485	1.63641
bola1250	-0.56604932105	1.40873320863518	-3.54614075	2.09584975
bona1250	-0.306440180133	1.25488881096989	-2.940314	1.94382375
bong1289	-0.2072526775525	1.44541075239682	-3.2196875	2.6791255
bora1263	0.918299011456	1.32607125437276	-1.590995	3.77854974999999
bord1248	0.4163788787202	1.14703001898157	-1.8643635	2.88267775
boro1277	0.6774621781	1.39365776251184	-2.02513325	3.43794925
boro1282	-0.55014269368	1.39148626539904	-3.49809175	2.00768025
boto1242	0.191650131199	1.40743427911351	-2.70329	2.9385365
boun1243	-0.18707392765	1.50445170659713	-3.3649675	2.70131575
boun1245	0.801725664533	1.07107474032923	-1.29520425	3.0680095
bret1244	-0.20782032182	1.53898399302319	-3.3416765	2.77321599999999
brib1243	1.1468931057155	1.36048714631118	-1.2819435	4.09510425
bube1242	-0.52630792024	1.50008509876421	-3.73877775	2.334165
budu1248	-0.959468547385	1.33115313846008	-3.683891	1.41860375
budz1238	-0.065479627795	1.41901881266584	-2.934438	2.676918
buga1247	-0.475758030653	1.49745976709476	-3.6078805	2.23443175
buga1250	-0.224369556066395	1.25359674770529	-2.788884	2.14201625
bugh1239	0.074259998975	1.32873358647609	-2.707239	2.61545375
bugi1244	-0.1895224136825	1.50735956939685	-3.3541575	2.687325
bugl1243	1.100895061463	1.35709022770362	-1.3937255	4.052409
bujh1238	0.446293443175	1.10439459613188	-1.69104125	2.68925199999999
bull1247	-0.26140185786	1.51508711195452	-3.53377475	2.6194095
bulo1242	-0.39163793005875	1.45552450228315	-3.38456375	2.36657475
bulu1251	-0.43223134563	1.46192857390686	-3.59440275	2.2643765
buol1237	1.798478719622	1.54806775402949	-0.81811355	5.22412775
bura1292	-0.438876248204	1.37404892546167	-3.3450225	2.098265
bure1242	-0.7585583177055	1.48399646601042	-3.88045	1.95683675
burj1242	1.28941807598	1.40019480650041	-1.169787	4.1841035
burm1264	-1.009929234645	1.37127810738805	-3.943962	1.38937475
buru1296	1.570647155195	1.47448245064923	-1.03253025	4.76346725
buru1320	-0.51698051412	1.45696506272727	-3.54878325	2.23808175
busa1253	-0.5203335532365	1.48588577724728	-3.68856375	2.30979825
bush1247	-0.126770290465	1.50470897208134	-3.246667	2.8631
buwa1243	0.3026463037275	1.19123778974426	-2.0557015	2.70961525
bwat1240	-0.56939942465235	1.44602565414526	-3.7239405	1.99340025
byan1241	-0.9975673406855	1.33153027064952	-3.939122	1.27631425
caac1237	-0.532568249282	1.488727114408	-3.8118865	2.1954865
cahu1264	-0.666940391168	1.46950641002163	-3.8447765	1.95944925
cakf1236	-0.73761769286	1.52793612286864	-4.17089175	1.8762605
caml1239	0.4360730765845	0.909732546154641	-1.37936825	2.2694285
camp1261	0.032774927634	1.42175125380824	-2.94842825	2.802834
cane1242	1.10541277058	1.42427848706819	-1.4736665	4.226735
caom1238	-0.2939003229745	1.45802879987039	-3.30679175	2.50382375
capa1241	0.00214534437	1.16241972306063	-2.374605	2.164504
carn1240	-0.1969118494385	1.45796677657331	-3.22627725	2.64583425
caro1242	-0.108973087555	1.47922160515705	-3.214253	2.7554585
cash1251	0.893934095993	1.32525297705349	-1.51352125	3.86597649999999
cavi1250	0.55852441923	1.24780865517192	-1.73732675	3.1277075
cemu1238	-0.600145929783	1.46376910335807	-3.77981	2.078827
cent1989	-0.3305325081633	1.47160383717165	-3.40085475	2.65130925
cent1990	-0.2285395398095	1.54050761793264	-3.47105725	2.83581175
cent1992	-0.3904711115395	1.48887252618059	-3.5711205	2.5212065
cent2004	-1.0800524920595	1.38614892772912	-4.15223625	1.48029925
cent2050	-0.278500255835	1.44629590139226	-3.417898	2.532371
cent2127	-0.24893938771	1.47243176570527	-3.3549475	2.56525225
cent2131	-0.992915857122	1.37007839256882	-3.987937	1.48192775
cent2142	-0.3049919294255	1.37914667479743	-3.211096	2.3038505
cent2150	-0.743395092803	1.31489546530055	-3.502732	1.66775075
cent2314	-0.3084849143955	1.52396487050231	-3.49297775	2.55497349999999
cent2322	-0.3348541809335	1.47437480959999	-3.41755575	2.42648675
chac1251	-0.084145289135	1.26985066944384	-2.80447875	2.3616205
chad1249	1.714022804855	1.46847831407789	-0.921882725	4.7303415
chak1270	0.2861218469495	1.1735059036816	-2.0959115	2.6452215
cham1309	-1.145557854797	1.32480693427978	-4.0120655	1.22830075
cham1312	-0.1460153642905	1.60577672224671	-3.4891185	3.03222924999999
chas1234	-1.143183855255	1.37926174972387	-4.25697025	1.31186125
chec1245	-0.467886649565	1.31700534497046	-3.2791065	2.01525525
chek1238	0.138864520418	1.36511251326637	-2.8133285	2.71126575
chen1255	-0.3018321400655	1.51762399026815	-3.5907925	2.50836425
chep1245	0.522863207822	1.0227656443284	-1.4442855	2.6093865
cher1273	-0.22261270535	1.49360599147183	-3.420367	2.6823635
chhi1245	1.495581624157	1.01514238640306	-0.259096875	3.5891855
chic1270	1.092196354825	1.39616453888026	-1.3429085	4.1887685
chil1280	-0.91178663136355	1.39065884185143	-3.83112425	1.61334925
chim1302	-0.358987580814	1.30796757082186	-3.19158025	2.06544675
chim1312	-0.30015906037	1.4087388213265	-3.31695875	2.31025275
chip1241	-0.260425332094	1.41142637277575	-3.22106625	2.4587385
chip1261	0.796401454065	1.39476198348526	-1.71851775	3.8450265
chiq1248	-0.504200424965	1.42243964863857	-3.543793	2.1546675
chir1283	-0.04388331707	0.972313812895628	-2.14776525	1.8968135
choc1276	1.24800049114	1.46554049293829	-1.308506	4.5554695
chon1284	-0.3391527999	1.48482113498098	-3.4497565	2.54023525
chot1239	1.6450643219285	1.20189106807323	-0.33002095	4.19870724999999
chra1242	-0.3097711115585	1.48157010652022	-3.3923835	2.49648875
chuj1250	-1.01376366484	1.4401540701469	-4.34611925	1.461532
chuk1273	-0.32555341427	1.41850600720736	-3.401384	2.33127125
chuv1255	-0.3944948891975	1.37545165918251	-3.40453625	2.13050075
chuw1238	-0.2185871721275	1.49119699474152	-3.44844675	2.65006475
cici1237	-0.3795441598275	1.51893290731867	-3.554718	2.47946025
coat1243	-1.1832492405	1.4127910126557	-4.2963355	1.33261525
coca1259	-0.8690443880881	1.38092105117611	-3.953722	1.57112975
cofa1242	1.028539278585	1.3986945591372	-1.4707895	4.15398725
colu1241	-0.323484241979	1.48276656890184	-3.44425075	2.3800485
coma1245	-0.427543936295	1.38094118508571	-3.38236575	2.12986875
como1259	-0.1929139039765	1.42114668670026	-3.1608025	2.6747995
cori1240	-0.5584589813175	1.47205329873071	-3.7477785	2.19645375
cors1241	1.7018033465555	1.52526818188593	-0.85788085	4.90737975
cosa1234	-1.137811800601	1.38638905267815	-4.212282	1.25043025
cree1270	1.142971290385	1.41122061305696	-1.2657025	4.4377535
crim1257	-0.331378587	1.50014340689031	-3.39843725	2.46368775
crow1244	0.7988539773387	1.44624462208505	-1.93879775	3.84199025
cube1242	0.796895774295	1.23029496138978	-1.4636275	3.41478525
culi1244	-0.62227626176805	1.34236385386725	-3.496423	1.870044
cypr1248	-0.243033500481	1.54446689330813	-3.45174	2.71671825
czec1258	-0.0671388519465	1.41477077522609	-2.89709525	2.78334775
daai1236	-0.428954171214	1.2470672924144	-3.10690825	1.947225
daas1238	-0.4525806506175	1.40720848959797	-3.51338025	2.2495735
dagb1246	-0.377378341385	1.48795178402033	-3.5560195	2.47386775
dagi1241	-0.1454630224815	1.5689474270082	-3.3193445	2.93393625
daka1243	-0.041261028147	1.15736272383986	-2.4400185	2.04475825
damp1237	0.52404584314135	1.40918090009991	-2.33435275	3.4409295
dana1252	1.813231301553	1.3773787944623	-0.695213025	4.64579975
dani1285	-0.183083003222	1.40616857667083	-3.11100275	2.4576735
dara1250	0.103387185816	1.17855426563099	-2.2083915	2.50019225
dard1243	-0.15741252324425	1.51122969365614	-3.28202975	2.72234825
darg1241	-1.054361307392	1.45058199888106	-4.432775	1.55956074999999
darm1243	-0.9955399150835	1.33101328553144	-3.832622	1.3214415
daur1238	-0.3974114578275	1.42649463488662	-3.51515775	2.2962435
dawr1236	-0.6829757237265	1.48668946230949	-3.75169	2.04305299999999
daza1242	0.098340535053	1.50515975465696	-3.035408	3.015114
defa1248	-0.6354032116795	1.39336143291765	-3.591515	1.9385345
dege1246	-0.493774279275	1.43171336343646	-3.5291925	2.297165
dehu1237	-0.550627456545	1.45575222058009	-3.62949875	2.09640775
dera1248	-0.5349207346776	1.4673261027276	-3.64908675	2.15332725
desa1247	0.1423109176099	1.0307346445887	-1.9711955	2.16411475
dhao1237	-0.2429961122265	1.46278760942484	-3.3739725	2.57789
dhar1247	-0.1716550824037	1.48663069336661	-3.3123955	2.65110025
dhim1246	0.419536614602	1.15236762300731	-1.9390535	2.64443125
dibo1245	-0.271556890688	1.51523222893434	-3.52456475	2.74198225
dido1241	-1.1288878906745	1.34950401790107	-4.02180375	1.2737385
dier1241	-0.3388462777535	1.44421356189838	-3.50613075	2.433617
diga1241	-0.154680011866	1.21119361981347	-2.760689	2.19071475
digo1243	-0.313092449406	1.44332937295432	-3.39188475	2.47512025
dima1251	-0.0240028089	1.15673356268437	-2.35530275	2.21154375
diri1252	-0.1928597567735	1.58539690763369	-3.498666	2.88362625
djee1236	1.1821397221371	1.30036895168673	-1.165696	3.76699125
djin1251	-0.23650547214	1.43196963387453	-3.24209225	2.44502
djin1253	0.281547279998	1.3150703305761	-2.4265845	2.90193075
dobe1238	-0.0835199490635	1.40922909626757	-3.13045	2.590068
domm1246	1.9264462013	1.30477703585137	-0.2956078	4.66211375
dong1285	-0.527635922895	1.43173452308598	-3.60664475	2.1267645
doro1266	-0.04548573768	1.16028381900191	-2.3555585	2.29790675
drun1238	-0.6180403776225	1.35157986595171	-3.62080075	1.81472375
dumb1241	-0.4808474202555	1.47820806517256	-3.7060565	2.2656425
dupa1235	0.893110724585	1.41037812483972	-1.782237	3.9345445
dusn1237	1.40697497303	1.43427343223144	-1.21071575	4.42611175
dutc1256	-0.1910457361855	1.54521186781573	-3.41958325	2.700277
dyir1250	1.377084931388	1.49594888805168	-1.2413425	4.55738475
dzao1238	-0.225010754831	1.49548390831415	-3.3167485	2.715647
dzon1239	-0.034200390476	1.29944310106294	-2.7702145	2.50000225
east2328	-0.541928875661	1.35965637415167	-3.3890155	1.9663855
east2332	-0.416937098462	1.37811127668911	-3.25765025	2.10673225
east2342	0.724026535984	1.35806820946426	-1.888831	3.49703675
east2379	-0.48495793297	1.41053042501412	-3.52615675	2.164869
east2443	-0.215782456955	1.27971409595884	-3.072765	2.20308575
east2447	-0.1391617091285	1.5201842978967	-3.27710725	2.8155595
east2516	0.4941125653325	1.16243227994552	-1.802524	2.81770025
east2555	-0.67450391289895	1.32675893126045	-3.53676	1.71895175
east2773	0.1163169877386	0.95889059103674	-1.90187825	1.980132
egaa1242	-0.2322945007355	1.51567717481522	-3.39346525	2.723173
egyp1253	-0.183509672705	1.50920792606919	-3.42576425	2.675157
eipo1242	-0.951238729061	1.38750191059792	-3.8491555	1.595592
elem1253	-0.615074228216	1.37011090568703	-3.62265725	1.9619345
emai1241	-0.459384426549	1.41730817096446	-3.5341225	2.21993625
embe1260	0.793830836101	1.20610526240407	-1.4674765	3.36452525
embe1262	-0.348860969898	1.31549746577843	-3.10824325	2.240286
enuu1235	-1.0922544245625	1.44967089698944	-4.349188	1.415598
epen1239	0.82895524202605	1.39836871990536	-1.700715	3.8292875
ersu1241	-0.3526053260422	1.39388481094975	-3.16502325	2.34937775
erzy1239	0.208855809847	1.42047124651322	-2.6482045	3.26452675
esee1247	-0.365306998238	1.27526238490271	-2.93858625	2.11592875
esee1248	0.36182640055	1.15637950060879	-1.88168025	2.76479575
esto1258	-0.23448485073	1.51342610714171	-3.4594735	2.63279925
even1259	1.29929840717	1.43284824193792	-1.2044645	4.3434395
fala1243	0.479626776652	1.23559049902514	-2.01200225	2.96706325
fare1241	-0.217905548112	1.44733930834432	-3.28775225	2.65460525
faro1244	-0.150763422749	1.46380397979051	-3.151435	2.58171825
fiji1243	-0.1794296972875	1.4743559386696	-3.19566525	2.68062375
fina1242	1.2869646468775	1.21386265675694	-0.893742425	3.93780125
finn1318	-0.21966359977	1.55136699720316	-3.520903	2.7625335
fonn1241	-0.3761019601385	1.46122033503625	-3.460466	2.41974825
fore1265	-0.31858264712	1.45563739038852	-3.539366	2.3976915
fran1266	-0.6924939043125	1.47412585166968	-3.78176225	2.12942075
fuln1247	-0.66441319860195	1.35390345879242	-3.50908075	1.90790025
furr1244	-0.104940171221	1.5548232230915	-3.42372125	2.7819925
furu1242	0.05286027175	1.540876056099	-2.98147775	2.8977645
futu1245	-0.4502882140865	1.3880378238879	-3.302656	2.25353875
fuyu1242	-0.1522549369115	1.22139921705791	-2.57976075	2.25181225
gaaa1244	-0.22435716429	1.54353546750977	-3.38859025	2.79069425
gaan1243	-0.30897450404295	1.33417816034127	-3.212525	2.2160935
gade1242	-0.4853180703	1.47918801703363	-3.600518	2.29890825
gaga1249	-0.078114004675	1.52864637488393	-3.161017	2.87279325
gahr1239	-0.4488024731065	1.36649043918481	-3.30298075	2.038136
gali1258	-0.217164125483	1.52783021358434	-3.53523975	2.714992
gami1243	-0.3776871894745	1.4115831652252	-3.26462375	2.38399199999999
gamo1243	-0.6787403842315	1.41425505955799	-3.68140875	1.859541
gang1266	1.5192223662845	1.15653531425307	-0.47268955	4.0349
gant1244	1.99082414852	1.1923130882791	-0.04967886	4.457548
gapa1238	-0.356934650809	1.20771857753498	-3.02070225	1.91004775
garo1247	-0.706556572263	1.3514644626497	-3.75872175	1.6687325
gata1239	-0.8287676022035	1.36799566435267	-3.84396975	1.63050675
gayo1244	-0.180604038655	1.5004310182234	-3.2727	2.7595325
geda1237	1.648191643399	1.16675386525838	-0.365155625	4.01486725
gela1263	-0.1077199917714	1.25037325826776	-2.760954	2.3276345
ghad1239	-0.19666589228	1.50837868230301	-3.412261	2.76759225
ghan1242	-0.30923864346645	1.41457904037563	-3.34445275	2.370042
ghar1239	0.0904289544015	1.29400537080165	-2.54737125	2.61511175
gheg1238	-0.2117814579135	1.43480170836743	-3.14853875	2.4706785
ghod1238	-1.076084802493	1.34317296799838	-3.98113825	1.42740625
ghom1257	-0.3214842157135	1.46530878707787	-3.33178225	2.487901
gilb1244	-0.11273583468075	1.44469832696205	-3.1427445	2.671146
glav1244	-0.131296916345	1.24708958557568	-2.64296025	2.3496165
gofa1235	-0.70599810488	1.46895962567657	-3.818678	2.0199505
gola1255	-0.213462996366	1.46591522519796	-3.15755875	2.508443
guah1255	-0.7457121490605	1.3833276470958	-3.738515	1.7496345
guan1266	1.7433300700135	1.27282961259894	-0.4659995	4.39990325
guan1269	0.084893796353	1.09219723036442	-2.1200005	2.20376275
gube1234	-0.2204054946525	1.5528148356056	-3.44741075	2.6428915
gude1246	0.1468076430725	1.24658954877655	-2.2477625	2.592679
guer1243	-0.881073063695	1.51550422543066	-4.173687	1.8490855
guiq1238	0.255486415135	1.23680726146476	-2.152507	2.62710625
gulf1241	-0.1720799709088	1.49086518183979	-3.39836425	2.66437325
guma1254	0.611326294548	1.24414486188385	-1.7387915	3.17314925
gumu1244	1.350496600533	1.52880833310745	-1.32335475	4.67561325
gunw1252	1.802719242875	1.43710399007812	-0.622217125	4.8866045
guny1241	-0.23903761910155	1.49833038648583	-3.388012	2.5159385
gura1251	-0.5572249345745	1.39340156260361	-3.5812435	2.06130575
guru1261	0.040584502922	0.937594960834584	-1.8761515	1.863637
guru1271	-0.7895988889725	1.46243519047469	-3.9922825	1.866346
gusi1247	-0.35667591886	1.4974933926387	-3.58874775	2.58061325
gyel1242	-0.411224215925	1.49787407546609	-3.58174825	2.38725425
haaa1252	-0.058143177139	1.48513920134303	-2.9312625	2.94021524999999
hadi1240	-0.74669146248	1.42358244501911	-3.7203055	1.83696975
hadz1240	-0.454009681285	1.38674616998486	-3.38701425	2.35797125
haka1240	1.999729908725	1.24221259968302	-0.19073695	4.523026
hakk1236	-0.204924241805	1.42881224982772	-3.1600015	2.55576475
halh1238	-0.4763376064105	1.50714551831869	-3.697662	2.5150965
hali1244	-0.631895886103	1.43861638518946	-3.75217325	2.028616
halk1245	1.1377067434595	1.34130587448075	-1.2638125	3.964698
hang1263	0.141603123409	1.11203165969944	-2.041416	2.3893805
hani1248	-0.893752728214	1.42474344876645	-3.90749575	1.77373425
hano1246	-0.233688186588	1.26484356467557	-2.9619875	2.10065375
haru1245	1.484012610691	1.10610798381467	-0.401992675	3.8354455
hava1248	-0.8988184167494	1.36529095760636	-3.7972025	1.59780325
hawa1245	-0.1232535253425	1.48694193055323	-3.25228375	2.8092875
hebr1245	-0.171697704798	1.51945806443263	-3.47049075	2.6944065
hehe1240	-0.001365460126	1.40924967951032	-2.95561825	2.82042325
heil1246	-0.4458576793735	1.4089005566104	-3.395674	2.30365725
hela1238	0.679879197249	1.02344068290174	-1.154718	2.81449625
here1253	-0.20859742018555	1.53886464125609	-3.51265975	2.7875605
hida1246	0.863953509205	1.36425628172016	-1.60446925	3.76343675
high1276	-0.85548843805	1.33110949972787	-3.80145225	1.48519525
hind1269	1.397938786277	1.4506457239273	-1.23030875	4.450083
hoaa1235	-0.258087522423	1.50228932970656	-3.40153375	2.603364
hoav1238	-0.161738036227	1.41895254448822	-3.195167	2.4509255
holo1240	1.75198648742265	1.54472283250122	-0.824285475	5.03413625
hone1235	-0.754270039066	1.49379286797872	-3.97556975	2.00020925
hooo1248	0.35229519463	1.33315765495326	-2.33621025	2.96795525
hopi1249	-0.4268537750225	1.35022511517972	-3.27712675	2.04966949999999
horp1239	0.8818239074835	1.163775003767	-1.36906525	3.39055124999999
huaa1248	-0.18950269897	1.49657700704313	-3.21205525	2.84851275
hual1241	-0.3202285238674	1.32526942157344	-3.1472615	2.0565835
huam1247	0.513326838248	1.24634666165699	-1.806032	3.153831
huar1255	-0.84556923305	1.50973836418962	-4.24535125	1.85003225
huas1242	-0.439012919125	1.4420376621866	-3.5497925	2.29150625
huba1236	-0.062338053002	1.23491617112134	-2.54287975	2.3682205
hula1244	-0.38092592576714	1.46719288873237	-3.51090275	2.58609375
humb1243	0.9939520815255	1.43040435182839	-1.58819875	4.01773075
hung1274	1.5653272228237	1.46782594088469	-0.959834275	4.88121925
iaai1238	-0.570360088285	1.44604785340535	-3.68835125	2.07062499999999
iatm1242	0.4256694756285	1.18099878282316	-1.77043175	2.77855375
ibal1244	0.905009831826	1.1222737714842	-1.23748775	3.19790925
iban1264	-0.2266119304725	1.48591844237659	-3.240974	2.699928
ibat1238	0.0348976686705	1.39999395088625	-2.88048275	2.75967
idom1241	-0.50122876467865	1.48578791835447	-3.6128695	2.37961175
idum1241	1.7984135600035	1.36860628353338	-0.493279675	4.7191265
idun1242	-0.01601771416	1.17815522510659	-2.40785675	2.2750155
ikkk1242	-0.1827366322285	1.58073421648009	-3.5022755	2.86284125
ilaa1246	-0.122872087716	1.48125700001353	-3.29529425	2.70063525
iliu1237	-0.320780939177	1.48023183246092	-3.35631325	2.47235
ilon1239	1.341181879575	1.17007843066396	-0.9025125	3.70306525
imba1240	1.11571372192	1.34778073051134	-1.26937075	4.232145
ingr1248	-0.24523277313	1.58900976593874	-3.68242075	2.81653175
ingu1240	-0.3912828761793	1.34019695747742	-3.18723325	2.15931825
iqui1243	-0.658411107375	1.42288376173749	-3.82089775	1.90894825
irar1238	0.71000957022815	1.44010763937795	-2.04851975	3.57569075
iris1253	-0.2146299262585	1.40690954879718	-3.18769075	2.4666025
irul1243	-0.29201245546	1.48577149055444	-3.41417525	2.6942955
isco1239	1.4430476930085	1.32608374745848	-0.82015125	4.238013
isir1237	-0.9280839395182	1.35043519205401	-3.87298325	1.5017385
isna1241	0.354272823328	1.34838279155571	-2.40328875	3.13271025
isth1240	-0.8866394460245	1.35479601262208	-3.8451675	1.49009625
isth1241	-0.801590164635	1.3593656961668	-3.83919975	1.577052
ital1282	0.0131354762806	1.46059023284432	-3.04679675	2.8571135
iton1250	-0.55603562546	1.45860046823738	-3.8422435	2.17446
itza1241	-0.53294153838	1.48789351703301	-3.713972	2.1947175
iumi1238	-1.036151855385	1.40183620285697	-4.01593775	1.44288725
ivat1242	-0.21332224409875	1.50113812093744	-3.501933	2.65463425
iwal1237	-0.519103850145	1.24333293218513	-3.12924975	1.820559
iwam1256	-0.65921385056385	1.25977861510258	-3.25798575	1.65383525
jahh1242	-0.3994864275925	1.47002279111721	-3.532396	2.351666
jalk1242	0.846827379085	1.32797170955638	-1.66217125	3.5869835
jama1261	0.698381844938	1.24494004789655	-1.54890325	3.37484025
jamb1236	-0.129088238197	1.57028880449461	-3.31491075	2.932031
jams1239	2.8585087853795	1.43789685314837	0.0691344975	5.83747199999999
japh1234	1.9604773907695	1.28226450984512	-0.155198425	4.701751
jaqa1244	-0.7503780699975	1.42610611813055	-3.79923775	1.759997
jede1239	-0.36324086086	1.4066159902102	-3.47464475	2.3767025
jeha1242	-0.371962231955	1.38329782186472	-3.43221575	2.26959775
jehh1245	-0.42603985616	1.56745348255746	-3.7977915	2.45595875
jenn1240	-0.6600897540285	1.50207684584159	-3.80214825	2.06597425
jina1244	-0.3707332792635	1.37111310231091	-3.335073	2.22776875
juku1254	-0.561470003585	1.34009792982219	-3.381288	1.9302385
jurm1239	-0.1130088196	1.48871230717193	-3.2351	2.801648
kaba1278	1.075377038905	1.35823085078561	-1.32790425	3.96307675
kaba1281	-0.22242477104	1.49773280181068	-3.31551725	2.60719275
kach1280	-0.856691564006	1.38998701134811	-3.78613725	1.628013
kach1284	-0.497532451766	1.44768963473296	-3.63793925	2.18551525
kado1242	-1.0758075473595	1.38356342760908	-4.2207085	1.29895875
kafa1242	-0.55159592955	1.53855828524931	-3.73356225	2.3928815
kaga1256	-0.2718852692745	1.48983232926727	-3.251603	2.49556675
kaik1246	-0.90537433529	1.28887123282721	-3.5956735	1.3537605
kaki1249	-0.460748017793	1.1917033190726	-2.9348855	1.862142
kala1384	-0.080649748729995	1.4882612874964	-3.178868	2.7424055
kala1399	-0.68128541247	1.42079042446072	-3.7401425	1.86042825
kamb1297	-0.308118935708	1.50123637217217	-3.53414975	2.56985825
kamb1299	-0.33551193993	1.42529119751413	-3.290763	2.3748635
kamm1249	-0.4856594800101	1.401322583828	-3.44701275	2.2198905
kana1286	-0.087064466022	1.32085785613212	-2.8846715	2.48126075
kana1291	1.177559870997	1.35588372921374	-1.250912	4.12270075
kank1243	1.002198076097	1.13507712697863	-1.1689545	3.3265095
kaqc1270	-0.808096867085	1.3718869420806	-3.81173375	1.63117875
kara1476	-0.4390560445845	1.33467166507217	-3.29619375	2.096201
kara1486	-0.66554467659635	1.44537282545982	-4.0350825	1.98778024999999
kara1487	1.245485673705	1.11073982893614	-0.799212125	3.4755355
kara1500	0.995815689368	1.32657096521575	-1.33697675	3.83328125
karb1241	-0.244887462847	1.18922508956028	-2.61191	2.02584225
kare1335	-0.186035304173	1.49203977372248	-3.37333575	2.69500475
kare1338	-0.2480667731	1.54963407751297	-3.53225125	2.75153575
kari1311	1.0144746321565	1.32984958409761	-1.40708625	3.8635135
karn1252	-0.2251929049405	1.18792593933534	-2.80330375	2.01168375
kash1277	0.52798372324	1.42729397842109	-2.324778	3.44912075
katb1237	-0.3817728024835	1.11921169656404	-2.83261825	1.638301
kats1235	-1.0195003156745	1.4406979028506	-4.15265725	1.56553975
kava1241	1.074404560009	1.34447805731287	-1.5086485	3.73044375
kaya1315	1.8375904032265	1.4830118916757	-0.864716625	5.02582275
keig1242	-0.1126991194945	1.53922114785827	-3.13778025	3.04212375
kele1258	-0.3074343368065	1.42317152210227	-3.311716	2.33524125
kele1259	1.406466821915	1.12160881242531	-0.615573475	3.7324215
kemb1249	-0.2881502039765	1.47618984197103	-3.34497575	2.59457449999998
keme1240	-0.414143610817	1.23530105289138	-3.0438025	1.8646315
kens1248	-0.37398809049	1.45304119646526	-3.57771175	2.3726745
kenu1236	-0.1251619991405	1.58164092587688	-3.436089	3.13430175
keoo1238	-0.4562550611145	1.49643112722177	-3.7099665	2.34992675
kera1255	-0.279579531186	1.34293600056635	-3.09663625	2.212563
kesa1244	1.863347606745	1.2330835496733	-0.284671775	4.46124575
kett1243	-0.21863024015	1.43672172221956	-3.2692645	2.583226
kgal1244	-0.255158774563	1.59475395601991	-3.548128	2.77280475
khak1248	-0.545346388553	1.45408116066228	-3.70638625	2.06303099999999
khal1275	0.73206158901	0.95384889494278	-1.0263275	2.699672
kham1282	1.34066299477	1.4238598240012	-1.1216485	4.39693299999999
khan1278	-0.633837007627	1.38133097388125	-3.592182	1.97563475
khar1288	0.2489010687125	0.976477276056214	-1.62612875	2.21202925
khas1269	-0.480663755071	1.34178109686046	-3.45517825	2.016129
khez1235	0.0638027780202	0.971200547004863	-1.9019805	1.9313935
khin1240	-1.025378055582	1.34541319427777	-3.83640425	1.4144745
khmu1256	-0.8086977660445	1.4743469659994	-4.06532175	1.8596245
khva1239	-1.186926410421	1.34346806358933	-4.08382725	1.21728175
kich1262	-0.8429268787795	1.3872602862841	-3.79209225	1.5940385
kiku1240	-0.28381049609	1.51708061639121	-3.5161175	2.65427575
kile1243	1.334910273034	1.52257380643812	-1.1365105	4.82873375
kili1267	0.398992219145	1.37312510114961	-2.279784	3.28264925
kimm1245	-0.4716278796515	1.50752384854987	-3.66062775	2.28739925
kina1250	-0.232113049231	1.48118681234192	-3.27053025	2.7257275
kinn1249	-0.60124387654085	1.40849627365801	-3.66692575	2.07465625
kiow1266	0.811331851028	1.32609210285893	-1.619247	3.65387474999999
kips1239	-0.368373649629	1.57734154484996	-3.70554875	2.690325
koda1255	-0.615745974695	1.44897008825761	-3.77235725	2.096004
koit1244	0.372041629314	1.18373444312176	-1.875601	2.81184825
koko1269	0.254012704233	1.38868579580104	-2.4381285	3.07062175
kolb1240	-0.20607080985	1.46255185208907	-3.122644	2.547791
kolc1235	-0.4519769429115	1.45166307316139	-3.4556465	2.36840225
kolu1245	0.22028225116165	1.16753101716977	-2.11419	2.57680725
komb1274	-0.706145183608	1.41201666687897	-3.75218325	1.923169
komc1235	-0.5343133669603	1.20460387870231	-3.09440125	1.7230115
komi1268	-0.151479101885	1.52572751070612	-3.15354325	2.87435999999999
komi1270	0.5213304082466	1.04296282044462	-1.55944325	2.65371674999999
komo1260	-0.1350071224255	1.45184910059228	-3.24030525	2.77735925
kona1242	-0.800140669995	1.31315456642599	-3.72028725	1.539976
konk1267	-0.36744220073675	1.41840133855193	-3.48745	2.320482
kony1248	-0.2467813768465	1.15918092577141	-2.608191	1.9704475
konz1239	0.721803023104	1.36773277920576	-1.8498845	3.54905575
koon1245	-0.333606486516	1.49887524852975	-3.438321	2.577885
koor1239	-0.27282022431	1.41302991155173	-3.39897825	2.52019324999999
kore1280	1.084530857585	1.43569903856928	-1.37803875	4.09256649999999
kore1283	-0.190490600763	1.3746230759846	-3.1933835	2.39785425
kork1243	1.7803826644415	1.49516566089946	-0.850720775	5.14216425
koro1298	1.826106688295	1.25207410904043	-0.3088052	4.4352945
korr1238	-0.55235669812	1.42032936010216	-3.5270895	2.2663745
kosa1249	-0.95733322379	1.38757048833853	-3.91765875	1.5469715
kota1263	-0.6421615297105	1.53925202741073	-3.83278625	2.1707965
koti1238	-0.279511420336	1.52997111346904	-3.52590875	2.60019825
kova1243	-0.1970433272005	1.19433279186306	-2.681841	2.0787165
kove1237	-0.535972804432	1.40573967499725	-3.50273675	2.08361425
koyr1240	0.739300269023	1.47979880261663	-2.11337075	3.97920475
koyr1242	0.0933232892525	1.51201222234363	-2.9365115	3.080366
kryt1240	-0.999266155428	1.33987992032797	-3.743297	1.396443
kuan1248	-0.710849957485	1.43036580546183	-3.68798825	1.911166
kuku1280	1.427843658894	1.44775715634918	-1.08299475	4.49384125
kulu1253	1.079968630429	0.980944251181805	-0.725992975	3.0986835
kuma1276	-0.4971794524155	1.48365354517508	-3.715493	2.30728699999999
kumb1268	-0.3751274756785	1.43192593175013	-3.3669635	2.26195175
kumz1235	1.344249032871	1.44132998146057	-1.1515515	4.4577405
kuna1268	-0.50491575433	1.44964121049639	-3.70718075	2.3087825
kunb1251	1.6164336284705	1.35699606208907	-0.7028115	4.365536
kuni1267	-0.401826117813575	1.16490558999714	-2.807966	1.77287325
kunj1245	0.1712248960111	1.46452110174057	-2.80066325	3.05588875
kuot1243	-0.731878449766	1.401538708418	-3.754493	1.827184
kusa1251	-0.2107335500805	1.41829677391449	-3.2100785	2.4202865
kusu1250	-0.94617056768	1.2800646772132	-3.73249475	1.32398025
kute1248	-0.62710449701	1.32028225068488	-3.43925775	1.785707
kuyy1240	-0.420837373106	1.44786895618849	-3.38173125	2.3738105
kwai1243	-0.29597873459	1.29206915451093	-2.97570725	2.163934
kwam1252	-0.553233030367	1.40793943340822	-3.61317775	1.995586
kwar1239	-0.2988326861655	1.2995223137113	-2.94211825	2.10700075
kweg1241	-0.5969726078425	1.41526987750621	-3.63576675	2.17565425
kwin1241	-0.1280292246335	1.41198660970877	-3.1124725	2.60087075
kwom1262	0.1508806791045	1.10692180174936	-1.909003	2.36595725
kxoe1243	-0.058114213255	1.53716113401148	-3.2635985	2.9529445
kyer1238	0.74069593128	1.05724234755461	-1.28325225	2.94428225
laal1242	-0.2025604154395	1.56082195376507	-3.57254775	2.97643
labo1244	-0.329684677381	1.12771191913199	-2.76370325	1.78251225
labu1248	-0.2450628998	1.17169969784181	-2.8331555	1.962334
lagw1237	-0.3664657823365	1.40695757761114	-3.3840165	2.3213945
lahu1253	-1.098609231033	1.35164137023726	-4.16071175	1.19070775
laiy1246	-0.1674150131095	1.4503348110299	-3.302527	2.6041585
lakk1252	-1.163395261785	1.36002281591688	-4.03303775	1.24580775
lala1268	0.26640330892065	1.15674046383253	-1.9670845	2.653265
lama1277	-0.3884225128905	1.46623261283616	-3.45713975	2.40698525
lamb1272	0.6679780958945	1.3828788062397	-1.97930325	3.48468275
lamb1273	-0.2593186498165	1.43228596169445	-3.17749825	2.49093524999999
lame1260	0.344006315318	1.22506818459967	-2.20048	2.7504675
land1256	-0.3605824548439	1.48439144832968	-3.54318025	2.3513225
lang1320	-0.607039800705	1.4353764698552	-3.6501835	2.015249
lash1243	-1.13126573328215	1.39688948127235	-4.1926065	1.3433645
latv1249	-0.2474790026715	1.521529376846	-3.47805325	2.53183725
lave1248	-0.435968706128	1.51364897717721	-3.78397225	2.4871925
lavu1241	0.834927979984	1.33503272687404	-1.686944	3.586436
lazz1240	-0.3766684863065	1.30242534471467	-3.15922225	2.106444
lega1249	0.149955391115	1.47270826909213	-2.880503	3.2214845
lega1250	0.104658102533	1.44794390777145	-2.81773325	2.9040015
lele1267	-0.175945690508	1.24128483270491	-2.740394	2.16938425
lele1270	-0.33067477249928	1.42628271252898	-3.40288925	2.334897
lele1276	-0.394930038491	1.4276483561714	-3.4737075	2.313625
lemb1266	0.7846059495985	1.1005221498067	-1.24680225	3.04711725
lena1238	-0.559873775174	1.44962984526769	-3.6271885	2.14673675
leti1246	-0.306808424006	1.45807049109473	-3.30543125	2.58110375
lewo1242	0.331929280165	1.23000791619153	-2.1614015	2.786252
lewo1244	-0.4192002935655	1.45236890081841	-3.46953475	2.29165975
lezg1247	-1.0859355018925	1.39591013622142	-4.086326	1.45964475
libi1244	-0.4338445824365	1.47838558896328	-3.54076375	2.332715
liby1240	1.791319834748	1.57921801642301	-0.885177	5.1191755
lika1243	0.211541037506	1.41488652561705	-2.6556045	2.98036475
lill1248	-0.161894745365	1.34684701144148	-2.91995375	2.46831875
ling1265	-0.403014659629	1.13239708352778	-2.90156575	1.64021
lipo1242	-1.2322911964995	1.42130705585296	-4.33586975	1.286658
lish1245	-0.5315317913645	1.37302424152828	-3.608827	1.935522
lisu1250	-0.97231469661	1.38205558799665	-3.99290475	1.49745425
lith1251	-0.248748674396	1.52882012749206	-3.551346	2.799803
litz1237	-0.4564390955	1.15334329878636	-3.06017025	1.63579975
livv1243	-0.20663593575215	1.51943469570369	-3.21063975	2.668703
loba1239	-0.4151468969865	1.47033137751641	-3.57687575	2.4048125
logo1259	0.0082170344085	1.43594605925709	-2.9327235	2.88867575
loka1252	-0.5918367268605	1.49016055756321	-3.7723765	2.192256
lolo1259	-1.17468227868	1.44254248378912	-4.24043625	1.3753455
lomb1257	-0.1969561394525	1.51632086877845	-3.4286595	2.79223775
long1395	-0.050087632674	1.31501075339816	-2.769082	2.4617865
loni1238	-0.34556390803	1.39604118748516	-3.3483915	2.24073
lote1237	-0.50578679364	1.37992896609273	-3.49282625	2.04963825
louu1245	-0.3284549254045	1.38095206636081	-3.37622425	2.262751
lowl1260	-1.029110546095	1.51867114359184	-4.25445875	1.81684
lowl1265	-1.089699688599	1.43667213780316	-4.243805	1.505479
luan1263	-0.2675484695875	1.44612652899691	-3.2280465	2.55411475
luch1239	1.5100145064985	1.43537930444436	-0.976668825	4.4914625
ludi1246	-0.171167913709	1.42078613233593	-3.145962	2.5499115
lugb1240	0.073084336521	1.50341780283377	-2.90577775	3.10049925
lugu1238	-0.2999797205105	1.4571881176824	-3.3869895	2.4098875
lule1254	-0.173271300674	1.47667254193498	-3.335619	2.74310399999999
lumb1249	-0.1523715410285	1.47124707020617	-3.40234725	2.62573149999999
lumu1239	-0.168144190754	1.53833008324734	-3.26267	2.83786025
lund1266	-0.0580342466815	1.50600448195819	-3.1548405	2.9516145
luok1236	-0.3441638033465	1.49497132648405	-3.509148	2.586225
lush1249	1.9989390137395	1.26694563492279	-0.13004185	4.68065675
lush1252	0.453832279846	1.33891759092323	-2.12186225	3.1840705
luva1239	1.043705386771	1.42880766147584	-1.74401825	3.939032
luya1241	0.5862423107455	1.42683962121394	-2.3044065	3.534511
maan1238	-0.1216721785575	1.52765922257296	-3.30999925	2.81634725
maba1277	-0.21106763003355	1.54945929717772	-3.3751865	2.88436825
mace1250	-0.247135199269	1.41053053550719	-3.2853295	2.43367425
maco1239	-0.769353218575	1.40397500993261	-3.7539775	1.77311575
macu1260	1.372923966879	1.25364091493059	-0.74620835	4.1248835
mada1285	-0.731397295471165	1.43319934578015	-3.71048425	1.86867225
madi1260	-0.0989367462615	1.52399589928259	-3.3007365	2.9989685
maee1241	-0.5095516235475	1.18139687399538	-3.01264175	1.66628475
mail1248	-0.31114242973	1.38933042900164	-3.28765375	2.288759
mait1250	0.614241430557	1.21147226015803	-1.830044	3.110084
maja1242	-0.356624638381	1.58894104181048	-3.6947945	2.80841725
maka1304	-0.43010821915	1.43814513743875	-3.5236575	2.29614325
makc1235	-0.2977103026795	1.51977859894586	-3.7098735	2.5920585
makh1264	-0.280898095659	1.50070854757584	-3.5518815	2.5527095
makh1266	-0.26841266403045	1.4977386031279	-3.3010265	2.67007525
mako1251	-0.2004266820734	1.44659490855881	-3.3330275	2.539712
mala1463	-0.375887651835	1.53245094575758	-3.675881	2.42657175
mala1464	-0.4302092302	1.4773206750568	-3.62874625	2.42414775
male1284	-0.6856727445545	1.42564702580189	-3.7081605	1.857634
male1289	-0.41882983098	1.28082931024858	-3.24640375	2.0721205
male1297	-0.69322016576	1.32824338041242	-3.57448775	1.7115715
malg1251	-0.2911943617095	1.39704163873717	-3.22656825	2.36112199999999
mali1285	-0.7865124825145	1.47458247464153	-4.040623	2.019404
malo1243	-0.4712977193485	1.25526886550548	-3.16677425	1.914911
malt1254	0.3535632512645	1.48334876766074	-2.82212575	3.2335315
malu1245	-0.5166541358381	1.19710860266304	-3.03199475	1.72857175
mamb1294	0.0823034314575	1.3304292212522	-2.61778925	2.614514
mamb1296	0.1815185565573	1.41002968769734	-2.79668975	2.9267205
mamm1241	-0.8860590081685	1.46816950470709	-4.0581555	1.649772
mana1288	-0.3964165356375	1.1993866195541	-2.88695775	1.77697775
mana1295	1.09692853740205	1.08091239155628	-1.0322665	3.2742945
mana1298	0.2028817070335	1.12324776912013	-1.98389125	2.47792725
mand1415	-0.193184829195	1.50735540477664	-3.390619	2.65167175
mand1440	-0.659332771868	1.47327038373678	-3.892859	2.0945735
mang1381	-0.0767815244075	1.47588886764313	-3.18072475	2.8565705
mang1401	-0.14532514734565	1.49196408049033	-3.33091475	2.83695375
mang1403	-0.527016341416	1.35820804099581	-3.3682645	1.96136975
mang1405	-0.37682690291	1.45923595334281	-3.52498125	2.39766425
mani1235	0.261956981675	1.35921095176632	-2.489891	2.954512
maor1246	-0.138505411363	1.52701022176186	-3.353219	2.953331
mapo1242	-0.313516024532	1.1604545427801	-2.76465925	1.8608035
mapu1245	-0.470679136339	1.40479850807329	-3.508337	2.174166
maqu1238	-0.9839846243897	1.26304267292421	-3.68557825	1.251955
mara1378	-0.3679660877645	1.43896749401111	-3.52004775	2.38302
mara1379	0.0722526654355	0.956477176562711	-1.87667975	1.9299315
mara1386	1.92236569232	1.3700704978814	-0.3378896	4.90513075
mara1399	-0.49731051405345	1.1675196537557	-3.0715665	1.65173575
marg1265	-0.2474154517345	1.32147734759971	-2.98050825	2.25489075
mari1426	0.048247076074625	1.30057590582188	-2.56388025	2.55359325
mari1440	-0.9028918316	1.3516810118828	-3.77351675	1.52904
mars1254	-0.092562420788	1.56587575202991	-3.42142875	2.855276
mart1255	-0.1253395740965	1.49705265487613	-3.35972725	2.79383825
maru1249	-1.11336689808	1.37698548919173	-4.07863	1.40319375
maru1252	-0.662872225625	1.27745923125141	-3.299425	1.72320875
masa1322	-0.3678896355465	1.40087103395344	-3.4090725	2.24487225
masb1238	-0.203065168287	1.57122544615953	-3.449052	2.90950375
mask1242	-0.0001273458625	1.13932982426689	-2.38069425	2.2141355
mati1250	-0.280564817315	1.51061577007698	-3.45521175	2.64239775
matu1259	-0.176402004594	1.48195573406147	-3.16354575	2.688251
matu1261	1.662703307566	1.208517818597	-0.4906282	4.231264
maun1240	1.3702927670055	1.36092701030133	-1.08761925	4.29034875
maxa1247	-0.68610259892	1.4188395192964	-3.734485	1.87914375
maya1285	0.9771505867875	1.38885015499515	-1.5472025	3.9823595
mayo1261	0.3296138558	1.4256492088862	-2.677012	3.0511655
mayo1264	-0.8233931903142	1.39439369080962	-3.9036575	1.6563
maza1304	0.3608556742145	1.24210067633025	-2.0048	2.864957
mbaa1245	-0.0850416818725	1.47186251847534	-3.22382425	2.796478
mban1263	-0.2659841345085	1.44611519584327	-3.35843425	2.47372225
mbar1260	-0.36264255282	1.43063923255762	-3.368484	2.252293
mbay1241	-0.3085411182115	1.44381258506683	-3.2820415	2.3534725
mboc1235	-0.69567513291	1.39459868397648	-3.8399195	1.87512725
mbul1263	-0.2872339768525	1.20376804864358	-2.85638575	1.9189125
meen1242	-0.495000231168	1.51070138937964	-3.633391	2.38942175
mehe1243	-0.185817437377	1.0947916086485	-2.33671175	1.91548225
meke1243	-0.2132289676004	1.13009020698516	-2.52337525	1.89067775
mele1250	-0.2301603435495	1.26085222059515	-2.807904	2.1672035
mere1242	-0.237928258331	1.30604823437446	-2.98515	2.36809324999999
mezq1235	-0.604640727256	1.51030413746922	-3.8759225	2.28224575
mich1245	-0.1790260140015	1.51150633172561	-3.3446555	2.5980865
miju1243	-0.2752139553665	1.2360505149595	-2.93831675	1.92423475
mikm1235	-0.30399224351215	1.48014825648406	-3.41760675	2.414717
mila1245	1.725450059053	1.30372116804576	-0.555960675	4.46239424999999
mina1276	0.486284072493	1.21927205393509	-1.9047905	3.004217
mini1251	-0.7143188181785	1.44439427803729	-3.6754695	1.91828575
mini1256	0.279470441447005	1.1843880589023	-1.92134925	2.6129515
minn1241	-0.132349469956	1.49570208288538	-3.27239275	2.75016849999999
misk1235	1.021377973515	1.41991576697876	-1.440497	4.2319635
mixt1426	-1.18396164945	1.48225403579232	-4.34691075	1.3998185
miya1259	-0.210401935915	1.50151985898818	-3.17317575	2.80265
miya1266	-0.6766044892085	1.42593678352061	-3.7358795	1.89114675
mlab1235	-0.552637475029	1.4615057371574	-3.606265	2.21424625
moba1244	-0.303031610357	1.45674171330725	-3.3527805	2.57621725
moch1257	-0.96977970173	1.45201190272004	-4.25957275	1.58502425
moco1246	-0.495005614155	1.38595904621593	-3.56847	2.08489475
mode1248	-0.19294226235	1.44285828013383	-3.30459375	2.59865075
moha1258	1.894264834205	1.58114343034833	-0.827221575	5.21803924999999
moke1242	-0.192989066153	1.44940337297757	-3.1482885	2.67288675
moki1238	-0.1737875556445	1.53562829726056	-3.39042025	2.74150949999999
mokl1243	-0.201890739568	1.56627441134131	-3.43469275	2.88836099999999
mokp1239	-0.648793712794	1.44668192642618	-3.79475175	1.97052325
moks1248	1.8794052447675	1.5936059148817	-0.86758015	5.227494
molo1266	0.010423513096	1.18165205467555	-2.4132245	2.4070955
monn1252	-0.1714946883203	1.5725199361242	-3.615076	2.887437
mono1273	-0.5366425106905	1.38851670572599	-3.3835225	2.0330125
mono1275	-0.605440557885	1.37500971068895	-3.6640025	1.8557925
mopa1243	-0.472778189299	1.50511004700838	-3.7132525	2.2938615
more1259	-0.6885061133965	1.46359319273446	-3.91160975	1.9353855
morm1235	-0.058594561426	1.38536000914287	-2.866008	2.6470815
moro1287	0.2206391283295	1.4581356539409	-2.69912975	3.08780174999999
moro1289	1.6126988956425	1.37803514285226	-0.7763373	4.5451735
mose1249	-0.3696233312805	1.38906271505249	-3.26507475	2.25625975
motl1237	0.94949695532	1.33205280174104	-1.56571625	3.73128525
motu1246	0.554876047344	1.19077532275894	-1.66989475	3.09059525
movi1243	-0.247901489565	1.29730246994012	-2.92623725	2.34968525
mpad1242	-0.08787084567105	1.45943396590545	-3.01772725	2.889478
mpii1239	-0.4878333189735	1.4672279678208	-3.686043	2.2265305
mpot1240	-0.016426007105	1.520138552899	-3.22346375	2.9755055
mpur1239	-0.1030166212585	1.43377274895981	-3.11001975	2.631339
mual1241	-0.2926051186985	1.50574722488128	-3.4547045	2.44025825
mudu1239	-0.640661417991	1.52269097257786	-3.80851275	2.046829
mudu1242	-0.4825286411585	1.47668956780903	-3.47610025	2.267866
mull1237	1.18884549299	1.28343034210711	-1.170921	3.88753225
munc1235	-0.360525854358755	1.32677921594816	-3.115256	2.03720275
mund1320	1.2121057816755	1.35023848139699	-1.21196025	4.03201025
mund1325	0.02181759083	1.27184752294903	-2.54392725	2.4675335
mund1326	-0.1313026037245	1.50009593311945	-3.2597825	2.67879225
mund1328	-0.57049467907245	1.23721380431855	-3.12486625	1.7007405
murl1244	-0.2106005240678	1.56048710989038	-3.5401755	2.77435075
muru1274	0.7307207732935	1.19307186076454	-1.5364235	3.20557975
muso1238	-0.0417765325845	1.13470445912803	-2.4639955	2.1722785
muyu1244	0.2106952954875	1.46891988100366	-2.69313725	3.05322274999999
mwag1236	-0.73758767083	1.49153487502264	-4.1331415	1.881017
mwan1247	-0.257737121039	1.52773226004026	-3.5449145	2.60853699999999
nade1244	-0.2590825963695	1.31189207882564	-3.0072375	2.2260845
naka1262	-0.54466882771	1.39154668137595	-3.450825	2.02515125
nali1244	-0.7096913607375	1.41343058981491	-3.817337	1.89921625
nama1268	0.1946062790765	1.26647751996263	-2.330371	2.765286
nana1257	0.0835154295865	1.3197978524028	-2.60689375	2.61214125
nand1266	-0.3215105564002	1.56012383812981	-3.57336075	2.6560075
nang1262	-0.2553125672605	1.52120483609213	-3.62701625	2.7490705
nara1262	-0.41255550410105	1.5019084446613	-3.77247875	2.5114855
naue1237	-0.345879289124	1.53327933498806	-3.47495125	2.58022675
naur1243	-0.1379398791515	1.47235582268771	-3.1257925	2.8771815
nava1243	0.47157087123	1.32090565794857	-2.006219	3.22196325
nawu1242	-0.381710776722	1.44255788764931	-3.327221	2.35055825
naxi1245	-0.5921302583445	1.2993049717831	-3.42599875	1.70590099999999
ncan1245	-0.3720008320535	1.19691874148801	-2.91194	1.864717
ndam1239	0.03734068832482	1.45956059975757	-3.022616	2.9127355
ndog1248	-0.0981482710291	1.5428193147232	-3.4554605	2.90312425
ndun1249	-0.13582074125305	1.46748057400391	-3.25113775	2.632959
neha1247	-0.5155692612565	1.47160053971885	-3.77531775	2.26874775
nend1239	1.88106582905505	1.126168402875	-0.0540817125	4.2765685
nene1249	-0.334824443339	1.45427475422267	-3.2850385	2.45772925
neng1238	-0.4343619071685	1.53894163228903	-3.85636625	2.6095125
nenn1238	0.506557640696	1.20678362421752	-1.92560225	2.90670999999999
nese1235	-0.515171391925	1.199070731666	-3.048348	1.721953
newa1246	0.517767703506	1.0117088980515	-1.3368635	2.618573
nezp1238	-0.2721245199115	1.40318191571208	-3.18181175	2.397879
ngaa1240	-0.3718766207445	1.44649495791912	-3.38563375	2.32269774999999
ngam1268	-0.3266031188805	1.41429548722413	-3.0961915	2.41379224999999
ngan1291	-0.335961431106	1.44012987501726	-3.416326	2.37882375
ngar1235	0.143910855585	1.45951197245269	-2.8378195	3.03878524999999
ngas1240	-0.791235491822	1.51868137044086	-4.016172	1.83980425
ngba1284	-0.3000062771315	1.53650608991537	-3.47075175	2.60414525
ngba1285	-0.392812416208	1.43883556531648	-3.49251375	2.302059
ngit1239	0.7680164895815	1.45799247360764	-2.01146125	3.730028
nhan1238	-0.2099546508575	1.47408002071972	-3.358511	2.6998865
nhen1239	1.2097211548106	1.39724664063175	-1.232195	4.152011
niha1238	1.709506797635	1.39724273388608	-0.68887655	4.84514425
nila1242	-0.38957207102	1.44283611000125	-3.58425375	2.373472
niua1240	-0.143621487385	1.51084147321989	-3.3904795	2.6777875
niue1239	-0.10363235487	1.52292502406952	-3.51310075	2.84740725
niva1238	1.1162449500427	1.40010941605357	-1.4511105	4.02860175
njan1240	0.78050075296695	1.36041355630303	-1.71633825	3.67942675
noct1238	-0.277284333105	1.18619470522007	-2.72370925	1.98446025
noma1260	-0.623193605243	1.35783710412554	-3.627695	1.8609775
noon1242	-0.1725535436955	1.5286946628885	-3.45934325	2.75035175
noon1243	-0.3340111118055	1.18780580298415	-2.75513075	1.95805
nopa1235	-1.080586394254	1.40026916161423	-4.07889175	1.46735025
nort2671	-0.1653628637335	1.51937174472748	-3.34691775	2.58425125
nort2684	-0.3660080680245	1.52897636958853	-3.72119375	2.61510375
nort2690	-0.3236416781555	1.43954103324257	-3.35658775	2.40075025
nort2702	-0.488010121177	1.47862281688507	-3.81282675	2.250154
nort2722	1.1219837718705	1.15080991046273	-0.9961068	3.5655825
nort2723	-0.1903537140205	1.2744501191839	-2.79290625	2.18833875
nort2724	-0.9191026266475	1.38557365310378	-3.8253185	1.67151725
nort2732	-0.44003546057055	1.51425544101812	-3.45761025	2.4252
nort2745	-0.343996570562	1.3971897224012	-3.28710975	2.3334735
nort2747	-0.286143328674	1.49680838224106	-3.52254825	2.55354074999999
nort2839	-0.054118395242	1.19059901659038	-2.47654175	2.229322
nort2845	1.87074492476	1.59000684363736	-0.8261543	5.3101735
nort2885	-0.207128207256	1.57146311487714	-3.43329925	2.82876175
nort2930	-0.1443668477295	1.23524595081026	-2.65320975	2.1067235
nort2938	1.18046744499745	1.34700387515296	-1.2314905	4.0581635
nort2942	0.791540193915	1.3771954708502	-1.793842	3.7794515
nort2954	-0.5580090527875	1.36726910379035	-3.4798955	2.054342
nort2959	-0.779460848521	1.54359059692468	-4.156814	2.10615075
nort2961	-0.27973990348405	1.4361872889851	-3.2773815	2.397953
nort2972	0.992785487992	1.3221081790471	-1.3745475	3.813573
nort3047	0.114150250445	1.17039695851444	-2.248031	2.48578025
nort3139	-0.27535479329767	1.46250941688405	-3.44206925	2.4930835
nots1237	-0.72851866573	1.39928404287	-3.74391175	1.7976565
nucl1235	-0.462909969288	1.44106521320819	-3.4992375	2.28659625
nucl1301	-0.329047137473	1.49058518758314	-3.551372	2.50909525
nucl1302	-0.3346384914609	1.46806276643072	-3.32084725	2.4063055
nucl1305	-0.451938809589	1.55903406166998	-3.76130675	2.63878899999999
nucl1310	-0.3916841019619	1.26303976008474	-3.05526375	2.00558825
nucl1417	-0.6043425459875	1.39224831672242	-3.617962	1.977781
nucl1458	1.14742626545	1.06414860944256	-0.902763325	3.23317075
nucl1595	-1.01561361057785	1.36570876219277	-4.0976035	1.3208955
nucl1622	1.688646591245	1.50128441669283	-0.91750135	5.057755
nucl1633	-0.8141984049494	1.4785268917922	-3.96873425	1.80345525
nucl1706	-0.183149867745	1.54859000029242	-3.51670325	2.86591125
nuer1246	-0.111695559667	1.4826766369383	-3.160747	2.79152625
nugu1242	-0.596513111469	1.28746251565375	-3.35461075	1.63574175
nukn1238	0.599073881162	1.12288096913156	-1.51352675	2.8504175
nupe1254	-0.477219360109	1.44564229989592	-3.53493375	2.24368675
nuuc1236	-0.36729761008	1.42368623178875	-3.313075	2.389344
nyah1250	-0.313689390354	1.52766064733608	-3.4169415	2.55628375
nyal1254	-0.341417367928	1.49652975919786	-3.46347625	2.5532035
nyam1285	-0.7036225634615	1.46270466394874	-4.01721275	2.00150225
nyan1307	0.51027927986	1.3781786883783	-2.25725025	3.308683
nyat1246	-0.3917198214325	1.46200031002005	-3.4882645	2.4158165
nyor1246	0.7061926056265	1.39752253545765	-2.04901975	3.51482725
nzak1247	1.76601494937	1.62121249994062	-1.012429	5.22520075
obok1239	-0.94532525335	1.33493087843419	-3.82914325	1.388136
occi1239	-0.077838603356	1.52264962791413	-3.13497525	2.928362
ocot1244	-1.2822958700855	1.41942245825222	-4.59662825	1.273102
okan1243	-0.1718528065405	1.42585012588716	-3.12462375	2.588863
oksa1245	-0.71724122787	1.27046406993194	-3.33055325	1.68179
oloo1241	-0.5102524740519	1.27371481768183	-3.1999135	1.84491925
olut1240	-0.915602364965	1.34855002073374	-3.87746175	1.4235865
omah1247	0.8327846047	1.37854184962666	-1.5872185	3.91956375
onon1246	1.7161675693175	1.48561487357888	-0.8630042	5.01399499999999
onto1237	1.802070282275	1.54815540484293	-0.7688815	5.19330525
oriy1255	-0.391824226766	1.3616686346085	-3.28358125	2.1447605
orma1241	-0.393355310505	1.45880238940139	-3.5852205	2.4100815
orok1266	-0.7014448369235	1.39881729976077	-3.6605575	1.90160775
orok1267	-0.475885796649	1.24318487059162	-3.260694	1.868099
orow1242	-0.597933823685	1.49378416476706	-4.08848775	2.1065805
otta1242	-0.2956130101275	1.42720812106938	-3.224437	2.4045325
owaa1237	1.290422370468	1.4107783608179	-1.193328	4.3792995
paaa1242	-0.619872165167	1.48247763364604	-3.922776	2.07319075
paam1238	0.248465420425	1.21442710511758	-2.1939135	2.6211615
paas1238	-0.2918776460308	1.48542187273469	-3.461729	2.598875
paco1243	-0.408053108563	1.51378504639482	-3.59545925	2.38281125
pagi1243	0.1243128142315	1.44655188653643	-2.76164475	3.02933825
pahn1237	-0.438490026779	1.5194498826814	-3.6324685	2.41778025
pala1344	-0.10669995317905	1.42508270728681	-3.03715525	2.67427175
pamb1243	1.746694273575	1.52329174453281	-0.9080138	4.95601525
pang1287	0.457476461625	1.38941436092259	-2.24603925	3.2732145
panj1256	1.2978597727195	1.42583062110623	-1.091561	4.41715274999999
pany1241	1.6389862864199	1.58598404340298	-1.21110975	5.0138785
papa1265	-0.693653559245	1.42510856258168	-3.861192	1.83602224999999
para1301	-0.772954366231	1.54908578237116	-4.2427345	2.02909525
pare1266	-0.8067028684495	1.40622896137698	-3.80439575	1.7154545
pare1272	1.323700859955	1.42707067288821	-1.25217925	4.30737875
pate1247	-0.3183328571375	1.16970638773303	-2.7907925	1.97535575
patp1243	-0.697608042258	1.39963568736488	-3.682266	1.866846
paul1238	1.6730385367525	1.45318512856784	-0.8998961	4.65725175
payn1244	1.822053391495	1.10842792488269	-0.089621275	4.19255775
pela1242	-0.9146642783615	1.35703317825688	-3.86695425	1.50089
pemo1248	0.99336070751145	1.40302520955229	-1.4645335	3.90720649999999
pend1242	0.076953414905	1.39043094741926	-2.80123875	2.8346675
peng1244	-0.803828329797	1.41553560153068	-3.682423	1.85039525
phai1238	-0.61030677648345	1.48437164195257	-3.826607	2.08121874999999
phom1236	-0.0172314317	1.10505089919524	-2.27121	2.1910405
pila1245	-0.3435609566955	1.46047791983187	-3.4606345	2.455228
pile1238	-0.2671277983025	1.41733658637068	-3.313511	2.45597125
pina1252	1.1064839060445	1.07782593239475	-0.78864095	3.431165
ping1243	-0.1968287125685	1.49212376589287	-3.3753285	2.756092
pipi1250	-0.3706667753055	1.47802643866671	-3.49646125	2.45935675
pite1240	-0.205351915949	1.53703664319883	-3.46702175	2.8320435
pnar1238	-0.252641840865	1.32309550903224	-3.0498165	2.22567975
pohn1238	-0.1661045516385	1.4519951584331	-3.08585575	2.7102715
poko1263	-0.2130370984995	1.52336879239348	-3.55292775	2.74713225
poli1260	-0.1686090452455	1.47860529012144	-3.366251	2.57945199999999
popt1235	-1.0223413717125	1.43665545692546	-4.24180275	1.361794
port1283	-0.2025704800495	1.48929834234499	-3.27905325	2.634263
port1285	-0.043761485418	1.13670311562077	-2.45073525	2.1681745
psik1239	0.149641616445	1.18654633438152	-2.23207	2.50200675
puka1242	-0.10617424343	1.50648953398025	-3.30450975	2.6962315
pulu1242	-0.1070832178395	1.44989920811316	-3.20250325	2.724201
puma1239	0.967598613866	0.947914404085269	-0.7838573	2.82551925
puoc1238	-0.45268116887	1.497695440681	-3.67803175	2.2907585
pura1257	-0.3638129054235	1.2229575093479	-2.9385745	1.90665
puri1258	1.3573024396	1.37169182151124	-0.97473015	4.2262135
qanj1241	-0.978999795915	1.48551085059318	-4.3269915	1.6605285
qawa1238	-0.636948281005	1.38224434809482	-3.63627725	1.92077249999999
qima1242	-0.16151793750425	1.4457976146641	-3.27148575	2.552563
quer1236	-0.575943587805	1.48181111845822	-3.78413	2.175226
quio1240	-1.15377644407585	1.43451138958566	-4.34751	1.385116
rabh1238	-0.85152993373	1.41041264609753	-3.9415965	1.64445575
raji1240	-0.974848658455	1.40578829376229	-4.05845925	1.5159345
rapa1244	-0.139823953294	1.52443042915386	-3.41212875	2.80287
rapa1245	-0.084731312897	1.49136777126976	-3.10596925	2.86110175
raro1241	-0.1083791927655	1.44911991823896	-3.1265305	2.65955075
rata1244	-0.069616909847	1.52311252310454	-3.2752655	3.064649
raut1239	-0.972295476966	1.3928613675392	-4.20761025	1.444457
reja1241	-0.205801893855	1.49562850088371	-3.30113425	2.757509
remb1250	-0.4113913146755	1.46897117076398	-3.4513355	2.3667245
reng1252	-0.425870201438	1.49566251609981	-3.555294	2.5113305
roma1326	-0.200334892915	1.557598192165	-3.412241	2.91948175
romb1245	-0.258144620317	1.62780959814035	-3.75889525	2.91267
rong1264	-0.8045554476151	1.40651985415665	-3.87985925	1.86478825
ronn1241	-0.739091422559	1.52598183639082	-4.1826515	1.99787025
roto1249	-0.7143680830385	1.40521688612463	-3.822428	1.7919905
rotu1241	-0.1200390248	1.50505304584589	-3.35917625	2.8083165
rovi1238	-0.2029263933915	1.41175114347843	-3.186104	2.33951575
ruch1235	0.1367812768045	1.43152724989915	-2.6833075	2.94210825
ruma1248	-0.4744654389575	1.41488085644859	-3.38476625	2.251869
rung1258	-0.1484339172883	1.55010723863634	-3.24408025	2.8526165
russ1263	-0.2257579202517	1.4518346194252	-3.241886	2.5961615
russ1264	-0.5852817743	1.39409509909451	-3.48428	1.87604625
saaa1240	0.01747781022	1.32554113455498	-2.72614825	2.55435775
saaa1241	-0.1677872991575	1.23756639715367	-2.79153325	2.23915
saam1283	-0.3185268639785	1.4339486425851	-3.4692825	2.43302499999999
saar1237	-0.13368663952	1.33145698093521	-2.9229765	2.387427
saba1268	-0.376803898643	1.37609999639168	-3.25558925	2.23894075
sabu1255	-0.319882337744	1.49921206498172	-3.52310425	2.46289075
sais1237	1.002234990582	1.35651469759623	-1.619757	3.78869025
saka1289	-0.0737693799	1.33081987080004	-2.91632675	2.5537035
saka1291	-0.113597364175	1.48471125667191	-3.1798075	2.7443735
samb1305	-0.357762936177	1.33530706907889	-3.1668735	2.23555325
samb1311	-0.312782428511	1.36972105828051	-3.125506	2.30304975
samo1305	-0.1462851680545	1.56015804272176	-3.54143925	2.81401125
sana1295	-0.142068424314	1.51303281887296	-3.223537	2.87091075
sanb1241	-1.1445731771595	1.41429223548074	-4.30803775	1.3095555
sanb1242	1.039170676681	1.35290398519651	-1.363838	4.02973225
sand1278	-0.845153193008	1.4531983584808	-4.10697725	1.6909435
sang1331	0.107023011421	1.43202535253049	-2.89259725	2.95721175
sanj1284	-1.2870943924115	1.42884677754202	-4.63743425	1.200316
sanm1295	-1.061145822664	1.48558885304691	-4.26958425	1.72814225
sant1410	1.08651617679	1.26510643131768	-1.250068	3.70338625
sant1451	-1.12371883951873	1.49356824852029	-4.2972035	1.5602295
sanu1240	-0.99355284079415	1.26131716164343	-3.74876075	1.20046175
sapo1253	-0.670932684326	1.44949634016862	-3.767864	1.9470225
sara1321	-0.1034340483095	1.54652728586432	-3.2862035	2.92879399999999
sars1236	0.690920796109	1.33434559489766	-1.66789425	3.570666
sata1237	-0.18535021977405	1.52267042651456	-3.38139675	2.76597575
sauk1252	0.2455026816185	1.06803376547879	-1.988167	2.3861855
saur1249	0.891190328934	1.2897266780514	-1.472204	3.6004295
savo1255	0.151055368199	1.25716539003045	-2.44997475	2.6670345
saya1246	-0.78596581806	1.47856904827206	-4.07522175	1.794495
seda1262	-0.4284557265079	1.51127077065382	-3.5983205	2.32337325
seim1238	-0.1413721742985	1.46229267132742	-3.23547475	2.779832
seke1241	-0.211537858182	1.2216258860577	-2.81410725	2.12004375
sela1259	-0.0627321881195	1.49729906481823	-3.37655675	2.76973325
selk1253	-0.3537135118964	1.44618545334144	-3.693677	2.13262349999999
sema1265	-0.349819483635	1.42047530476081	-3.31056775	2.30889125
seme1247	-0.286894455347	1.48428320983698	-3.404875	2.56578125
sene1264	0.2832059176735	1.42849349889377	-2.5703785	3.2397895
seri1257	0.7661584289245	1.32117416580506	-1.5853935	3.74554175
sgaw1245	0.321917744401	1.42732575746016	-2.651176	3.181015
shab1252	-0.4149360244035	1.55177992224502	-3.64065175	2.4903865
sham1280	-0.4244914093775	1.48905962085941	-3.657071	2.40134099999999
shan1283	0.8450981866715	1.34075842565501	-1.678324	3.755605
shaw1249	1.558432699445	1.43565142912007	-0.966844925	4.563228
shil1265	-0.06227151898	1.57185251491742	-3.2839235	3.12834775
ship1254	1.000948421791	1.18480936549859	-1.17943375	3.44869725
shix1238	0.41440604893	1.23379959708922	-2.05015175	3.05194425
shor1247	-0.29287956029045	1.48929697663608	-3.3709785	2.53509225
shos1248	1.0319850265285	1.34105420123842	-1.3850935	3.871731
siam1242	0.3693022310065	1.20680528809273	-1.9453205	2.7215335
sici1248	1.67621912236	1.50434527476622	-0.9689105	4.82223025
siee1239	-0.512596398089	1.45113044220002	-3.669666	2.07848075
sier1250	-1.20013959602	1.42461389652109	-4.365637	1.2649965
sika1261	-0.057939819205	1.48934739018342	-3.05823025	2.766592
siks1238	-0.0965021835691	1.42584510112143	-3.0100085	2.67417775
sina1266	0.134757584611	1.15244213131459	-2.1994485	2.48987325
sing1264	-0.23481414522055	1.21374967532647	-2.80169375	2.0589
sioo1240	0.275334027218	1.17109634259593	-2.01846875	2.6001595
situ1238	2.02007748232715	1.25599513927019	-0.146412675	4.7110275
siwi1239	-0.216637094725	1.51788597196466	-3.42868725	2.600533
skol1241	-0.2940937507485	1.47052954632218	-3.5050225	2.44839725
slov1268	1.749890656715	1.53425366226106	-0.9480394	5.052967
sobe1238	-0.899972387953	1.37864159401363	-3.82580575	1.6283985
soch1239	-1.06197921305	1.44163411609125	-4.20391525	1.4629965
soga1242	-0.212697749494	1.53003013546531	-3.57235625	2.72356625
sons1242	-0.164855728384	1.60805737467024	-3.6347115	2.9016025
sooo1254	-0.471815914665	1.44795642260754	-3.54025975	2.220677
sout1528	-0.05353662361	1.48439253694719	-3.09836675	2.85162775
sout2649	-0.423711587293	1.40406078344496	-3.33253825	2.24789225
sout2674	-0.37020268986415	1.43759422834634	-3.465839	2.31155075
sout2679	-0.2475782825065	1.42503770419996	-3.3708275	2.48212375
sout2728	1.688498515539	1.29932448019911	-0.626522125	4.53077425
sout2729	-0.2884278318385	1.13394796264722	-2.77717175	1.86259375
sout2730	-1.151468315915	1.40496293940878	-4.28090275	1.3963225
sout2807	-0.1989169604	1.50207723121344	-3.24901475	2.59823675
sout2856	-0.243557075466	1.26440176926083	-2.96307025	2.1864845
sout2857	-0.2640801149242	1.12815338223201	-2.70546875	1.91885875
sout2869	-0.5611235898585	1.41733735064278	-3.5564645	2.03674325
sout2895	1.336571015434	1.34935181470393	-1.06347	4.06887425
sout2954	-0.2527881930875	1.37726797465406	-3.2663335	2.46291775
sout2956	1.1839651016575	1.3645312985436	-1.16656675	4.25860275
sout2959	0.833218468982	1.35652216174781	-1.6687725	3.8437275
sout2976	-0.196716472885	1.48603028353808	-3.25999675	2.67925925
sout2994	1.003940431385	1.43110134628765	-1.52715175	4.2460895
sout2996	0.88872821521	1.30696619010107	-1.480826	3.716007
sout3236	0.2316084764655	1.35393551749512	-2.4352615	3.01060975
sout3261	-1.103140067745	1.42685611851987	-4.17942075	1.4792755
stan1289	1.682386337508	1.5809240693408	-1.103299	5.18424749999999
stan1290	-0.21382327666	1.51217008202711	-3.33568075	2.533742
stan1293	-0.237423723435	1.40428090478768	-3.020008	2.5039515
stan1306	-0.3270525070765	1.46829843616314	-3.4057255	2.59357775
stan1318	-0.150413115595	1.52811269573972	-3.308072	2.85662825
sumi1235	0.1439862178535	1.03260004864092	-1.8678585	2.2756685
sunw1242	0.0252778561364	0.964660117736196	-1.9069265	1.8743855
supy1237	0.139670190255	1.31243519189463	-2.48951825	2.80196425
surg1248	-0.3013277697485	1.44065698658952	-3.344633	2.37876825
surs1246	-0.61611982239	1.40806847496785	-3.7023045	1.917819
swed1254	-0.1880406759615	1.48681488068542	-3.4185665	2.79326375
taba1263	-0.611209301455	1.41941550349475	-3.82503225	2.097725
tabo1241	-0.164578061252	1.31766803216505	-2.99474675	2.40482575
taga1272	-0.31529946899	1.52268682349237	-3.61044225	2.52547
tagw1240	-0.11194650594	1.48151824919591	-3.232943	2.803406
taha1241	1.744933449445	1.54434838007055	-1.01551825	4.99909474999999
tahi1242	-0.110723840399	1.5371541543868	-3.33469475	2.9558335
taia1239	0.76960861032	1.10914598287776	-1.37775325	3.03930225
taji1246	0.075269977404	1.41620343891607	-2.8902075	2.8149345
taku1257	-0.0695436607385	1.49759109930267	-3.12957625	2.79981025
tama1365	2.704792602985	1.40174462713266	0.066169005	5.54609825
tami1289	-0.35737427353	1.46717275520138	-3.5445735	2.441621
tane1237	-0.19536947110365	1.35530768318521	-3.10458875	2.4735355
tang1336	0.3178470154749	0.980846848909368	-1.6310895	2.36780975
tang1347	-0.4149305249635	1.25850345731537	-3.11412125	1.95038125
tang1377	1.981492484212	1.39256815486418	-0.41153895	4.840843
tani1257	1.493467872485	1.34432653672453	-0.78857465	4.44364725
tari1256	0.8069055826345	1.20589499809289	-1.4143925	3.27652275
tata1255	-0.535573580274	1.36370283765108	-3.4229855	2.08282325
tata1257	-0.319676909516	1.3978516186399	-3.16689625	2.25877175
taul1251	-0.6866100492785	1.45218247539105	-3.72960575	1.983218
taus1251	-0.213351700438	1.48856848526288	-3.26346525	2.5681095
taya1257	-0.1551472349055	1.44777886291629	-3.26995475	2.632924
tbol1240	-0.290476517949	1.57139881172093	-3.68750125	2.7534095
tean1237	-0.2027121923235	1.3494468733443	-3.011159	2.38164475
teda1241	0.0035143696075	1.53075158250264	-3.013599	3.02546924999999
tedi1235	1.356682080474	1.22083117696243	-0.8620771	3.90941
tehu1242	1.2023125554545	1.37398716875519	-1.2316745	4.14012275
teke1275	-0.17775285827	1.51778973660607	-3.354237	2.74063275
tekt1235	-0.990515496925	1.45323872918911	-4.231728	1.56835275
tene1248	2.621353705445	1.4604737671664	-0.0314549925	5.7724085
tenn1246	-0.154596878545	1.64065205555224	-3.542804	2.93631925
teop1238	-0.6907053052486	1.41393678941249	-3.74796075	1.88618625
tera1251	-0.471044884026	1.48974496350696	-3.7083425	2.2314065
teri1250	1.22424118842475	1.34573826577223	-0.998290725	4.173383
tern1247	-0.4977169670615	1.48826743487424	-3.76041575	2.2224105
tete1251	-0.7197246307725	1.48226285544754	-4.09932175	1.93051725
thad1238	1.672601998985	1.22005103796628	-0.417295675	4.3165465
thak1245	-0.720323712042	1.21827624937645	-3.35504225	1.424288
than1259	0.2789382690665	1.20985149023426	-2.04507375	2.650457
thao1240	0.354317486983	1.30157688488283	-2.22362425	2.9999725
thul1246	0.584881963971	1.0082907593787	-1.2855475	2.63212225
tibe1272	0.9982313773055	1.35367006956311	-1.53651325	3.9088475
tibe1274	-0.3177037482265	1.25914937395215	-2.965308	1.9792295
ticu1245	-0.324728153643	1.42782960647534	-3.42529425	2.202226
tief1242	0.212649122846	1.23379239836286	-2.2406315	2.72040825
tief1244	0.12988742676	1.21825333062279	-2.3257855	2.50597025
tien1242	-0.209820363865	1.49355293950398	-3.27660375	2.665568
tiga1245	-0.6141716726205	1.45494692250669	-3.8325925	2.113357
tigo1236	-0.253594350695	1.31168962817303	-2.8872665	2.24610275
tika1246	0.28977515649535	1.26915144015767	-2.233455	2.89682275
tiko1237	-0.026421130728	1.46905442375385	-3.10399925	2.814357
timn1235	-0.23111039295655	1.4818185994147	-3.372259	2.7153075
timu1262	-0.313168484965	1.44027000943323	-3.25536975	2.40125675
tiri1258	-0.57611739727	1.49720530562584	-3.943692	2.103149
toab1237	-0.2153932568985	1.32391938299402	-2.85261575	2.24034525
toar1246	-0.387211384269	1.16138468593307	-2.75932175	1.796665
toba1268	-0.469261405271	1.44876698480137	-3.606402	2.2721045
tobe1252	-0.600316874735	1.34400806113839	-3.56327825	1.96733375
toho1245	-0.4330177462395	1.53328563186908	-3.82256625	2.527125
tojo1241	-0.8870154995705	1.43456043815758	-3.8630925	1.617822
toke1240	-0.15860411747	1.54412556470506	-3.2200945	2.782038
tomm1242	2.64187836529	1.41358099932374	0.02439346	5.491854
tond1249	1.8341264230325	1.3795459697411	-0.539642725	4.63821825
tong1308	-0.2863261580695	1.53437452187106	-3.5540215	2.6732195
tong1325	-0.142293512757	1.45813092713994	-3.1662785	2.66205525
toor1238	1.40205375108	1.45242672366117	-1.0925465	4.6120505
tote1238	-0.163229078228	1.47485901795987	-3.34627675	2.55314825
toto1302	-0.1186786500025	1.23926106075669	-2.68374825	2.12682525
trio1238	-0.645673418107	1.47815385420173	-3.77756575	2.02132474999999
trum1247	0.1514842720725	1.2717524279311	-2.41486375	2.78543
tsam1247	-0.5846455019395	1.3142575294971	-3.49314025	1.75126325
tsat1238	-0.1436037547105	1.42361432523489	-3.0411665	2.5557765
tsha1245	-0.477797220825	1.41713992909836	-3.55174325	2.22692325
tsis1238	-0.4789892263975	1.51351772319221	-3.8968575	2.37279175
tsog1243	-0.200356462171	1.5957959243826	-3.81755225	2.83597575
tson1249	1.68521605686	1.54701998955398	-1.0116595	5.090905
tswa1253	-0.232340710665	1.53817029602358	-3.3716525	2.717362
tswa1255	0.903647489126525	1.46681660890693	-1.96670325	3.97970225
tuca1252	0.1473049854765	1.03470392204873	-1.95093175	2.19497825
tuge1241	-0.3006206347345	1.54507505409974	-3.5597435	2.747499
tugu1245	-0.32249936813201	1.44973384257538	-3.36372825	2.48494575
tuka1248	1.80591460904425	1.575261586917	-1.04813675	5.15556525
tuki1240	-0.5384143223225	1.29965307267017	-3.37020575	1.83770925
tula1252	-0.64683937446	1.46774842817278	-3.82659725	2.12796725
tulu1258	-0.564971112725	1.42763531012618	-3.6960365	2.23189125
tung1290	-0.4634556946305	1.51102593806189	-3.76294825	2.3499025
tunn1238	-0.308578948254	1.43081655807977	-3.57040075	2.366189
turk1303	-0.173680825929	1.44767969562694	-3.1016675	2.62639325
tusc1257	-0.695767666335	1.37077249410266	-3.798295	1.8193585
tutu1241	-0.4226298815935	1.26465682463456	-3.07935875	1.9471575
tuva1244	-0.09064104419085	1.5599363537291	-3.37304025	2.961332
tuwa1243	1.4405186407205	1.12140287871076	-0.5896276	3.80172825
tuwu1238	-0.3946069802536	1.51577670530452	-3.511216	2.423293
udih1248	1.327897465739	1.46347662856951	-1.263329	4.58885825
udii1243	-0.961646539146	1.44663427850407	-4.01516325	1.663313
ughe1237	-0.1531324629	1.45266932797988	-3.306474	2.63287925
ukra1253	-0.178918138044	1.52198628749162	-3.33917875	2.78863575
ulit1238	-0.13296990055	1.4923224602128	-3.2318645	2.75501124999999
umbu1257	-0.144417331784	1.50767388694823	-3.34104975	2.74705675
umbu1258	0.58886282212123	1.09226760927554	-1.5958445	2.79802325
umes1235	-0.383412037137	1.46542630590733	-3.378672	2.41183275
unua1237	-0.32619157654	1.12058633276035	-2.75119	1.72452725
uppe1275	-0.6780688721255	1.48565870460359	-3.849466	2.157673
uppe1427	-0.31003850288	1.48310452380087	-3.534257	2.52834825
urak1238	-0.2677159707275	1.52538316572058	-3.6938515	2.6008795
urar1246	-0.708258250769	1.48186291437706	-3.957046	1.894981
urav1235	-0.500732185904	1.4366578719018	-3.55225675	2.1496465
urim1252	-0.12511111167	1.12956448576072	-2.465304	2.06968025
urip1239	-0.4994092591746	1.17067024121196	-3.0056295	1.6199685
utes1238	-0.604205189431	1.38371764306127	-3.634949	2.01027
uuuu1243	-1.115575307006	1.46334740944573	-4.48083425	1.47280425
vano1237	-0.214444085447	1.346314094113	-2.96971025	2.326589
veps1250	-0.19559697436615	1.50314962975736	-3.27101325	2.81634325
vera1241	1.1739161035956	1.35322189926199	-1.2988425	4.0364765
viem1243	-0.090696008363	1.30353268127567	-2.9415615	2.43476325
vinm1237	-0.4206912444605	1.13386228056835	-2.911514	1.63108525
voti1245	-0.284044188782	1.53002073346761	-3.62188	2.456491
vunj1238	-0.43885733309	1.47770642690437	-3.5482765	2.43418325
vure1239	1.165090813424	1.35044356755196	-1.31486975	4.00513425
vwan1235	1.5955998780425	1.51775641329945	-1.08522275	4.86457624999999
waga1260	-0.2878104087155	1.45184213187681	-3.4392665	2.46219775
wage1238	0.408873230385	1.36924903228042	-2.40768525	3.20732925
waig1244	-0.150783429284	1.45450639617955	-3.17662275	2.77506925
waim1251	0.304007324986	1.15335152224246	-1.882813	2.74358825
waja1257	-0.3781846814425	1.45240575503791	-3.55223175	2.32349275
waka1274	-0.381882785745	1.42741010749193	-3.311411	2.27213625
wala1266	-0.2846278719554	1.29599024449492	-2.90910225	2.1806505
wall1257	-0.1836989801895	1.55893363759954	-3.4656955	2.8189055
wamb1257	0.384150213399	0.935607490528387	-1.45279175	2.18077375
wand1267	0.846022542105	1.36924718715547	-1.6745025	3.73786475
wand1278	-0.229431880954	1.29886039489989	-2.83345475	2.19424
wara1294	0.6647529766085	1.20130216727899	-1.751035	3.076944
wara1303	1.270118355333	1.44949243167256	-1.308451	4.3499325
ware1253	-0.6366532329925	1.42696715856005	-3.73987825	1.9274725
wari1268	-0.1716344846315	1.34602296155146	-2.99454825	2.40816174999999
warj1242	-0.6741415423945	1.3565202557658	-3.625353	1.75480275
waru1265	-0.449878529483	1.46396599449901	-3.49354125	2.339087
wawa1246	0.599291030329	1.37870276429358	-2.05278625	3.44895125
waya1269	-0.5861507136595	1.41117315254737	-3.7612675	2.00981275
wayu1241	0.077670581295	0.967598673313861	-1.8430495	1.94790175
wayu1243	-0.221386164968	1.38299958665545	-3.0282135	2.44994925
wels1247	-0.226085601448	1.44022263478108	-3.2383245	2.62045825
west2354	-0.2543235300825	1.47773539927317	-3.306876	2.5750515
west2369	-0.440623982054	1.37229911666851	-3.2784245	2.1323525
west2396	-0.10686618763	1.36707115515502	-2.9324345	2.49644525
west2397	-0.461270396572	1.42901117988324	-3.52194325	2.365589
west2415	0.600161165058	1.00404316989794	-1.284388	2.6639675
west2418	-0.6617408980045	1.25339879821913	-3.43531675	1.61823475
west2430	-0.360079239735	1.51034473114839	-3.47183475	2.63359225
west2441	-0.42463212454245	1.4364697139947	-3.70293475	2.2780235
west2516	-0.55895685124015	1.45720930922829	-3.708247	2.0872205
west2519	-0.20287848804	1.46377685963532	-3.4063805	2.62683375
west2557	-0.2363313476655	1.51114351386278	-3.3115	2.67223675
west2560	-0.33989810101595	1.41724953741325	-3.30107825	2.332275
west2594	-0.8543607337865	1.411628874933	-3.937533	1.66948575
west2600	-0.43422459699805	1.411760143262	-3.2879835	2.250266
west2618	-0.7044379273255	1.40237353827302	-3.711207	1.94227375
west2632	-0.2315244979195	1.45989072898524	-3.32195475	2.4053385
west2635	-1.032351054474	1.44245274038191	-4.231316	1.346157
west2644	-1.0686925529905	1.40740302341911	-4.183636	1.49874025
west2650	-0.3255779628591	1.58634180838623	-3.5712715	2.75071625
west2763	-0.2630655337825	1.50665427645215	-3.556012	2.70443799999999
whit1269	-0.566688359382	1.42107931047588	-3.570174	2.005276
wiru1244	0.957222393896	1.18067041613763	-1.2984545	3.552864
woii1237	0.102399288222	1.38121725441014	-2.8155105	2.88190725
wola1242	-0.53753105399	1.43016450423645	-3.702197	2.011298
wola1253	-0.6233668934515	1.39213034656917	-3.56974725	1.95807375
wole1240	-0.12891930686	1.54272013063915	-3.42275075	2.83252049999999
wotu1240	-0.078470125465	1.49075835297347	-3.07512625	2.8062595
wuch1236	-0.1092760245605	1.58515805508028	-3.421581	3.08612875
wudi1238	-0.96341785423555	1.50447001409155	-4.268007	1.676408
wusa1235	-0.940269796193	1.45963962768565	-4.0975505	1.673782
wutu1241	-0.19381231811845	1.26820984371347	-2.94173975	2.15386875
wuvu1239	-0.2877272448945	1.51665143287667	-3.48634725	2.53482125
xamt1239	-0.3746497990025	1.41233859061257	-3.495548	2.26111199999999
xara1244	-0.592713273726195	1.47725172273023	-3.93607375	2.07234
xhos1239	-0.169664892696	1.50780716685973	-3.28829475	2.68484875
xish1235	-1.19570186360035	1.36127151069379	-4.2206195	1.16478525
yagu1244	-0.3482904432721	1.34849096314678	-3.26027	2.24270925
yaka1269	-0.0768753402845	1.41756686638474	-2.9411305	2.82337375
yaka1277	-0.2780923925495	1.47068757625618	-3.37353275	2.39279575
yakk1236	0.8622183099935	1.05367946599335	-1.094987	2.945972
yaku1245	1.531443764309	1.52020775086904	-0.99332295	4.9590895
yale1246	-0.756826527916	1.29031968855421	-3.441048	1.63711625
yami1254	-0.21718066078	1.42584451485299	-3.1204525	2.6299425
yami1256	0.162960028949	1.25977487612835	-2.20532625	2.8213565
yamp1242	0.27410142793275	0.994338466125582	-1.75034075	2.337066
yane1238	-0.8118948814175	1.4082093173947	-3.9495355	1.7176145
yank1247	-0.3939069553813	1.46052969985029	-3.462305	2.4614855
yaoo1241	-0.1732731365055	1.50152086340652	-3.38654975	2.69458375
yapu1240	-0.313594988855	1.15428896408154	-2.6723755	1.85276875
yaqu1251	-0.49158616896155	1.31875324184337	-3.19441775	1.94532175
yasa1242	-0.35265590274	1.54059482082896	-3.5698585	2.42535775
yatz1235	-1.23502994074	1.40002895113287	-4.38445575	1.129327
yaum1237	0.5419446016265	1.09591662521398	-1.53053075	2.6992225
yawa1260	-0.524550260265	1.20711632032069	-3.0419335	1.77761725
yawu1244	-0.38237338070095	1.46767017457979	-3.55553625	2.47015475
yele1255	1.769079763492	1.59040233885962	-0.994449075	5.23945425
yems1235	-0.701958490225	1.46579211023895	-3.75508175	2.11520975
yind1247	0.040540985645	1.41232992538226	-2.86137575	2.83313675
yoga1237	1.643655017115	1.26027483648061	-0.643021675	4.30982025
yong1270	-0.392098037452	1.18468663327227	-2.96741725	1.869956
yong1280	-0.480565569975	1.41752443684371	-3.465119	2.12010125
youl1235	-1.1994632050125	1.37597369395335	-4.0972195	1.0287765
youn1235	-0.246553549874	1.41350718698619	-3.12091	2.49871025
yuca1254	-0.3239540956561	1.44266847414556	-3.498284	2.35366725
yuqu1240	-0.9993777724	1.40535915061374	-4.16480975	1.46137225
yura1255	-0.9856696196075	1.41609981832708	-4.12050825	1.48480374999999
zaba1237	0.1909290171885	1.53273802363256	-2.8475385	3.1567155
zaca1241	-0.6923937657255	1.47385517228166	-3.71855225	2.08553575
zaca1242	-1.02845064161	1.41778745227797	-4.05440025	1.62010725
zagh1240	-0.1483348308835	1.4878814469096	-3.28568025	2.66099125
zamb1245	-0.356113959465	1.49413916319146	-3.56686625	2.602781
zarm1239	-0.04702717996	1.58220209634694	-3.339058	3.0763
zaye1235	1.718477602516	1.33371153973862	-0.78570215	4.31228375
zays1235	-0.545369150248	1.41477335201809	-3.58464325	2.17666375
zinz1238	-0.173230762461	1.4702514982307	-3.3076	2.6116775
zoog1238	-1.2408462030725	1.390631728454	-4.355647	1.15218775
zulg1242	0.053591245234	1.18665477774321	-2.33526425	2.453326
