Estimate	Est.Error	Q2.5	Q97.5
abad1241	-1.87413120924	2.33987617133795	-7.13212625	2.36354
abee1242	-0.0651075413647	2.4619392683455	-4.85586225	4.71479349999999
abkh1244	-0.172198735834	2.38976074127629	-5.010354	4.56254174999999
abua1245	0.363183186967	2.01256658098649	-3.727747	4.414491
abun1252	-0.9713228878615	2.36538606662969	-6.186923	3.52833375
acha1249	-0.153766790585	2.52420003525424	-5.33452025	4.82461375
acha1250	-0.665493711245	2.29614727592332	-5.708642	3.79151325
ache1245	0.81306099498	2.42176256277456	-4.01629225	5.709712
achi1256	0.188196023815	2.1025247032025	-3.98939275	4.419324
achi1257	-0.928032595015	2.24496188274963	-5.82764975	3.13983975
achu1248	-0.069498308767	2.31990311076284	-4.72793525	4.54607075
acol1236	0.1170705082655	2.23777209854702	-4.22414225	4.4400235
adan1251	-1.1779131770945	2.22938763341985	-5.9324205	2.76252525
adon1237	-1.17511438604	2.19162206043705	-5.84192475	2.7684835
adze1240	-2.2372376307295	2.30760423772167	-7.45065125	1.56833025
afar1241	-0.4197050746675	2.38548273924022	-5.69904625	4.05520275
aghe1239	-0.2925284085751	2.43999787495755	-5.323577	4.51447925
aghu1255	-0.439390527495	2.380246439031	-5.1917175	4.0421605
agob1244	-0.644345767885	2.39610746287117	-5.73282875	3.84887475
agua1253	-0.3646157906	2.43382617295039	-5.4999805	4.04947474999999
agus1235	0.77854398678	2.05178520671723	-2.7652855	5.413989
agut1237	1.75804415307	2.17906154399199	-2.1788765	6.4190235
aheu1239	-0.618137573847	2.502468891717	-5.97258125	4.11183525
ahin1234	2.9424055718	2.05089797196045	-0.515180575	7.6013685
aime1238	-0.77382531198	2.44600670896294	-6.009869	4.0279555
ainu1240	-0.642654181165	2.33527505776499	-5.4143485	3.77158975
ajab1235	-0.03359546819	2.53836432411009	-5.01349175	4.87981399999999
ajie1238	2.766123031335	1.74001349140958	-0.3259218	6.6011785
akha1245	-0.6918081281	2.40574218042872	-5.66328875	3.94381575
akoo1248	0.71103600714	2.474338553759	-3.9833945	5.91765099999999
akun1241	-0.38383829198	2.35253580041015	-5.19755075	4.06881575
alab1237	-0.330923753035	2.20805101777723	-4.70952175	4.0330585
alab1254	-0.91238392926095	2.39501285968807	-6.1757775	3.52762425
alac1244	1.094646001145	1.99766456228811	-2.70349325	5.35992275
alag1248	-0.6307711602581	2.19587666574699	-5.369926	3.573387
aleu1260	-0.755573515983	2.33026130782847	-5.74944325	3.67658375
alor1247	-1.1770632650425	2.18771044212621	-5.98718425	2.643233
aluk1238	-0.235033763995	2.57369511915714	-5.5480695	4.93491475
amah1246	-0.279987055925	2.35636165771618	-5.3219255	4.23042824999999
amam1246	-1.9810094757234	2.24774067214494	-6.877083	1.99966375
amap1240	-0.3372507220439	2.16158895325775	-4.845295	3.879244
amar1272	-2.0126980119735	2.27100775009324	-7.2838005	1.75160875
amas1236	0.9611773496905	2.46241103806905	-3.80335875	6.22214225
amdo1237	0.01512963939	2.60241854071541	-5.19577825	5.49278325
amii1238	-0.6208026569895	2.4433238949758	-5.69662875	4.01307525
amri1238	0.85945682245	2.3649267825498	-3.56728725	5.7877195
anei1239	-1.42966490887	2.16076592718975	-6.0755275	2.3468195
anfi1235	0.809777641955	2.25994525850767	-3.5436455	5.30555825
anga1288	0.797571456935	2.52735685539705	-4.07988075	6.02202849999999
anga1290	-2.13710789882	2.41036551609426	-7.45805325	1.980478
anuf1239	-0.1192618117945	2.42917255772732	-5.12081875	4.690424
anut1237	-1.757697661794	2.15295385550194	-6.47599825	2.28655449999999
anuu1241	0.1624161627	2.58970834933521	-5.0103895	5.3662215
aona1235	0.2985648095465	2.59327100941186	-4.9348445	5.4819045
aoua1234	-0.174023589308	2.55408445074106	-5.45399125	5.014319
apat1240	0.21768085227	2.56915858650629	-4.91055875	5.3659
apin1244	-0.267101442815	2.3958151163623	-5.09275225	4.309263
apma1240	-3.024295526665	2.20659904652679	-7.7603895	0.642506625
apur1254	-1.067167863715	2.12527597808889	-5.640857	2.738079
arak1252	-2.7627455899	2.10094724337232	-7.34108375	0.833806324999993
arao1248	-0.16978363844	2.17752947076707	-4.895953	3.99384775
arap1274	-0.88767384889	2.14408724755227	-5.51947775	3.103617
araw1273	-0.211910261255	2.36981886666229	-4.99367125	4.38828425
arbo1245	-1.2667814553	2.25826953318117	-6.304224	2.84877825
area1240	-0.484147713075	1.84729152420762	-4.28780075	2.92860325
aree1239	-1.450892305265	2.09968852647878	-6.15571275	2.3375355
argo1244	-0.664309662861	2.32506890708794	-5.676413	3.75583375
arom1237	-0.18870990277	2.4871975311285	-5.18943225	4.57001775
arop1242	0.79697431851646	1.81075778166359	-2.6691395	4.48606874999999
arop1243	-2.090668865855	2.46706216302801	-7.8615415	2.14724475
aros1241	-0.40224407723	1.98461788368439	-4.63632925	3.38345374999999
arta1239	2.929691470075	2.16002697162783	-0.62961835	7.73786225
ashe1272	2.84877257609	2.23051982158571	-1.02493925	7.58646874999999
assi1247	-0.375388512799	2.40082906497444	-5.38382175	4.25967725
asur1254	-0.109172694245	2.38849110868571	-5.189644	4.705521
asut1235	-0.267599373497	2.40099666699137	-5.178301	4.255794
atam1240	2.173289343135	2.23904679034854	-1.48407325	7.088438
atay1247	1.82887112306	1.86586314409505	-1.621616	5.633414
athp1241	-0.12532874706	2.50890428906846	-5.70139275	4.8784365
aton1241	0.723787292232	2.30167505196288	-3.769837	5.21438875
aulu1238	-3.29998001538	2.18087622448211	-8.3726255	0.419416224999998
auuu1241	0.459848666252	1.8923625419777	-3.382449	4.27195675
auye1238	-1.091446168626	2.34265156648511	-5.9257345	3.2514
avac1239	-0.207020385835	2.61040788935905	-5.61768125	4.80816199999999
awad1243	-0.214266080025	2.47516939533925	-5.16865575	4.824146
awad1244	-2.178953302254	2.31771006640463	-7.409314	1.7501995
awar1248	-2.243336242368	2.28504317226951	-7.309693	1.7139585
awar1249	-1.488140415555	2.33432925869263	-6.4957055	2.624389
awet1244	-0.899041780815	2.22534513042333	-5.8361885	2.9464015
awji1241	1.61075651717	2.2109610900804	-2.37923825	6.31039249999999
awtu1239	0.3044167485085	1.94438837566666	-3.519563	4.140044
axam1237	-3.22805408724	2.19895340729153	-8.2673445	0.519235399999999
axiy1235	-0.297373350766	2.42222887762705	-5.48203075	4.55897925
ayac1239	0.041911787085	2.4668740967927	-5.030293	4.8835035
ayiw1239	-0.7674541323225	1.67772064619366	-4.4869415	2.25204225
azha1235	-0.356684040927	2.45697100191805	-5.48561775	4.4309855
baba1264	-0.286287539862	2.52874366058825	-5.53540975	4.773651
baba1266	-0.2153338197544	2.49453389109501	-5.4061385	4.71026675
baba1268	1.522583715425	1.94613918940207	-2.13621825	5.5718915
babi1235	0.097320347815	2.20140689036895	-4.368372	4.31707074999998
bada1257	-0.2193283675742	2.55175292181874	-5.4348575	4.82344925
bafi1243	-0.142493508452	2.46616841833875	-5.01247675	4.63170825
bafu1246	-0.22783820076	2.47898925920125	-5.26152775	4.70259675
baga1272	-0.1124373303915	2.40042224148342	-4.92901975	4.69890624999999
baga1273	-0.174333978859	2.48590938933489	-5.32703425	4.672597
bahi1252	-0.199407904823	2.46998121262355	-5.453644	4.45067575
baim1244	-0.070922604145	2.45700483576791	-4.754065	4.74856325
baki1244	-3.076447806735	2.14089795493744	-8.0437085	0.58920905
bala1311	2.798517731635	2.32456494443914	-1.0522305	8.09218499999999
bala1315	-0.7950901968705	2.25428974996896	-5.7048355	3.2429485
bala1316	3.86589573875	2.22935897390285	0.15882475	8.81473325
bali1278	-0.787796377305	2.29182348924655	-5.58623625	3.43184574999999
balo1261	-0.1897947957395	2.44366093674927	-5.399574	4.5360955
balu1257	-1.56216944829	2.19864242204694	-6.417401	2.2771805
bamb1270	-0.6767514270105	2.20311555755909	-5.26952675	3.521117
bamu1253	-0.224354146809	2.49282224611847	-5.3783225	4.68653125
band1344	-0.1438949237745	2.66471993390431	-5.58813	5.202771
bant1281	-0.155481635168	2.45184486600451	-5.2192975	4.70937974999998
bant1288	1.965129858125	2.22687577535968	-1.92942	7.032357
bara1357	-0.26266164861	2.55834175491433	-5.839097	4.618103
bara1369	2.3398721176038	2.23775187704903	-1.6351095	7.17321824999999
bara1370	-1.561227217915	2.27828044647567	-6.60713975	2.31126325
bare1276	-0.914096725115	2.24174347043177	-5.6895525	3.1343625
barg1252	-1.920401407431	2.3384616147022	-7.14723275	2.14290375
bari1286	-2.010149052585	2.26326389500921	-7.185628	1.85789174999999
baro1253	-0.7431462550935	1.92755949650234	-4.755289	2.993188
basa1282	0.274159478532	2.41545280471732	-4.560155	5.43455425
bash1264	-0.0686166037525	2.54760608165607	-5.4510595	4.713881
basq1248	-0.21921095648	2.36726853911075	-5.12694425	4.4107685
bata1289	1.917557644385	2.11426008174741	-1.83442325	6.41883525
baur1253	2.844680742155	2.2132866858576	-0.9356215	7.582424
bayb1234	1.07582341259	2.25235404452945	-2.78203625	6.303153
bebe1248	-0.313344154957	2.51515340339191	-5.3651385	4.47391124999999
beem1239	-0.03720312301	2.62872142694486	-5.38199175	5.251378
beka1241	-1.242932047285	2.20800798497018	-6.086448	2.81170525
bekw1241	-0.013932130522	2.40704857319167	-4.69038925	4.9253005
bekw1242	-0.062661419782	2.48528702556394	-5.313666	5.12569025
bela1254	-0.09307681622	2.40313694052834	-4.93879225	4.754901
belh1239	-0.1315823389235	2.51844666969627	-5.41129525	4.9969415
bell1243	1.2689253009655	2.21297504710176	-2.8819135	6.0271285
bemb1257	-0.06776876449	2.55345391196946	-5.2008715	5.04362149999999
bert1248	-0.276859876177	2.37787022773275	-5.04954125	4.31947374999999
bhoj1244	-0.23086833911	2.54944849440056	-5.5019575	4.787362
bian1252	-2.172908434668	2.34366325263858	-7.38806475	1.77599625
biao1253	-0.1739316338642	2.35770604110241	-4.825876	4.43473875
biao1254	-0.3072332394195	2.45184401955645	-5.399332	4.6985025
biao1256	-0.253172613549	2.52883618987848	-5.5528845	4.9690755
bier1244	-3.100532332005	2.14857329746648	-8.1186065	0.615465899999997
bign1238	-3.05356026606	2.14161911427913	-7.867199	0.667280399999999
biha1246	-1.134578464215	2.20034354942905	-5.79498925	2.79006225
bila1255	-0.197651651124	2.44716061030612	-5.25237375	4.7023555
bilb1241	-2.0541436107665	2.30277427555024	-7.456347	1.893791
bili1260	-0.319277163815	2.45455592314689	-5.4106675	4.20896175
bimi1240	-0.64532154409125	2.4410152109208	-5.68060775	4.16708625
bina1277	-1.6452337891345	2.38264021581797	-6.731652	2.80129725
bini1246	4.00147373056	2.80736476596742	-0.86525045	10.1616025
binu1244	2.174990387554	2.21843245229712	-1.63068425	7.0776075
bira1253	-1.4163913491955	2.25608233871401	-6.35582725	2.74235175
bisu1244	-0.610715300204	2.46115014540561	-5.526975	4.37958025
bitt1240	-0.7381709928855	2.32534656863809	-5.99594225	3.65644075
biwa1243	-1.10047697948	2.4414191199761	-6.1297885	3.26244975
blab1237	2.2107034001705	1.64892954866706	-0.787800025	5.55632025
blan1242	-0.6043205123155	2.31905398215914	-5.50731625	3.8160655
bodo1269	1.03634092648	2.43337566328406	-3.71136025	6.10800449999999
boht1238	-0.8417429155975	2.17129624596699	-5.656443	3.09019125
boka1249	-0.0070133344945	2.61405157241583	-5.403351	5.299071
bola1250	-1.761869626165	2.16523487227364	-6.672511	2.11271875
boly1239	-0.3243572401	2.48476297590656	-5.73886625	4.40800024999999
bomb1262	-0.17532336831	2.56624604858611	-5.52293675	4.9922145
bomk1234	-0.11635159011	2.59574530023388	-5.17812125	4.97546625
bona1250	0.030074972032	2.64106868862598	-5.62238475	5.52212924999999
bond1247	-0.1796485841825	2.40524970392018	-4.96399075	4.64327575
bong1289	-0.6700881429345	1.99599095394052	-4.88919525	3.02166349999999
bora1263	0.1389778710925	2.4448856687602	-4.82768275	4.83260225
boro1277	-0.287056391976	2.32720553421958	-5.074124	4.37400675
boro1282	-0.123994701562	2.38167438472205	-5.13866625	4.39367825
boto1242	2.425239508735	2.1781874163969	-1.243354	7.42127325
boun1243	-0.144681223971	2.41044690576026	-5.10850225	4.5700605
boun1245	-1.3139340724605	2.50678830721509	-6.6573475	3.470807
bret1244	2.728917729395	2.48688641082676	-1.55151	7.95185575
bube1242	4.03468741243	2.67334332136768	-0.4570747	9.842341
budu1265	-0.959377483051	2.17506873709197	-5.56342725	2.98293375
buga1247	-0.38656656075	2.43082920514637	-5.47199075	4.22161324999999
buga1250	-2.21816492233216	2.32915620344922	-7.3519135	1.7976535
bugh1239	1.7309063090685	1.64667887759954	-1.36972825	5.097962
bugi1244	-1.199125435445	2.25107628026202	-5.92165125	2.86780725
buhu1237	-1.423776642141	2.27311481914773	-6.546859	2.56858625
bujh1238	-0.281482450192	2.49445776098134	-5.61019225	4.5138495
bull1247	-0.17546822691	2.42279001069563	-5.11280475	4.55259449999999
bulo1242	-0.85657574720375	2.26989804334977	-5.6837965	3.33102624999999
bulu1251	0.0684472159355	2.43017574178256	-5.02944475	4.9287145
bumt1240	0.10060247583275	2.56114301127777	-5.03067	5.302486
buna1276	-0.961531413	2.09877052938962	-5.43629375	2.766757
bund1253	-0.077915169209	2.4139298850733	-4.8963585	4.57554124999999
bura1292	-0.000894044169999998	1.90210306489027	-3.754868	3.7806285
bure1242	-0.9780043963035	2.08127023109657	-5.49306675	2.9519345
burj1242	-0.616811782805	2.38460932160633	-5.7942345	3.9355705
buru1320	-0.605953685505	2.34373177630934	-5.48277875	3.754994
busa1253	-0.3177423832555	2.42813741998727	-5.43153125	4.269316
bush1247	-0.038639845955	2.58293041651114	-5.564356	5.11625174999999
buwa1243	-0.7074580317812	1.88888691185331	-4.627119	2.992171
bwai1242	-1.121888115744	1.94814864520136	-5.37508575	2.4750005
bwat1240	3.1964251365	1.93125879940973	-0.097758305	7.3290265
byan1241	-0.091131708205	2.36624785831237	-4.6712695	4.64263075
caac1237	3.89812170245	2.24296616648292	0.120837075	8.70348925
cacu1241	-1.0906079016865	2.17755572197104	-5.775214	2.89162399999999
cahu1264	-0.71750946683	2.23325926298652	-5.63323075	3.52933525
cakf1236	0.2179367416465	1.97400699749935	-3.87103475	4.18314425
cald1236	-0.201690053173	2.48942143294913	-5.35938175	4.72345875
caml1239	-0.178240334635	2.44775808184795	-5.14894825	4.3596215
cane1242	-0.279945080734	2.4153316543541	-5.123299	4.48853499999999
caom1238	-0.3008578075415	2.47751744572227	-5.38133675	4.6323905
carn1240	4.1138371032	2.48972070195268	-0.2233786	9.57999775
caro1242	0.045216169865	2.16667916648969	-4.518376	4.28730524999999
cash1251	0.0999771983305	2.29627150271824	-4.4861165	4.49176325
casi1235	2.76351650255	2.27011279044035	-1.1452195	7.90479999999999
cayu1262	3.65944123796	2.46055525768737	-0.432910125	9.1157905
cemu1238	3.445376515065	2.0140433090691	-0.1204257	7.72439525
cent1989	-0.63533836835	2.32756375778314	-5.4605	3.96997875
cent1990	3.598107626545	2.39477721659057	-0.352828325	8.69197225
cent1992	-1.036506745335	2.20784747496315	-6.0167795	2.9896095
cent2004	-0.075056634335	2.53585501007793	-5.0869	5.0651135
cent2050	-0.355265666305	2.23126385883598	-4.80881075	4.041195
cent2084	2.30554493618	2.13816073880362	-1.45541625	6.7482935
cent2087	1.74794743187	2.2270438313578	-2.23717625	6.61616575
cent2100	2.05572222303	1.84549487583687	-1.30017225	5.939454
cent2126	-0.074528059645	2.55196889463515	-5.10000225	5.213878
cent2127	-0.701169815608	2.33188922312125	-5.58841875	3.597622
cent2131	-0.35817201132	1.99449726377497	-4.51030325	3.4817165
cent2140	-1.453271235042	2.28242761887076	-6.33506525	2.71939525
cent2142	-0.191514305451	2.39446742278032	-5.2247805	4.5065615
cent2292	1.0352312650265	1.63066654798138	-2.00033175	4.45435974999999
cent2314	-0.5410211168645	2.2691845157644	-5.37742975	3.77034075
cent2322	-0.0297695175535	2.51572358971567	-5.32969075	5.0720595
chac1251	0.415974236131	2.13580136102026	-3.835962	4.55556975
chak1270	0.141701195395	2.53570844560885	-4.89215425	5.09194249999999
chak1271	-0.2128130554545	2.61546341349205	-5.69762475	5.07945574999999
cham1312	1.843856001015	2.09206824847615	-1.95831575	6.37652424999999
cham1315	0.6476216734165	2.21227069161272	-3.86411	5.00498375
chan1313	0.1224918267305	2.61567193212968	-5.0895975	5.391868
char1269	-1.082658765915	2.3719474455797	-6.19752425	3.54506375
chas1234	-0.08898466386	2.55224184173254	-5.05769325	4.99553899999999
chek1238	1.79229210474	1.60699375738289	-1.16379825	5.16708225
chen1255	-0.15198195003	2.51655881580574	-5.35004975	4.6648435
chep1245	-0.245324051985	2.4384782398372	-5.2931115	4.48886025
cher1273	-0.267609197995	2.40805993383268	-5.2232175	4.2560905
chey1247	-0.949947490435	2.21851407393825	-5.65770575	2.91976225
chic1270	-0.564391142976	2.38026334373351	-5.52536575	3.970319
chil1280	0.25557047901	2.26799976285687	-4.458011	4.60079974999999
chim1302	-0.291026753464	2.4154743289782	-5.218574	4.43531375
chin1286	-0.72760122202	2.29908449385588	-5.56831225	3.777554
chip1241	1.83713058715	2.20353431454167	-2.00949175	6.67601999999999
chip1261	-0.367571791235	2.33476133051302	-5.2792535	4.05086349999999
chiq1248	-0.3881088452995	2.40879434374185	-5.414695	4.200788
chir1283	0.573662330225	2.62963681556157	-4.6460015	6.2446755
choc1275	0.1408659789295	2.53898408338123	-5.2266695	5.23156675
choc1276	-0.551613565664	2.29535467913501	-5.31122275	3.8547735
chon1284	-0.572170925755	2.32968115369553	-5.51205325	3.86307725
chot1239	0.72337271972	2.42533988822102	-4.00127575	5.73976799999999
chra1242	-0.59624378025	2.45706881997491	-5.66219025	4.1627365
chug1252	0.208584469285	2.49784834377131	-4.84451375	5.4614905
chuj1250	3.03785056492	2.44235353326433	-1.22730225	8.55848425
chuk1273	-0.226832431155	2.48899087486176	-5.24924875	4.59412874999999
chuu1238	-0.405686256935	2.38327379321584	-5.29025225	4.2604145
chuv1255	-0.077351522075	2.4776866551016	-4.92467175	5.0312115
chuw1238	-0.03235817987	2.55754906323139	-5.068736	5.22472325
cici1237	-0.2973678492	2.4482362545323	-5.26698125	4.3959255
coat1243	3.56948546726	2.6243711573748	-0.79390635	9.4113925
coca1259	0.16188660971	2.38479233870796	-4.58745375	5.03465775
coeu1236	1.247055993075	2.26489832442906	-2.94855425	6.536493
colu1241	0.522113393884	2.1993290462494	-3.7212025	5.17645749999999
coma1245	-0.619316789155	2.30550500115222	-5.483303	3.66499675
como1259	1.984903442015	2.35171682227584	-2.040776	7.11011399999999
cors1241	-0.100721977635	2.47845955803816	-5.21336125	4.79126074999999
cosa1234	-0.7464628040045	2.33292256610056	-5.3896585	3.7787915
cota1241	2.743410015555	2.33638573150983	-1.00080625	8.211767
cree1270	-0.5796368561445	2.33818822236991	-5.63204075	3.91230975
crim1257	0.02257218996	2.46795522698595	-5.18001425	5.1131855
crow1244	-0.828909591075	2.35113681925076	-6.02218925	3.6234115
cube1242	-0.889815403604	2.26319160634608	-5.71825375	3.34902725
culi1244	-0.875350507445	2.33184968935924	-5.87773475	3.44159724999999
cusc1236	-0.1572256539485	2.34448983866827	-5.08207175	4.320335
czec1258	-0.059866719595	2.49307339108598	-5.099862	5.03356375
daai1236	-0.000907599105000005	2.57179668149476	-4.8434345	5.2968005
daas1238	-0.8724204351285	2.37087711748965	-5.97505325	3.66382524999999
dadi1250	-1.335408813235	2.47498636611342	-6.5768605	3.09997349999999
dagb1246	-0.152051200627	2.56363614212202	-5.43449325	5.354721
dagi1241	0.971360174758	2.4626054236796	-3.712102	6.33250925
daka1243	-3.28572322842	2.17902923394272	-8.273024	0.426259324999998
damp1237	-0.859864012955	2.15132847294926	-5.691684	3.07544774999999
dana1252	-0.367811023855	2.35023448449659	-5.2028945	4.021393
dand1238	-0.0702434903	2.57611744062936	-5.54857675	5.10949599999999
dara1250	-0.271407871865	2.46770764727888	-5.4917225	4.29439324999999
dard1243	-0.144310086525	2.50063242600253	-5.4002975	4.7549355
darm1243	-0.086109507823	2.36974030252102	-4.7025765	4.6103605
dawr1236	-1.100816806535	2.38499828855875	-6.08127025	3.544853
daza1242	-0.104309886491	2.48280370521908	-5.21692875	4.892275
defa1248	1.09511003989	2.26259818451816	-3.28195775	5.710935
dege1246	0.918177034631	2.28741269929555	-3.472211	5.6027365
dera1248	-0.243563567995	1.94142396745417	-3.965111	3.48767675
desa1247	-1.07708855436	2.28535863087487	-5.561325	3.30432675
dhao1237	0.055590917174	2.09306776795998	-4.17593875	4.09953024999999
dhim1246	-0.07504820553	2.46749653821401	-5.026064	4.90312149999999
dibo1245	-0.162305805375	2.45699552205929	-5.32926025	4.80939025
diga1241	-0.052146828828	2.55045638121334	-5.040875	4.767401
digo1243	-0.184205261285	2.42636063000937	-4.99450375	4.69870275
dima1251	1.586104926685	2.52083671416719	-3.2039265	6.965453
djam1255	-0.4044937540915	2.42181627376443	-5.35523025	4.2164195
djee1236	-0.482532075689	2.34627020835208	-5.633623	3.97023574999999
djeo1235	2.259650157885	2.26737502631754	-1.8048515	7.0715355
djin1251	-0.162822117545	2.3136709739733	-5.04870525	4.27875274999999
dobe1238	-0.75466678387983	2.28578949220813	-5.81401875	3.67437874999999
dobu1241	-0.72505284305	1.87535008440587	-4.7401265	2.6563875
doma1260	-0.0953900955925	2.5449771755821	-5.245511	4.86403175
domm1246	-1.620421968085	2.51610023281257	-7.209834	2.87226999999999
doro1266	-1.7627684143915	2.2265917506307	-6.755193	2.115408
drun1238	0.0099571502875	2.57813089418972	-5.00873625	5.04395324999999
dumb1241	1.0002677691975	1.92503748273268	-2.9467705	4.78093675
dumi1241	-0.16998617764	2.44937325736544	-5.1647575	4.28984525
dusn1237	-1.47098406183	2.26344106042397	-6.3109985	2.62856125
dutc1256	-0.159047869895	2.49031175148606	-5.54538375	4.471873
dyul1238	-0.429222341875	2.32152671277646	-5.010386	4.20594575
dzao1238	-0.295542356676	2.55036253183662	-5.62181	4.67649825
dzon1239	0.049262775663	2.53267796569739	-5.10343725	5.08333799999999
east1236	-0.8124080848125	2.25002112712246	-5.55341675	3.446369
east2328	-0.1103409716385	2.42054485971464	-5.282023	4.740556
east2332	-0.68594319765	2.53954019157436	-6.029389	4.1398275
east2342	-0.3588281963175	2.49516210052389	-5.41511075	4.54030425
east2443	-2.87001596222	2.16062041254658	-7.74796275	0.879884249999998
east2447	-1.03107205489	2.0099789562327	-5.23838025	2.59503875
east2485	-0.85132628738	2.03495771649594	-5.2229575	2.85001175
east2516	-1.1720414222665	2.44101953733356	-6.07826275	3.25072325
east2555	0.0403691459335	2.47844892909482	-5.11341975	5.00468675
east2556	1.50946643321	1.81899985385636	-1.71827825	5.36327525
east2690	2.3205929894115	2.39536295022504	-1.83649075	7.71969
east2773	-0.215817125265	2.47381636672761	-5.50623175	4.5727345
egaa1242	-0.020051224235	2.6006450351599	-5.53248825	5.09168474999999
eipo1242	-0.54761659354	2.44287676122476	-5.555251	3.9622435
ekar1243	-0.89950231997	2.37618827058001	-5.8633295	3.472468
elip1238	-0.110244034426	2.39273652341254	-4.9930365	4.48828725
elna1235	2.4082732541255	2.01367590334364	-1.08784075	6.6610165
emae1237	-2.7997622346	2.13882756575262	-7.627619	0.690991949999996
emai1241	2.39019057536	2.48649178719634	-1.95076175	7.89401875
enap1235	2.8715495424525	2.32703370950998	-1.0555745	7.95749524999999
enuu1235	-0.489637807587	2.43551298888847	-5.4874805	4.37677125
ersu1241	0.04049371129	2.3558879162878	-4.637846	4.630032
erzy1239	-0.04280154198	2.45280928020064	-5.15516425	5.035107
esee1248	-0.2848038638835	2.20616305739841	-4.661935	4.003359
esim1238	-0.261295008915	2.4443310977806	-5.3020665	4.36404175
esto1258	-0.121442793405	2.56704361239869	-5.5800745	4.9152
even1259	-0.0468858030865	2.43374681280592	-5.18866275	4.85283499999999
even1260	0.017807200204	2.46796236381481	-5.107036	4.69293775
fait1240	-1.84885918556215	2.31198286641951	-7.0096305	2.28669375
fala1243	1.72369979081	2.46793575399946	-2.65865025	6.8757525
fare1241	0.007591876865	2.57065166611958	-5.10010475	4.99056075
faro1244	-0.0521625690445	2.45316825743481	-5.21530175	4.52898249999999
fass1245	0.24669274217	2.04613382041594	-3.839972	4.31056175
fasu1242	-0.959372488105	2.3755246417339	-6.05859025	3.53020849999999
fiji1243	0.038722438596	1.8959978244202	-3.8595075	3.753332
fili1244	2.17476236956	2.34093577160869	-1.62321075	7.17962174999999
filo1235	1.0532490017935	1.70576169029207	-2.103466	4.673359
fina1242	1.48538277542	1.69982121009469	-1.66748925	5.07514575
finn1318	-0.04033669192605	2.52956602313745	-5.143471	4.75379125
fonn1241	-0.0363529972615	2.50466624079691	-4.92239525	5.00153424999999
fore1265	-0.040105930525	2.54853852428484	-5.16845375	5.36705525
fran1266	2.565625031904	2.3224493563428	-1.272224	7.878831
fuln1247	-0.386663150114	2.40249018337622	-5.2925815	4.2127365
furr1244	-0.21703408683	2.55139827583522	-5.4886045	4.85999025
furu1242	-0.15112166949	2.4216198461417	-5.131298	4.57816949999999
futu1245	-1.99988121659	2.15797206042765	-6.90129025	1.6819605
fuyu1242	-1.858527904445	2.26114384657702	-6.67803475	2.16980225
gaaa1244	-0.06894925514105	2.72013050442367	-5.76986525	5.7455435
gaan1243	0.5059242902975	1.89484350763498	-3.01297725	4.421271
gada1258	1.8906832732425	1.87786851450837	-1.423071	5.86343475
gade1242	-0.13822557986	2.42627445468091	-5.02326275	4.63201425
gaga1249	-0.034203354145	2.53419558832149	-5.0603795	4.90047624999999
gahr1239	-0.0973148966995	2.57698453745172	-5.45385175	5.261434
gale1259	-0.375436732006	2.54967594992967	-5.6097195	4.67461675
gali1258	-0.0755338609445	2.52974516376243	-5.28099875	4.96889
gali1262	-0.498881906369	2.42199062269132	-5.55551625	3.99125724999998
galo1242	0.009730200435	2.57478698121782	-5.25254825	5.05465975
gami1243	-0.355761339077	2.37158769253564	-5.051502	4.22419099999999
gamo1243	-1.36838108183	2.27035535070192	-6.1210125	2.89803675
gang1266	0.7931734750705	2.42128276718431	-3.94494775	5.76789049999999
gant1244	-1.633037400202	2.39698663593567	-6.790977	2.683426
gapa1238	-1.5299835554135	2.12150192843113	-6.2503285	2.25695475
garo1247	0.616718868406	2.38327270402234	-4.269903	5.28637675
gayo1244	-1.10944910386	2.25133544426963	-5.9970605	3.069873
geba1237	-0.244354498695	2.56405676478328	-5.576363	4.847997
gebe1237	-1.018001896815	2.36551264803508	-6.1387965	3.2647185
geda1237	-2.037710731285	2.31483960069738	-7.3656115	1.91480725
ghan1242	3.39962162853	2.06430522958079	-0.190483175	7.88297875
ghar1239	1.987093047575	1.77035235221565	-1.16240225	5.65985575
gheg1238	-0.2236919075	2.38791325050081	-4.94516425	4.37438199999999
gilb1244	-0.37599673202	2.2568599420371	-5.0326995	3.89534925
gily1242	-0.47474066256	2.32254978373094	-5.1780545	3.89984125
gira1247	-1.9274235675685	2.25296805104495	-6.97697475	2.01726325
glav1244	0.27315514677	1.872054646046	-3.35296575	4.18981
gofa1235	-1.278860971965	2.37785186893495	-6.33574925	3.11149125
gogo1265	-0.778814464895	2.48427189207173	-5.99080325	3.9542335
guah1255	-0.307703985855	2.40612343409601	-5.3017435	4.4098685
guam1248	-0.45069732109	2.41355636572294	-5.44897825	4.25699825
guan1266	0.013152031315	2.42927124949928	-4.854194	4.84454399999999
guan1269	-1.07746284273	2.17922928377733	-5.9404075	3.15066225
guat1253	2.11980179144	2.33466535664551	-1.931224	7.1289275
gube1234	-0.01673916936	2.57507505532873	-5.24774675	5.11142899999999
gude1246	-0.5931775416	2.03197598886606	-4.68465825	3.46153975
guer1243	2.0192193003023	2.2573716695244	-1.9581555	7.09458
guhu1244	-1.88179717133065	2.27058712957565	-6.957551	1.98451325
guiq1238	-0.0127576333295	2.49518148939091	-4.83653675	5.10335775
guma1254	-0.1016054692885	1.7704717382487	-3.6961665	3.2837465
gunw1252	-0.58377234225	2.37778850644693	-5.768708	3.8171125
guny1241	-0.3203243106169	2.3348563606276	-5.27450225	4.1297305
guru1261	-0.2041851271075	2.47921768596812	-5.6185045	4.568146
guru1271	-0.3556244924605	2.03184541460875	-4.5964205	3.52420524999999
gusi1247	-0.564610217425	2.30007504888648	-5.32952775	3.72103725
gwen1239	-0.2382048530355	2.45999501256159	-5.40131825	4.685428
gyel1242	0.88429047291	2.57950702517832	-3.969343	6.349473
haaa1252	-0.068905366825	2.59861168144043	-5.234659	5.20889825
hadi1240	-0.937024236895	2.44197565615718	-6.3490935	3.60487074999999
hadz1240	-0.40489696506	2.39802311030905	-5.3080125	4.44769625
haka1240	0.742991348835	2.58645155578087	-4.26456225	6.4696675
hakk1236	0.0200932740935	2.53698707041371	-5.14338025	5.169465
halh1238	-0.040456471775	2.43805109458885	-4.80747725	4.991562
hali1244	-0.257233289636	1.89154540357217	-3.94711325	3.29681324999999
halk1245	1.42052487212	2.26814380739706	-2.5832865	6.6060495
hame1242	-1.339235168505	2.21240139695707	-6.1069195	2.94020124999999
hang1263	-0.07569138835625	2.06381135691018	-4.39257325	3.917219
hani1248	-0.44681727002	2.47954005676977	-5.6040845	4.36292649999999
hano1246	-2.848014295446	2.19184550401009	-7.70557775	0.831068974999997
haru1245	-1.4574387540935	2.43114595965026	-6.57310775	3.17967375
hava1248	-0.746691766445	2.48574611281539	-5.97701525	4.00482825
hawa1245	1.234984227545	2.21004726207425	-2.518337	6.11749099999999
hehe1240	-0.183828173013	2.42352164872232	-5.1386785	4.50084975
hela1238	-0.245486332555	2.41015212461468	-5.11960825	4.695841
here1253	-0.13111914135	2.57625701593836	-5.27309825	5.138937
hida1246	-0.298387360037	2.3324682957978	-5.2199395	4.34850125
high1276	1.22892694263	1.71322860181409	-2.0020645	4.82754625
high1278	1.091505771805	1.71772001359357	-2.1119085	4.73436525
hixk1239	-0.561726185735	2.39843890054169	-5.4515465	3.7794115
hoaa1235	-0.156955600825	2.43418592495558	-5.0988445	4.3548975
hoav1238	4.449077593585	2.29414051160352	0.421105425	9.33246825
hone1235	-0.52479990983	2.22574238045812	-5.15096475	3.71698725
honi1244	-0.4454160626855	2.46291976852846	-5.44099225	4.36576325
hopi1249	-1.22568935881924	2.38371514347957	-6.33788075	3.04989975
horp1239	0.03450018443	2.50054170891256	-5.07003675	5.04400575
hote1245	-2.25815196068	2.27688241476022	-7.357683	1.476396
huaa1248	-0.0348576058995	2.47912128877761	-4.839328	5.263863
hual1241	0.947028386885	2.23140682954182	-3.405041	5.35268099999999
huam1247	-0.3521562310795	2.2999513947001	-5.039439	3.99658875
huar1255	-1.1521661479915	2.07223489640927	-5.69394425	2.74100024999999
huas1242	1.22700209396	1.86016251143441	-2.42916975	4.859089
huba1236	-0.1528803899055	1.96786679390824	-3.90997425	3.81490874999999
huic1243	1.1484869528165	1.92601718729387	-2.47403425	5.02370874999999
hula1239	-1.661088708664	2.16960769429582	-6.570268	2.1426525
hula1244	-0.721696394748	2.27457748959958	-5.69684375	3.54198125
huli1244	-0.87222821849	2.40423861038371	-5.89628375	3.8411775
hung1274	-0.053637744265	2.60666197693769	-5.56440025	5.13353775
hung1275	-0.558290028105	2.45315017869243	-5.885183	3.833321
hunz1247	-0.555915064315	2.32827644535038	-5.391289	3.9849815
huuu1240	-0.70414995528	2.30889749648296	-5.78876425	3.495866
iaai1238	2.99864839012	1.97451595912552	-0.3638456	7.3458735
iama1237	-0.72242562874855	1.80621452916548	-4.66825825	2.6531115
iatm1242	-0.6829913836035	2.2814876944682	-5.20840225	3.75047074999999
ibal1244	2.67298715153	2.01192744333763	-0.81323175	7.170112
iban1264	-1.095140643815	2.4148535768861	-6.37758775	3.13909
iban1267	2.3152019548	2.084291597019	-1.27191475	6.665835
ibat1238	2.0893907212825	2.24006146692221	-1.80103925	6.97313125
ibib1240	0.842930970775	2.31426991849327	-3.5793715	5.56014375
icel1247	-0.0526686381195	2.42378773113908	-5.27246975	4.62278375
idii1243	-0.725084054595	2.41803345369593	-5.679741	4.13793699999999
idom1241	0.33083145264	2.42416145209534	-4.48806725	5.33041575
idum1241	-0.027153612962	2.40965989249647	-4.9368955	4.785214
idun1242	-0.9132973528005	1.96663926833102	-5.24605875	2.76481725
iliu1237	-1.40525385820325	2.23955552461404	-6.312753	2.548987
ilon1239	2.976906083201	2.16435214007652	-0.7192623	7.78893824999999
imba1240	-0.2329730936765	2.45802138105285	-5.362085	4.762353
ingr1248	-0.06495311533	2.50227361514039	-5.046698	4.8700965
irar1238	-1.29173950840325	2.26324204207852	-6.16727275	2.72192525
iris1253	0.17826935358	2.2981796037611	-4.4704605	4.7591805
irul1243	-0.08336725048	2.52827757077364	-5.16184625	4.70012375
isco1239	-0.310687068267	2.37801829420368	-5.2083335	4.28817125
isin1239	3.01157972455	2.08379328748769	-0.6040769	7.49660925
isir1237	-1.044162728705	2.34177099879268	-6.19918075	3.19417425
isna1241	1.76729669717	2.05518090685782	-1.7578785	6.21879575
isth1240	0.98784764463	1.74706075729801	-2.53119275	4.54141725
isth1241	0.9227931771035	1.80616092118878	-2.63028125	4.54295575
ital1282	-0.11414866688	2.4890035265244	-5.40521975	4.83783574999999
iton1250	3.323134346995	2.40852619022763	-0.842799375	8.61700674999999
itza1241	1.727343861485	2.48363737314053	-2.75857	7.23566549999999
iumi1238	-0.721311511865	2.46504844602424	-5.8704055	3.84712025
ivat1242	1.207359081135	2.09605295106424	-2.49416775	5.7767565
iwal1237	-2.196757395668	2.28838652013539	-7.43806575	1.531731
iwam1256	-0.32976337426	2.17271035213333	-4.78446175	3.9263945
iyoo1238	-2.125736784089	2.31559919469114	-7.300068	1.83451774999999
jahh1242	-0.6322839327815	2.36648158854577	-5.6700035	3.90571375
jalk1242	-0.438216283985	2.36697276279348	-5.17360725	4.285552
jama1261	-1.0362261165565	2.16744937672565	-5.7710995	2.9679605
jamb1236	-0.6304518553125	2.27561509804709	-5.63521575	3.4830405
japh1234	-0.019678967095	2.47117478883576	-5.0660075	4.94382574999999
jara1266	-1.0856676806105	2.32067310237165	-6.33838875	3.30405525
jede1239	-0.630827658436	2.35382003001004	-5.76188875	3.818182
jeha1242	-0.593660103652	2.41260194276408	-5.70342175	3.8398545
jehh1245	-0.91607854632	2.21765696007351	-5.56652475	3.15051325
jenn1240	-0.2456242719949	2.53403491179312	-5.316768	4.72614175
jeru1240	-0.197497529855	2.49355831076553	-5.51924675	4.32432499999999
jiba1237	-0.310966559545	2.24825411624663	-4.7396675	4.08697325
jina1244	-1.2391487489205	2.11679420828699	-5.75115625	2.69150949999999
juku1254	-0.21182852429	2.46614465874549	-5.3653435	4.5687085
kaba1278	-0.30497895041	2.56736615363299	-5.5584265	4.77147649999999
kach1280	0.003604460958	2.50556310973091	-5.122281	4.93613049999999
kach1284	-1.2020291245585	2.37057379283905	-6.380725	3.26932474999999
kada1242	-0.183068896888	2.58809608170655	-5.36915	5.0694135
kado1242	-0.633133076685	2.32506206518198	-5.33874875	3.92553425
kafa1242	-0.3260521412105	2.42861199234061	-5.40545425	4.5421645
kaga1256	1.8035476585975	2.18563081641426	-2.08393375	6.62966824999999
kagu1239	-0.2855754337895	2.5037320317818	-5.40593275	4.83698325
kaik1246	-0.1568932716335	2.41658102759784	-5.11484425	4.42454625
kaki1249	-1.69531257773185	2.3539552153325	-6.63501225	2.51753375
kala1384	-0.00559437985615	2.55444259856717	-5.0453485	5.04723199999999
kala1399	-0.563949355645	2.37598477435582	-5.45672075	3.9507895
kali1308	1.217064311101	2.3124881311066	-2.86067725	6.37737699999999
kalm1243	-0.100786913165	2.44217331496389	-4.89122375	4.7526535
kamb1297	-0.128665789865	2.54884380464069	-5.49523775	5.05351699999999
kamb1299	-0.64698928239	2.10701233964897	-5.24810675	3.333229
kamm1249	-0.131940211165	2.37308987945693	-4.8728645	4.68363375
kana1286	0.66010952986	1.75325838115464	-2.70033775	3.9967825
kana1291	-0.63986307097	2.33695207811658	-5.42417775	3.79769024999999
kani1286	-1.84412604275	2.41974387175312	-7.0584165	2.46839425
kank1243	1.67548437742	1.81949673786587	-1.52254325	5.55259775
kaqc1270	2.0301849905735	2.24190005201562	-1.9968215	6.8866855
kara1486	-0.1520272638615	1.78026790251696	-3.58832325	3.358818
kara1487	2.620733873615	1.95590791935507	-0.73173105	6.89738275
kara1500	-0.326210733042614	2.44276978861047	-5.46845925	4.58842775
karb1241	1.350969742291	2.52037133453348	-3.50358725	6.810003
kare1335	0.02254179946	2.47770803561475	-5.13722875	5.03799425
kare1338	-0.276167476203	2.42904592185163	-5.1299845	4.54952875
kari1311	0.706690895476	2.3128573550994	-3.80506475	5.3433825
karn1252	-2.16655907529	2.39819044200521	-7.594942	1.85807499999999
karo1304	-0.947956728505	2.5200951560474	-6.57244525	3.74975175
kash1277	-0.09780312645	2.42493089427329	-5.09335725	4.78420025
kask1239	-0.40899413322	2.29108514486546	-5.180899	3.94549625
katb1237	-3.23040530394	2.17115772277194	-7.97614	0.497120874999998
kats1235	-0.244021402128	2.54563622765991	-5.67076275	4.73406875
kava1241	2.053480675928	1.97455968377228	-1.46748425	6.19643925
kaya1315	-0.23696797277	2.46700809468382	-5.3804915	4.78179849999999
keap1239	-1.58418355258	2.16368428359462	-6.3911555	2.19236349999998
keig1242	1.681970825295	2.4321802505537	-2.59995675	6.89484225
kele1258	-1.54472347284	2.19915334168297	-6.643048	2.14830875
kemb1249	-1.42642300408	2.16373926741413	-6.26786925	2.339306
keme1240	-0.3198115373596	2.48286019760619	-5.3851855	4.462749
kens1248	-0.516015008445	2.43127593895437	-5.59263725	4.055325
kenu1236	-1.08816124899095	2.32414787322422	-5.85448825	3.37014025
keoo1238	-1.05830341181	2.16963979330066	-5.83780725	2.859882
kera1255	-1.56133471551	2.2198319034773	-6.47927325	2.530029
kesa1244	-1.968931968307	2.3209140654189	-7.12893175	2.0648375
kett1243	-0.078543118108	2.492704986652	-5.07705375	4.8286995
kgal1244	-0.138060765175	2.44755835718362	-4.9566435	4.73675449999998
khak1248	-0.0892080957425	2.4414372516882	-4.94271525	4.7689225
khal1275	-0.1435878144885	2.48071027637234	-5.29798925	4.74799125
kham1282	-0.066044994752	2.51566412150844	-4.95023925	4.9249825
khan1274	-0.5655900368295	2.39897007765975	-5.34263975	3.97303699999999
khan1277	0.558612043495	2.62299488429125	-4.65607425	6.01256199999999
khan1278	0.9821059855175	2.21727339875302	-3.150146	5.5073025
khas1269	2.5478099057	2.1222731617343	-1.252424	7.0178135
khez1235	0.5365981157675	2.63562057644316	-4.68253725	5.89187
khmu1256	-0.7086898501	2.47900181560453	-5.986903	4.13274349999999
khum1248	0.6966894090675	2.5560741499632	-4.41609575	6.10031175
kich1262	2.34480274689	2.25178222205269	-1.65387	7.2983885
kiku1240	-0.42758124121205	2.44575072754359	-5.34324975	4.2568475
kile1243	-0.022362642446	2.41849213643569	-5.14327625	4.93485725
kili1267	1.620137120979	1.92631279442382	-1.89250675	5.77849375
kimm1245	-0.3703874478835	2.4352504672039	-5.4783095	4.44968925
kina1250	1.745320687775	2.32189672099957	-2.25650425	7.26310325
kinn1249	-0.07651294329	2.55864650230754	-5.7673175	5.188321
kiow1266	-0.6140183041295	2.37411752281397	-5.48776175	3.7093905
koda1255	-0.2119839172795	2.4336371163023	-5.2151555	4.47227225
koho1244	-0.8744408776	2.28753158728621	-5.7656715	3.34628524999999
koir1240	0.735630151205	2.58963322764124	-4.33078075	6.2566245
koit1244	-1.7582322120595	2.33828067108904	-6.93163225	2.45602875
koka1244	-0.3429556481865	2.33430632102087	-5.237606	3.8298185
koko1269	2.9485266526005	1.79883148341113	-0.21199925	6.5420495
kola1285	-0.901586767795	2.20052912564829	-5.48898575	3.14724525
kolb1240	-0.3695745250406	2.52356509498647	-5.527811	4.582852
kolc1235	-0.198423766015	2.42841188816281	-5.25781375	4.66097675
kolu1245	-0.822399171815	1.8377190563387	-4.7895395	2.50546475
komb1274	-0.48355522841	2.4430025140209	-5.761896	4.4184655
komc1235	-0.307600841585	2.51924635256821	-5.470046	4.63072749999999
komi1268	-0.044190563935	2.4227251068419	-4.90827325	4.70734749999999
komi1269	-0.0513214401605	2.50466677133854	-4.8980215	4.91109225
komi1270	0.5330791013405	2.60524404883913	-4.42607325	5.616373
komo1260	-0.166150266845	2.37378514266648	-4.89649675	4.419446
kona1242	-0.68263083879	2.38849958783155	-5.654165	4.01745875
konk1267	-0.11152168939	2.45717702665187	-5.4636035	4.86087299999999
kony1248	0.0917057760955	2.54289046225226	-4.955351	5.1899075
konz1239	-0.172327655769	2.50095776932483	-5.29052325	4.92582775
koon1245	-0.15265488586	2.36976922796241	-5.1657245	4.48193174999999
koor1239	-1.173326135855	2.21749430271925	-6.04768675	2.88746875
kore1280	-0.15028775908795	2.45250575519705	-5.137958	4.72757175
koro1298	1.156279983886	2.36483891619691	-3.318702	6.35334299999999
koro1313	-0.4424261719935	2.03002280646841	-4.6352665	3.49978625
korr1238	-0.1462351265655	2.40782258270081	-5.0468095	4.86333325
kosa1249	-0.6131610045275	2.52570418092853	-5.957022	4.23636999999999
kosr1238	-0.5016620541305	2.19265640225494	-5.141615	3.42087875
kota1263	-0.25983646924	2.55089026774722	-5.635412	4.76371575
koti1238	-0.045259920535	2.48379800558201	-5.25434225	4.88976099999999
kova1243	-2.154070942675	2.4352142524872	-7.44247725	1.88940024999999
kove1237	-1.89784545185	2.1913667212961	-6.842707	2.0329365
koya1251	-0.0640111808	2.43936917033768	-5.2174945	4.86795175
kren1239	-0.277693964905	2.44040059856073	-5.290064	4.36637375
kuan1247	-0.080394455215	2.49076271932592	-5.2600415	5.03138575
kuan1248	-1.249274331841	2.19095927178784	-5.9229805	2.83419575
kuik1246	-0.9018983117405	2.2142946074669	-5.71660775	3.03853925
kuku1273	-0.349316770816	2.4228350019925	-5.31320725	4.31385324999999
kulo1237	0.360387668815	1.76886965508601	-3.1314405	3.883348
kulu1253	-0.1375349127985	2.51300504595119	-5.3382145	4.97322275
kuma1276	3.86552718355	2.2242487888175	0.1074229	8.9150065
kumb1268	-0.314895957152	2.39932461199023	-5.33286725	4.39075675
kunb1251	-0.530482920485	2.31700667727264	-5.3415645	3.641309
kuni1267	-1.93572677647	2.23033849246544	-6.67798075	1.91151125
kunj1245	-0.3382345827085	2.46105177487419	-5.28746325	4.49910425
kuot1243	0.4037094981935	1.7534204417557	-2.8311825	3.808472
kurr1243	3.173742053625	2.37999103871717	-0.8519172	8.2500165
kusa1251	4.27179478655	2.26478861403023	0.34269	8.912295
kusu1250	-0.267277996396	2.3558913688205	-5.122106	4.351695
kute1249	1.430099970734	2.20266850324804	-2.43853125	6.323265
kuyy1240	-0.6479841014	2.3456662640999	-5.374718	4.103581
kwai1243	-0.51394651846	1.80627687353184	-4.311167	2.890034
kwam1249	0.0423335111715	2.31736339960921	-4.73974425	4.61173575
kwam1252	-1.882333735111	2.12294469720306	-6.585306	1.8813415
kwar1239	-0.443587155947	1.79262559784814	-4.200066	2.93800049999999
kweg1241	-1.34420507217	2.18855285801832	-6.08241975	2.63997475
kwin1241	-0.18097423496	2.32660361714262	-5.0032025	4.4531015
kwom1262	-0.175242605365	2.10451588505203	-4.64945225	3.84310275
kxoe1243	-0.03559107342685	2.49262920485602	-4.96614175	4.88349499999999
kyer1238	-0.24211109599	2.49119456530199	-5.50785125	4.67712024999999
laal1242	-0.497374796685	2.50314351327301	-5.938757	4.378213
labo1244	-3.126961973595	2.19834817732996	-7.98349575	0.676814099999997
labu1248	-2.33242795396	2.30173741651087	-7.62306525	1.52213725
lagw1237	-1.2295523165275	2.16116495272847	-5.977042	2.79912475
lahu1252	-0.692145042985	2.41572497319313	-5.726358	3.97851525
lahu1253	-0.642542068193	2.41997611331691	-5.610238	4.08198875
laiy1246	-1.645694945782	2.04692797216377	-6.24071875	2.00327
lala1268	-1.873448853775	2.26689357364274	-7.0742775	1.98272325
lama1277	-1.15370915816135	2.1843766005505	-5.81207775	2.89674525
lamb1269	-0.100768965024	2.51082475454875	-5.05445575	5.2070715
lamb1272	-0.1262852397444	2.45831255452809	-5.36389925	4.805488
lamb1273	-0.8538725832235	2.29502337601498	-5.7735265	3.3495285
lame1260	-3.120790313723	2.15878154261512	-8.16269	0.518181674999999
lamk1238	0.662681729642895	2.46019638808548	-4.24970775	5.69183175
lamo1244	-1.9184468873209	2.21774994917974	-6.71765975	1.92010274999999
land1256	-0.0986769317719	2.44522445618649	-4.926835	4.72560474999999
lang1320	-0.604454250435	2.22291482938055	-5.242022	3.80705275
lara1258	-0.7188173471745	2.45448617847994	-6.2006845	4.05394125
lash1243	-0.06778755165	2.56940852268686	-4.87614525	5.10992225
latv1249	-0.108685942705	2.48500413403262	-5.021296	4.8155815
lave1248	-0.901436843885	2.21888764318535	-5.5880405	3.228346
lave1249	-0.9384378218725	2.32384547324684	-5.9828665	3.57912125
lavu1241	2.432127639639	2.12778916780873	-1.26918075	6.77501824999999
lega1249	-0.1126616612955	2.38161472447455	-4.92248575	4.60989675
lega1250	-0.052134300515	2.52948439584512	-5.1543215	5.138527
lele1267	-2.307490470231	2.14957605398035	-6.907944	1.482637
lele1270	-1.52633563594	2.19975399272159	-6.3901125	2.098299
lele1276	-1.25153262074	2.31487782905106	-6.05955025	2.96730275
lemb1266	-1.21817826556	2.47223866251542	-6.55044225	3.49633774999999
leme1238	-2.130725128265	2.14689819467824	-6.8602295	1.5376665
lena1238	-1.8346414271935	2.11609656125841	-6.49130575	1.87232975
lend1245	-0.247336693165	2.6295647177312	-5.78200375	5.058524
leng1259	1.621624470929	1.60637548011961	-1.36294475	4.7858945
lepc1244	-0.059280965251	2.54818096866848	-5.2681445	4.95385975
leti1246	-1.33743845194	2.23576991671437	-6.44953625	2.63441549999999
lewo1242	-2.979601145525	2.15848954248407	-7.72303075	0.628578549999999
lewo1244	-1.08615871309	2.20522589748188	-5.84107175	3.035623
lezg1247	-0.379690496095	2.51201385822638	-5.724389	4.20741424999999
lian1251	1.3789204983295	2.50721824724243	-3.29958525	6.698158
lihi1237	-0.82575543992335	2.04689475294765	-5.219865	2.975391
liji1238	-0.18825451695365	2.19433493373584	-4.89706325	4.0754645
lill1248	1.047842943236	2.28221987026274	-3.07015775	5.85489625
limo1248	1.714192941815	1.79312321517012	-1.38421525	5.4196175
ling1265	-3.244297151475	2.1546768563701	-8.0145835	0.451950624999999
lipo1242	-0.161164173265	2.48721139840272	-5.177041	4.90757449999999
lisu1250	-0.077497933862	2.55916153302103	-5.21136825	4.99886899999999
lith1251	-0.110177862479	2.53196401602153	-5.3520055	4.81307
litz1237	-3.206933015065	2.1497062336979	-8.121319	0.507786899999996
livv1243	-0.010146766335	2.4943293494609	-5.0143975	4.8717615
logo1259	-0.10595451662	2.49640449446235	-5.06153675	4.82017374999999
loka1252	0.51383846276	2.36050920912472	-4.10563375	5.11899424999999
lolo1259	-0.1356913906455	2.45587530214728	-5.211525	4.67304174999999
lomb1257	-0.171402059585	2.39336153015008	-5.27334675	4.56294774999999
long1395	1.39501378298	1.65163750483819	-1.7740145	4.62482825
loni1238	-1.497946516771	2.19775529947261	-6.26839625	2.297187
lote1237	-1.30485387142	2.21371461733128	-6.22585725	2.6709695
loth1237	0.537726634915	2.62267808987969	-4.5509105	5.83677475
louu1245	-1.57127681811	2.16286372929796	-6.41699725	2.054528
lowl1260	3.856487900565	2.4486979498415	-0.344521225	9.51151725
lowl1265	-0.579822854925	2.05580492177672	-4.87855775	3.30738
lozi1239	-0.15859627041	2.46404448318368	-5.290006	4.47065625
luan1263	-1.28813866422505	2.2254609679544	-6.10988875	2.813812
lubu1243	0.7439430152035	1.66693360370263	-2.3774815	4.172402
ludi1246	-0.0361573698265	2.46184295668002	-5.03736075	4.83107874999999
lugu1238	-0.230912682312	2.49516484385161	-5.313262	4.75468025
lule1254	-0.02921283254	2.49270439963681	-5.12685575	4.99105424999999
lumb1249	-0.112870671038	2.45564757812461	-5.211898	4.67454475
lund1271	-0.43277177751	1.97985128538594	-4.5097885	3.376934
luok1236	-0.635018348985	2.32467210598574	-5.7198105	3.71495949999998
lush1249	0.60434397502	2.61247799797385	-4.5540115	5.92363274999999
lush1252	1.298398725386	2.31373306158925	-2.84820825	6.31828425
lusi1240	-1.992340120695	2.19935280467803	-6.8907985	1.89692075
luva1239	-0.0529341353095	2.50175474073748	-5.13770775	4.78377199999999
maan1238	-1.065099643104	2.17215004980138	-6.0558685	2.7974095
mace1250	-0.27097121077	2.54520425449795	-5.52835375	4.81514324999999
macu1260	-0.792386662937	2.34003850770935	-5.744584	3.46812924999999
mada1285	-0.34795213742	1.83783853695484	-3.947468	3.2697915
madn1237	-0.660585247045	2.45413354210353	-5.7168755	3.9692575
maee1241	-3.10923340863	2.12785544065576	-7.99472325	0.591192699999995
mafe1237	-2.9079919678	2.07694750202296	-7.367307	0.837731874999999
maga1260	-0.14040756347	2.56062017071693	-5.1901595	5.02103125
magd1235	3.116503860765	2.48224567529779	-0.993441	8.63633375
maib1239	-1.023597792715	2.37190100621068	-6.03802075	3.54877625
mais1250	-1.57760284723	2.28014052446113	-6.321412	2.4289985
mait1250	-0.1779059310135	2.44569540133682	-5.4985255	4.54280574999999
maja1242	1.83776372588	2.29353777220649	-2.09547525	6.832021
makc1235	-0.177129035055	2.46285342901446	-5.17248025	4.6110805
makh1264	-0.05750430181	2.58656025711729	-5.218276	5.19792224999999
makh1266	-0.074337389775	2.4862596677314	-5.3057855	4.875537
mako1251	0.002570487695	2.33815620073537	-4.78399	4.55562974999999
mala1463	-0.09546341296	2.48827489815648	-5.23337175	4.8249845
mala1464	-0.143375195225	2.44535734144404	-5.02129775	4.73316125
mala1479	-0.489774252927	2.22058463312822	-5.1899565	3.47646225
mala1534	1.90176619086	1.83656915515709	-1.3520795	5.786884
male1284	-1.47359812596	2.24504366685263	-6.19382075	2.603663
male1289	-2.0360863383005	2.33923047574414	-7.275345	1.9331455
male1297	-0.50811152587	2.3824988782446	-5.5599625	4.10206499999998
malg1251	-0.330795832436	2.10193111974524	-4.703718	3.9074005
mali1285	0.99101188776	1.9844820170388	-2.832897	5.18390925
malo1243	-2.957301212808	2.10767764809621	-7.8288985	0.749441299999999
malu1245	-3.0359889487725	2.12714397897986	-7.904233	0.715367824999998
mama1275	-0.9501194662	1.86098663016724	-4.78381725	2.6423315
mamb1294	-1.02027351647	2.32356312445939	-5.835853	3.42208025
mamb1296	-0.091406376682	2.53274621848673	-5.35656125	4.7337615
mamb1306	-1.257073176945	2.23216647484185	-6.051984	2.8358085
mamm1241	2.831076953345	2.40437884612049	-1.050583	8.0549635
mana1288	-0.210372054625	2.53650958443735	-5.43901975	4.79891899999999
mana1295	-1.5153022968458	2.34243131474946	-6.62017725	2.482886
mana1298	-0.36863862423245	2.15900667109142	-4.8622915	3.70774
mand1415	0.06137824056128	2.64416628848067	-5.09124925	5.40486924999999
mand1440	-0.0667224682	1.87659922231109	-3.88430325	3.61203875
mang1378	-0.74047600805	2.30539788988275	-5.53758725	3.5724975
mang1381	-0.4641143911695	2.44100087112619	-5.42291075	4.32661825
mang1394	-0.10293082624	2.46437852743217	-5.129299	4.7853625
mang1401	1.2621879812815	2.0918550882493	-2.431989	6.03704524999999
mang1403	-1.45440617576	2.2110484188116	-6.36973925	2.38529925
mang1404	-2.275745327329	2.28535935736938	-7.31633675	1.52043125
mang1405	-1.2905004948925	2.27686455347004	-6.0925325	2.885628
manm1238	-0.68489958822	2.32091995947462	-5.92724575	3.46931799999999
mans1260	-0.9279885291485	2.42242059715021	-5.9308135	3.84869425
mans1262	1.746315029563	2.33620695927672	-2.152595	7.08976225
maor1246	1.289235517465	2.18416966232951	-2.5550215	6.215391
mapo1242	-2.3123470800945	2.27514824917242	-7.621652	1.40809725
mapu1245	-0.25754283573	2.39654283420918	-5.30725325	4.26023849999999
mara1378	-0.144574954665	2.54020113399504	-5.1950435	4.84638075
mara1379	0.68671821213	2.59238543693947	-4.439051	6.14206675
mara1382	0.3293241043365	2.55192538372377	-4.651025	5.4129715
mara1386	-0.623032869415	2.45590197717922	-5.71144975	4.2191995
mara1399	-3.150082327025	2.13684729254743	-8.00934725	0.48298865
mara1404	2.82615308511	2.30616006793786	-0.9709298	7.834425
marg1265	-0.0869340862455	2.0929382697092	-4.4731115	4.037329
mari1414	-0.06758692796	2.59353963858398	-5.0979035	5.35386574999999
mari1416	0.8433512229	2.47444711531515	-3.999806	5.88611625
mari1424	-0.633621793967	2.45797863351846	-5.62679375	4.19664025
mari1426	-2.5510773391025	2.23533199620875	-7.7931555	1.1944335
mari1428	-2.0025098186405	2.27574997183933	-7.283585	1.8840395
mari1440	-1.04936143876	2.35909556285879	-5.94578025	3.5027275
mars1254	-0.4146437863427	2.26895904240347	-5.17824	3.966292
mart1255	1.28236988797	2.00236298870875	-2.559534	5.2876745
maru1249	-0.15656690758	2.5350333565221	-5.13027825	4.963901
masa1322	-1.588878582485	2.17812199384416	-6.18744125	2.20115349999999
masb1238	2.13195231172	2.34465333482475	-1.76052075	7.3191235
mask1242	-3.230371247844	2.17242752615668	-8.19147775	0.457427924999999
matb1237	-1.14887963904	2.34128913762609	-6.4931515	2.8834535
mati1250	2.527163619389	2.30370983913465	-1.212438	7.73940625
mato1252	-2.3273009120255	2.33280051862174	-7.5710585	1.743919
mats1244	-0.17352067447	2.29098806956263	-4.93177275	4.32700975
matu1259	-0.123946850125	2.43394707275783	-5.0779045	4.6777895
matu1261	-1.938964965745	2.3434525817908	-7.2323285	2.02004475
maun1240	-0.48693134072	2.3776961500678	-5.40453575	4.16368149999999
maxa1247	-0.1019261092345	2.51870218007201	-5.3027965	5.080481
mayo1261	-0.08141571474	2.46792018363813	-4.8976235	4.69174125
mayo1264	-0.399534193955	2.23878353010776	-4.9023545	4.06956825
maza1304	-0.925513123755895	2.08908318477735	-5.337453	3.2317905
mbaa1245	-0.071717828505	2.45264955765645	-4.8502895	4.6751145
mbal1255	-0.1301397133425	2.49999674207987	-5.27386	4.74809574999999
mban1263	-0.133704173746	2.42130727448164	-5.192726	4.71922775
mbar1260	-1.43715304719	2.33033300881898	-6.45906575	2.8353345
mboc1235	0.330523855085	2.49155163803205	-4.5535845	5.41905224999999
mbol1247	-0.020338673687	2.6033379063817	-5.188802	5.33144625
mbul1263	-2.132880710875	2.42773273809802	-7.648664	1.91188825
meen1242	-0.3675444728765	2.2461257105486	-5.0752665	3.849868
mehe1243	0.327638564415	1.96933214207004	-3.5784295	4.234466
meke1243	-1.917144850475	2.27387264114471	-6.86238275	2.050672
melo1242	-1.27800200660765	2.40034390095483	-6.48451475	3.20518525
melp1238	-1.45343545135	2.48746205689253	-6.912342	3.18622274999999
mere1242	-2.604713258415	2.17195827677523	-7.61113775	1.366773
meru1245	-0.401207902795	2.38312936163211	-5.264089	4.44137675
meta1238	-0.06432628149	2.46945223970031	-4.8918895	4.76809774999999
mezo1235	2.64993041157	2.40629647810964	-1.45628425	8.0550225
mezq1235	-0.859986108825	1.90019980709472	-4.70126	2.906718
mich1245	-0.7088489642215	2.11848835904186	-5.14491525	3.22585375
miju1243	-0.052269911385	2.57683605317438	-5.2704715	4.976369
mikm1235	-0.956898641025	2.25023152189235	-5.7719045	3.250009
mila1245	-0.02292476267	2.53683216495463	-5.1746645	5.10072874999999
mina1276	-0.95551878722	2.01207858808242	-5.291805	2.8035435
mini1251	-1.22015658248	2.23393966809462	-6.1153685	2.99121149999999
mini1256	-0.08618343772	2.34147350694305	-4.75259075	4.66074325
minn1241	0.1746490432805	2.57660331130065	-5.1656605	5.3958645
misi1243	-0.9975234604	2.26171530249894	-5.823672	3.041934
mixt1426	3.78614886716	2.56195494171514	-0.50428465	9.6070515
miya1259	0.00767158372655	2.51608196580908	-5.18929825	5.04290175
miya1266	-0.885842631344	2.29054513433842	-5.70314775	3.29651999999999
mlab1235	-0.508187832735	2.29619847983227	-5.06033025	3.95548225
moba1244	-0.041637547243	2.50649482590195	-5.05980625	5.0998725
moch1257	3.1696658939	2.43807641271762	-0.938169375	8.33420875
moco1246	-0.513327737793	2.26543085055541	-5.16203925	3.8814805
mode1248	-0.086538034329	2.47996314132186	-4.9126655	4.74758075
moha1258	-0.38182166144	2.40394291032	-5.13179575	4.4013125
moii1235	-1.01830270432	2.46193440644981	-6.078148	3.39135775
moke1242	-0.7023770508793	2.31856941760258	-5.703777	3.49217099999999
moki1238	-0.646434186369	2.29041888027666	-5.39430425	3.69679375
mokl1243	-0.8791946685145	2.36623300990376	-5.73702225	3.439399
mokp1239	2.07518468117	2.38372023993747	-2.26006025	7.327857
moks1248	-0.065794089567	2.36132630203845	-4.59856525	4.400189
molo1266	-0.771884128455	1.94189316811181	-4.614291	3.2066085
mono1270	-0.09939267521	2.37048993585769	-5.0278555	4.41579649999999
mono1273	0.167243232211	2.05984347692313	-3.95676425	4.069774
mono1275	-1.32584220196	2.25374852470367	-5.99330975	2.5952075
mopa1243	1.33347395962	2.3644418973451	-2.8322965	6.44908374999999
more1259	1.2857103633245	1.8488054377339	-2.06005275	5.1436275
morm1235	-1.315158357541	2.18970155760127	-5.91948325	2.56075725
moro1287	-0.34577857829	2.11366102329158	-4.61981	3.6270735
mose1249	1.4397274010195	2.30911094055666	-2.96609625	6.25307675
motl1237	-2.109706378085	2.16169414638202	-6.87790225	1.69300425
motu1246	-1.732944913054	2.22836386211748	-6.57528975	2.29320875
mouk1239	-1.98500828748	2.20900906919747	-6.95038025	1.8801575
moun1252	-1.84672833714	2.30941357549979	-6.90727775	2.4148515
movi1243	3.470086027258	2.52441611688943	-0.79318585	9.3511155
moyo1238	0.654773691465	2.42119277970793	-4.258396	5.69505475
mpad1242	-1.00383739252	2.19826253199516	-5.78989375	3.1763085
mpii1239	-0.341688755955	2.53211407457965	-5.360643	4.71772175
mpot1240	-0.134521708498	2.46466457414194	-5.07692525	4.61380675
mpur1239	-0.89626350684	2.44544592803886	-6.0598715	3.91694475
mual1241	-1.20401987938	2.26516452314002	-5.92266925	3.016651
mudu1239	-0.171618531725	2.53574823320188	-5.44053	4.81111125
mudu1242	-1.603449618827	2.23759867879207	-6.55116875	2.464611
mull1237	-0.758476324185	2.43093344943882	-5.8896395	4.021822
munc1235	-0.026388867605	2.57336744261666	-5.41448525	5.102728
mund1325	-1.2986568996365	2.33757021631469	-6.15102725	2.96879849999999
mund1326	0.012989723238	2.41357779129967	-4.62105025	4.8912595
mund1328	-0.32736901615	2.51267334589062	-5.465271	4.46129599999999
mund1330	-0.24955962466	2.40277855095072	-5.4593725	4.46417
murl1244	1.997306830435	2.40735221111645	-2.33812575	7.12678274999999
muru1266	-0.361754423225	2.38219530662281	-5.362642	4.19526575
muru1274	-0.1602763970555	2.32205903389847	-5.06126225	4.38477975
musa1266	-1.825135192135	2.27815958917948	-6.97035425	2.28690325
muso1238	-2.35842467645	2.33706155626891	-7.6456325	1.58049075
muyu1244	-0.5454826682985	2.25729045060431	-5.63940775	3.45870775
mwag1236	-0.09964981508	1.89979469293098	-3.767935	3.68674975
mwan1247	-0.064088196095	2.53991716777946	-5.2661685	4.99334325
mwer1248	-0.0580434207065	2.38187624404276	-4.86016575	5.0079575
naka1262	-1.44035695375	2.2589838589099	-6.504062	2.496876
nalc1240	-0.57600747262	2.49873808289212	-5.86741	4.18088725
nali1244	0.177187036225	1.77058142295886	-3.352763	3.67490825
namb1293	-0.7077954582695	2.41852672813676	-5.55394825	3.92343675
namu1246	0.027987032025	2.4639023949925	-4.9712765	4.99181325
nana1257	-0.0627399499065	2.63908786978899	-5.566547	5.23661225
nang1262	0.328143951306	1.72380784927362	-3.0830185	3.6150735
naru1238	-0.3532022321755	2.38292091007581	-5.50561	4.0611295
nati1244	-3.142597949326	2.19838808760937	-8.06751325	0.688568324999999
natu1246	0.415061580385	1.74252801912596	-3.0547365	3.8413885
naue1237	-1.4414810892325	2.22446037306636	-6.26815075	2.449393
naur1243	-0.513862428135	2.20112002971327	-5.41351975	3.54219575
nava1243	-1.183516354145	2.36934336163567	-6.39867525	3.40854725
nawu1242	-0.118643823955	2.66044842263811	-5.88409725	5.03203224999999
naxi1245	-0.007726583745	2.378240387903	-4.8951485	4.70621449999999
ncan1245	-0.328046606624	2.55573781382831	-5.71562675	4.71968625
ndam1239	-0.1708401652785	2.54775383158467	-5.3247445	4.86917399999999
ndog1248	0.0841055166635	2.50137626642012	-4.8756365	5.201004
negi1245	-0.288957755484	2.55214183424324	-5.56599825	4.62590775
neha1247	-0.7430376610855	2.15589033227866	-5.579449	3.2583265
nend1239	-1.678683098265	2.39025015781242	-7.00645325	2.6306875
nene1249	-0.060586615745	2.59541527457402	-5.27329475	4.99976849999999
neng1238	2.1168904051955	1.93802331623844	-1.33422975	6.18187975
nenn1238	-0.732247199404	2.44591907542251	-5.704906	3.8098755
nepa1254	-0.276973754786	2.49510396158785	-5.596582	4.56169775
nese1235	-3.05152031415	2.12433419742783	-7.96149775	0.650791874999996
newa1246	-0.2515124673925	2.41321644198952	-5.37392925	4.46824275
nezp1238	0.39713291196	2.24816874600831	-3.96304925	5.24136975
ngaa1240	-0.412424189421	2.39565935932356	-5.58472875	4.12691525
ngal1292	-0.4099826698855	2.35511021200233	-5.21110975	3.99779825
ngan1291	-0.0690338467755	2.44406385251821	-4.9065185	4.8180715
ngar1284	-0.139621194695	2.49599327280174	-5.052047	4.72820575
ngas1240	0.755067447945	1.96250516912465	-3.09556225	4.86318249999999
ngba1284	-0.067284356765	2.33500194180044	-4.90515125	4.526707
ngba1285	-0.163013447628	2.5263426476797	-5.2680465	4.7392165
ngeq1245	-0.94263994969	2.23087505744892	-5.67403825	3.11629725
ngit1239	-0.32917639299	2.54860376402272	-5.58640775	4.84040249999999
nhan1238	-0.49475100931	2.36711083457139	-5.324275	4.08890624999999
nhen1239	-0.736189718427	2.39408331956618	-5.48088275	3.81575175
nila1242	-0.389320262411	2.45371994018395	-5.54005025	4.55239825
nisg1240	1.311860012605	2.26483968855673	-2.931247	6.20151274999999
niua1240	1.357966797007	2.10307041518803	-2.41875275	5.95604125
niue1239	1.455849225585	2.09267311368085	-2.08072425	5.8581555
niva1238	2.046135696875	2.41278840696767	-2.151155	7.30160275
njan1240	-0.31848392366	2.44830131985057	-5.339958	4.540106
nkon1248	-0.114165831145	2.52289841262826	-5.1853715	5.05232925
noct1238	0.041175277055	2.42812098397574	-4.984563	5.150841
noku1237	-2.138401022143	2.25532904842317	-7.258101	1.77931325
noma1260	-0.012024210872	2.4032833912788	-4.79312575	4.61654475
noon1242	-0.00332619016000001	2.52618237311668	-5.0954925	5.31159075
nopa1235	3.2808261447265	2.66004539288605	-1.27764675	9.10774474999999
nort2684	-0.547192075515	2.36178330542504	-5.48847425	3.82876374999999
nort2690	-0.07622928418405	2.57223041046205	-5.5445615	4.813934
nort2697	-0.5904871870195	2.41945771739118	-5.617651	4.129296
nort2702	-0.06645977974	2.44512148823484	-4.98516525	4.566186
nort2722	-0.024049518095	2.46483125123928	-4.81904	5.085732
nort2723	0.0351514975645	2.43221045575323	-4.69645475	5.08070825
nort2732	-0.088185805138	2.412951942103	-5.09221525	4.73243825
nort2745	-0.056621962885	2.48694935242652	-5.21324275	4.979955
nort2747	-0.252971894595	2.47794109560787	-5.508287	4.4370535
nort2839	-3.1963476966	2.17750188186805	-7.99778125	0.513056149999999
nort2845	1.23742300611	2.22773710954186	-2.83410575	6.45721325
nort2847	-1.931803961235	2.14934886064138	-6.869193	1.8144935
nort2864	-1.1727992441375	2.21746667376906	-6.16175675	2.57308175
nort2877	0.973424932908	1.6844294508309	-2.15990625	4.50762325
nort2885	2.08952407448	2.29554588195162	-1.905329	7.27380575
nort2930	-1.280118257434	2.55453159205213	-6.87844225	3.51704175
nort2938	-0.343520081245	2.43861703066028	-5.35960875	4.2719595
nort2942	-0.444819558115	2.33331898612525	-5.4034205	3.78116849999999
nort2951	-1.336072153995	2.29972157689515	-6.04032525	3.095084
nort2954	-1.1815417113925	2.35062121206401	-6.384511	3.11898925
nort2957	0.77608409098	1.63866822592912	-2.41077325	4.128092
nort2959	1.63150660582615	2.09900043595816	-1.94362125	6.14537425
nort2994	-0.893649665205	2.26399740407575	-5.753365	3.2347545
nsen1242	-0.0414237879	2.59129460922371	-5.30937525	5.098799
nucl1235	-0.459495733975	2.40470579646174	-5.37929975	4.285199
nucl1240	-0.244066254255105	2.25561002579224	-4.85854225	4.1854265
nucl1301	-0.09942141407335	2.43546115568285	-4.99345375	4.56564975
nucl1302	-0.500960814198	2.32598170964501	-5.23852725	4.1168125
nucl1305	-0.0810891945675	2.44968707339486	-4.9630345	4.643882
nucl1310	0.001653592031	2.59304408339293	-5.1123795	5.4899485
nucl1327	-0.703592446615	2.28804300470377	-5.663665	3.5305815
nucl1417	0.937778059826	2.22085160681671	-3.2277685	5.44273799999999
nucl1452	-0.4031537598465	2.49916455672278	-5.39117	4.557368
nucl1458	-1.571672186755	2.36938252694549	-6.4342985	2.55881525
nucl1593	-0.02426493647555	2.09929205645191	-4.22451825	4.05593025
nucl1595	-1.04225006223	2.33816362147147	-6.04073425	3.320544
nucl1630	-1.78592767977	2.2508568267241	-6.88573375	2.28581724999999
nucl1632	-0.37961935142	2.51621830199367	-5.47717225	4.398314
nucl1633	-0.4971425888225	2.53852563668987	-5.78566275	4.268402
nucl1643	-0.0912032884695	2.61611960701097	-5.40628475	4.833948
nuer1246	0.018934792535	2.35693869932826	-4.86477725	4.59446699999999
nugu1242	-0.164112686815	2.43487183737044	-5.10666925	4.57979325
nukn1238	-2.34081564466	2.34434665067327	-7.83720575	1.765999
nuku1260	-1.373984900038	2.14750565810641	-6.11127325	2.47562575
nung1282	-0.06250502452	2.52404310785546	-5.441199	5.1012435
nupe1254	-0.05206600716	2.39060217383545	-4.678771	4.80950225
nusu1239	-0.09707265465	2.60353130137895	-5.08956775	4.91456024999999
nuuc1236	2.30318455326	2.26751288060146	-1.59219575	7.01546199999999
nyah1250	-0.3405377692275	2.34939376353277	-5.20046975	4.109561
nyak1260	-0.161722527759	2.43653368979703	-5.2219725	4.796138
nyal1254	3.09493565759	2.23889421456009	-0.507292675	7.92223825
nyan1307	-0.1074536574925	2.41573035098658	-4.80119025	4.84852375
nyat1246	-0.3925208266365	2.38051672486321	-5.25593475	4.3163445
nyaw1247	-0.43356722907717	2.33701946486208	-5.14737575	3.85741425
nyis1236	0.20765487121	2.54009048174551	-4.93297625	5.34642125
nyor1246	-0.234741887112	2.48559717410696	-5.26882925	4.70533425
obok1239	-0.9622649380605	2.35638878643727	-6.25846675	3.4909185
occi1239	-0.12033920524	2.52153563350999	-5.225042	4.99155425
ocot1244	3.828510067205	2.64870087513623	-0.49309565	9.41211925
ofay1240	0.153134697921	2.3736609056816	-4.6298165	4.57912175
okan1243	-1.6123768788025	2.03824921101682	-5.879528	2.06592625
okin1246	-0.15084533295015	2.48957756127285	-5.20745525	4.60430825
oksa1245	-0.6462076900415	2.42621741515782	-5.5165395	4.109064
oloo1241	0.739966113262	1.82132012462284	-2.851935	4.3119605
olut1240	1.125565544065	1.75878901634393	-2.20140675	4.65343625
omah1247	-0.25252382102	2.38818219048469	-5.28301025	4.294587
omie1241	-1.69369484214	2.33471826390475	-6.587011	2.63299999999999
onon1246	-0.435635845636	2.47538740954454	-5.61890275	4.159993
onto1237	-1.23798506384	2.03191221290949	-5.6254165	2.43621325
oriy1255	-0.2633579898335	2.54677634995416	-5.513662	4.46345625
oroc1248	0.015882305185	2.54100780094776	-5.20943175	4.9531115
orok1265	-0.042724317295	2.55396088071573	-5.30876875	4.87519425
orok1267	-1.52478440199	2.51227436204527	-7.1133145	3.189818
orok1269	-1.64842183911	2.35385882422641	-6.463451	2.60797875
orow1242	2.91951411097	1.84090047815863	-0.393725075	6.66578225
osam1235	-0.095014327465	2.49760848024542	-5.35391675	4.93910724999999
otta1242	1.878583318075	2.17607210258632	-1.9907735	6.67657025
owaa1237	-0.875972267795	2.20595194911968	-5.5777395	3.26085775
paas1238	-0.1924800727335	2.55545776832431	-5.461366	5.15564025
paco1243	-0.76712446987	2.33632592435244	-5.736852	3.68869599999999
pagi1243	-0.1275970204775	2.40431227782115	-5.0403885	4.6643385
pagu1249	-0.63124240302	2.43379121646839	-5.90971525	3.833665
pahn1237	-0.3642303085705	2.43693751069885	-5.399003	4.25568825
pait1244	1.152884058575	2.48764478827958	-3.60361725	6.4500075
pala1344	1.94189383101	2.214788101862	-1.80118825	6.778569
pali1279	-0.93127499538	2.17238985777908	-5.7821755	2.98535325
pamo1252	1.243510582985	1.96996648470482	-2.4376645	5.33269875
pana1307	-0.494860939695	2.4214309463776	-5.503694	4.12850075
pang1287	-0.188389604273	2.43724510960153	-5.38684925	4.72751324999999
pang1290	2.7821008219155	2.16779072977752	-0.963161575	7.42696899999999
pang1291	2.536850480036	2.28293492392357	-1.30240775	7.77065125
panj1256	-0.08677221433	2.41666634551731	-5.043623	4.81961725
pano1254	-0.664725645195	2.41310301226527	-5.593073	3.83107575
pany1241	0.57294072187	2.20438905524534	-3.77485925	4.92597475
papa1238	1.5177100374	2.00715711616173	-2.019413	5.8257275
papa1265	-0.314725902298	1.74916936772057	-3.980493	2.938998
para1301	-0.5168152797315	2.37549192531534	-5.3726905	4.13361225
para1302	0.148454394862	2.56170338242228	-5.04912625	5.14073124999999
patp1243	-1.1668419717435	1.97555701042368	-5.40351225	2.4643095
patt1248	-0.060420725085	2.52577951586796	-5.093476	4.9042665
paul1238	-1.15447091781355	2.20101679326816	-5.90556275	2.623542
payn1244	-1.67937508442	2.39339123631399	-6.8257735	2.70210824999999
pela1242	-0.187203880385	2.51179154784371	-5.1972335	4.62958275
pemo1248	-0.622800876682	2.26353693228968	-5.43439275	3.605517
pend1242	-0.68425597120165	2.08110349656273	-4.9824915	3.329674
penr1237	1.227247954945	2.06494594883192	-2.54148525	5.63756699999999
phai1238	-0.54941232361	2.33687559811641	-5.29925675	4.14404575
phom1236	0.1505828729485	2.62998302811747	-5.182195	5.36431074999999
pila1245	-0.230513756725	2.34714722190848	-5.09824425	4.36541325
pile1238	-0.7538773343125	1.68199163302898	-4.46322625	2.29699275
pima1248	-1.292642527414	2.18441064363498	-6.00492125	2.6446825
pina1252	-1.35475489271	2.46400955333413	-6.580337	3.531503
ping1243	-0.686389396612	2.47562606996237	-5.94640125	3.93656374999999
pint1250	-0.52021111051	2.27718718459926	-5.31978825	3.6996955
pite1240	-0.020134939185	2.53127777044148	-5.2291525	4.844357
pnar1238	3.144943760837	2.25375131668462	-0.8963349	7.90002324999999
pohn1238	-0.584163680218	2.29801029216483	-5.35379375	3.57743674999999
poli1260	-0.124556872225	2.40217381720279	-5.00792875	4.60345875
popt1235	2.998073515075	2.39029866511144	-1.04648425	8.331127
port1283	-0.1066161401085	2.45028393273842	-4.91917475	4.73023199999999
port1285	-3.234201984065	2.18477677495766	-8.28773575	0.500157975
psik1239	-0.39725105675665	1.91158196601938	-4.413843	3.28908375
pulu1242	-0.423428743849	2.39867167444832	-5.46104375	4.111972
puma1239	-0.17043335227	2.44595219234802	-5.233898	4.64080775
puoc1238	-0.567932288425	2.43525623606675	-5.657062	3.97208824999999
pura1257	-1.3932642547635	2.5358197088701	-6.93042325	3.3919875
pure1242	-0.8809570936805	2.32311786970726	-5.7692375	3.5381555
puri1258	-0.037897932155	2.51198974565499	-5.1076885	5.066055
qanj1241	2.468440684283	2.40344079577874	-1.562934	7.5408225
qawa1238	-0.2842525615505	2.36747261340691	-5.19881175	4.42447499999999
qima1242	-0.44051734309	2.36770614810475	-5.183243	3.965756
quer1236	-1.280353826173	2.0265718022047	-5.553506	2.41038125
quio1240	3.686906006146	2.41068051439786	-0.288855225	9.00885699999999
rabh1238	0.806008481071	2.29784748271264	-3.597965	5.62690075
rade1240	-1.076941035671	2.32836209974011	-6.09469175	3.44023525
raji1240	-0.18366599332	2.52149643974824	-5.1769135	4.861015
rapa1244	1.2765598356855	2.0272526319942	-2.4841565	5.56632275
rapa1245	1.2321155148005	2.23556756330759	-2.77298325	5.9024795
rapo1238	0.376290845261	1.80256280088836	-3.0882155	3.99805075
raro1241	1.1981101494705	2.08582024960586	-2.4717025	5.82387674999999
rata1244	-1.3105986246804	2.15160690496018	-6.01322975	2.51538425
raut1239	-0.16481618238	2.41736214295971	-5.083913	4.61874425
reja1241	-1.515799497398	2.26532801497496	-6.65650875	2.48228425
remb1250	-1.26982328034	2.21738784693163	-6.0954395	2.98229124999999
reng1252	-0.95458464834	2.35524102746217	-6.09097675	3.6506275
rere1240	-3.308225854755	2.17498567043512	-8.4139215	0.392010299999993
reye1240	2.67199530508	2.28450714975333	-1.38955525	7.49155575
rian1263	-0.3507987458495	2.61820369585695	-5.74853125	4.54488775
rikb1245	-0.302884681718	2.3363849166592	-5.113859	4.21754475
roma1326	-0.134352473979	2.4191968664153	-4.9848285	4.6996855
romb1245	2.1669284906305	2.25142756466245	-1.5821015	7.0051705
rong1264	-0.1008345871015	2.34561700695855	-4.79911175	4.523655
rong1266	1.13797277788	2.54808521286383	-3.61030225	6.5949205
ronn1241	0.02665834286	1.85725598436323	-3.70252375	3.62124824999999
roto1249	-0.117850074135	1.74694096855564	-3.734803	3.21383725
rotu1241	-1.033154826996	2.28175188554716	-5.8640445	3.11133625
rovi1238	4.45730022517	2.27918489949017	0.517175275	9.13307
ruch1235	-0.477755012978	2.40320218086392	-5.31392475	4.153366
ruka1240	1.0926294796215	1.92247308935205	-2.3145225	5.17556174999999
ruma1248	-0.26826384142	2.31925476113937	-5.21607275	4.21869124999999
rung1258	-0.1610781479195	2.51650465340631	-5.28424675	4.66161499999999
rung1259	0.2259659788024	1.84090429314862	-3.59064525	3.76287975
russ1263	-0.09050503714	2.47983626722264	-5.04797525	4.530345
russ1264	-0.08751826258	2.54178256089017	-5.39152075	4.934247
saaa1240	-0.632376564212	2.0067577745586	-4.984943	3.1327875
saaa1241	-3.039422440565	2.20503236380894	-7.73756425	0.649690774999999
saam1283	-0.3458143585425	2.46909674289124	-5.454203	4.53291975
saar1237	0.932661468305	1.79362204595051	-2.29513525	4.69911575
saba1268	-0.616348093515	2.36653159380172	-5.42198025	3.83319475
sabu1255	1.710962524677	2.08756924512354	-2.07413325	6.27779025
sais1237	1.2900415640425	1.84374146004119	-1.9976185	5.10836025
saka1289	-2.61143615007	2.18706806288774	-7.56679275	1.29677375
saka1291	-0.86219519161	2.22407217352873	-5.8156655	3.28707525
saki1248	0.455807645255	2.23824373677258	-4.199894	4.97909175
samb1305	-0.2629774232815	2.41193130143338	-5.220118	4.48128875
samb1311	-0.26834582176	2.41852611071569	-5.26824625	4.402552
samo1305	1.403589886876	2.20836760267373	-2.52861875	6.08875649999999
sanb1241	3.47541380473	2.61263008743449	-0.830952675	9.38574074999999
sand1278	3.63541712585	2.45082172434051	-0.5472597	9.050617
sang1321	0.33265221129269	2.67160417218981	-5.05100825	5.78460674999999
sang1330	-0.13813653358	2.47537308351049	-5.296633	4.9106745
sang1331	-0.013754064914	2.52500276502469	-5.300189	4.70711225
sani1269	-0.310746172395	2.42905049547623	-5.46441825	4.27597449999999
sanj1284	3.833418592205	2.57708510858129	-0.33394075	9.30742299999999
sanm1289	-0.2601983748465	2.38878600892358	-5.3623735	4.34590325
sanm1295	3.045922554255	2.43302518215916	-1.17697425	8.3883685
sanm1301	2.04640187958	2.3174000726914	-1.9443565	7.05612525
sant1436	2.4913641956545	2.38876171672412	-1.7814015	7.90796575
sant1451	3.78578577328	2.51158533635152	-0.45401835	9.497564
sapo1253	0.235139855865	1.8292227733699	-3.29186625	4.00625774999999
sapu1248	-0.97187299814	2.23783897273327	-5.899847	3.26163775
sars1236	-0.37253886461265	2.26679702109964	-5.136495	3.98756
sata1237	-0.467634048856	2.46869031752735	-5.73893375	3.88658125
sauk1252	-2.382954074145	2.3216718223294	-7.66427125	1.447388
saur1249	-0.09003761897	2.56600988689423	-5.18716325	4.824045
savo1255	1.963508801345	1.76529583993415	-1.2485655	5.66550425
seda1262	-0.9074380558405	2.30532817490219	-5.86629375	3.38011675
seim1238	-0.797644148245	2.23319521868655	-5.77796575	3.074268
seke1241	-3.03418725636	2.20669837474445	-7.7451535	0.682528924999999
sela1259	-0.743320841777	2.23136253519436	-5.462117	3.301006
sela1260	-1.542164109455	2.05232672774125	-5.77044175	2.2158005
selk1253	-0.08014686457755	2.45581114598458	-4.9616465	4.70898975
sema1265	-0.5965453258005	2.40720550355128	-5.57285725	4.0605695
sema1266	-0.441833829544	2.29783946338578	-5.182633	3.96953
seme1247	-0.5725707124335	2.3120318952514	-5.22396275	3.80071874999998
seng1281	-1.623666556827	2.22136670982791	-6.420306	2.490498
seri1257	-0.785844177405	2.33381721994083	-5.91258225	3.56756275
sgaw1245	-0.1275274219315	2.51703979963192	-5.15074525	5.003043
shab1252	1.460315916615	2.3047294201337	-2.58406225	6.39456174999999
sham1280	-0.22603358649	2.44066968464252	-5.14757225	4.577348
shan1283	-0.336697686663	2.43614602913111	-5.52638975	4.3980735
shaw1249	1.8611165945055	2.29302415210276	-2.22430725	6.760756
shil1265	-0.29586400682	2.28575956181736	-4.938305	4.06961625
ship1254	-0.370669752355	2.37575203931577	-5.36720875	4.253476
shix1238	0.0324950840515	2.44244013028505	-4.9710075	4.91731425
shon1251	0.002874667338	2.54585155770917	-5.18787825	4.87758274999999
shor1247	-0.0610500581	2.56294713427402	-5.62956675	4.9401155
shos1248	-0.53002894950555	2.25210958269467	-5.5720725	3.617776
shua1257	-0.3583744314565	2.3529512026532	-5.1569675	4.32227225
siaw1243	-0.3261515747835	2.16326499412281	-4.748166	3.92543125
sich1238	0.0595408406405	2.38484537760953	-4.81462175	4.93962724999999
sici1249	-0.358580241985	2.52140463050208	-5.46875125	4.6086225
siee1239	-1.99321968645	2.12765227579772	-6.541964	1.87048075
sier1250	3.765005897685	2.4491884632283	-0.206162625	9.16391
sika1261	-1.6213076154335	2.114551931676	-6.16023525	2.087316
siks1238	-0.23798124594	2.02535877594698	-4.57433125	3.502249
sile1255	-1.8031728767765	2.34892540021353	-7.162559	2.38574575
simb1256	3.64182717335	2.1520243965204	-0.119374875	8.410458
sina1266	-1.764603226577	2.18259933160636	-6.78188975	2.01921475
sing1264	0.023773384443	2.45283907513746	-5.0576555	5.06627825
sioo1240	-2.245184784535	2.38205287157049	-7.7767165	1.85071225
situ1238	-0.0273541097825	2.3915785596759	-4.80880025	4.800913
skol1241	0.02006486026	2.59826955307395	-5.263539	5.24051575
slov1268	-0.128163358625	2.42803986207387	-5.10991525	4.66125449999999
sobe1238	-1.009367464745	2.31693202169239	-6.0546285	3.01275375
soch1239	3.46514084689	2.37225224806432	-0.370149325	8.53849775
soga1242	-0.2892414403395	2.48683955384851	-5.4764885	4.508877
sons1242	-0.1144740291345	2.36345944385645	-5.03921325	4.26363725
sooo1254	-0.666490083998	2.34700320604269	-5.65225225	3.7028905
sout1528	-0.09656600742	2.40046599511956	-5.02180125	4.66504274999999
sout2649	-0.142207558566	2.43742292957875	-5.0824695	4.6421145
sout2674	-0.053524546712	2.48757271602458	-5.10661725	5.0714445
sout2679	-0.11632957701	2.45829812495294	-5.2442385	4.7081015
sout2715	-0.2809259188585	2.54670230841951	-5.88914475	4.65494075
sout2728	-0.0098558740505	2.48651037110735	-5.17900075	5.009385
sout2729	-0.007934017127	2.46121586965445	-4.8644335	4.76951624999999
sout2730	-0.14534778984	2.49899316958003	-5.190391	4.96440575
sout2782	-0.728379946289	2.17204719752758	-5.2282185	3.507633
sout2807	-0.029434600225	2.41461509780559	-4.8114385	4.686507
sout2856	-2.266273057135	2.18605058791563	-7.08117775	1.47993525
sout2857	-3.087120977565	2.20650361615401	-7.995521	0.791526599999998
sout2859	-3.1508355305265	2.16595227727478	-8.08089475	0.540124649999999
sout2869	-1.83456707077405	2.11108296690553	-6.4851035	1.89221025
sout2895	-1.1527933640623	2.20160349548602	-5.94348075	2.688171
sout2918	2.1633047336765	2.27728024964395	-1.812041	7.17113574999999
sout2954	-0.16218936674	2.59679062594185	-5.36043675	4.84232575
sout2956	-0.403193716935	2.45918556649461	-5.51469525	4.43878875
sout2959	-0.4327367290515	2.3568802742277	-5.54842025	3.99704625
sout2976	2.65465261187	2.23277825971773	-1.17061325	7.78075799999998
sout2985	-1.4129129822617	2.24020655149328	-6.074649	2.87251424999999
sout2994	-0.574259507788	2.3538905732338	-5.3792405	3.84281875
sout2996	-0.296505059675	2.36001012877998	-5.08644425	4.10811325
stan1289	-0.11203214768	2.35898814333693	-4.71430975	4.596434
stan1290	0.08670753354545	2.46096283682231	-4.6947195	5.127128
stan1293	0.64156400301	2.58756581976609	-4.45277675	5.97767124999999
stan1306	-0.36696561987	2.24385931916772	-4.998602	4.0519355
suba1238	-0.598594450637	2.39541285223888	-5.56093925	4.23405625
sude1239	-0.84154205206	2.26568090124591	-5.78461775	3.2609785
sumi1235	0.39154670214	2.61284513560017	-5.07417175	5.69090075
sunw1242	-0.21046030723	2.48277426072887	-5.6290915	4.64607675
supy1237	-0.264752661477	2.47809697294699	-5.098711	4.62311825
surg1248	-0.02578945087	2.45443007631585	-4.98794875	4.77453474999999
surs1246	-1.243095140925	2.05090899683574	-5.6456905	2.49424424999999
swah1253	-0.21336748531435	2.48566446479986	-5.313976	4.64073999999999
swed1254	-0.02230429182	2.43456426367138	-4.919444	4.925418
taba1263	-0.541797949625	2.47772032954027	-5.9186085	4.058624
taga1272	2.6433367829035	2.35331214929247	-1.31862525	7.760679
taha1241	1.453489449338	2.21936914784466	-2.780138	6.38611149999999
tahi1242	1.26767874927695	2.27987554766766	-2.793495	6.138752
taia1239	-1.312271262965	2.36077886731012	-6.43189625	2.80000525
taji1246	-0.49900192282	2.03721992139009	-4.699565	3.2899905
taku1257	-1.38694452459	1.99767342745135	-5.69534325	2.3282815
tali1259	1.547387405265	1.63804285288693	-1.518838	4.833767
tama1331	-0.104168812325	2.36236565835795	-4.88497725	4.6233865
tama1365	1.440257362315	2.21098655629244	-2.5570735	6.37497449999999
tamb1254	1.7972954265855	1.74711539633398	-1.50169275	5.4181185
tami1289	-0.15568304342	2.47006179008905	-4.9328585	4.81565725
tane1237	-1.37805609599105	2.24011352505257	-6.114882	2.6885695
tang1336	0.644132744735	2.58436850996554	-4.1825405	6.0334345
tang1347	-2.753166392655	2.09907795190159	-7.38843675	0.927792699999997
tang1373	-0.011755122	2.63180481618999	-5.3469015	5.216836
tang1377	-0.02406779772	2.5636588014013	-5.27333375	5.21725475
tara1313	0.77943349579	2.42895601645639	-4.008401	5.72857749999999
tata1255	-0.1173863646135	2.43045558838707	-5.14706075	4.705867
tata1257	1.92857379249	1.91796764363957	-1.39690225	6.1649725
tata1258	3.03409620594	2.5927679754075	-1.54686075	8.79414299999999
taul1251	-1.27620765496	2.21257137037124	-5.99690025	2.8655825
taus1251	2.01978365827	2.22477284257054	-1.76878175	6.8364255
taus1253	1.4538617470735	2.37309968756831	-3.03024475	6.47761325
tbol1240	2.564277599355	2.31494810570571	-1.37104475	7.69099124999999
tean1237	-1.3235431727485	2.22644632853574	-6.00433	2.6198295
tedi1235	0.9425945727495	2.6061558270219	-3.98674875	6.243714
tehu1242	-0.5330476930435	2.27493297787925	-5.20198625	3.77898425
teke1275	-0.12372059662	2.71614691506834	-5.823055	5.28031225
tekt1235	3.19168617727	2.42261972948713	-0.817044475	8.23863574999999
temi1246	-0.61439291586669	2.35773868694882	-5.75927	3.82353675
temo1245	-0.7661112887735	1.9347820584949	-4.759791	2.83743949999999
temp1235	1.7238592753635	1.81541597569074	-1.59922	5.57253725
teng1272	-0.9154073572525	2.1577051196091	-5.532807	3.20600975
tenn1246	1.7394315271	2.2143134225815	-2.4074625	6.48124375
teop1238	0.1029408240115	1.7732508824218	-3.4822385	3.5599185
tera1251	-0.721369943525	2.13949764762062	-5.07281925	3.41236125
tere1279	2.365612122175	2.20214265754537	-1.44670675	7.001887
term1237	-0.4843819413597	2.15043267121948	-4.95342725	3.5341295
tern1247	-0.6204524569265	2.42078646696074	-5.81999875	4.1130145
tete1251	1.233691703559	1.83560133180365	-2.2429565	4.98373424999999
tezo1238	2.468201967518	2.33177208737891	-1.5685655	7.5657165
thad1238	1.0880026371	2.52019703667836	-3.7375315	6.42990875
thak1245	-0.169113997508	2.49355642040863	-5.2420875	4.75353324999999
than1259	-0.16900015151	2.49390854131241	-5.14406	5.03982375
thao1240	0.3742954169925	1.78893264942332	-3.0675915	4.0252885
thar1283	-0.2926507511805	2.43156709193399	-5.3948535	4.58632475
thul1246	-0.151646737825	2.49073501918641	-5.07420275	4.83995074999999
tibe1272	-0.00707470164	2.46591068474429	-5.0956505	4.96143925
ticu1245	-0.5007408312456	2.41188825917523	-5.67420125	4.134129
tief1242	-0.422323756275	2.3792235223197	-5.1130095	4.23990025
tief1244	-0.405601099985	2.42579246570605	-5.37463475	4.438634
tien1242	-0.108691177815	2.46338693814355	-4.81193625	4.845116
tiga1245	-0.4047854215965	1.88131730303448	-4.253272	3.285844
tika1246	-0.3370485675275	2.43927222540469	-5.43147175	4.43997
tiko1237	-2.004147195725	2.0627386278345	-6.54823125	1.462883
tilu1238	-0.198569288528	2.46751729020505	-5.46456825	4.29964974999999
timn1235	-0.14015044075	2.4666047552667	-5.1301115	4.894861
timu1262	1.8087006627265	1.89510426063758	-1.81235625	5.79469975
tina1248	2.579639687745	2.12998737937462	-0.918901975	7.49806325
tiri1258	2.41388670152	1.81184156069483	-0.731386425	6.03460875
tiru1241	2.91569999983	2.33808776037226	-0.94891985	8.241235
tita1241	-1.5127834531855	2.20993572483951	-6.63756175	2.241192
toab1237	-0.272720321482	1.78121072481282	-3.95584	3.08841299999999
toar1246	-1.836140103198	2.29341478136838	-6.83282725	2.11582925
toba1268	1.89661637729	2.25902890965799	-2.23808675	6.72527375
tobe1252	-0.615725689992	2.44549666234141	-5.932645	3.86831175
toda1252	-0.230805282065	2.53720910530426	-5.5148455	4.8612045
toho1245	-1.23518509627	2.29611808082421	-6.368067	2.823385
tojo1241	2.7688801994	2.504114527953	-1.41946775	8.20029949999999
toke1240	1.381510915455	2.10303238116054	-2.4114515	6.04746025
tong1308	-0.557133949679	2.39098954124737	-5.42801975	4.116249
tong1318	-0.08555226496	2.5826574666672	-5.267869	4.92846924999999
tong1325	1.469347209084	2.16884976970608	-2.370791	6.344913
toor1238	-0.226446522195	2.55809155314003	-5.58951525	4.78763925
tora1259	-0.4888936817835	1.91969445816756	-4.5061315	3.1678415
tosk1239	-0.2086031975	2.43185790600971	-5.1162405	4.63866974999999
tote1238	-0.11903313447	2.53342142260448	-5.55114075	4.85910125
toto1302	-0.022497578356	2.54304138186223	-5.05467925	5.14398325
trin1274	0.0344354061435	1.94904429323128	-3.9978805	3.75026875
trio1238	-0.7101788790015	2.32120512503133	-5.5086295	3.5969615
trum1247	-0.813620902085	2.26784668848601	-5.39919325	3.58527625
tsam1247	-1.449445375645	2.23901961574569	-6.234898	2.67520325
tsat1238	-0.435864578305	2.38863076046749	-5.770417	3.89307699999999
tsha1245	0.19900768991	2.5041888224758	-4.98546675	5.35161724999999
tsis1238	-0.329896834547	2.44267876438111	-5.4561365	4.55712574999999
tsix1234	-0.1213248112865	2.53426219367196	-5.369126	4.95802225
tsog1243	-0.0319752853225	2.41135803676711	-4.95044075	4.67685
tson1249	-0.023608946295	2.4312732045938	-4.95491725	4.9225365
tswa1253	-0.1312818578635	2.42435785661323	-5.13531825	4.72360925
tswa1255	0.01046700985	2.51884076375546	-5.07226225	5.034072
tuba1278	-0.822366426853	2.27924114040681	-5.591885	3.3789645
tugu1245	-1.3947823257786	2.32415706368106	-6.854269	2.64042625
tuka1248	0.053868863405	2.07993603011743	-4.20778825	3.90429624999999
tuki1240	-0.2215210835645	2.39101108500383	-5.16877	4.40691824999999
tula1252	-0.51613312547	2.13039164615242	-5.121769	3.66289225
tulu1258	-0.143638903315	2.37122834606872	-5.00463625	4.694002
tuml1238	1.078023197765	1.76605996370097	-2.28005925	4.6654625
tune1261	0.09157961967315	2.46873988850181	-4.7879415	4.84525224999999
tung1290	-0.793572713251	2.15312358170653	-5.32476625	3.1517195
tunn1238	-0.2470977769295	2.23885483350558	-4.80384675	4.02919125
turk1303	0.04744912361	2.56511854864112	-5.139177	5.1662575
turk1304	-0.014880857224	2.61664981547595	-5.34829975	5.23977225
tusc1257	-0.178018893695	2.52904311248526	-5.28219025	4.66647175
tutu1241	-2.996688431165	2.08097899603561	-7.584745	0.8511471
tuva1244	1.33998240236	2.11951446374979	-2.48522875	5.8907895
tuvi1240	0.0177320729	2.57651207163026	-4.98924	4.98642049999999
tuwa1243	2.49644978563	1.92196249403322	-0.990843825	6.6515615
tuwu1238	-0.1077896408985	2.52943787473421	-5.293979	5.03769549999999
ubir1237	-1.530353783262	2.17052230490062	-6.2270455	2.236315
udih1248	-0.0684655728165	2.48941093133379	-5.2686315	4.71584775
ughe1237	4.40189409095	2.28655482888392	0.58437495	9.403144
ugon1239	-0.155259627825	2.48020066322316	-5.22275775	4.95027325
ulch1241	-0.262257920145	2.45995676935903	-5.3711315	4.59640725
ulit1238	0.40393942189	2.32855757251482	-4.555568	4.754335
umaa1242	1.2529521036815	1.99556299692652	-2.291429	5.65777475
umbu1257	-0.0568203061465	2.55335036050247	-5.1241	5.16969125
umbu1258	-1.26313472433	2.51325589154164	-6.74018375	3.34401075
umes1235	-0.06133191111	2.52852291439311	-5.18756225	4.89465775
unua1237	-3.297210967505	2.15691310938306	-8.205137	0.350044074999999
uppe1275	1.031630032402	1.65767510516651	-2.0121085	4.66892299999998
uppe1427	2.07751281131	2.02422474729845	-1.63785675	6.35697525
urak1238	-0.806673438099	2.27032734665294	-5.8892945	3.380096
urar1246	0.24381737573695	2.31938228722339	-4.4596495	5.16318675
urav1235	-1.97807560075	2.16102904440791	-6.6104965	1.89399774999999
urim1252	0.440821393737	1.95238089139298	-3.4319055	4.42881449999999
urip1239	-3.15768870504	2.13533512122356	-8.15008975	0.543241474999995
urni1239	-0.6432077510545	2.39219672265933	-5.7861065	3.92701175
utes1238	-0.599921045178	2.35242105113129	-5.928185	3.69145999999999
uuuu1243	-0.559012659917	2.34363278234505	-5.41323275	4.0837335
vano1237	-1.238039954195	2.21540691770808	-5.9678995	2.721283
veps1250	0.04930914724	2.56887573582372	-5.150336	5.1692825
vera1241	-2.1961615635455	2.14204921418683	-6.97056075	1.39498149999999
viem1243	-0.249988747765	2.42836174770065	-5.13431375	4.579304
vinm1237	-3.199175224195	2.16808115464373	-8.0172015	0.57229285
vunj1238	-0.207219459129	2.44321890320617	-5.151524	4.67601725
vure1239	-2.2051391238384	2.13560825448598	-6.8027755	1.4400525
vwan1235	-0.18433261544	2.40020466263713	-4.954374	4.49690925
wadj1254	-0.74014772947	2.38985086736299	-5.91481375	3.731793
waga1260	2.80637503918	2.41160683412364	-1.2702235	8.16428499999999
wage1238	-0.63669752143	2.37909986951366	-5.57259625	3.89026
waig1244	-1.1148525606535	2.34474877752398	-6.4480795	2.93987
waim1251	-1.8401071867435	2.27032872243443	-6.78961075	1.98057625
waim1252	-1.503517094025	2.25855677285028	-6.6623805	2.359447
waiw1244	-0.57056953864	2.29191321851269	-5.3859705	3.7407015
waja1259	-0.450982974175	2.04047260797504	-4.55184275	3.48776
wala1266	-0.23956486546	1.7751805074161	-3.838008	3.2563585
wall1257	1.303871913668	2.15967823017654	-2.55499425	6.04058825
wamb1257	-0.1973674234945	2.47474801807864	-5.6187455	4.38531574999999
wand1267	-1.4109303017795	2.32405003118925	-6.75736675	2.61411749999999
wand1278	0.132060559786	1.87767817658738	-3.5366965	4.014954
wanm1242	3.001904957065	2.30234826035045	-0.8440461	7.9998095
wara1294	-0.612490852643	2.33959212255824	-5.2516055	3.8649095
wara1300	1.38908227527	2.27942110586037	-2.6425475	6.30196999999999
wara1303	-0.6819654953	2.3355254398254	-5.5515325	3.624094
ward1246	-0.400872875245	2.44082465519186	-5.47196125	4.33738849999999
ware1253	-1.14555435217	2.18428141686374	-5.938838	2.74833974999999
ware1255	-0.787840714255	2.21502295899726	-5.3583935	3.20361825
wari1268	2.58065683297	2.3917283237123	-1.7345725	7.73982774999998
warj1242	1.746090589701	2.04250463866997	-1.98380125	5.8956105
waro1242	-1.32413837032	2.26953554931936	-6.35860275	2.65138025
waru1265	-0.174554592225	2.34902729250573	-4.97819325	4.22672175
wash1253	-1.632158652235	2.25509299800425	-6.596069	2.317126
wawa1246	-0.280680890625	2.40940422057933	-5.34185	4.40590249999999
waya1269	-0.721532972775	2.32888977584687	-5.810279	3.6383025
wayu1241	-0.213185809725	2.48338309802324	-5.6227995	4.3807315
wayu1243	2.204690414984	2.30384713303799	-1.86749125	7.04182724999999
weda1241	-1.512052430495	2.11948050588257	-6.258596	2.2402785
wels1247	3.239312352475	2.5187162359773	-1.02599875	8.9539775
weri1253	-2.057352848	2.26941545294994	-7.20990825	1.82248225
west2354	-0.220909117344	2.41361482904439	-5.19692325	4.461687
west2369	-0.0816817139645	2.50308980036999	-5.05353325	4.80026674999999
west2386	-0.1216135348825	2.44456102584242	-5.27952775	4.45257875
west2392	-0.112550641695	2.40277411214414	-5.07830975	4.6301145
west2396	-0.457733536765	2.36019947598167	-5.4357615	3.94777574999999
west2397	-0.641271403815	2.33279558817886	-5.53370475	4.013722
west2415	-0.275972764945	2.50150632075164	-5.60472675	4.67236425
west2418	-0.20253131714	2.47758553627751	-5.440577	4.56882374999999
west2430	-0.142173113596	2.47833281654072	-5.13403675	4.705504
west2441	-0.425524893015	2.28988107521077	-5.36168275	3.798421
west2466	-0.446448368717	2.3306559149746	-4.92681975	4.139659
west2516	2.931775735424	1.93090918166201	-0.42829855	6.93029025
west2519	1.180860411725	1.92562711924947	-2.37131925	5.3019045
west2548	-1.0161666832375	2.3934638881706	-6.3048685	3.09269899999999
west2555	2.73994958456	2.39068271110162	-1.198496	8.162617
west2557	2.255727201085	2.40866669606545	-1.790531	7.66359075
west2560	2.080312324295	1.81241307617504	-1.23513975	5.88220275
west2594	-0.673059345224	2.47814114202085	-5.83498275	3.9424525
west2600	-0.6705688156235	2.47260750259985	-6.01189375	4.18405199999999
west2615	-1.278768195237	2.29952198496906	-6.158496	2.91619624999999
west2618	-0.5551579876	2.21499554287868	-5.419527	3.591244
west2624	1.64619039953	1.9055720927937	-2.04134325	5.639867
west2632	-1.3277914843485	2.27662634558645	-6.17075225	2.7017745
west2635	3.148542988705	2.39176788519038	-0.99407745	8.38438174999999
west2644	3.2441293547035	2.64938435468771	-1.29161	9.228601
west2650	-0.733516474985	2.21196420824434	-5.21997275	3.465954
west2763	2.4307868341425	2.30410115318533	-1.70822475	7.376351
whit1269	-1.913734388875	2.13238204384013	-6.705751	1.9045285
wiru1244	-1.30351016046145	2.47744062075044	-6.6478715	3.24756124999999
woii1237	-1.24767839985	2.37871421806118	-6.50284225	2.9035355
wola1242	-1.266707836045	2.34212087885281	-6.5753785	3.17193075
wole1240	-0.409907933545	2.29186949244734	-5.49386325	3.930612
woli1241	1.1565880194025	1.9148917312956	-2.263263	5.3918335
wotu1240	-0.477223754115	1.9816233664449	-4.78069475	3.29322625
wuch1236	0.039193207505	2.39510646155117	-4.673443	4.88090224999999
wudi1238	-0.14804375861	2.53582643192722	-5.39147375	5.10744575
wusa1235	-0.12928490099935	2.50092818187374	-5.043923	4.90235425
wutu1241	0.0516686264345	2.61877847942584	-5.4428915	5.57419875
wuvu1239	-0.425534543239	2.13664307400312	-4.95584625	3.54057625
wyan1247	-0.3975159638545	2.43848080556083	-5.52828675	4.267558
xamt1239	-0.57783858895	2.41011539640969	-5.654093	3.854343
xara1244	2.042003278075	1.75698685344894	-1.3665075	5.54243175
xava1240	-0.456313424763	2.34838436530712	-5.41393375	3.99000775
xhos1239	-0.0505514756045	2.43277297744838	-5.06273375	4.91050775
xish1235	-0.20251041358	2.51018606294363	-5.29862125	4.95500124999998
xokl1240	-0.24935477973095	2.34934402965689	-4.90286975	4.3948855
yaak1241	-0.513637304985	2.32893134860066	-5.384113	3.867118
yaey1239	0.33788738862	2.43826535711922	-4.6296405	5.1399735
yagu1244	1.63847049388	2.27618540906663	-2.2054295	6.70901625
yaka1269	-0.02575906282	2.39395070743102	-4.7516025	4.83448049999999
yaka1277	2.8818596131475	2.40813133421169	-1.04404575	8.15122825
yaki1237	-0.263226124335	2.3321033939063	-4.97168775	4.1824515
yako1252	-0.162161532795	2.65068360334276	-5.92625575	5.162894
yaku1245	0.029089352589	2.59739109957332	-5.27409975	5.245932
yale1246	-0.1484595063755	2.09155924018651	-4.39153525	3.88603575
yama1264	-0.451374288579	2.38860510037921	-5.44389275	3.98480375
yami1254	-0.6833789745355	1.88078489715136	-4.65629075	2.97022125
yami1256	-0.518821019535	2.42945772757479	-5.84195075	4.3661815
yamp1242	-0.133773963425	2.48127528432668	-5.1284085	4.664324
yane1238	2.80751092388	2.23125675812836	-1.239646	7.6809915
yano1261	-0.46075695649	2.4043712929472	-5.533058	4.10190324999999
yaoo1241	-0.0438017490725	2.46534574519063	-5.301711	5.00486299999999
yape1248	2.366109464595	2.16383975628432	-1.36827325	7.20111174999999
yapu1240	0.68823647462369	1.86469327424525	-2.931052	4.3284875
yaqu1251	-1.083169022275	2.28384931816454	-6.31094225	3.1064465
yare1248	-1.63161424964	2.30103276297441	-6.60420475	2.4900225
yatz1235	3.68895699897	2.45419586992978	-0.427520575	9.15243125
yaul1241	-1.17466611541	2.42154670576657	-6.280473	3.18116075
yaum1237	-2.358251931335	2.3252692835453	-7.689112	1.71969499999999
yawu1244	-0.3986638708145	2.41687633271943	-5.47717475	4.06515349999997
yecu1235	1.494695695385	2.09762977234587	-2.32582975	6.038982
yele1255	-0.591576644361	2.32270457415484	-5.55045775	3.80065475
yems1235	-0.81483909433	2.39940104725803	-6.0412585	3.74440075
yind1247	3.0290547752895	2.27594691581263	-0.933879175	8.027566
yoga1237	2.701894682285	2.09593836891603	-0.9949142	7.099413
yoku1256	-1.251648733855	2.34485267861806	-6.1421425	3.28421425
yona1241	0.845784116788	2.35338059947039	-3.88932625	5.84140975
yong1280	-0.4946499192015	2.46086378438098	-5.6598845	4.20555349999999
yora1241	-0.189921279226	2.27695292138668	-4.9402645	4.23231
youl1235	-0.701860165457	2.34354928518069	-5.65121125	3.6940195
youn1235	-0.36234703659	2.469325841097	-5.7475755	4.36598175
yuca1254	1.32318449624	2.45514549429387	-3.236258	6.64146274999999
yuch1247	-0.50326293688	2.39125732238493	-5.44715925	3.94132675
yuec1235	-0.1627284312915	2.56030416489689	-5.30853675	5.26994575
yukp1241	-0.027711899425	2.42163010123032	-5.072225	4.6237925
yulp1239	-0.3580850150095	2.32165493626747	-5.4443955	4.08627599999999
yuqu1240	-0.547962801535	2.28132477085937	-5.304199	3.7540595
yura1255	-0.542657950255	2.25835320485983	-5.24395125	3.78891125
zaba1237	3.51250749671	2.07944028508046	-0.1855226	7.971664
zaca1241	0.7422998776675	1.62528139764011	-2.38523475	3.95135775
zaca1242	3.093606285035	2.65924897130266	-1.458608	8.95256175
zaiw1241	-0.200743123165	2.45459451557226	-5.23090325	4.610089
zamb1245	-0.20452730236	2.41093069983217	-5.04328175	4.4997195
zani1235	3.48983321875665	2.55177428372431	-0.768694375	9.34623075
zapa1253	0.200881936031	2.3201213262603	-4.30142725	5.0694455
zarm1239	-0.5121434086635	2.48277753241316	-5.70844175	4.40348749999999
zaye1235	-0.319152549125	2.38682851683146	-5.35980225	4.315896
zays1235	-1.38457239176	2.30180178759156	-6.268048	2.75599225
zeme1240	1.158192161135	2.4929980020694	-3.598141	6.27216275
zenz1235	3.266913219515	2.57106840935527	-0.9572503	9.232593
zhab1238	0.027359795479	2.57333855715513	-5.28661975	5.01697724999999
zinz1238	-0.077313091878	2.43997628898607	-4.89080425	4.63579324999999
zoog1238	3.72222702033	2.4602456101422	-0.42107545	9.19140025
zulg1242	-0.46854639426	1.90362766096885	-4.39843	3.38613975
zuni1245	-1.743510133199	2.30624301176783	-6.69062575	2.33927075
