Estimate	Est.Error	Q2.5	Q97.5
abad1241	-0.83306598322465	1.47700898234748	-4.4369185	1.42925025
abee1242	-0.05611972516795	1.45275325229044	-3.228147	3.179704
abkh1244	-0.150482448308	1.49317359546821	-3.4013665	2.9499885
abua1245	0.201104177664	1.3594475450176	-2.57162325	3.29597225
abun1252	-0.298100483202	1.54072411159381	-3.8474175	2.708638
acha1249	-0.1055108961008	1.50040301623024	-3.354113	3.01262824999999
acha1250	-0.3414054415844	1.40028821013628	-3.6798025	2.20796025
ache1245	0.36062234642015	1.48453688831941	-2.3994695	3.8556885
achi1256	-0.1426249509344	1.37814203942326	-3.3076265	2.66681174999999
achi1257	-0.3686429132065	1.37998580735669	-3.49095125	2.1292315
achu1248	-0.1219872961523	1.44086115148872	-3.2734635	2.9020925
acol1236	0.17563361272555	1.50256239880707	-2.95474875	3.54270625
adan1251	-0.4261036441057	1.45407595433876	-3.8274825	2.2555905
adon1237	-0.384921853849	1.35463259263167	-3.7354105	2.10277775
adze1240	-0.9819548034901	1.47688823448003	-4.43332225	1.24930675
afar1241	-0.1192578740971	1.51235096559599	-3.562467	2.9084595
aghe1239	-0.07095880134185	1.44777052444596	-3.147326	2.8207295
aghu1255	-0.123373141172	1.60364224721202	-3.624425	3.21564525
agob1244	-0.1984209697375	1.42106444486092	-3.337557	2.638629
agua1253	-0.18409033487525	1.48698279835362	-3.56774	2.82634425
agus1235	0.1365297658916	1.27042552137056	-2.3680945	2.99229
agut1237	0.5698487026933	1.41982700612815	-1.83489775	4.020882
aheu1239	-0.1284325272371	1.4575287491743	-3.189262	2.85545625
ahin1234	1.0932381313918	1.51633858047743	-0.98202795	4.772518
aime1238	-0.267645613831	1.36247036418142	-3.37136525	2.29843
ainu1240	-0.0824536767835	1.53169976295277	-3.53809875	3.172875
ajab1235	-0.01250977618384	1.45947606984083	-3.305348	3.040988
ajie1238	1.278920058683	1.45223992692276	-0.78961635	4.6185405
akha1245	-0.230331323473	1.49494616092947	-3.45397175	2.80289225
akoo1248	0.2718080046109	1.44600991170904	-2.596299	3.58740674999999
akun1241	-0.063811465888	1.54477589615344	-3.445926	3.40251275
alab1237	-0.1479412018865	1.3069223831527	-3.01315775	2.58383675
alab1254	-0.3039281908995	1.44170541703844	-3.688999	2.37756299999999
alac1244	0.2805260367025	1.25566922478295	-2.05223175	2.996797
alag1248	-0.261803735425	1.53040432383912	-3.88020775	2.73370724999999
aleu1260	-0.19055323000865	1.45929009563535	-3.55234625	2.75976325
alor1247	-0.4198213040355	1.39852182163959	-3.69597725	2.22480475
aluk1238	-0.084507381715	1.42547899356794	-3.185713	2.93830299999999
amah1246	-0.11985185153865	1.3995636801362	-3.2811465	2.75066675
amam1246	-0.907852707135	1.52863443379965	-4.651562	1.462242
amap1240	-0.058937935237	1.481244944823	-3.29124375	2.9683145
amar1272	-0.95080362728335	1.44822388716488	-4.513805	1.20885225
amas1236	0.372278081277	1.45504094122462	-2.300115	3.7923295
amdo1237	-0.00632564991295	1.5515181267383	-3.18029225	3.391362
amii1238	-0.18279136585305	1.40435047420288	-3.17202725	2.68373425
amri1238	0.3898463932625	1.492693683569	-2.4372875	3.8917045
anei1239	-0.6515178398165	1.38659823845572	-3.98306725	1.6692055
anfi1235	0.28145410722555	1.49129629085307	-2.656968	3.68827174999999
anga1288	0.296157182206	1.49483986236936	-2.7042265	3.792701
anga1290	-0.9366129116925	1.45376794359932	-4.35803825	1.3469335
anuf1239	-0.05071819304215	1.50420652472356	-3.34791975	3.16600075
anut1237	-0.83928306745025	1.53952656804991	-4.71605875	1.72922975
anuu1241	0.05442215187585	1.46239332105154	-3.0669955	3.39353674999999
aona1235	0.0982320475039	1.51786795740866	-3.016274	3.46351825
aoua1234	-0.0832532038795	1.50544420077184	-3.437128	3.01476675
apat1240	0.1164215090792	1.5449658047672	-3.081896	3.54934675
apin1244	-0.1183591759815	1.40581497467818	-3.37205675	2.74511
apma1240	-1.46294652121315	1.68332704679826	-5.52349875	0.735527449999998
apur1254	-0.56409246078825	1.41196749707685	-3.85829275	1.86740025
arak1252	-1.328926900479	1.54977642115528	-4.87758675	0.934239924999999
arao1248	-0.17300829850615	1.40019172790568	-3.15932725	2.8307725
arap1274	-0.3682435237775	1.42043087971354	-3.51607875	2.26255225
araw1273	-0.0442692544305	1.38578948138529	-2.96364925	2.9733095
arbo1245	-0.71426187991995	1.48979205930952	-4.49950825	1.75262725
area1240	-0.071954121737	1.15455865866694	-2.51425325	2.22563075
aree1239	-0.5280821339747	1.35177781631367	-3.61602025	1.8826275
argo1244	-0.31372280991505	1.55500349119601	-4.011793	2.6889165
arom1237	-0.1124033760351	1.51460476570469	-3.5470475	3.06785425
arop1242	0.3398243439875	1.25291592574478	-2.00553975	3.27798025
arop1243	-0.922379839955	1.59717575888028	-4.779566	1.76925375
aros1241	-0.0459635319555	1.25028388336345	-2.7650545	2.53026425
arta1239	1.085422116692	1.5238696645138	-1.1758495	4.75229375
ashe1272	1.0525381730785	1.56158156340693	-1.3329835	4.79117025
assi1247	-0.2368825258811	1.46672182409325	-3.5952895	2.618141
asur1254	-0.05301559973385	1.52089162007018	-3.30499675	3.12981775
asut1235	-0.110865227997	1.48180127814682	-3.51537125	2.972965
atam1240	0.7639408276275	1.47491326555517	-1.681172	4.26534724999999
atay1247	0.5962680736865	1.28698636060527	-1.77380075	3.626092
athp1241	-0.0953705992545	1.49265664912595	-3.29121575	3.11967775
aton1241	0.343489221664	1.50271849643433	-2.6732085	3.778625
aulu1238	-1.55501368931525	1.61760656992981	-5.36533225	0.562705149999999
auuu1241	0.236798793623	1.3454240814591	-2.45509775	3.30146775
auye1238	-0.41506781715165	1.46498495438926	-3.864847	2.25619175
avac1239	-0.0413546746255	1.41374543840538	-3.08470175	2.882417
awad1243	-0.1383883194335	1.46442427802567	-3.3918605	2.88366275
awad1244	-0.9807921513724	1.5207871881727	-4.535496	1.44417575
awar1248	-1.01346654379005	1.49396029571995	-4.65877875	1.20222825
awar1249	-0.556195540023	1.48578020766441	-4.12317825	2.120018
awet1244	-0.3543540477476	1.45654569894794	-3.6842615	2.464058
awji1241	0.3474760247715	1.37071756961675	-2.2748925	3.46812499999999
awtu1239	0.178209744097	1.34829968098238	-2.6078145	3.23231525
axam1237	-1.5302221203225	1.62816120607839	-5.467923	0.626040424999998
axiy1235	-0.0743330067745	1.47969420873834	-3.316168	3.14335299999999
ayac1239	0.018685965739	1.46626526761526	-3.0648795	3.1928765
ayiw1239	-0.42845216597925	1.17904120753871	-3.248861	1.7493965
azha1235	-0.1259803486665	1.48318588538999	-3.38255	3.01950175
baba1264	-0.09290276713965	1.47393491357451	-3.277287	2.97762675
baba1266	-0.06384799278055	1.48504895563692	-3.38754375	3.089015
baba1268	0.7265601736875	1.35493849539146	-1.599953	3.88226
babi1235	0.1818437741571	1.43967027188736	-2.850451	3.34018475
bada1257	-0.081658340459	1.43140785573398	-3.24234175	2.89703349999999
bafi1243	-0.04373453509595	1.39525151591935	-3.13362475	3.043324
bafu1246	-0.0647219385905	1.45746717947255	-3.274585	2.91920149999999
baga1272	0.007871037721	1.49751684236863	-3.32117125	3.239445
baga1273	-0.0224628707175	1.47755196618711	-3.24670525	3.12932225
bahi1252	-0.12796748776076	1.49702226456013	-3.54495475	2.80685999999999
baim1244	0.00035295955785	1.5058722128765	-3.2323955	3.28393174999999
baki1244	-1.461133669956	1.56371761196491	-5.24924525	0.556843074999999
bala1311	0.9903061815785	1.57684527777581	-1.35113075	4.703167
bala1315	-0.214816123794	1.37157337314586	-3.19100475	2.55669825
bala1316	1.62697703835975	1.79353681651083	-0.6881779	6.02901625
bali1278	-0.35122847422125	1.37311594257429	-3.54112	2.11263175
balo1261	-0.0445128205795	1.47099947750359	-3.21663725	2.99992
balu1257	-0.69108045853534	1.45502701668646	-4.2671175	1.70071725
bamb1270	-0.2149729002903	1.3817409896562	-3.3301685	2.48034724999999
bamu1253	-0.0863478333469	1.38139094366631	-2.9522705	2.83103025
band1344	-0.039567971554	1.45926094127513	-3.2458835	2.95884875
bant1281	-0.0992169829605	1.51588760877853	-3.516048	3.16346775
bant1288	0.7677851812555	1.49064432172288	-1.650284	4.321995
bara1357	-0.13293140240745	1.54050233151995	-3.479445	3.210197
bara1369	0.98022678803755	1.51792759746692	-1.32705675	4.68735975
bara1370	-0.462599915326	1.40211050833164	-3.67850025	2.06155675
bare1276	-0.5209438310932	1.41912408929226	-3.99327425	1.96500525
barg1252	-0.84357681751885	1.51212262656296	-4.468377	1.66536275
bari1286	-0.94726684149625	1.44844259116954	-4.5618255	1.234851
baro1253	-0.4782556473095	1.27129918816996	-3.347555	1.75906275
basa1282	0.094376712118	1.4971482286487	-3.01135775	3.308077
bash1264	0.021039782678	1.50666593472732	-3.13122125	3.38039125
basq1248	-0.04493540056235	1.46941161501578	-3.27597425	2.990404
bata1289	0.917784849886	1.44973914239436	-1.3150815	4.63039775
baur1253	1.03614401149	1.54108156448945	-1.16066775	4.74002725
bayb1234	0.328154923684	1.3550738700155	-2.16714575	3.52082025
bebe1248	-0.0690404324901	1.46780812807683	-3.333294	3.09769375
beem1239	-0.043149199338	1.47510903241625	-3.233546	3.008946
beka1241	-0.5061517930695	1.48783730418636	-4.035547	2.19041675
bekw1241	0.0354363886855	1.47945752938229	-3.209967	3.23104399999999
bekw1242	-0.01765776939575	1.55840625802316	-3.23600975	3.21925299999999
bela1254	-0.06423665208855	1.42937775684354	-3.20053075	2.97295075
belh1239	-0.0934207055408	1.49648361372117	-3.342017	3.19316975
bell1243	0.52687888748975	1.52804441837598	-2.0900405	4.16725924999999
bemb1257	-0.02616399898253	1.51977459569943	-3.36427725	3.21120825
bert1248	-0.037514075072	1.53894982062523	-3.3230975	3.33341574999999
bhoj1244	-0.098253814937	1.48370379773562	-3.3977105	3.031877
bian1252	-0.975692746287	1.48905347017651	-4.5951555	1.36451275
biao1253	-0.0621813264625	1.54823703740699	-3.400777	3.22846275
biao1254	-0.070621354245	1.52404153104168	-3.32531125	3.14275525
biao1256	-0.052776517021	1.4630720307387	-3.361521	2.97109975
bier1244	-1.473034010361	1.57536330386682	-5.37278875	0.568022175
bign1238	-1.450469409499	1.57267591253737	-5.064158	0.759599024999999
biha1246	-0.2581530406675	1.44707625616986	-3.765418	2.548473
bila1255	-0.064500322198	1.48739530655464	-3.2214965	3.053392
bilb1241	-0.915311259479	1.48639393810903	-4.61226675	1.3252855
bili1260	-0.0861254577352	1.38107796791648	-3.1079115	2.78678725
bimi1240	-0.22410165766165	1.45187388829149	-3.3788045	2.5128035
bina1277	-0.7267679556532	1.4970922381487	-4.344039	1.86825699999999
bini1246	1.40254086021365	1.85562769104977	-1.09625175	6.25219775
binu1244	0.7376441772087	1.47122747231965	-1.57954925	4.3490095
bira1253	-0.7156779446215	1.52401679620135	-4.40632125	1.83611325
bisu1244	-0.15210555492095	1.50243631661679	-3.57181775	3.20853475
bitt1240	-0.2544319470585	1.53370662128991	-3.64768425	2.86312225
biwa1243	-0.3615622513385	1.49028262244929	-3.87751275	2.52325725
blab1237	1.0996241791157	1.35048334091189	-0.946324525	4.2720805
blan1242	-0.1995096953485	1.37756756558371	-3.41942975	2.59619025
bodo1269	0.444932197612	1.49804279532799	-2.15796175	3.956205
boht1238	-0.4136259943771	1.40896842215265	-3.6448795	2.2588605
boka1249	0.03928126048	1.44976987874041	-3.06023225	3.28448625
bola1250	-0.7860113908955	1.48124068288701	-4.574271	1.587685
boly1239	-0.096669085073	1.45125347203326	-3.31571	3.04137225
bomb1262	-0.02449067708475	1.38162583112942	-2.92669625	2.7857185
bomk1234	-0.035708318123	1.50485574124024	-3.414261	2.9550245
bona1250	-0.046607838786	1.53284151766701	-3.360359	3.03073975
bond1247	-0.08753686984555	1.51009521029901	-3.345458	3.04202924999999
bong1289	-0.040931513933	1.30035595590662	-3.0541045	2.5583425
bora1263	0.0479469548182	1.44326634760515	-3.09432025	3.21068725
boro1277	-0.0418317440195	1.52900979224509	-3.32904725	3.275285
boro1282	-0.047269904901545	1.48868371241975	-3.26116775	3.16042525
boto1242	0.878663890938	1.47185489777232	-1.515587	4.311258
boun1243	-0.0485540872126	1.5006884610913	-3.164135	3.083156
boun1245	-0.467000083504	1.40861918573571	-3.7221865	2.1191535
bret1244	0.9846846154925	1.50504597616269	-1.38269575	4.54241699999999
bube1242	1.52519460352075	1.90793483424675	-0.9679333	6.454446
budu1265	-0.1943951185135	1.43436226660336	-3.4526275	2.59858625
buga1247	-0.129514484726	1.4613604068154	-3.36385975	2.89513425
buga1250	-1.0305828991503	1.52541756228923	-4.726312	1.1221355
bugh1239	0.8634378427284	1.27209920836744	-1.2265595	3.942542
bugi1244	-0.46788022790105	1.41294911097211	-3.835128	2.10220325
buhu1237	-0.532060387017	1.40219740650012	-3.89955475	1.8638525
bujh1238	-0.1502794744822	1.46810613249099	-3.34894275	2.92811125
bull1247	-0.0412385015979	1.44311858866918	-3.0825955	3.055374
bulo1242	-0.1702052606	1.52069030340038	-3.406051	2.86089475
bulu1251	0.04457279689975	1.40753690723872	-2.967599	3.17823675
bumt1240	0.029215355706	1.47676504566502	-3.13441525	3.22726575
buna1276	-0.28200616524605	1.3200687025405	-3.25781425	2.27904375
bund1253	-0.05006032650195	1.51890034558402	-3.34787325	3.20602075
bura1292	0.273293480256	1.36620191377095	-2.503541	3.3759235
bure1242	-0.1726984915775	1.41314227561422	-3.4615935	2.75523774999999
burj1242	-0.30390778204	1.47025856361167	-3.6597	2.42775875
buru1320	-0.23699382920625	1.42728693930395	-3.47985375	2.621859
busa1253	-0.055112176581	1.4609061971664	-3.388178	2.92702175
bush1247	-0.01964871173885	1.50533056488186	-3.2304095	3.238029
buwa1243	-0.000113286604599999	1.2793822807668	-2.72827675	2.8350045
bwai1242	-0.3591551063308	1.28762668435216	-3.343423	2.02425124999999
bwat1240	1.387710248363	1.59741451119937	-0.83616865	5.11042325
byan1241	-0.04250734951385	1.46376584812079	-3.1806055	2.91677
caac1237	1.65484936608785	1.79395942972923	-0.737017725	5.80426975
cacu1241	-0.5934202635576	1.5213673658632	-4.26120125	1.92378025
cahu1264	-0.2061037831495	1.37687796194412	-3.3070475	2.52045325
cakf1236	0.29491787907445	1.31896057245871	-2.21158925	3.23718224999999
cald1236	-0.1238060042016	1.49057327111905	-3.4993275	2.89850675
caml1239	-0.1002247624835	1.50281443700674	-3.39855325	2.9323535
cane1242	-0.0872359060801	1.4111456185394	-3.28949075	2.88439575
caom1238	-0.06780869333907	1.47888066847493	-3.47242	2.9588865
carn1240	1.3312694095162	1.8799052058632	-1.18710225	5.95473249999999
caro1242	0.09083851913665	1.42279726620494	-3.14327975	3.21623725
cash1251	0.0184449026962	1.40388949244162	-3.002516	3.019882
casi1235	1.0351126686112	1.57750722509618	-1.352414	4.7768375
cayu1262	1.434558935619	1.79874561136064	-0.8610006	5.950607
cemu1238	1.510254631285	1.67961694640134	-0.806796875	5.57630225
cent1989	-0.1836590127255	1.40076081398826	-3.3574655	2.66850125
cent1990	1.2328942527255	1.8039614502997	-1.26737	5.67342825
cent1992	-0.23334323168205	1.49223942170683	-3.69409625	2.96158925
cent2004	-0.0415496999888	1.51582938681752	-3.22748925	2.9983835
cent2050	0.09554914973254	1.41765677841334	-2.80584675	3.24314499999999
cent2084	0.76071007623295	1.44989245784121	-1.60084425	4.25927875
cent2087	0.659506590868545	1.50767671720489	-1.81878275	4.300943
cent2100	1.11092941628025	1.45540512404294	-0.984201275	4.46894275
cent2126	-0.15179646637795	1.4617460260377	-3.30884175	2.68368225
cent2127	-0.172561669864	1.52172445564754	-3.57068075	2.98403825
cent2131	-0.01874675651	1.37205763225577	-2.92190525	2.98359225
cent2140	-0.448069803286	1.54190538789986	-4.10495925	2.42548525
cent2142	-0.1035265898598	1.50489917658009	-3.533964	2.9284605
cent2292	0.3047363095975	1.18381376662708	-1.99208125	2.79051125
cent2314	-0.1410674751645	1.45264981299489	-3.40160975	2.92249824999999
cent2322	-0.04540831563	1.55267277493239	-3.5694485	3.23869774999999
chac1251	0.1608953768975	1.47194639893115	-2.77319975	3.52854
chak1270	0.0479109803159	1.43648430998843	-2.93320825	3.2822735
chak1271	-0.0382728043353	1.5129293123534	-3.26741025	3.1924475
cham1312	0.7375047645585	1.4386069696171	-1.64770325	4.15609574999999
cham1315	0.3651646964736	1.51779536439161	-2.40575625	3.95177674999999
chan1313	0.0131419459795	1.46759125348088	-2.99352475	3.1987625
char1269	-0.6997214358845	1.56234743395698	-4.510101	2.03829775
chas1234	-0.03482198229337	1.44895459428662	-3.1670825	3.2249465
chek1238	0.90749687104955	1.23878887148675	-1.07810175	3.7802735
chen1255	-0.0189728297309	1.6118949288292	-3.42243275	3.37611275
chep1245	-0.17171946287135	1.50773271978043	-3.54637425	3.09072575
cher1273	-0.189357553241	1.48783240411854	-3.40339275	2.746585
chey1247	-0.4405739078815	1.4280477724031	-3.8633255	2.09081075
chic1270	-0.2107936767386	1.5136456659611	-3.5660145	2.87820625
chil1280	0.2683597765265	1.46771064929789	-2.784221	3.56198925
chim1302	-0.097605792226	1.50295687316843	-3.40205275	3.0309715
chin1286	-0.266992961752475	1.44706964277598	-3.5960985	2.52413675
chip1241	0.696994353841	1.50150701685492	-1.7872135	4.26099949999999
chip1261	-0.10853195627	1.5375260593058	-3.589323	3.0890195
chiq1248	-0.182164182992	1.44387266413526	-3.3457325	2.65519
chir1283	0.1587656275475	1.46560916006876	-2.84679775	3.31112725
choc1275	0.0611945087475	1.50800522874353	-3.16314275	3.295683
choc1276	-0.16694769001015	1.43122888010578	-3.40751275	2.71638074999999
chon1284	-0.1637807889111	1.41753232842682	-3.3265655	2.85282025
chot1239	0.27053417130875	1.48203984536694	-2.7184895	3.74176575
chra1242	-0.09626693523735	1.60100140022369	-3.60414325	3.16878225
chug1252	0.09270614026955	1.50615110668423	-3.11714075	3.24638974999999
chuj1250	1.17545095360764	1.70639966756497	-1.1620305	5.43530025
chuk1273	-0.080608310588	1.49802379064792	-3.32202775	2.88885625
chuu1238	-0.106870362722	1.47366910773262	-3.31766525	3.010037
chuv1255	-0.059968660398	1.48218409764338	-3.2885245	3.19993675
chuw1238	-0.01614691347685	1.58332814905681	-3.60189725	3.5172775
cici1237	-0.0700189301104	1.43538992056471	-3.383721	2.93345025
coat1243	1.1620352174873	1.66714262887208	-1.28988625	5.1995125
coca1259	0.03163357530735	1.39508673120404	-2.980806	2.8904025
coeu1236	0.36121982172835	1.32720994717956	-2.09227875	3.55742525
colu1241	0.19687902125	1.29655009878858	-2.48296425	3.1203905
coma1245	-0.2051445017992	1.41626903893221	-3.4035715	2.71160325
como1259	0.8628287902035	1.58736339463089	-1.587103	4.83339025
cors1241	-0.07622974101055	1.42034688133146	-3.173828	2.89529475
cosa1234	-0.2619200636477	1.47380661848392	-3.58302425	2.706891
cota1241	1.072750589831	1.63785082855443	-1.29029775	5.14564425
cree1270	-0.1563929072815	1.42304325048834	-3.35694475	2.60381699999999
crim1257	-0.0420854247445	1.49825943688585	-3.4559485	3.1225235
crow1244	-0.40689040210235	1.40257951600312	-3.72763775	2.34486425
cube1242	-0.5052183415725	1.56094171179401	-4.46115025	2.26987474999999
culi1244	-0.35707960810495	1.43764867314377	-3.72102425	2.33257325
cusc1236	-0.038940593882	1.40321005660241	-2.97995225	2.98301
czec1258	-0.048186284345	1.51083021207988	-3.393818	3.2055365
daai1236	-0.000937072893999998	1.44673258671375	-3.14375175	3.0342055
daas1238	-0.60422024274765	1.50640388606226	-4.2611405	2.09852649999999
dadi1250	-0.496201919658	1.49176046509802	-3.979965	2.2241635
dagb1246	-0.065481294044	1.54493726774736	-3.566818	3.21586575
dagi1241	0.41616931215145	1.51496446759269	-2.40298675	3.95712974999999
daka1243	-1.557934559115	1.66028099296639	-5.548883	0.606273049999999
damp1237	-0.32248513192665	1.39421372773256	-3.65538475	2.165857
dana1252	-0.09945727218075	1.50981324409209	-3.533579	2.99879549999999
dand1238	-0.01793350146015	1.4473998070999	-3.152189	3.02725175
dara1250	-0.14847677770555	1.43361131955777	-3.264825	2.7646525
dard1243	-0.0943206748114	1.43941465919984	-3.3947145	2.80438625
darm1243	-0.0456064981088	1.47181566761798	-3.182704	3.04269775
dawr1236	-0.5001736476105	1.5519743412629	-4.23624775	2.312925
daza1242	-0.0409349408645	1.43032506074018	-3.05068225	2.99307924999999
defa1248	0.38896465789265	1.34075768014799	-2.3432155	3.44677575
dege1246	0.3081243958634	1.43415870851673	-2.5429215	3.74747425
dera1248	0.1488505701175	1.34036500703639	-2.55268925	3.02266
desa1247	-0.53116397057665	1.50093969226659	-4.1283595	2.1496715
dhao1237	0.23975851790435	1.33235381403132	-2.54713475	3.014009
dhim1246	-0.033989683039	1.43986263819504	-2.962199	2.916875
dibo1245	-0.0499872377605	1.45265839468661	-3.10935775	3.04321374999999
diga1241	-0.015661173597	1.44397640034417	-2.94013875	3.04763975
digo1243	-0.0797586440005	1.48748960729111	-3.2566735	3.18272325
dima1251	0.6728596776211	1.50512029114028	-1.9051475	4.16852925
djam1255	-0.14194165541344	1.43717416028613	-3.4255915	2.75675149999999
djee1236	-0.13071126088605	1.49722011529227	-3.70052975	2.97846375
djeo1235	0.8756121253401	1.53865008678603	-1.63627	4.52539775
djin1251	-0.07733417272425	1.506932370234	-3.46042325	3.09844674999999
dobe1238	-0.285649499236	1.3847942682273	-3.51362775	2.3953075
dobu1241	-0.210653673007	1.26479809248832	-3.16314175	2.12076175
doma1260	-0.0315922993775	1.46760820178365	-3.13668775	2.9438565
domm1246	-0.61955438564315	1.45225266566528	-4.15153975	1.954839
doro1266	-0.78955486010685	1.52482499552399	-4.54997425	1.7157405
drun1238	-0.02100602024915	1.4308717404977	-3.02275525	2.95301099999999
dumb1241	0.5312962408484	1.33652788893933	-1.960351	3.62438525
dumi1241	-0.1035959365076	1.50030005395754	-3.36419925	2.974512
dusn1237	-0.5348258139365	1.41888392783446	-3.8552735	1.99805625
dutc1256	-0.0882518640876	1.48868668505787	-3.2941955	3.01887825
dyul1238	-0.0944295231925	1.54504986180091	-3.37426	3.28542525
dzao1238	-0.05879450955823	1.52996287679297	-3.58173975	3.27193574999999
dzon1239	0.0280072511445	1.32901102115436	-2.64335125	2.87802
east1236	-0.2091998437755	1.48769667000969	-3.699564	2.7533405
east2328	-0.02958269707	1.40113435374552	-2.928244	2.83204175
east2332	-0.15210547765575	1.42471911489048	-3.19085325	2.7454615
east2342	-0.123292993261	1.54721742066385	-3.425806	3.0724725
east2443	-1.3861329082325	1.65180523523258	-5.42176725	0.866440199999999
east2447	-0.450526980960155	1.32890117705543	-3.41731025	2.034935
east2485	-0.1358687605741	1.35738061675898	-3.194975	2.5988865
east2516	-0.4256054859395	1.46640363673447	-3.940354	2.245485
east2555	0.06653829696965	1.51606958135024	-3.3488205	3.295805
east2556	0.546730482062935	1.25131595099386	-1.6287075	3.5038045
east2690	0.85165241873978	1.52709332107894	-1.4861565	4.49180599999999
east2773	-0.14191098138835	1.51275339397295	-3.698176	2.92248149999999
egaa1242	-0.0810246124575	1.55449549693662	-3.5838935	3.21535075
eipo1242	-0.135130383821	1.45190690860967	-3.35850125	2.743465
ekar1243	-0.33502920285365	1.41272360438673	-3.671469	2.38253175
elip1238	-0.0212755705224	1.39548321073777	-2.880198	2.960638
elna1235	1.1616026234265	1.50489551638308	-1.000762	4.89526025
emae1237	-1.34097707457095	1.53244006986172	-4.85093525	0.741896424999999
emai1241	0.817632448092	1.59889116295671	-1.73005275	4.698367
enap1235	1.0686824528495	1.59681678819582	-1.3382155	5.02472925
enuu1235	-0.2114724387835	1.40056244828516	-3.270115	2.47673875
ersu1241	0.0016719061085	1.59732454620776	-3.340682	3.28886675
erzy1239	-0.0233024226087	1.55249047235485	-3.49692725	3.2020195
esee1248	-0.23769265208795	1.43968243983272	-3.545166	2.90950475
esim1238	-0.0389826515986	1.42863438528552	-2.931062	2.8255025
esto1258	-0.035231636663	1.51958230350898	-3.5466755	3.27714524999999
even1259	-0.02293002281	1.46645395432998	-3.10911175	3.15147874999999
even1260	-0.015211914416	1.52947186494424	-3.35957025	3.16866775
fait1240	-0.801801745542	1.51018081112417	-4.44248275	1.65307275
fala1243	0.72776886013005	1.56274269294444	-1.9413165	4.378047
fare1241	-0.031282961723	1.47943361647956	-3.099667	3.0453895
faro1244	-0.0799451479145	1.45503747863775	-3.392237	2.95034375
fass1245	0.1355099336135	1.37151433828274	-2.8153935	2.94338625
fasu1242	-0.3282839077956	1.44041149379506	-3.69326975	2.521156
fiji1243	0.03724567814542	1.22571756579672	-2.601165	2.63016825
fili1244	0.843518966069475	1.53502334626352	-1.452762	4.594763
filo1235	0.32658165124795	1.16888018043152	-1.8144205	3.06312075
fina1242	0.47797326059015	1.23706832702962	-1.8346425	3.1854535
finn1318	0.0112889620485	1.56388201178362	-3.30225225	3.2431205
fonn1241	-0.0035944656116	1.45362209925584	-3.27591375	3.00038875
fore1265	0.0188017330565	1.49717608886091	-3.103899	3.162772
fran1266	0.92986508542	1.55868297265221	-1.51961625	4.93132575
fuln1247	-0.11778411908905	1.47041699006846	-3.35902775	2.9287975
furr1244	-0.02992617635355	1.51193996933967	-3.23013875	3.16884275
furu1242	-0.066087558760215	1.57108957448623	-3.2138455	3.3089145
futu1245	-0.92232996939495	1.48862494360646	-4.62589075	1.470415
fuyu1242	-0.8541076265885	1.44842246735536	-4.35218225	1.44463325
gaaa1244	-0.036647161446	1.46119979718765	-3.15251275	3.1258895
gaan1243	0.4780671904045	1.36164053522717	-1.9139475	3.58325825
gada1258	0.617157523158	1.32001526439816	-1.703761	3.5379645
gade1242	-0.03024781471385	1.45875437635141	-3.1561115	2.95948624999999
gaga1249	-0.0063624354265	1.44363528388796	-3.20256125	3.05052825
gahr1239	0.0044390283715	1.5474202646957	-3.273303	3.318633
gale1259	-0.0647155777085	1.45728655334563	-3.10720925	3.12088925
gali1258	-0.0679189051998	1.57234260793068	-3.55063	3.09759975
gali1262	-0.1989451069155	1.49154910682002	-3.428032	2.7643425
galo1242	0.039062857577935	1.50877417871863	-3.21855775	3.16291974999999
gami1243	-0.11360652563915	1.50240507457654	-3.336119	3.00707724999999
gamo1243	-0.576620298956	1.6437741795781	-4.64828325	2.1186885
gang1266	0.3001139309595	1.46350169440192	-2.5439	3.75183475
gant1244	-0.6561766418675	1.48155439207876	-4.386313	2.00103125
gapa1238	-0.5819469772284	1.40275100893515	-3.78438075	1.87733025
garo1247	0.284638146863	1.49349673977948	-2.73337275	3.53546325
gayo1244	-0.41896657191	1.36926796479354	-3.48446575	2.18532875
geba1237	-0.06873241523885	1.4999637055121	-3.32574075	3.08175375
gebe1237	-0.3720682856802	1.42388764984982	-3.47581475	2.37266425
geda1237	-0.90406936374385	1.48497831719703	-4.605033	1.31880525
ghan1242	1.450027759421	1.60554959849421	-0.737043225	5.11664325
ghar1239	0.97325845001205	1.35555707270626	-1.12559575	4.11651225
gheg1238	-0.07600387142375	1.3841209431446	-3.0748405	2.9275645
gilb1244	-0.12728241633115	1.34131652124998	-3.20030975	2.575429
gily1242	-0.0964631248466	1.42710763576492	-2.99556775	2.89603
gira1247	-0.84974298241925	1.51259555021432	-4.483349	1.575832
glav1244	0.3628771411824	1.32306548833134	-2.06153775	3.525315
gofa1235	-0.572051968426	1.61161818650524	-4.536597	2.22640125
gogo1265	-0.2377172574925	1.54038190070652	-3.5649795	2.92806924999999
guah1255	-0.2374917719955	1.47547214785131	-3.60364975	2.66762275
guam1248	-0.08128920049355	1.50373690724569	-3.3541705	3.10628125
guan1266	-0.0055948073535	1.44626329677994	-3.20436475	3.11276799999999
guan1269	-0.58438509986451	1.50907043715556	-4.18634075	1.93369275
guat1253	0.52580064473085	1.46446818307346	-2.17010475	4.01629425
gube1234	-0.008165163028	1.4988501767983	-3.02723525	3.254065
gude1246	0.028161134667	1.28354682463634	-2.92616775	2.83105525
guer1243	0.5945613544559	1.35198871680864	-1.79951475	3.77629125
guhu1244	-0.8787569363551	1.51511378509684	-4.58115525	1.4394345
guiq1238	-0.0122046996635	1.5900703795849	-3.49667475	3.3435365
guma1254	0.02205057909475	1.24611715895523	-2.6913445	2.629664
gunw1252	-0.1254327409335	1.44706123319547	-3.39292825	2.86534525
guny1241	-0.1918189281535	1.44693125053317	-3.51042225	2.839336
guru1261	-0.13129150006	1.49567809683969	-3.5629845	2.7619275
guru1271	0.08039126714075	1.38761483884825	-2.875957	3.07852925
gusi1247	-0.08151792402525	1.52070494448438	-3.3718025	3.0312115
gwen1239	-0.10306683470685	1.44483753871558	-3.20819625	2.84395725
gyel1242	0.33328950866995	1.45901388884757	-2.422262	3.7540125
haaa1252	-0.02188198847045	1.48152921099609	-3.27015475	3.2212705
hadi1240	-0.335755011856	1.45238346602718	-3.6641415	2.279238
hadz1240	-0.181065692239	1.49004203304575	-3.49082725	2.8592405
haka1240	0.2467533568995	1.49542209690758	-2.79258575	3.53096025
hakk1236	-0.0019452033765	1.52511230231615	-3.26277325	3.4413215
halh1238	-0.0194889411325	1.47099927356583	-3.292459	3.11761974999999
hali1244	-0.114396551617	1.28304330216682	-2.79093525	2.47461475
halk1245	0.593912426649	1.4561773154011	-1.8819075	4.27929725
hame1242	-0.83182968634675	1.51779810120347	-4.4438895	1.629534
hang1263	0.0502128163015	1.38434892494288	-3.01887225	2.97856775
hani1248	-0.1597800887002	1.46354742666401	-3.47444	2.8080075
hano1246	-1.38264747664925	1.70581565837604	-5.540951	0.893872699999998
haru1245	-0.51635171438285	1.50976223473202	-4.1372925	2.403188
hava1248	-0.2540399043475	1.45135817133556	-3.6674365	2.540845
hawa1245	0.4268889499045	1.32762875111947	-1.948599	3.56014675
hehe1240	-0.02644666115165	1.46543525838056	-3.276016	3.1368585
hela1238	-0.1499391496612	1.51888789800698	-3.50624375	2.924206
here1253	-0.04472386853085	1.58903266757749	-3.44767275	3.35717025
hida1246	-0.2252534447666	1.49019462061743	-3.71790975	2.746093
high1276	0.3838952839617	1.23500817212105	-1.82195275	3.19681499999999
high1278	0.3382176736846	1.17750840906865	-1.7790865	3.086484
hixk1239	-0.2027603623415	1.53865513907649	-3.6942585	2.94293225
hoaa1235	-0.040414386644	1.41294528571732	-2.86952825	2.95340275
hoav1238	1.9578216082935	1.88767255063512	-0.43775705	6.44223649999999
hone1235	-0.03778080938725	1.39369372019413	-3.0797895	2.9528505
honi1244	-0.1734820496947	1.40990946107595	-3.320208	2.652812
hopi1249	-0.2936839702695	1.41684807201382	-3.5012615	2.493685
horp1239	-0.000553512387199997	1.53451963541275	-3.41088675	3.26776675
hote1245	-1.021025122712	1.48358080274508	-4.516304	1.2467685
huaa1248	-0.09102457887955	1.45900861758882	-3.19714475	2.84544025
hual1241	0.388846308785	1.42625122899618	-2.3771735	3.66619575
huam1247	-0.1971986150455	1.47843203324857	-3.5442665	2.75541425
huar1255	-0.34189185711635	1.32424285704991	-3.46434275	2.09138975
huas1242	0.416215599284935	1.29165575536591	-1.91217175	3.53132175
huba1236	0.2337524319745	1.31210181540344	-2.4319115	3.10565925
huic1243	0.60785778077305	1.34843387103046	-1.807827	3.72905724999999
hula1239	-0.7316442756404	1.52635067994031	-4.4914145	1.841442
hula1244	-0.3374453004376	1.39578186117512	-3.57289675	2.41483525
huli1244	-0.294279452825735	1.45188290267669	-3.73242175	2.65344075
hung1274	0.02380970903068	1.5557932977345	-3.32094925	3.5164825
hung1275	-0.121952489447	1.46255658438882	-3.260198	2.87560175
hunz1247	-0.269860205657	1.48716089070783	-3.9007005	2.61916375
huuu1240	-0.2618988648181	1.40037232180804	-3.42957375	2.422015
iaai1238	1.395481464469	1.59223540432548	-0.796097675	5.178581
iama1237	-0.203744313664195	1.25434286710182	-3.03478525	2.2530185
iatm1242	-0.18809242689875	1.48834429090973	-3.629792	2.79570725
ibal1244	0.981959395241765	1.48585491535674	-1.29107175	4.48817524999999
iban1264	-0.4343602307213	1.45591469712667	-3.88886925	2.17195925
iban1267	0.79341815685105	1.39889012348677	-1.5269195	3.99414599999999
ibat1238	0.69623443352895	1.49165335619836	-1.82140425	4.542839
ibib1240	0.3384190384754	1.37598220284652	-2.3259185	3.40314775
icel1247	-0.04942840416708	1.49279450163049	-3.1549175	3.07294725
idii1243	-0.24870644364355	1.46636344981616	-3.395009	2.62246974999999
idom1241	0.1757195001554	1.40783784321772	-2.6833205	3.14579375
idum1241	-0.0111342589198	1.51464214545245	-3.09908425	3.178226
idun1242	-0.289948927582	1.28139759956179	-3.19218125	2.17762274999999
iliu1237	-0.46349069271705	1.39944349913718	-3.73103325	2.10301699999999
ilon1239	1.109335265374	1.51374468277849	-1.11931425	4.7860135
imba1240	-0.0931437170315	1.49021023494001	-3.468754	2.9531355
ingr1248	-0.0199029005215	1.51333792874374	-3.096723	3.18290375
irar1238	-0.50542975619775	1.42814000847342	-3.90014325	2.0242125
iris1253	0.0211185707415	1.45182448291333	-2.976877	3.1952395
irul1243	-0.0292334567577	1.49036205021561	-3.43667575	3.128131
isco1239	-0.18699257111895	1.45969024042733	-3.496272	2.57879175
isin1239	1.12026270674415	1.50822099372487	-0.95357935	4.77745
isir1237	-0.37983882138054	1.486449108352	-3.98291575	2.27698375
isna1241	0.515035584673405	1.42510021349788	-1.911645	3.91082475
isth1240	0.3050226597243	1.22922746851182	-1.96560025	3.091463
isth1241	0.291096624925	1.21814326977564	-1.973289	3.0622725
ital1282	-0.0676495229031	1.37629011789031	-2.98633875	2.8368975
iton1250	1.1843827054239	1.62886284822013	-1.0512895	5.19138975
itza1241	0.5704918547365	1.52297588194173	-2.02353475	4.18644299999999
iumi1238	-0.212927311727	1.45486750198271	-3.519071	2.74759125
ivat1242	0.3086854417142	1.305007811772	-2.1228685	3.20398775
iwal1237	-0.99505976812	1.48645524447979	-4.33846675	1.2642885
iwam1256	-0.0411485096745	1.48174112364509	-3.233199	3.00610225
iyoo1238	-0.9701532480655	1.49214834866473	-4.59271075	1.280015
jahh1242	-0.1795983520065	1.48054293737495	-3.5968395	2.83228725
jalk1242	-0.083255389444	1.51736243347226	-3.36915	3.24540975
jama1261	-0.5174041886655	1.45841981865253	-3.906583	2.10147775
jamb1236	-0.2340353864586	1.37247218957525	-3.50602525	2.55483525
japh1234	-0.01951606178045	1.48416631564182	-3.04855825	3.116799
jara1266	-0.271349841536805	1.51544627172084	-3.932818	2.602542
jede1239	-0.195069508848	1.46364108561924	-3.44968375	2.57043025
jeha1242	-0.1794624231845	1.46451677989567	-3.3146065	2.690829
jehh1245	-0.198571530294185	1.50580402362593	-3.725191	2.8893015
jenn1240	-0.0842474006445	1.41596979704339	-3.2261575	2.846089
jeru1240	-0.1467414350095	1.55233930811105	-3.74442025	2.93189999999999
jiba1237	-0.016215696591315	1.43025831146663	-3.0776905	3.20936275
jina1244	-0.241795083709	1.38496760251706	-3.53073675	2.5935395
juku1254	-0.0360667098927	1.45839915590184	-3.205187	3.0811915
kaba1278	-0.1979945990337	1.44168762588369	-3.38839325	2.54735424999999
kach1280	-0.0272745840885	1.46268091483024	-3.257882	3.06577724999999
kach1284	-0.411926321788	1.50247903392308	-4.0841035	2.39839375
kada1242	-0.069872622839	1.42000726945511	-3.2799765	2.86728574999999
kado1242	-0.19118373626975	1.4272949037211	-3.441531	2.77005575
kafa1242	-0.385229687054	1.50605200644883	-4.06699675	2.4693235
kaga1256	0.59422248679	1.45470756565918	-1.880511	4.05894175
kagu1239	-0.095062990751	1.50208693998291	-3.50480775	2.95648674999999
kaik1246	-0.0915399596725	1.56978267194881	-3.4680825	3.34354775
kaki1249	-0.71615206851225	1.53067143961567	-4.4068835	1.86429899999999
kala1384	-0.0403939806365	1.54644706254213	-3.29183775	3.44877849999999
kala1399	-0.1562467159137	1.37746364920793	-3.3765975	2.559137
kali1308	0.490236297024	1.39074246305532	-1.93670575	3.8371335
kalm1243	-0.0290627761926	1.4953862758199	-3.123162	3.161747
kamb1297	-0.0388124607075	1.4409439338854	-3.1440565	3.0952665
kamb1299	-0.1452521859635	1.3738602823315	-3.2067125	2.63604225
kamm1249	0.0079087669578	1.52242650085369	-3.2865655	3.1027725
kana1286	0.1555450869235	1.23262709120992	-2.22688175	2.88768175
kana1291	-0.213304388	1.47767498287925	-3.57199525	2.7739225
kani1286	-0.7845364611656	1.51573972880177	-4.4029315	1.6779265
kank1243	0.573775508582	1.25938317826732	-1.58627125	3.4539355
kaqc1270	0.65621994443355	1.43014969227562	-1.6917475	4.12873325
kara1486	-0.180932941432	1.29174943473676	-3.01836775	2.426988
kara1487	0.94927494641495	1.40794592400993	-1.1293795	4.274217
kara1500	-0.1440795131115	1.45802014765509	-3.38599325	2.81870825
karb1241	0.58287951601135	1.4753220283772	-2.0984725	4.06127199999999
kare1335	-0.0462058540134	1.44195797358789	-3.2002565	3.050217
kare1338	-0.074019928716	1.39656452550215	-3.105679	2.81866949999999
kari1311	0.22563729174	1.44856713841626	-2.81717475	3.46070174999999
karn1252	-0.9680349890815	1.57063392212057	-4.96461575	1.43521125
karo1304	-0.235774353728	1.45426260996183	-3.51066025	2.48142075
kash1277	-0.03399246424875	1.47045875193676	-3.217239	3.05346375
kask1239	-0.0017316051528	1.49947037363972	-3.41458475	3.0672655
katb1237	-1.5182625786628	1.58197946152147	-5.2047725	0.594697499999999
kats1235	-0.07916676789155	1.52147288897492	-3.439047	3.01549149999999
kava1241	0.6932636794275	1.36019735763732	-1.5655155	3.8927335
kaya1315	-0.0590151028315	1.51021562657327	-3.3821205	3.057819
keap1239	-0.6840652355735	1.53987196483101	-4.2753575	1.87333875
keig1242	0.7095986459679	1.57135979215855	-1.87368225	4.6836045
kele1258	-0.668639598940065	1.41502231046976	-4.035208	1.64429375
kemb1249	-0.58584984352345	1.4320669985484	-4.09261975	1.9134055
keme1240	-0.1058405151175	1.43675830608574	-3.3323215	2.817137
kens1248	-0.1446408560579	1.47078247930861	-3.476181	2.93761525
kenu1236	-0.0233897754855	1.52872862741572	-3.29064675	3.17862274999999
keoo1238	-0.32235026808535	1.36555260297216	-3.5290375	2.24106075
kera1255	-0.4307343086254	1.36333597215174	-3.8039505	2.150633
kesa1244	-0.87918420993615	1.51826855372696	-4.8288305	1.37616025
kett1243	-0.07761335872585	1.56177405223565	-3.62405575	3.21774224999999
kgal1244	-0.01193730938625	1.48111136754459	-3.06282725	3.39385
khak1248	-0.02524987867675	1.471952203912	-3.2481175	3.238162
khal1275	-0.0711872471973	1.476539719864	-3.1995155	3.05687225
kham1282	-0.0031973864115	1.41635754661802	-3.02813675	3.01800225
khan1274	-0.17674410109095	1.42780658613926	-3.3049235	2.72310125
khan1277	0.1790019289776	1.48262453377009	-2.96679575	3.58201574999999
khan1278	0.348103704160405	1.34817943649227	-2.29279275	3.3806725
khas1269	1.1713434208315	1.65599712825828	-1.2505825	5.035726
khez1235	0.16386391477925	1.48284965844113	-2.85701125	3.56529
khmu1256	-0.2251919856949	1.46294755191154	-3.456914	2.56208875
khum1248	0.23306564636087	1.49374067752203	-2.82792825	3.37239925
kich1262	0.79600210433795	1.46396698389853	-1.481594	4.3581725
kiku1240	-0.10489319006125	1.44409863408526	-3.36310425	2.84523725
kile1243	-0.0038231357845	1.42545841948095	-3.08519025	3.1135725
kili1267	0.722352365652	1.37380051038614	-1.56709525	3.96663975
kimm1245	-0.10628447986105	1.48988538783669	-3.414261	3.03709075
kina1250	0.6635371913613	1.57204230277369	-1.93014725	4.63111724999999
kinn1249	-0.0155487214455	1.65308970599487	-3.58230675	3.413476
kiow1266	-0.38454355269815	1.44671230144231	-3.91590975	2.360993
koda1255	-0.070112042669	1.42871369015495	-3.21853675	2.87590175
koho1244	-0.155149815352	1.4880497587476	-3.43388525	2.83977875
koir1240	0.227523318488	1.46464579141745	-2.81808225	3.6182425
koit1244	-0.77767421887485	1.5058892418265	-4.360744	1.69254475
koka1244	-0.1543359213955	1.40793609851929	-3.240424	2.7913645
koko1269	1.39261098276456	1.49636432739085	-0.639145325	4.85953675
kola1285	-0.33932014462146	1.37617124074652	-3.627857	2.23952275
kolb1240	-0.0968706537524	1.46610845029998	-3.38779	2.94892425
kolc1235	-0.02130950856125	1.54825470131652	-3.40659125	3.352104
kolu1245	-0.23872935332915	1.25761972150457	-3.128422	2.1959005
komb1274	-0.1277479648125	1.44958615537495	-3.27427875	2.92230425
komc1235	-0.094545379557	1.48221860473648	-3.2831245	2.9490835
komi1268	0.02981175633	1.45604274419531	-3.047556	3.17173125
komi1269	-0.0054690661515	1.50246661168916	-3.3582445	3.32988125
komi1270	0.16609475318805	1.46102315048841	-2.85011275	3.61897375
komo1260	-0.0815798173662135	1.51970097774582	-3.4802695	3.112974
kona1242	-0.22750165572505	1.42359089135679	-3.553963	2.5305295
konk1267	-0.082969952773245	1.50278064073236	-3.32925925	3.0005045
kony1248	0.004007884796	1.48874893062292	-3.015346	3.18544224999999
konz1239	-0.06650595572	1.52412164484323	-3.45412975	3.08764274999999
koon1245	-0.044197141575	1.51912834409497	-3.3540305	3.262809
koor1239	-0.45071140135105	1.46664532916985	-3.88491425	2.29701975
kore1280	-0.1062596544132	1.4249100321133	-3.10858425	2.92430349999999
koro1298	0.2835027777165	1.45930956362014	-2.4228145	3.742769
koro1313	-0.21570286374396	1.27891159336901	-3.08053	2.37562925
korr1238	-0.0579608685775	1.49780899309004	-3.1833485	3.16239449999999
kosa1249	-0.142043940786	1.45372362618947	-3.40599325	2.64623875
kosr1238	-0.17045635502775	1.42434835949191	-3.297923	2.675088
kota1263	-0.081078635378	1.44047458956276	-3.35467925	2.9526985
koti1238	0.02004844179615	1.50930515916582	-3.0604815	3.372011
kova1243	-0.9487766773155	1.57417603356431	-4.883768	1.4065785
kove1237	-0.862038951696	1.47434025314138	-4.5917815	1.48671625
koya1251	-0.02328846796295	1.46271474088581	-3.2223395	3.13160675
kren1239	-0.1151380860136	1.45124657567132	-3.42061675	2.929409
kuan1247	-0.058388599708	1.44072969685354	-3.41501275	2.91750374999999
kuan1248	-0.59071461748775	1.3712650206141	-3.98532475	1.67304425
kuik1246	-0.35746044851065	1.44505455880837	-3.72182725	2.37922925
kuku1273	-0.15088165560575	1.43443207193696	-3.4642455	2.7682555
kulo1237	0.0652937442745	1.21716353752523	-2.4851525	2.709641
kulu1253	-0.0767405045085	1.48272650774196	-3.2893145	2.937175
kuma1276	1.638566318516	1.79884002166758	-0.6658709	6.01819025
kumb1268	-0.138299853606	1.45531334095531	-3.69943	2.8926565
kunb1251	-0.14600925906	1.46482977184869	-3.58744375	2.84227025
kuni1267	-0.90004950157275	1.52044769076431	-4.54517275	1.4112165
kunj1245	-0.22257048702065	1.45650169778572	-3.44386975	2.65710399999999
kuot1243	-0.0293221658709	1.24492931246603	-2.586097	2.600471
kurr1243	1.1939818550319	1.70232544232502	-1.235749	5.49648299999999
kusa1251	1.8818599305168	1.83967384567296	-0.4752929	6.457088
kusu1250	-0.1413320907962	1.41902320100088	-3.41309925	2.9140615
kute1249	0.6424034634254	1.40299376853952	-1.6520265	4.10310875
kuyy1240	-0.1613479544895	1.61680563881393	-3.980008	3.2481035
kwai1243	-0.07758434069027	1.1608282787404	-2.48271975	2.23180725
kwam1249	0.09498275021655	1.49267955733709	-3.15351125	3.31806125
kwam1252	-0.8742503383309	1.47424976318153	-4.43288625	1.491429
kwar1239	-0.0388747087018	1.14624054375607	-2.53707725	2.32971825
kweg1241	-0.96064153604315	1.5629311241595	-4.64106575	1.54825975
kwin1241	-0.04022752691415	1.47951915709078	-3.09860375	3.09165375
kwom1262	0.01274527528	1.43565405940586	-3.164168	2.9938235
kxoe1243	-0.0550068248015	1.432359800548	-3.14481825	2.93135575
kyer1238	-0.1426499599745	1.53653692444567	-3.70162375	3.0508685
laal1242	-0.2462950348367	1.46097733460132	-3.39926625	2.680318
labo1244	-1.4687395214086	1.60603428915162	-5.308618	0.744662724999998
labu1248	-1.05869360990835	1.49010040197071	-4.744529	1.066091
lagw1237	-0.24679788725645	1.38993982583287	-3.54058975	2.57901625
lahu1252	-0.22655539664875	1.49325168574919	-3.45725975	2.80042325
lahu1253	-0.1859120562775	1.4778774618556	-3.35062875	2.8846415
laiy1246	-0.630074914972	1.40009282909922	-3.8792615	1.790752
lala1268	-0.8197292963605	1.4149490752171	-4.139439	1.417108
lama1277	-0.369079119834	1.38160553027027	-3.5912135	2.09579425
lamb1269	-0.04411488370255	1.50009965884632	-3.26628125	3.17207525
lamb1272	-0.038199230614	1.4022216412178	-3.068983	2.97957125
lamb1273	-0.247200331539	1.42289163449094	-3.423166	2.608126
lame1260	-1.480151807253	1.58651062314875	-5.36454475	0.618875274999999
lamk1238	0.2472250535015	1.5183946251761	-2.7333615	3.694322
lamo1244	-0.877606376242	1.42200070406863	-4.431463	1.3217125
land1256	0.011480755041	1.49516042684365	-3.16019675	3.34463099999999
lang1320	-0.24367686106955	1.53330408729101	-4.00479225	2.907167
lara1258	-0.1514313977079	1.46546065857085	-3.5647715	2.89390175
lash1243	-0.0258828987756	1.45103192403864	-3.24676425	3.2200135
latv1249	-0.05722476886045	1.49383556815426	-3.41925675	2.92382074999999
lave1248	-0.2026900357832	1.4581511968653	-3.59458725	2.60750974999999
lave1249	-0.2056334560431	1.49320124924594	-3.60305625	2.739251
lavu1241	1.0924191902765	1.49044907349299	-1.13531925	4.591202
lega1249	-0.03646752024905	1.46094621553898	-3.10311475	3.15929449999999
lega1250	-0.0764893937973	1.47089730844468	-3.26633175	3.179207
lele1267	-1.0870277893213	1.5174535493488	-4.783927	1.1553095
lele1270	-0.6673992768608	1.41372385333667	-4.14362875	1.69822075
lele1276	-0.3655833852745	1.45173582453382	-3.66033675	2.5214885
lemb1266	-0.4088701960055	1.54213466250732	-4.13707525	2.62901424999999
leme1238	-0.985033802313745	1.57855046222279	-4.673568	1.5310365
lena1238	-0.857024560204	1.47317464493119	-4.4703415	1.53929025
lend1245	-0.0537347071875	1.54294946613153	-3.380811	3.29511675
leng1259	0.8589774910805	1.28030528000477	-1.196122	3.73990775
lepc1244	-0.02460407032325	1.41501332543444	-2.94502175	3.09391875
leti1246	-0.4992202536725	1.50717612539903	-4.122789	2.27785575
lewo1242	-1.41484297818255	1.54208822950044	-5.040837	0.616244549999999
lewo1244	-0.3465384090555	1.37781556372683	-3.5357335	2.1146765
lezg1247	-0.1316014550835	1.4289483907132	-3.38415825	2.75734225
lian1251	0.55516460099605	1.50405306467284	-2.0991825	4.154879
lihi1237	-0.46871479993365	1.34668813533005	-3.602041	1.77449325
liji1238	0.0253209012335	1.40588048687389	-2.9690445	3.1252005
lill1248	0.50574785774925	1.47992218313035	-2.11823975	4.17324225
limo1248	0.52716492635075	1.2956753747053	-1.91562975	3.41079124999999
ling1265	-1.5288073425255	1.58774314483899	-5.12910425	0.627567874999998
lipo1242	-0.08627072846845	1.50676756528101	-3.37460675	3.098805
lisu1250	-0.0272542962305	1.43881291314618	-3.06437525	3.0133685
lith1251	-0.0652675675705	1.50991949541073	-3.4083945	3.128037
litz1237	-1.50724945016775	1.57523085132792	-4.93851775	0.657249524999999
livv1243	0.004458131479	1.59367685033624	-3.2321665	3.558825
logo1259	-0.0269659334328	1.47820702944254	-3.26075925	3.1185995
loka1252	0.2317813750585	1.40502841682982	-2.56201075	3.3243895
lolo1259	-0.080692066915	1.52619930614883	-3.3838775	3.07459125
lomb1257	-0.06424166182155	1.41303889176428	-3.10568575	2.74249525
long1395	0.762868046525915	1.24187652255695	-1.34583175	3.57105425
loni1238	-0.66553638987	1.40546770004525	-4.22773675	1.61593925
lote1237	-0.5403474073315	1.39387881414114	-3.87997775	1.97647925
loth1237	0.18463604962895	1.50449162829507	-2.9250315	3.56751025
louu1245	-0.7020741982246	1.41388799239732	-4.22068775	1.62867175
lowl1260	1.21262749271875	1.64426601088576	-1.0860655	5.26577225
lowl1265	-0.1105413168225	1.3063965059458	-2.89215625	2.57022075
lozi1239	-0.04284665545775	1.52653205344804	-3.18435575	2.98665425
luan1263	-0.46153227451585	1.48028217552406	-4.0166725	2.23834074999999
lubu1243	0.15849875023465	1.19410482562197	-2.2839605	2.6588135
ludi1246	-0.0046005176062	1.48703313975115	-3.39505275	3.09258575
lugu1238	-0.111942626043	1.46803365267914	-3.37236675	2.9890285
lule1254	-0.01857884335	1.3930276922377	-3.05460325	3.04940225
lumb1249	-0.05604596501	1.51650690497513	-3.38448425	3.104347
lund1271	0.04720619645945	1.24691576781533	-2.7323775	2.60336425
luok1236	-0.0571948465935	1.51789176503569	-3.31233075	3.27164325
lush1249	0.19294184551555	1.40017659040938	-2.721903	3.23878525
lush1252	0.4897163008525	1.46036790486887	-2.13917725	3.95357525
lusi1240	-0.92342703366205	1.45915108992232	-4.524024	1.33448325
luva1239	-0.011885632177615	1.52728717578439	-3.3262735	3.34972925
maan1238	-0.5121664681462	1.34699348615361	-3.600761	2.08387775
mace1250	-0.0863691338315	1.44835311335598	-3.1487675	2.86357575
macu1260	-0.4020408138755	1.53032704997533	-3.83866775	2.400298
mada1285	-0.331827409796	1.24240017656159	-3.2153345	1.92353975
madn1237	-0.185182971111	1.42380476965017	-3.42763675	2.76725175
maee1241	-1.47858416954415	1.57364468932465	-5.070019	0.723282074999999
mafe1237	-1.3980707282693	1.61488630278341	-5.26081375	0.881387724999999
maga1260	-0.0772375879869	1.41737942988312	-3.0479605	2.88596075
magd1235	1.043653940157	1.56732233720157	-1.46324925	4.63946525
maib1239	-0.3306848116711	1.51034897382253	-3.77943475	2.648713
mais1250	-0.66378755559415	1.49081434205891	-4.20217425	1.90865775
mait1250	-0.1041799295045	1.46973142446587	-3.38283225	3.03104
maja1242	0.4085209284772	1.40295763701904	-2.17295275	3.698471
makc1235	-0.0948065890226	1.40075134576822	-3.1079195	2.70164125
makh1264	0.0156533767325	1.55398277213311	-3.3202905	3.402452
makh1266	-0.028374584271445	1.5550069277952	-3.307171	3.195244
mako1251	-0.0250940747625	1.51666864971971	-3.17239125	3.12367324999999
mala1463	-0.0388479602475	1.61511435370805	-3.47836775	3.3794565
mala1464	-0.0615615657612	1.57482864844075	-3.33355075	3.2461225
mala1479	-0.1185804772267	1.49196934091745	-3.3667565	3.0890735
mala1534	0.579587246006	1.39147754988099	-1.7996215	3.78913925
male1284	-0.703388245797	1.59542360724769	-4.54130725	1.99767125
male1289	-0.9584566616506	1.50249386318983	-4.71780175	1.26541625
male1297	-0.21217740990015	1.48224774747302	-3.52494325	2.791217
malg1251	0.11582810239465	1.35386893135331	-2.89220475	3.0285445
mali1285	0.245302076514645	1.25817069828606	-2.18612625	3.069354
malo1243	-1.43125903902816	1.57865872726841	-4.989787	0.779741675
malu1245	-1.44693853755715	1.56885967573912	-5.05660225	0.744995449999997
mama1275	-0.5375723073948	1.26842060228851	-3.5016705	1.78455125
mamb1294	-0.21092777028045	1.36988468752542	-3.33412725	2.5203485
mamb1296	-0.0405729448005	1.39938463795434	-2.96484425	3.04047825
mamb1306	-0.45204607171245	1.38195610608834	-3.5249245	2.1497835
mamm1241	1.0252907680665	1.63897955112727	-1.30080425	5.3399745
mana1288	-0.0995538575645	1.56120326230113	-3.506803	3.03769625
mana1295	-0.57853972396295	1.46937786206356	-3.9975025	1.95076649999999
mana1298	-0.0575323019075	1.45709166573722	-3.28746475	2.94283975
mand1415	-0.0133735234055	1.52367786234723	-3.2968625	3.33556925
mand1440	-0.185565766833	1.26963554711668	-3.050565	2.43620525
mang1378	-0.2516447382825	1.56059440727245	-3.8387415	2.9028035
mang1381	-0.1095291471555	1.44613029331935	-3.19056025	2.792687
mang1394	-0.0135538682736	1.45221306481783	-2.989096	3.0052815
mang1401	0.44648363546	1.34108846265987	-1.967555	3.637302
mang1403	-0.610460232102	1.42016077829615	-3.99528925	1.85041525
mang1404	-1.02500382003585	1.48256242572323	-4.502676	1.25086325
mang1405	-0.424844888686	1.39071926844471	-3.56437275	2.057935
manm1238	-0.2565305398565	1.3830640146079	-3.2691095	2.39474975
mans1260	-0.3382087881305	1.50720288660581	-3.765422	2.56396199999999
mans1262	0.6816529422316	1.51549297240552	-1.84564025	4.5439075
maor1246	0.40702641598	1.33137966888972	-2.089315	3.458016
mapo1242	-1.04859366733936	1.48727013768192	-4.6892715	1.23018575
mapu1245	-0.16981611251415	1.51542635712518	-3.75880025	2.880397
mara1378	-0.0206763936005	1.489124099002	-3.096427	3.2417055
mara1379	0.20987254868535	1.45939644163727	-2.78411275	3.61000475
mara1382	0.1080368316223	1.46440033907347	-3.03746025	3.40068825
mara1386	-0.2009571049777	1.37989989356124	-3.26014975	2.54363599999999
mara1399	-1.488543176245	1.57628663017604	-5.0821385	0.744776274999999
mara1404	0.965427249538	1.56897221383507	-1.358641	4.85070875
marg1265	0.240203727819	1.29538820321299	-2.27232975	3.26850425
mari1414	-0.06197145333485	1.47944901967814	-3.45127675	3.0724955
mari1416	0.324641878159	1.46719490533445	-2.5173135	3.8143795
mari1424	-0.19886300928435	1.37628152781071	-3.375784	2.584819
mari1426	-1.1802347147825	1.65099753384493	-5.364428	1.27176425
mari1428	-0.8853744021265	1.50033390670863	-4.66835475	1.5434765
mari1440	-0.31485707981535	1.47626253297348	-3.612748	2.48684225
mars1254	-0.1096114846687	1.48858414914172	-3.433309	3.012401
mart1255	0.51725717686595	1.30362800995726	-1.8125385	3.48349
maru1249	-0.07842716599645	1.48968250206328	-3.5244185	3.019317
masa1322	-0.4617612348605	1.38459155538171	-3.9097235	2.093906
masb1238	0.825390021271	1.52230234152534	-1.5174415	4.556766
mask1242	-1.53785768162775	1.65313541543866	-5.470453	0.615519399999997
matb1237	-0.4309338836265	1.38153751000828	-3.76951175	2.06723475
mati1250	0.8968156549075	1.55788095101015	-1.43187625	4.75573575
mato1252	-1.0329047882625	1.54431227614362	-4.881972	1.35679925
mats1244	-0.0659448592444	1.51814370519378	-3.28107325	2.99101524999999
matu1259	-0.0463381714687	1.51915700131127	-3.38720575	3.17374725
matu1261	-0.8503713850169	1.51154346964143	-4.596812	1.65535625
maun1240	-0.1348804772994	1.44372905272803	-3.4470975	2.844162
maxa1247	-0.1135340351905	1.45601427999551	-3.15448575	2.8308455
mayo1261	-0.0155971335439	1.45288867615528	-2.99538425	3.06440825
mayo1264	-0.1001246195829	1.41774256141683	-3.16819075	2.8645825
maza1304	-0.12383994243485	1.29623561461064	-3.02420525	2.373838
mbaa1245	-0.04757940169135	1.46811881194846	-3.36352625	2.956965
mbal1255	-0.05090259271665	1.48447542645492	-3.47161575	3.0729325
mban1263	-0.04153559167395	1.47742629865862	-3.32540375	3.10853575
mbar1260	-0.3918828232095	1.46516556272182	-3.6882935	2.15181525
mboc1235	0.13299703340695	1.4275276847988	-2.86590975	3.2604325
mbol1247	-0.0334701605688695	1.39022206729372	-2.96600625	2.88537149999999
mbul1263	-0.955583320551	1.54736078891933	-4.78958	1.40137775
meen1242	-0.64085233517465	1.490396710775	-4.318763	1.92520225
mehe1243	0.20635482650225	1.37676915478307	-2.60909575	3.1736705
meke1243	-0.86993096816035	1.48835777609812	-4.50097525	1.3932355
melo1242	-0.64466843815595	1.59207902172461	-4.54677175	2.23642825
melp1238	-0.51246149256	1.39937158632742	-3.772642	2.06650825
mere1242	-1.238683202309	1.56115233309443	-4.900766	1.047434
meru1245	-0.104550818172	1.42410784930879	-3.28318925	2.93602224999999
meta1238	0.00015735055955	1.4257887731289	-3.06957075	2.94435975
mezo1235	0.87613324820235	1.53971310844333	-1.5081055	4.59849675
mezq1235	-0.6046084066445	1.34427947442432	-3.67359375	1.82437825
mich1245	-0.35505920681235	1.41154957421058	-3.67828175	2.2669885
miju1243	-0.0076901046935	1.43137529319976	-3.04255175	3.05750625
mikm1235	-0.4475273377365	1.41865505293468	-3.8395475	2.06882225
mila1245	0.0039223221366	1.5066881776738	-3.24518075	3.08948075
mina1276	-0.1108744760948	1.28919632915816	-3.065512	2.52632925
mini1251	-0.5852757205905	1.39878484963611	-4.0396545	1.75737549999999
mini1256	-0.0757473179015	1.38065582392583	-3.11817575	2.8495785
minn1241	0.072129066442	1.50314458485301	-3.1374965	3.29421425
misi1243	-0.35769487385425	1.37896929231865	-3.65222775	2.20308525
mixt1426	1.2647257092985	1.73843666500944	-1.1465745	5.74590225
miya1259	-0.1398805142745	1.4646203000621	-3.3858315	2.9123455
miya1266	-0.1532173360187	1.40668827646435	-3.26339675	2.69493225
mlab1235	-0.1634800674145	1.53381638959069	-3.676645	2.934433
moba1244	-0.0337368417165	1.53000961038318	-3.36945075	3.166254
moch1257	1.2045354569965	1.66325607695478	-1.07113925	5.34830674999999
moco1246	-0.178530334834	1.47695251132439	-3.45684525	2.939499
mode1248	-0.1020147842	1.58260243607944	-3.715377	3.04942775
moha1258	-0.200126381937	1.48234598777984	-3.6073105	2.77716325
moii1235	-0.36284696168	1.42972986611149	-3.72494775	2.437028
moke1242	-0.19056340374055	1.41364276056232	-3.3601695	2.6589025
moki1238	-0.194114166056	1.44276816627715	-3.657113	2.715737
mokl1243	-0.2350148013865	1.38220502490853	-3.34002925	2.67214275
mokp1239	0.792938088065	1.54711392951162	-1.75647625	4.67236325
moks1248	-0.04444960279085	1.46197612361092	-3.10122	3.075402
molo1266	-0.03467398761155	1.31196738064245	-2.8484795	2.79291374999999
mono1270	-0.03753144689685	1.56578134009286	-3.1919165	3.13092275
mono1273	0.078364236398	1.24537481896654	-2.47014925	2.7264825
mono1275	-0.3569897474755	1.46055389129125	-3.82773975	2.363514
mopa1243	0.401333356531	1.47322283744763	-2.26235825	3.98641425
more1259	0.4235555869865	1.29538516403164	-1.81160425	3.44206825
morm1235	-0.5229520080855	1.47104234026038	-4.04797825	2.0598625
moro1287	-0.13762563214015	1.28135042331873	-2.92443725	2.4946355
mose1249	0.5500254023545	1.46156433916926	-2.160723	4.0382165
motl1237	-0.9781974500433	1.58742264418844	-4.731508	1.39460275
motu1246	-0.773765619738	1.4989256396105	-4.348712	1.69913625
mouk1239	-0.9235684726615	1.44790082065099	-4.508237	1.3325205
moun1252	-0.8280262149325	1.50928803924342	-4.511586	1.65084725
movi1243	1.532083207874	1.83022119291781	-0.789912275	6.01251024999998
moyo1238	0.241256688574	1.46763487957049	-2.67654775	3.7519525
mpad1242	-0.17491595961745	1.35848705061597	-3.15591675	2.5148585
mpii1239	-0.1159358108635	1.46296653286344	-3.6172985	2.92665875
mpot1240	-0.08071488023705	1.41485042851271	-3.0676725	2.8103935
mpur1239	-0.3004473925695	1.50160364288339	-3.8206255	2.64475975
mual1241	-0.514848763218	1.48530200347695	-4.10530225	2.08521125
mudu1239	-0.06419914179855	1.42629808985838	-3.21299525	2.86682025
mudu1242	-0.7311400815901	1.51771850499897	-4.45513	1.8457075
mull1237	-0.2004669152905	1.50324654518799	-3.62544575	2.82273325
munc1235	-0.00305022988835	1.42571084594389	-3.12190625	3.07514774999999
mund1325	-0.299871079617375	1.38749266312523	-3.5391485	2.31790725
mund1326	0.0288224721327	1.57066270376422	-3.3677035	3.550472
mund1328	-0.09246953105175	1.40052260288302	-3.076334	2.79533125
mund1330	-0.0479504247355	1.4470952873662	-3.097148	2.932628
murl1244	0.5556025327407	1.38700821332888	-1.97338325	3.80374025
muru1266	-0.1282700522995	1.49311396414859	-3.486591	3.01018099999999
muru1274	-0.0937533063101	1.42180263262219	-3.28723425	2.8055385
musa1266	-0.7959270512765	1.54083491834103	-4.6230625	1.66820675
muso1238	-1.0589929520841	1.49105790609066	-4.77215975	1.09984575
muyu1244	-0.112963111263005	1.36781785860315	-3.1916315	2.90131125
mwag1236	0.16612609869315	1.34027402214844	-2.622292	3.08460574999999
mwan1247	-0.0102947396796	1.58639973301305	-3.58067075	3.49346074999999
mwer1248	-0.04644313577385	1.54967333688599	-3.239952	3.25466774999999
naka1262	-0.60841211691	1.38362493571839	-3.90103075	1.82269
nalc1240	-0.1304421448142	1.46872858597938	-3.291532	2.93336725
nali1244	-0.07993668306035	1.24323710575761	-2.69707475	2.470582
namb1293	-0.2373565217082	1.46453720272448	-3.3886985	2.71217275
namu1246	0.0044423052225	1.47971807894189	-3.1812165	3.13924925
nana1257	-0.0081974087465	1.53104644273262	-3.42216575	3.17898325
nang1262	-0.039701297357195	1.11374860638263	-2.4605065	2.39693125
naru1238	-0.1364538681065	1.45415738104825	-3.37625	2.733266
nati1244	-1.47838605547397	1.61225869056346	-5.338828	0.765867449999999
natu1246	-0.01077770936225	1.10403709356425	-2.34222525	2.4216085
naue1237	-0.515453192964	1.48888211398207	-4.121508	2.061707
naur1243	-0.159368075555915	1.43767455889934	-3.29657175	2.82443875
nava1243	-0.26993038914278	1.49639833172047	-3.7940835	2.89502975
nawu1242	-0.02832289754975	1.5390740458004	-3.22639625	3.280388
naxi1245	-0.04057771950615	1.46455746171263	-3.34909025	3.1637145
ncan1245	-0.112843244116	1.44690244682096	-3.313027	2.93505474999999
ndam1239	-0.0376166874892	1.43620022222471	-3.24757775	2.9750475
ndog1248	-0.012709472297	1.56851353914288	-3.40358625	3.28757975
negi1245	-0.044478478579665	1.46445783523001	-3.26089025	3.0800175
neha1247	-0.297882619869	1.34791978070892	-3.41579125	2.33877425
nend1239	-0.68564286916135	1.48867743892392	-4.25886325	1.88919625
nene1249	-0.04506652753727	1.41947801114667	-3.2319985	3.16819675
neng1238	0.9159272147501	1.43512479984473	-1.21053975	4.47040525
nenn1238	-0.25206536897755	1.4802999184231	-3.5342165	2.7442665
nepa1254	-0.16888132636045	1.51734123389675	-3.64871975	2.96628475
nese1235	-1.45493500648185	1.57262065373698	-5.058861	0.776538075
newa1246	-0.15537124051855	1.56815374493782	-3.65141275	2.98819025
nezp1238	-0.05529726586065	1.46247385044216	-3.160743	3.17210675
ngaa1240	-0.20816978615665	1.38124581064241	-3.38760425	2.598672
ngal1292	-0.10596497867145	1.45240705982137	-3.47240875	2.945338
ngan1291	0.0025291367605	1.54201137208452	-3.29774925	3.154591
ngar1284	-0.0531722657305	1.50987652669613	-3.125128	3.16588
ngas1240	0.5341303810004	1.35611317487378	-1.9298385	3.773224
ngba1284	-0.03898907143255	1.39152875011078	-3.0266185	2.8976315
ngba1285	-0.03207188735845	1.42132860988275	-3.0290335	2.9827235
ngeq1245	-0.222378672065	1.43457513650558	-3.42012925	2.7057115
ngit1239	-0.067566821461	1.45967228736625	-3.37472125	2.87026475
nhan1238	-0.2268927567425	1.45897941316744	-3.72841925	2.728497
nhen1239	-0.389064936721	1.42570351124023	-3.73576275	2.3524235
nila1242	-0.1605356152785	1.50634817919404	-3.458878	3.05809025
nisg1240	0.622724311564	1.51819201818881	-2.03451625	4.205987
niua1240	0.527640734497	1.38336624047487	-1.7930945	4.07151474999999
niue1239	0.62541739135605	1.3985877635308	-1.65236075	4.1304195
niva1238	1.08549868677825	1.61234915142129	-1.3123255	5.12381225
njan1240	-0.11759387665215	1.43796392966871	-3.227928	2.57667699999999
nkon1248	-0.002370922369	1.45871927249104	-3.0943305	3.09145125
noct1238	-0.0066593055532	1.5748045085906	-3.297972	3.359986
noku1237	-0.99099169855945	1.51878404406326	-4.75651675	1.310635
noma1260	-0.004275537811	1.41081181617385	-2.855784	2.99923325
noon1242	-0.016882363834	1.61487671727318	-3.49945175	3.58798924999999
nopa1235	1.0365903409875	1.58010427084322	-1.40699675	4.820649
nort2684	-0.120898331907	1.49138401115187	-3.5513005	2.92541925
nort2690	-0.0258433000995	1.56244079838786	-3.3836385	3.16991175
nort2697	-0.235622708823	1.42149632285317	-3.5097865	2.52624525
nort2702	-0.0297056455655	1.45422606818931	-3.235761	3.02816425
nort2722	0.00340286188505	1.50670345388938	-3.20637875	3.2031045
nort2723	-0.027296253088	1.410091204328	-3.0505165	2.90076725
nort2732	-0.011740743244	1.4213656091879	-3.0878285	3.1139275
nort2745	-0.0783642441526	1.50464399627101	-3.37187625	3.13298299999999
nort2747	-0.05905943317495	1.53859286341696	-3.42459475	3.14293475
nort2839	-1.52940797147945	1.68030470192636	-5.47804225	0.638032399999999
nort2845	0.484483471008485	1.45926250107792	-2.12614625	3.92253525
nort2847	-0.911953615159	1.48575863762064	-4.6580015	1.41613725
nort2864	-0.4712849640285	1.3927462082816	-3.81419575	2.191402
nort2877	0.28179273224595	1.2084157786073	-1.994512	2.826292
nort2885	0.7393470039306	1.51708594427946	-1.81926125	4.34056975
nort2930	-0.4832255424806	1.48875209463503	-3.9322385	2.36607624999999
nort2938	-0.088543595372	1.48149473488161	-3.486905	2.92562875
nort2942	-0.07365154164055	1.48232738803471	-3.29933125	3.16170824999999
nort2951	-0.384944580160155	1.4975481042906	-3.84661225	2.38018899999999
nort2954	-0.3394950704482	1.41399435412324	-3.606508	2.30572375
nort2957	0.25338489922695	1.15007933342231	-2.00499425	2.9808535
nort2959	0.68907979754025	1.39362004172609	-1.57934825	4.17186249999999
nort2994	-0.2136681957639	1.4896015873542	-3.72455325	2.831317
nsen1242	0.01284945768195	1.48932484252944	-3.2704925	3.1588205
nucl1235	-0.19535791647385	1.39792251317147	-3.3906865	2.6982905
nucl1240	-0.0320524634846	1.47288094439404	-3.17570775	2.958277
nucl1301	-0.0050970025705	1.54514427943263	-3.137635	3.41125224999999
nucl1302	-0.27942170230135	1.52622160591939	-3.625429	2.7130205
nucl1305	-0.02075238833565	1.46229600447329	-3.21833675	3.0403075
nucl1310	0.0013551262385	1.45941497169677	-3.0929185	3.08251
nucl1327	-0.14144400926125	1.50192903577786	-3.54591975	2.80004175
nucl1417	0.308650237879	1.36282725126459	-2.34532275	3.41669924999999
nucl1452	-0.105092275256	1.50970562624735	-3.447784	3.08818325
nucl1458	-0.60920222084335	1.50405240740167	-4.235246	2.02404125
nucl1593	0.033336809409315	1.41734957588111	-3.07559225	2.887049
nucl1595	-0.3820933098227	1.47479111992372	-3.98208925	2.21666125
nucl1630	-0.8014930364968	1.51962457305244	-4.37438125	1.664513
nucl1632	-0.1599858860315	1.53867660776627	-3.603733	2.87872475
nucl1633	-0.2024367422411	1.51566305999088	-3.53303625	2.75739575
nucl1643	-0.07914032099365	1.45533295638213	-3.362568	2.95541075
nuer1246	0.1853920172952	1.51890063452399	-3.0145055	3.51635825
nugu1242	-0.0409318782056	1.37580226266201	-2.96743975	2.92112425
nukn1238	-1.0380095995627	1.55437849295367	-4.851465	1.37669675
nuku1260	-0.568028869821	1.37835784620846	-3.694607	1.92064225
nung1282	-0.0268669981411	1.38893471922537	-2.99858125	2.87315274999999
nupe1254	-0.00205581671475	1.51585845962582	-3.343146	3.2035515
nusu1239	-0.03553611752455	1.4529577175451	-3.16463825	3.0118145
nuuc1236	0.9987583873895	1.6157477563071	-1.498632	4.8039525
nyah1250	-0.0700055752825	1.48996405688249	-3.29202475	3.05937575
nyak1260	-0.04878339984047	1.44589117828746	-3.18520725	2.95669675
nyal1254	1.26887423149975	1.60788176444312	-1.1004575	5.36076824999999
nyan1307	-0.042992706194	1.57089425196795	-3.45987875	3.20726075
nyat1246	-0.19107642310325	1.49476044853388	-3.585915	2.803255
nyaw1247	-0.173516826635	1.46519930267008	-3.6776915	2.763735
nyis1236	0.10871860730831	1.52334630291529	-3.060721	3.5743425
nyor1246	-0.0586008075341	1.50712410683405	-3.20677325	3.08410099999999
obok1239	-0.3159672654204	1.48834066919055	-3.75577225	2.5651955
occi1239	-0.0374772531235	1.43379933900324	-3.111589	2.85966375
ocot1244	1.3461074208445	1.77987974173949	-1.12245525	5.660061
ofay1240	0.02699790759	1.42272953428625	-2.8852205	2.97733899999999
okan1243	-0.4883834464922	1.40046446920776	-3.76533025	2.1079615
okin1246	-0.179341577526	1.50738835572306	-3.5060715	2.75683175
oksa1245	-0.224939236768	1.45405067169587	-3.56183475	2.80454625
oloo1241	0.320090208203	1.25014990125486	-2.00974975	3.10906599999999
olut1240	0.34205508209845	1.23535032911394	-1.9314545	3.06644625
omah1247	-0.1913409068982	1.46264562672602	-3.623821	2.82953425
omie1241	-0.7508110932348	1.5298043568916	-4.572184	1.80092475
onon1246	-0.21133416512575	1.41477620380091	-3.37858575	2.57336525
onto1237	-0.46686504832465	1.35659063606094	-3.69689475	1.87985825
oriy1255	-0.04275771173835	1.4654454278245	-3.47159725	3.131268
oroc1248	-0.0114316069486	1.54843836459481	-3.406074	3.39397725
orok1265	-0.036950267517	1.4145015208326	-3.17200975	2.97568
orok1267	-0.6329602403941	1.5017418738332	-4.27035825	2.01524025
orok1269	-0.739071804894	1.50802019255646	-4.44793125	1.87554325
orow1242	1.30120872771479	1.45782287125872	-0.70826835	4.71112025
osam1235	-0.038655280998	1.44753162681124	-3.15270025	3.0838865
otta1242	0.69779308582355	1.46481281919245	-1.688323	4.08691799999999
owaa1237	-0.29532559600965	1.38148523984566	-3.58091225	2.27266825
paas1238	-0.0566580677407	1.52589932315702	-3.46349425	3.10081
paco1243	-0.1729061855195	1.48438079043313	-3.61708825	2.76352775
pagi1243	-0.079315216916	1.47117726446079	-3.36924625	3.138025
pagu1249	-0.1677748749525	1.43524549425483	-3.324599	2.6637045
pahn1237	-0.08827443620215	1.47963454404322	-3.48225625	3.0222925
pait1244	0.4586914495422	1.54189355846284	-2.42751	4.37885425
pala1344	0.7456450741725	1.39432395496258	-1.52475125	4.0774275
pali1279	-0.39539532837855	1.47893094710432	-3.718904	2.47860125
pamo1252	0.6456150599925	1.43447345969892	-1.9750055	4.20593149999999
pana1307	-0.2047947528981	1.41957493090788	-3.50134	2.678252
pang1287	-0.0489342611765	1.49216921558287	-3.31136275	2.93455225
pang1290	1.03819043584595	1.59261935208282	-1.2518375	4.9187105
pang1291	0.9053954063185	1.54406867626363	-1.38161775	4.62569125
panj1256	-0.06568114799645	1.51862840341066	-3.480176	3.085721
pano1254	-0.243296878764	1.45620226853738	-3.74385425	2.6147915
pany1241	0.17797288518355	1.40964490907292	-2.77404725	3.23633324999999
papa1238	0.475794070006	1.27938018201902	-1.87370875	3.37781725
papa1265	-0.1838318425305	1.19866696325739	-2.7848485	2.21995025
para1301	-0.1803117342195	1.54644230052751	-3.7380595	3.116725
para1302	-0.0057084403865	1.43209111737503	-2.94293625	2.9341165
patp1243	-0.5984107969485	1.31799144530949	-3.87978175	1.6422505
patt1248	0.024887675552	1.46777995605539	-3.058661	3.1051225
paul1238	-0.46318020164085	1.40576053892316	-3.764367	2.17871425
payn1244	-0.673671723189	1.50509530487287	-4.3554985	1.9065835
pela1242	-0.112315671595295	1.52787580614438	-3.41889925	3.148512
pemo1248	-0.221953279591	1.44381892933627	-3.49007825	2.73417225
pend1242	-0.26705830208895	1.31514954478899	-3.32997925	2.23944075
penr1237	0.4456280972903	1.32323878602898	-1.9791515	3.489308
phai1238	-0.1879073450901	1.54370287394233	-3.65807825	2.8980985
phom1236	0.040974452416685	1.49078250017508	-2.947794	3.24953699999999
pila1245	-0.01313278032245	1.43234952320865	-3.08828175	3.14862775
pile1238	-0.41429717782235	1.16910634619075	-3.23952525	1.68335975
pima1248	-0.459326359396	1.46804310676412	-4.007048	2.26524725
pina1252	-0.468700316436	1.50825388395761	-4.1267165	2.506261
ping1243	-0.2188829220335	1.43992026933593	-3.55600775	2.53202525
pint1250	-0.209045573088	1.4337784659057	-3.5015885	2.715546
pite1240	-0.0322151675832	1.57017538359711	-3.53471275	3.2197135
pnar1238	1.376715314469	1.81753977813791	-1.1063255	5.84246924999998
pohn1238	-0.1523720572745	1.40778663754919	-3.6377385	2.56065425
poli1260	-0.07834250902765	1.49921971427123	-3.55599725	2.88203675
popt1235	1.153829996503	1.69691761178667	-1.2073615	5.34483449999999
port1283	-0.06554929134795	1.43840618095019	-3.22941275	2.946486
port1285	-1.539123528736	1.64855874418138	-5.520089	0.615910074999999
psik1239	0.1289595013285	1.29036737367828	-2.50361175	2.90798875
pulu1242	-0.1388208164165	1.45389905999803	-3.43523975	2.771272
puma1239	-0.102144385524658	1.50583840576946	-3.5582765	3.07009999999999
puoc1238	-0.140871080634	1.56465015938301	-3.89738875	3.05308875
pura1257	-0.565059213822	1.48181213159953	-4.135739	2.08215225
pure1242	-0.4727823026213	1.48364980601553	-3.82001975	2.1649015
puri1258	0.033926908002	1.40916685251402	-2.920606	3.04615225
qanj1241	0.92131091747095	1.57997373140177	-1.44410675	4.869202
qawa1238	-0.09640423162	1.51947201612133	-3.3980345	3.2227175
qima1242	-0.1188266506175	1.49313443557134	-3.44311425	3.0109935
quer1236	-0.79645940817055	1.34549410663265	-4.10836325	1.39221325
quio1240	1.387841157679	1.70619640254097	-1.02989475	5.435911
rabh1238	0.3926750219585	1.47371408987316	-2.4584115	3.7344465
rade1240	-0.2828599965595	1.54492119824689	-4.1210785	2.7006355
raji1240	-0.0813956090486	1.42164552204592	-3.236808	2.92893624999999
rapa1244	0.51520021170165	1.40041828392397	-1.87158125	3.85607375
rapa1245	0.4159724204625	1.3722137904385	-2.0741	3.61813125
rapo1238	0.102958655797	1.24344999915232	-2.345487	2.79077125
raro1241	0.398235106307	1.25874695859474	-1.85606625	3.2663705
rata1244	-0.38085811113725	1.4556027830466	-3.709195	2.37290949999999
raut1239	-0.054878320567	1.45651256026244	-3.0998975	3.1256045
reja1241	-0.5203363105652	1.47410566189014	-4.17923725	2.00271325
remb1250	-0.4282445197096	1.37408814804161	-3.7107625	2.038627
reng1252	-0.196350046111	1.47794292880213	-3.57772675	2.67508075
rere1240	-1.5565455747407	1.61092637063359	-5.28267675	0.535968899999999
reye1240	1.0948038547653	1.5540021939026	-1.168186	4.81751275
rian1263	-0.1209852425515	1.48283753861989	-3.3494345	2.94539475
rikb1245	-0.0962464349685	1.47234316688102	-3.231659	2.977262
roma1326	-0.038297761768	1.36535028575807	-2.92978625	2.92709824999999
romb1245	0.83369632442295	1.57589269506636	-1.58914525	4.82988675
rong1264	-0.035154540869	1.5460466588557	-3.41120675	3.26620675
rong1266	0.4300727459685	1.49028086594274	-2.425146	3.91297525
ronn1241	0.22401627569045	1.3291294873047	-2.53404075	3.111618
roto1249	-0.103573418966	1.19766096451139	-2.7070605	2.34310425
rotu1241	-0.5153507002464	1.40595088850102	-3.85963375	2.01360575
rovi1238	1.959211936344	1.88867382188054	-0.413547125	6.56892974999999
ruch1235	-0.125862305332	1.46083491191168	-3.38699475	2.94004475
ruka1240	0.24468722005585	1.2844811154757	-2.1545265	3.26041475
ruma1248	-0.11049577819245	1.48932014337707	-3.22753225	2.94163774999999
rung1258	-0.03097607411085	1.43264053232385	-2.9425045	3.0166455
rung1259	0.33491604521785	1.25043403328709	-2.0662475	3.06547024999999
russ1263	-0.0302685241004	1.50437271813284	-3.43217525	3.19009625
russ1264	-0.0596525457234	1.4875438215723	-3.3279075	3.1544795
saaa1240	-0.1235803056515	1.21450452416037	-2.725283	2.2864155
saaa1241	-1.4619280529135	1.66235859842946	-5.43917525	0.696090074999999
saam1283	-0.04653237042695	1.52620991282694	-3.45149725	3.02702625
saar1237	0.2508642255493	1.25630854329049	-2.19729525	3.01617425
saba1268	-0.11492225165915	1.49458860614243	-3.44077975	3.08477975
sabu1255	0.803203582976	1.45683631307332	-1.46536	4.33074325
sais1237	0.421890019094	1.26451574083147	-2.05744625	3.27837175
saka1289	-1.221402394877	1.54236054328381	-4.968394	0.968135849999999
saka1291	-0.390212500135	1.41146019428156	-3.7636645	2.26860125
saki1248	0.1915626154365	1.42042958668675	-2.6425225	3.35355575
samb1305	-0.04945596014635	1.54602722594581	-3.30826025	3.21058525
samb1311	-0.05468801951735	1.53545172567892	-3.28778025	3.192764
samo1305	0.569029366336195	1.38157952819178	-1.77892125	3.814779
sanb1241	1.11927629369285	1.65947224599199	-1.3535695	5.052698
sand1278	1.139274997154	1.65144128836801	-1.31229325	5.39824325
sang1321	0.0885397848448	1.47229288575017	-2.9436545	3.27882325
sang1330	-0.0346524679241	1.50158369651126	-3.40403425	3.00495025
sang1331	-0.00910545747105	1.51897473157753	-3.29369	3.287644
sani1269	-0.0882836312466	1.4641538901463	-3.30070975	3.0218325
sanj1284	1.3717436805597	1.77757418824922	-1.22724725	5.5834955
sanm1289	-0.1410254511731	1.44508789318853	-3.38778475	2.975769
sanm1295	0.97747412528305	1.54485211016734	-1.50694	4.63402525
sanm1301	0.69212199879995	1.51277567449784	-1.95324	4.26069875
sant1436	0.7547919215376	1.44218664410939	-1.5586535	4.11817174999999
sant1451	1.23474257968	1.68493848926088	-1.0994405	5.36106174999999
sapo1253	0.063239341593	1.25251087734901	-2.3894745	2.6801845
sapu1248	-0.218005451646	1.43264795495953	-3.47883825	2.658792
sars1236	-0.0535838865082	1.46945420931234	-3.17642875	2.8049125
sata1237	-0.1166475469865	1.43330279053883	-3.4759725	2.70061049999999
sauk1252	-1.046421445722	1.4875366891618	-4.7015535	1.188623
saur1249	-0.01815388056495	1.55454331984772	-3.333197	3.27808175
savo1255	0.959672761707535	1.36348774613594	-1.16489	4.26467149999999
seda1262	-0.18771920340445	1.56053606721082	-3.7627875	2.82970524999998
seim1238	-0.3213251475705	1.42848058092774	-3.73398375	2.39843375
seke1241	-1.46265263643	1.68195843598328	-5.50872075	0.700162999999995
sela1259	-0.222214619006	1.43697947778243	-3.2620345	2.553109
sela1260	-0.6105892108215	1.42550185979628	-3.9157985	1.85627525
selk1253	0.0124016703574	1.56153610465573	-3.325674	3.55590649999999
sema1265	-0.17543565898705	1.44253638134917	-3.28384625	2.60118849999999
sema1266	-0.136947749111415	1.50143192793536	-3.38743575	2.95894425
seme1247	-0.13667094737675	1.38140239133504	-3.18784525	2.7732715
seng1281	-0.72011512431535	1.46086153211915	-4.27764975	1.7399955
seri1257	-0.3692968279775	1.41583234683847	-3.58816275	2.2088365
sgaw1245	-0.038692280934	1.54996511426758	-3.3275725	3.2418715
shab1252	0.229438041884	1.36811353890696	-2.416044	3.310709
sham1280	-0.0860217097995	1.49010795251887	-3.26261125	2.926647
shan1283	-0.157233653551005	1.4031659733051	-3.10705275	2.769142
shaw1249	0.73942031145885	1.5309613138399	-1.7135905	4.60157824999999
shil1265	0.06753616691805	1.54865528453076	-3.310452	3.34776
ship1254	-0.200950011740495	1.51481766010102	-3.5238485	2.7363025
shix1238	-0.019236558375	1.47163848937031	-3.1750985	3.23948175
shon1251	-0.0142376478095	1.49875268309235	-3.32533925	3.20992024999999
shor1247	0.033098081633	1.46732505776629	-3.04294825	3.2052585
shos1248	-0.191116065468	1.48067706848086	-3.67587025	2.92846325
shua1257	-0.180716940284	1.45780130508619	-3.4794395	2.877706
siaw1243	-0.066851087599	1.46486994869247	-3.355388	2.81296749999999
sich1238	0.0072102631885	1.49924118184565	-3.28450075	3.276925
sici1249	-0.1080356008062	1.52529528092118	-3.4693475	3.163146
siee1239	-0.93540888950235	1.43321318285413	-4.46866475	1.271576
sier1250	1.3980477652975	1.73641889796449	-1.08916575	5.700437
sika1261	-0.681451802907	1.44012855984334	-4.17504	1.79873975
siks1238	-0.0578630158535	1.36269154391718	-3.26470275	2.67343575
sile1255	-0.78082582012965	1.4638373035704	-4.2858275	1.6986805
simb1256	1.5435729301845	1.66463433091455	-0.714398775	5.3070285
sina1266	-0.77922161377305	1.53589465280664	-4.477435	1.77910625
sing1264	-0.0102559196915	1.57612412737386	-3.49598925	3.40054
sioo1240	-1.0193623390035	1.58205910296578	-4.8732755	1.40025875
situ1238	-0.02023877113935	1.56443203301778	-3.3957595	3.173133
skol1241	0.021961792745	1.52638372009294	-3.2543025	3.28293449999999
slov1268	-0.07396974689	1.52169143665782	-3.541709	3.25194724999999
sobe1238	-0.3656883392475	1.47983146297191	-4.00017725	2.278685
soch1239	1.320230551931	1.63437246997424	-1.03672875	5.273762
soga1242	-0.0273000377775	1.45628252949842	-3.1961655	3.08871875
sons1242	-0.0716035923686	1.4866396909579	-3.42984925	2.959067
sooo1254	-0.156938014459	1.42411635470467	-3.3168105	2.69803649999999
sout1528	-0.0205479286698	1.40555882748234	-3.12821975	2.867055
sout2649	-0.034346295339	1.41819099053134	-3.2959405	2.9792315
sout2674	0.0137508791328	1.49215026560705	-3.2637275	3.18915374999999
sout2679	-0.029838128454	1.4724661412326	-3.17619325	3.18471475
sout2715	-0.156669677370375	1.5301235310212	-3.5025795	3.07235875
sout2728	0.01756566034253	1.51310005363478	-3.369282	3.34224675
sout2729	-0.01732998904215	1.44853393874637	-3.1770425	3.01301649999999
sout2730	-0.06358594730945	1.47937190384965	-3.26540775	3.076617
sout2782	-0.10346596451705	1.35598302521678	-2.93858725	2.773647
sout2807	0.0026873966995	1.5008345116317	-3.097159	3.25875075
sout2856	-1.05253744090166	1.50277404367754	-4.53019925	1.23198275
sout2857	-1.45697428491095	1.61565201997003	-5.414544	0.772105924999998
sout2859	-1.509281392181	1.65764037370508	-5.4661305	0.697845974999999
sout2869	-0.85504813512535	1.47016373325999	-4.39771325	1.5576965
sout2895	-0.476738046774	1.45265936013513	-3.88294525	2.15192349999999
sout2918	0.813245196411101	1.54844670876878	-1.6240805	4.46682425
sout2954	-0.12814945055608	1.52833635014679	-3.4057985	2.87986175
sout2956	-0.114832578843	1.48506606757388	-3.482366	2.8861995
sout2959	-0.05904604737025	1.48894825073237	-3.239816	3.12285374999999
sout2976	1.17847684016165	1.56993799419186	-1.03811375	5.05378675
sout2985	-0.4595400401521	1.51906002810019	-4.16952475	2.273477
sout2994	-0.131421294731	1.50596767288165	-3.700145	2.9390845
sout2996	-0.1343532158695	1.45293970425093	-3.255813	2.7058455
stan1289	-0.0637987495081	1.50649377388373	-3.31315075	3.08868175
stan1290	-0.05530816345065	1.54006110665627	-3.3856425	3.20764575
stan1293	0.165233417305186	1.44781037296625	-2.861118	3.1857835
stan1306	-0.10623976837	1.43106089932374	-3.33346525	2.7714765
suba1238	-0.06025296464125	1.51107676688088	-3.30569925	3.30815825
sude1239	-0.32652236379835	1.45479090163611	-3.90124075	2.34233
sumi1235	0.118949045235	1.47881548886029	-2.863719	3.35785425
sunw1242	-0.1291631148918	1.51209636628487	-3.6553085	2.8702115
supy1237	-0.0676659699265	1.434265422567	-3.199452	2.93763925
surg1248	-0.0289009867385	1.53372905858283	-3.2612155	3.35102
surs1246	-0.577352294101	1.34337405277217	-3.7904755	1.7384175
swah1253	-0.0190064112174	1.46627735481059	-3.099901	3.136302
swed1254	-0.03917801095125	1.44372813404988	-3.259867	3.05751674999999
taba1263	-0.150706420774	1.49038678927846	-3.552616	2.90794525
taga1272	0.99970378065695	1.64636720636068	-1.536614	5.04922025
taha1241	0.3321283219345	1.43652259100106	-2.40922875	3.53423175
tahi1242	0.425902615013	1.35296934908501	-2.0969475	3.62980825
taia1239	-0.4619924179565	1.49544876832379	-4.121216	2.2864305
taji1246	-0.1741807773215	1.32853337101306	-3.21571425	2.49142525
taku1257	-0.6517652754575	1.42551797189835	-4.0940845	1.689458
tali1259	0.8421822664352	1.27641250992927	-1.26462825	3.81708625
tama1331	-0.1848702083485	1.5162286535606	-3.58858725	2.90058275
tama1365	0.3632810646367	1.49811649430754	-2.345395	3.92842875
tamb1254	0.997028692751	1.38346628100507	-1.13780025	4.26597074999999
tami1289	-0.0283304372097	1.506842389566	-3.27544175	3.12954225
tane1237	-0.7070908058812	1.39708907091774	-4.151814	1.6511715
tang1336	0.2098777809195	1.45744364097291	-2.768766	3.6659175
tang1347	-1.325391864172	1.54951501885448	-4.89022525	0.922428149999998
tang1373	-0.0067237773944	1.49510321023694	-3.31500525	2.99092325
tang1377	0.01099198610605	1.46671002303942	-3.0906315	3.307514
tara1313	0.2949403596345	1.4796350594856	-2.65015625	3.8388355
tata1255	-0.023622970014	1.43966320578857	-2.984277	3.12296775
tata1257	1.02373958145985	1.41815985648329	-1.14071075	4.40260275
tata1258	0.92597417037645	1.53137873458206	-1.48462175	4.56971525
taul1251	-0.5835681354675	1.39964040669809	-3.96858425	1.7912555
taus1251	0.810128240688002	1.53514046297941	-1.6743065	4.518002
taus1253	0.4942178374565	1.44804068665591	-2.057634	3.889095
tbol1240	0.986001207484	1.61236193512197	-1.38823375	4.98439725
tean1237	-0.68676939525535	1.38649902685545	-3.99418825	1.6598975
tedi1235	0.3952679326105	1.52414835457311	-2.6058025	4.1036455
tehu1242	-0.1654802504035	1.48357128589306	-3.40715825	2.86929725
teke1275	0.0103256451795	1.56252612851961	-3.45341475	3.348732
tekt1235	1.2142461731255	1.66641669601302	-1.04340825	5.29941925
temi1246	-0.1716432927183	1.46768572113574	-3.5857515	2.86553175
temo1245	-0.510381199232	1.276306592597	-3.4682	1.9018535
temp1235	0.95172928144965	1.38503770217571	-1.2476225	4.059562
teng1272	-0.3709452950557	1.41775851266823	-3.666287	2.16469525
tenn1246	0.60149907415865	1.35345600124075	-1.7819675	3.86224725
teop1238	0.0059895939485	1.221980889719	-2.5956185	2.47346
tera1251	-0.1172833630463	1.30294386124447	-3.00088125	2.55251375
tere1279	0.78066186123025	1.53078794397514	-1.761385	4.41939824999999
term1237	0.007370748881	1.36944420790742	-3.06802825	2.802477
tern1247	-0.1773709671655	1.52826402200534	-3.64286875	2.96630474999999
tete1251	0.4123160257212	1.29760396677944	-1.93697725	3.339983
tezo1238	0.7805182996445	1.45345762335068	-1.6559325	4.0842175
thad1238	0.4342623333265	1.52878230422957	-2.21976375	4.25838225
thak1245	-0.0969284506535	1.62372315676602	-3.81274775	3.20839749999999
than1259	-0.1111370167903	1.57522480855914	-3.55421175	3.23029225
thao1240	0.0751536092825	1.21889127242016	-2.425954	2.6905255
thar1283	-0.0767906366505	1.41393116314584	-3.29520925	2.8527605
thul1246	-0.0582449867635	1.48303515719702	-3.00738275	3.1008875
tibe1272	0.0049463514192	1.46024444927628	-3.21071625	2.98232249999999
ticu1245	-0.063741378455	1.46454621049495	-3.46720575	3.06203125
tief1242	-0.10127088594625	1.54072032293844	-3.3563875	3.17977175
tief1244	-0.08914261973834	1.55576010322503	-3.437726	3.207669
tien1242	-0.0132316536616	1.53353846144406	-3.41015875	3.33852
tiga1245	-0.26129213714	1.35579495566131	-3.36488375	2.480959
tika1246	-0.130613857352	1.40723025862668	-3.2337455	2.65917775
tiko1237	-0.94202410239685	1.52129489619621	-4.87025725	1.349684
tilu1238	-0.1212030221365	1.51858998465659	-3.5420185	2.8762345
timn1235	-0.054437867837735	1.40003615989921	-3.0634875	2.9747975
timu1262	1.01331572589375	1.44698769756929	-1.1497665	4.407182
tina1248	0.94528296576385	1.51085755301131	-1.37158675	4.6061395
tiri1258	1.0890831136765	1.39256516593302	-1.04912675	4.161745
tiru1241	1.1232711572473	1.6575469743892	-1.20895525	5.1683975
tita1241	-0.6563863373071	1.4255483789935	-4.035271	1.6077905
toab1237	0.01106584312155	1.20941062411218	-2.58465625	2.62646525
toar1246	-0.8167644791549	1.52461623618147	-4.5436315	1.71907049999999
toba1268	0.665898964296135	1.53094185111621	-2.0055545	4.48541775
tobe1252	-0.190839063362264	1.40248950897019	-3.25804925	2.54374675
toda1252	-0.07894121619885	1.41876821407901	-3.30962525	2.82489075
toho1245	-0.47882481319075	1.40812130649206	-3.8366175	2.04141875
tojo1241	1.0570146808266	1.6324620636026	-1.3556645	5.15331375
toke1240	0.529672841739	1.33320984222785	-1.75687525	3.7147845
tong1308	-0.1810417747108	1.50522798156573	-3.58665875	2.80762225
tong1318	-0.0205327679735	1.43726444341462	-3.1173145	3.05704325
tong1325	0.5712363624534	1.45863340598909	-1.96756525	3.99015899999998
toor1238	-0.0529579428385	1.57691386680259	-3.335106	3.215892
tora1259	-0.244709578532	1.24814421668621	-3.02870525	2.2955865
tosk1239	-0.11771006119665	1.52289677019341	-3.54790775	3.0358895
tote1238	-0.0266511155995	1.5756872045749	-3.23800375	3.15808425
toto1302	-0.000888834477500001	1.36451094538422	-2.893445	2.85673649999999
trin1274	0.04351928677895	1.29471657836696	-2.8023255	2.6986545
trio1238	-0.2383894500007	1.42172038934622	-3.49480725	2.55583149999999
trum1247	-0.3416058445919	1.36476714495316	-3.75828575	2.25647175
tsam1247	-0.75911238480265	1.50751075632429	-4.4680295	1.784469
tsat1238	-0.0896597421878545	1.5312848862638	-3.46131525	3.21030199999999
tsha1245	0.074445620337	1.55560080721099	-3.08378175	3.42885949999999
tsis1238	-0.056515270144	1.39508779701573	-3.071282	2.7638465
tsix1234	-0.05823445991835	1.51922974712964	-3.21562425	3.017435
tsog1243	-0.04623911097765	1.54709612141568	-3.58359025	3.29105
tson1249	-0.000818689195949999	1.56351215697953	-3.46463475	3.43112775
tswa1253	-0.039509369897	1.51882791529573	-3.184185	2.93559425
tswa1255	0.001597273538465	1.58684701681766	-3.430142	3.50129425
tuba1278	-0.26342285690825	1.43358719179941	-3.319059	2.392172
tugu1245	-0.4934404821846	1.56386921434509	-4.40751375	2.2447635
tuka1248	0.0506133385845	1.24257443899906	-2.65316575	2.6936705
tuki1240	-0.0620698061998	1.40370002006605	-2.9946325	3.00311575
tula1252	-0.0074204569615	1.35657828089756	-2.87006575	2.92224474999999
tulu1258	-0.0667535986017	1.48775019843392	-3.27222975	3.13180975
tuml1238	0.4501867199595	1.26728013719063	-1.82171925	3.50125675
tune1261	0.012451763417	1.43135075114574	-3.040491	3.04137
tung1290	-0.37038826112925	1.4325958330515	-3.6654725	2.3417575
tunn1238	-0.072796881239	1.42212757897316	-3.2305745	2.93743875
turk1303	-0.018644616716	1.49639848203257	-3.12347675	3.185549
turk1304	0.000672966228499998	1.46237889025416	-3.24375975	3.19392375
tusc1257	-0.131475723217	1.48530088157203	-3.601461	2.8602215
tutu1241	-1.4483420539926	1.61570779957534	-5.36585425	0.808872774999999
tuva1244	0.49847034465005	1.3277708984572	-1.79554425	3.8304395
tuvi1240	-0.01084897407955	1.46027083245435	-3.079522	3.02403225
tuwa1243	0.899829448272	1.37768987637214	-1.21815025	4.21165474999999
tuwu1238	-0.0035911675078	1.50458050371479	-3.46886925	3.19651
ubir1237	-0.6123029491532	1.4973969874939	-4.15699775	2.09259575
udih1248	0.0204231829275	1.54728413715306	-3.21008625	3.455967
ughe1237	1.9453482251342	1.90100334558354	-0.471621125	6.44067175
ugon1239	-0.0384076035258	1.45298408288159	-3.17287275	3.01019025
ulch1241	-0.084262668303685	1.52116398731876	-3.2965805	3.23047999999999
ulit1238	0.27055194672105	1.50142636553537	-2.87104025	3.58056825
umaa1242	0.594057605509	1.40724817893841	-1.89568525	3.86920175
umbu1257	-0.01239995984145	1.50171382969601	-3.41842975	3.26605925
umbu1258	-0.4442457915275	1.43059930887415	-3.7587635	2.1128605
umes1235	0.0170196966554	1.4576904863402	-3.096231	3.3316035
unua1237	-1.55381429307885	1.6046167613627	-5.33031175	0.544394874999998
uppe1275	0.328791695502795	1.14690911051726	-1.752598	3.04938125
uppe1427	1.092161206851	1.51973060248982	-1.227624	4.612885
urak1238	-0.2154190669322	1.5017463432048	-3.58733975	2.90817625
urar1246	-0.0999720030525	1.40764785314842	-3.058162	2.83359525
urav1235	-0.923692992955665	1.42924344380455	-4.39689275	1.29207275
urim1252	0.2391053055115	1.35467451715166	-2.55034375	3.049631
urip1239	-1.4969048330675	1.58355374439225	-5.1044085	0.730669624999998
urni1239	-0.147594445281	1.51204484412639	-3.76945025	2.826744
utes1238	-0.144894647117	1.51572182287383	-3.72084575	2.88611
uuuu1243	-0.23972440824335	1.40459184758933	-3.42139025	2.64116775
vano1237	-0.65137453650428	1.35496020625975	-3.9925095	1.64004025
veps1250	-0.031122410496	1.53569879572828	-3.4895745	3.2154785
vera1241	-1.0244428288163	1.5499633245786	-4.711824	1.34063275
viem1243	-0.0658065561135	1.53770209831277	-3.37549875	3.1724935
vinm1237	-1.4984998857287	1.56373254841529	-5.10538225	0.652604574999998
vunj1238	-0.083102979193686	1.47801480658069	-3.166911	2.95827675
vure1239	-1.0296540654062	1.55203417008745	-4.7068165	1.37475375
vwan1235	-0.035038426047	1.49320119817436	-3.32636875	3.02491099999999
wadj1254	-0.1874008847055	1.52180664601319	-3.5402045	2.88861725
waga1260	1.05494059895095	1.62101333967558	-1.3341865	5.11152075
wage1238	-0.1572993602345	1.45711485525394	-3.45528325	2.86458625
waig1244	-0.4051641508759	1.41791530318886	-3.6639795	2.39112725
waim1251	-0.8289561965675	1.44840133561636	-4.355136	1.4948055
waim1252	-0.55255113303015	1.46362754351636	-4.29584275	1.94446225
waiw1244	-0.235529439268	1.50602504916863	-3.49180925	2.67761325
waja1259	0.0312560929325	1.35846785712052	-2.89136175	2.83277875
wala1266	0.04579860493	1.13406646172329	-2.21514475	2.521788
wall1257	0.46078802390444	1.35635096212507	-1.959459	3.81035
wamb1257	-0.1235151401534	1.51572170259327	-3.40463525	2.8788355
wand1267	-0.5125947874095	1.45927368374343	-3.96021375	2.080831
wand1278	0.308147036596	1.3351500633524	-2.2037275	3.47471324999999
wanm1242	1.1543055803175	1.57217127145438	-1.100904	4.93710749999999
wara1294	-0.2190852790007	1.45623965354413	-3.42653975	2.59436049999999
wara1300	0.47233550411265	1.40638971068359	-2.07496175	3.94819275
wara1303	-0.36195038232465	1.39681905319178	-3.36600775	2.31704675
ward1246	-0.10222629022065	1.59582487293855	-3.6494995	2.983952
ware1253	-0.431190654715	1.48291525386561	-3.89111775	2.3619185
ware1255	-0.433762290312895	1.33379182512879	-3.67050525	2.03194425
wari1268	0.929044659184	1.57564218421627	-1.514083	4.76783275
warj1242	0.8434624783259	1.48862551178704	-1.5442865	4.37023275
waro1242	-0.53202051945095	1.4960982366748	-4.15361375	2.30444425
waru1265	-0.0987420384889225	1.39449032447097	-3.2512085	2.75865025
wash1253	-0.4685849366492	1.46773206609688	-3.992911	2.193235
wawa1246	-0.0924868191435	1.4832739414248	-3.399452	2.97998425
waya1269	-0.249297055994	1.4632961423365	-3.60025025	2.5882365
wayu1241	-0.150250848876	1.55026313724308	-3.884705	2.8773905
wayu1243	0.7472217258675	1.47057421408812	-1.688843	4.196783
weda1241	-0.5392474750803	1.37370182054884	-3.76361075	1.81484374999999
wels1247	1.135996010303	1.62355624425344	-1.16628575	4.96760375
weri1253	-0.929121431645	1.52308488499249	-4.64663675	1.410326
west2354	-0.076633652173	1.53106911435937	-3.24804825	3.04756875
west2369	-0.0073678625035	1.53441322231013	-3.36573675	3.34499074999999
west2386	-0.068118913418355	1.55194828655139	-3.57003375	3.11186575
west2392	-0.03076767064215	1.46559511167341	-3.2671765	3.14000175
west2396	-0.113254167798	1.52948150316827	-3.52662825	2.98652625
west2397	-0.1559307627025	1.50083952948911	-3.49720725	2.86989175
west2415	-0.1675449494695	1.52714190009726	-3.54984375	3.020326
west2418	-0.12776591566205	1.52628671806026	-3.3738685	3.0003825
west2430	-0.0377336446065	1.41724024229112	-3.06097525	2.96249949999999
west2441	-0.1661700905957	1.44649378170464	-3.51340425	2.72788925
west2466	-0.106710301125	1.52198667507048	-3.383078	3.13929475
west2516	1.3620167204862	1.61773659986061	-0.788568375	5.247476
west2519	0.5007015654995	1.31940302920843	-1.87425925	3.5679925
west2548	-0.364738410367	1.52494878566144	-3.99779825	2.4248395
west2555	0.986157344528	1.61469080936964	-1.422158	5.09691325
west2557	0.84410889283696	1.56372504350524	-1.63043675	4.69676225
west2560	1.0541660998388	1.40831322859633	-1.07896	4.191267
west2594	-0.1957627582405	1.48188664790586	-3.47409825	2.910323
west2600	-0.1852623972529	1.43319091122416	-3.3411885	2.7052415
west2615	-0.26619184765656	1.50491420026006	-3.606004	2.6960075
west2618	-0.1804677505825	1.44697090017209	-3.47429075	2.6254295
west2624	0.5937754643355	1.34348130569883	-1.64695925	3.78492349999999
west2632	-0.3304654279105	1.43232221627519	-3.543929	2.4816245
west2635	1.2175937535779	1.71135059670206	-1.13019325	5.49018749999999
west2644	1.0113223026515	1.58865437662491	-1.29106875	4.79467625
west2650	-0.18873681542305	1.49576056012021	-3.54483125	2.8390035
west2763	0.9468211727515	1.583503206675	-1.387972	4.6805965
whit1269	-0.89505632052865	1.48341311161716	-4.52356175	1.4876185
wiru1244	-0.4613503774556	1.49563380855493	-4.09210925	2.32689825
woii1237	-0.4653907137458	1.4672753869284	-3.8562345	2.143831
wola1242	-0.4435205118295	1.55737921747888	-4.12449625	2.352873
wole1240	-0.11225060459985	1.5098104317863	-3.63224425	3.0975515
woli1241	0.4984120512185	1.26221110654151	-1.691637	3.5971825
wotu1240	0.0349371794187	1.27235041486119	-2.72024925	2.7207125
wuch1236	0.0391385678515	1.51165565381059	-3.147388	3.16813474999999
wudi1238	-0.0684486168255	1.5906659852308	-3.5849515	3.40187875
wusa1235	-0.0609183451841	1.56826522249805	-3.43185225	3.072007
wutu1241	-0.0520671906955	1.57338380002293	-3.435542	3.13829949999999
wuvu1239	-0.142726977533805	1.33701093097096	-3.05634875	2.5766905
wyan1247	-0.19885681600837	1.41451186377402	-3.3896965	2.46875875
xamt1239	-0.1937175896695	1.43672992162859	-3.45386775	2.73798075
xara1244	0.96094660859975	1.34488621368587	-1.18596575	4.13567425
xava1240	-0.164137349194	1.48522738591521	-3.57823475	2.88714375
xhos1239	-0.038498230523	1.48526667402411	-3.37104775	3.06400475
xish1235	-0.1063716485745	1.44814300861824	-3.28618825	2.85147475
xokl1240	-0.090718347333	1.50218687614475	-3.24995725	3.05157325
yaak1241	-0.124465511872	1.47292988829354	-3.363746	3.001852
yaey1239	-0.028528695245	1.48199040618619	-3.2086935	3.147772
yagu1244	0.672841148916	1.55674150702736	-1.96079975	4.4946275
yaka1269	-0.0175891722825	1.44118630451098	-3.169811	2.9912095
yaka1277	1.0552898654605	1.61734068597732	-1.33230375	5.03913649999999
yaki1237	-0.2656362803976	1.4259597913058	-3.49241725	2.79184775
yako1252	-0.0495623463185	1.41550498963122	-3.13185	3.138077
yaku1245	-0.0341973281291	1.53303104419613	-3.239784	3.23480674999999
yale1246	-0.000275094481999998	1.43445105527438	-3.21117025	2.976389
yama1264	-0.0728149972472	1.47905340996319	-3.1937765	3.26777925
yami1254	-0.4904731173645	1.25151502457666	-3.37048175	1.81793075
yami1256	-0.2163191572764	1.42170607781569	-3.466418	2.58392249999999
yamp1242	-0.0854658330545	1.48826063575096	-3.3653535	2.96663575
yane1238	1.0373513107965	1.53370903437422	-1.293901	4.68849425
yano1261	-0.1975399325785	1.49559773638547	-3.65853275	2.92547825
yaoo1241	-0.07638801838995	1.55803861118589	-3.48736725	3.121164
yape1248	1.0169136048135	1.51591245544173	-1.16445925	4.703677
yapu1240	0.330522495991	1.32050914279032	-2.13055125	3.29955475
yaqu1251	-0.41551923407395	1.51793102477014	-3.8790275	2.30292825
yare1248	-0.691621657487	1.51879747341465	-4.1698495	1.87496875
yatz1235	1.3267971419025	1.73761218500087	-1.15051525	5.39842899999999
yaul1241	-0.38837315229443	1.52010576513786	-4.0248655	2.50739874999999
yaum1237	-1.0431279653175	1.52144790662625	-4.816027	1.22132225
yawu1244	-0.1280858841655	1.45803358473948	-3.29978725	2.89761999999999
yecu1235	0.420758073028	1.3227270665917	-2.11165575	3.5058845
yele1255	-0.2427161180486	1.46099455319927	-3.6676165	2.496428
yems1235	-0.2913370010934	1.45536522746406	-3.62433225	2.47993975
yind1247	1.1403472753315	1.63997510567512	-1.24613775	5.2169195
yoga1237	0.9781126872445	1.49417785249401	-1.3363985	4.44216525
yoku1256	-0.306240961653035	1.44059651382893	-3.650651	2.5430745
yona1241	0.1556108402219	1.37955698176262	-2.650256	3.27480525
yong1280	-0.1467160200185	1.53200784299826	-3.6952265	3.165021
yora1241	-0.0392527561246	1.34833088353816	-2.9081555	2.71213575
youl1235	-0.268040507672	1.44641388236056	-3.464533	2.454058
youn1235	-0.059020122801	1.45592696198643	-3.38104925	2.8407005
yuca1254	0.485205387576	1.52171307469099	-2.0965115	3.97818649999999
yuch1247	-0.2642188413056	1.50426122481493	-3.52169525	2.81712575
yuec1235	-0.039317100256	1.54088410737083	-3.51454925	3.12614425
yukp1241	-0.0175542740274	1.41328682485703	-3.15502925	2.9469315
yulp1239	-0.2012887675041	1.38268584900156	-3.20244025	2.56355425
yuqu1240	-0.2314372803069	1.39580179622236	-3.34862975	2.52384175
yura1255	-0.2428264485755	1.40244512881033	-3.44684575	2.61219775
zaba1237	1.597586551271	1.67226519912727	-0.59013995	5.441611
zaca1241	0.233833770921	1.14110991100922	-1.92915325	2.89143575
zaca1242	0.9663702852489	1.54730571435859	-1.404276	4.7382735
zaiw1241	-0.101183702919	1.52084224889503	-3.5566925	3.03801875
zamb1245	-0.0461661426605	1.41147164863425	-3.04093725	2.9040325
zani1235	1.129588693316	1.65641048135001	-1.3745225	5.02898549999999
zapa1253	-0.015808411485	1.36369175785744	-2.86229075	2.85815924999999
zarm1239	0.03485675549075	1.47346042050403	-3.17371875	3.19922425
zaye1235	-0.0901909771865	1.48642607732041	-3.17620675	2.9382345
zays1235	-0.5963583233725	1.5383097282039	-4.349761	2.120405
zeme1240	0.453986048974	1.46080791616729	-2.353061	3.757641
zenz1235	1.0277444102503	1.58885924336736	-1.3711975	4.844722
zhab1238	0.0317754082645	1.52239923311718	-3.24706625	3.18125825
zinz1238	-0.0523885770545	1.46068886258697	-3.22984975	3.04708875
zoog1238	1.345340911053	1.73914930950364	-1.16355	5.54197725
zulg1242	0.08641519912365	1.31781708232345	-2.640258	2.88084399999999
zuni1245	-0.37488566204155	1.46926104376593	-3.788359	2.46982475
