Estimate	Est.Error	Q2.5	Q97.5
abar1238	-0.14041577851277	0.833578955550136	-2.265735	1.33622475
abee1242	-0.0132661634735	0.826006233897007	-1.8771805	1.76211049999999
abkh1244	0.18937562803005	0.87795426877496	-1.346063	2.4544225
abun1252	0.01932006930325	0.879968900587827	-1.83768075	1.9856095
acha1249	-0.00250246760045	0.77768855362992	-1.696983	1.6888
acha1250	-0.018584025041	0.898646290973239	-2.13201025	1.95566424999999
achi1256	-0.0270518424955	0.827892041486738	-1.89574175	1.695548
achi1257	-0.0199714090591	0.866536791551681	-1.917493	1.80769725
achu1248	-0.007956481175135	0.80251896370947	-1.684267	1.74632025
acol1236	-0.0230225185885	0.844823083477738	-1.821916	1.916257
adan1251	-0.01608693835265	0.833255563498427	-1.853451	1.75381125
adon1237	-0.0412619389553	0.885171387986292	-2.18412475	1.8676595
adze1240	-0.06437638935945	0.850589537756315	-1.94982325	1.61180125
afar1241	0.0527182269007	0.793261950980908	-1.6523585	1.829116
aghe1239	-0.146724629765	0.852121121972905	-2.29003075	1.368273
aghu1255	0.00628100897285	0.945591890305863	-2.0321955	1.9406645
agob1244	-0.0197814541285	0.91550522029137	-2.10045775	1.88435325
agua1253	-0.023445612659	0.912684416398648	-2.01918625	1.9071185
agut1237	-0.0339929044504	0.832613650354658	-1.9618705	1.66709275
aheu1239	0.0241382573799	0.849636406705454	-1.803499	2.0261815
aime1238	-0.0155237287044	0.872579597398156	-1.97929675	1.756231
ainu1240	-0.0394903303915	0.864049781135152	-2.056373	1.98375275
ajab1235	-0.047765394034045	0.783608722331142	-1.7841095	1.60053225
ajie1238	-0.05426019842195	0.824514440765547	-1.98981775	1.59349575
ajyi1238	-0.05257006639055	0.831090722483626	-1.99080475	1.595866
akha1245	0.043962139639821	0.788464415545084	-1.7107945	1.9219975
akoo1248	-0.10961999708365	0.896293942439695	-2.12635225	1.642007
alab1237	0.00464418909925	0.889320610784189	-2.12216425	1.96439925
alab1254	-0.0571234385223	0.838055537187375	-1.99166075	1.685851
alag1248	-0.06565071058	0.835152609323757	-1.98415725	1.66910275
aleu1260	0.00173475707685	0.794763194558978	-1.798031	1.79583575
alor1247	-0.0150845453693	0.798169849917318	-1.8285445	1.69193875
aluk1238	-0.14970473739845	0.805073549362953	-2.15411025	1.383532
alya1239	-0.0087678831608	0.911882475083673	-2.09559475	1.99542575
amah1246	-0.028649656693625	0.850743846946033	-2.00333675	1.7282885
amap1240	0.002336192386	0.873319404931849	-1.920094	2.03662025
amdo1237	-0.08923557162864	0.840328027458499	-2.06231	1.59514325
amii1238	-0.0081594125551	0.789976545482085	-1.9029075	1.78427175
amis1246	0.058282057701	0.836570818259551	-1.809581	1.9710165
anei1239	-0.0637979185035	0.889710495553957	-2.15530375	1.575872
anfi1235	0.09569377314745	0.847496914315882	-1.569349	2.168068
anga1288	-0.23777826780865	0.875267136924094	-2.50994675	1.27503275
anta1255	-0.0295151692635	0.779015435836189	-1.86240075	1.612541
anut1237	-0.0134748217214	0.858179236993169	-1.90779725	1.88419475
anuu1241	-0.18313243071675	0.835019613142827	-2.33892275	1.3249515
aoua1234	-0.01206091578395	0.799680683626587	-1.80449175	1.71772575
apin1244	0.0033568437755	0.836323147223448	-1.87258425	1.82340875
apma1240	-0.1083825141766	0.869667632051526	-2.33287825	1.45224625
arak1252	-0.089049003697	0.806031136895119	-1.962153	1.57625325
arao1248	0.1930060836819	0.846961220680779	-1.27735625	2.346054
arap1274	0.3908757998735	0.975606109011171	-0.921963675	2.82930424999999
araw1276	-0.0258160060285	0.870445330545568	-2.11127275	1.9069695
arbo1245	-0.1039426324859	0.84107402033171	-2.08125475	1.57398075
arch1244	0.079233107325	0.799640327793629	-1.606497	2.03102
area1240	-0.05624381482695	0.880501710138935	-2.00471125	1.77815499999999
aree1239	-0.0495002857035	0.880881403987509	-1.95128075	1.74059475
argo1244	0.61471018432823	1.14277371597954	-0.6395327	3.63791625
arhu1242	-0.03661278912595	0.904618764320712	-2.19415575	1.768257
arig1246	-0.0165255062522	0.837562589382054	-1.844201	1.7927635
arop1242	-0.02882693854623	0.797067131417349	-1.79641475	1.72642775
arop1243	-0.035582629052	0.837278871972095	-1.92386625	1.758084
aros1241	-0.03953281391615	0.870023661675353	-2.02244575	1.63973974999999
arta1239	-0.0877518155699	0.849859480795377	-2.189993	1.51795899999999
ashe1272	-0.0379358258303	0.811752221022275	-1.85726575	1.6465895
asoa1238	-0.0241964192105	0.900308903113044	-2.05294875	1.788798
assi1247	-0.04065443062925	0.840742304239916	-1.9247765	1.800673
asut1235	-0.0299550241795	0.849706909192827	-1.98947225	1.818634
athp1241	-0.07133794833041	0.785431736744726	-1.842051	1.465863
aton1241	-0.109614883542	0.890424060145064	-2.29862325	1.76124125
auuu1241	-0.01452165801962	0.812694490827695	-1.6959375	1.771957
auye1238	0.2281565833515	0.957427395151112	-1.3247555	2.77800899999999
avok1242	-0.033724613251665	0.879530821155214	-2.17853075	1.9803605
awac1239	-0.044989934891385	0.869402811575254	-2.015313	1.76135125
awad1243	-0.1075751634381	0.890723126338377	-2.341833	1.608785
awar1248	-0.0541633737581	0.852738053662094	-1.937184	1.654649
awar1249	-0.0368834690275	0.893308411581882	-2.220093	1.80233875
awji1241	-0.02326059830806	0.810618221485099	-1.864394	1.6669835
awtu1239	-0.0141211278613	0.806368914683927	-1.69124775	1.7619795
axam1237	-0.108689118477	0.85798749625019	-2.2999215	1.696134
axiy1235	-0.00286727617945	0.844615236157341	-1.8014535	1.79440975
ayac1239	-0.03384403476593	0.816483294644507	-1.8524755	1.689796
ayiw1239	-0.0133478737232	0.891650507055236	-1.87292075	1.8808575
baba1264	-0.148661569719	0.836328013656708	-2.25768025	1.3579605
baba1266	-0.14633099058486	0.849779147034863	-2.261343	1.39134775
bafa1247	-0.09111732259995	0.879936516260798	-1.99647825	1.673546
bafi1243	-0.0931434762678	0.784117056593775	-2.046771	1.432814
bafu1246	-0.1495042788883	0.858778129671036	-2.38832175	1.4031615
baga1272	0.53649283871325	1.06621048041785	-0.711220475	3.43912599999999
bagi1246	-0.0517165747427	0.850046007121093	-2.14706	1.6213805
bagv1239	0.21233352245035	0.816141794983599	-1.310705	2.368266
baim1244	-0.076597870275	0.841679044645283	-2.00589325	1.6441315
baka1272	-0.0223502867375	0.859752628835061	-1.94232775	1.6255175
bala1311	-0.02148429644211	0.811421779785955	-1.8896305	1.783835
bala1315	-0.0025407959065	0.884029424837871	-1.9878385	1.897954
bala1316	-0.0502491988505	0.887083013857426	-2.02601575	1.81182125
bali1278	-0.017550458187	0.849337010648682	-1.94564475	1.85744425
balu1257	-0.033028415741	0.809025110365443	-1.8611945	1.681183
bamb1270	0.00156165257685	0.938860597037742	-2.0166045	2.19257999999999
bamu1253	-0.12887582281105	0.826369000512379	-2.14329025	1.4253165
band1344	-0.02325000232005	0.843787189716365	-1.9223465	1.81762325
bang1354	-0.00775122578295	0.765721250880148	-1.53676175	1.59563875
bang1369	-0.14430839939345	0.854675694267876	-2.3568825	1.57985325
bant1281	-0.133171763583	0.770232661200263	-1.9680215	1.35567075
bara1357	-0.214602649409	0.893095172037733	-2.41418	1.301308
bara1380	-0.0409518935085	0.848562508905957	-1.89298725	1.70768775
bari1286	-0.04818948199305	0.834353617891377	-1.99395425	1.7087185
baro1253	-0.05623633788485	0.817777399520253	-1.9779815	1.71162975
bash1264	-0.0220557850844	0.8068780237618	-1.77129	1.766472
basq1248	-0.00893333711145	0.902009752890401	-2.03655075	1.8891125
bata1285	-0.044533250946	0.853365793032994	-1.95859725	1.68768025
bats1242	0.31488389317515	0.856180257849031	-1.04744775	2.6300745
baur1253	0.06575164854455	0.946048698519937	-1.73182475	2.38583325
bawm1236	-0.1859935359155	0.863393554406247	-2.462562	1.28232225
bebe1248	-0.0489816021845	0.876050689141001	-1.9496495	1.88278225
beka1241	0.0135037993022	0.844795253370806	-1.88867225	1.92731
bela1254	-0.000533535533000001	0.866927734494889	-1.89764825	1.9431755
beli1257	0.0010409820935	0.881044355496316	-1.82118275	1.9293165
bell1243	-0.047320776479	0.867660251760965	-2.01283225	1.75296975
bemb1257	-0.0060716917114	0.84250025979086	-1.992005	1.74324774999999
beng1282	-0.0410211652445	0.86875935570201	-1.970095	1.719518
bent1238	-0.15476800348775	0.810107624790813	-2.10191825	1.32380225
bert1248	0.1836230315189	0.821874021849634	-1.23185875	2.2740635
bezh1248	0.29015692029795	0.868832795175603	-1.196053	2.52707275
bhoj1244	-0.1183250170769	0.858721929751819	-2.0759375	1.566232
biao1253	0.630815721487	1.09439697848513	-0.551329375	3.792309
biao1254	0.246488412709985	0.886093909883673	-1.233484	2.66347575
biao1256	0.41184218131185	1.0206540798298	-0.98260025	3.20506325
bier1244	-0.11612380049405	0.831275126218202	-2.1160795	1.47731
bign1238	-0.0931504905872	0.836728517751768	-2.135108	1.45528924999999
biha1246	-0.116734527488	0.826689263356859	-2.15254725	1.531344
bilb1241	-0.05338143113195	0.852061348099536	-1.99982925	1.7545895
bimi1240	0.00438463692145	0.94520252331098	-2.07407225	2.16344174999999
bini1246	-0.018947504561	0.934081382193383	-2.12557675	1.92113549999999
bira1253	-0.1305122782185	0.860914394967461	-2.2535395	1.46688275
bisu1244	0.1149512862623	0.767866322145472	-1.44599425	1.96084525
bitt1240	0.02412320214065	0.803882652389161	-1.71757025	1.8186785
biwa1243	-0.0279269484845	0.827264240773624	-1.76139475	1.61846225
blab1237	-0.0503553413404	0.858493390359538	-2.1129785	1.671661
bodo1267	-0.065582046839	0.843301330363489	-2.10130125	1.5807155
bodo1269	-0.146933648450385	0.873235366802323	-2.334121	1.52741
bola1250	-0.0509397708748	0.779913872814889	-1.7692115	1.6615235
boly1239	0.041432424526	0.87790840827009	-1.78146225	1.9517935
bona1250	-0.115198894799	0.83143130647982	-2.12383675	1.6930335
bong1285	-0.0220250131655	0.843868342581814	-1.9227255	1.83247625
bong1289	0.0061694566132	0.869947334364785	-1.9889185	1.92707425
bora1263	-0.03228724568155	0.834040515307534	-1.81137525	1.7645685
bord1248	-0.0207816847058	0.845650231967583	-1.88626025	1.80995099999999
boro1277	0.27851581704005	0.877919269662039	-1.15079025	2.57609425
boro1282	-0.011283011050675	0.88274466215147	-2.0041705	1.8398685
boto1242	-0.0518064007635	0.881179582578466	-2.1335965	1.843876
boun1243	0.093227920569	0.822450140424079	-1.51068525	1.910465
boun1245	-0.00405000152595	0.855925859050605	-1.9080315	1.84937799999999
brah1256	0.5386927729509	1.02661990131004	-0.6896169	3.4129945
bret1244	0.0022093022443	0.844137072224698	-2.0020625	1.84008925
brib1243	-0.0004731126132	0.781836281371508	-1.776371	1.59178275
budu1248	-0.11045326411715	0.846922761425345	-2.0343525	1.50151025
budu1265	-0.01904824345485	0.805294786026206	-1.911065	1.60659425
budz1238	-0.0492220601985	0.875093910585763	-2.17466	1.90701825
buga1247	0.1247851444886	0.823998789022262	-1.48901875	2.133968
buga1250	-0.0676834834815	0.882765976593961	-2.101922	1.851665
bugh1239	-0.050267843250895	0.843249461558693	-2.0182715	1.73264825
bugi1244	-0.0119131892121	0.830048408451574	-1.84482925	1.750771
bugl1243	-0.04068569414065	0.889465248116274	-2.08295825	1.765635
bujh1238	-0.198591474201555	0.865723175312723	-2.3899025	1.264405
bull1247	0.04687591780845	0.82037867165006	-1.687675	2.00453525
bulo1242	-0.0893467420446	0.9404873499741	-2.306799	1.80682825
bumt1240	-0.10522892854485	0.896557131551084	-2.19073475	1.5792435
bura1292	-0.1035160714187	0.816650726408353	-2.0099895	1.54247875
bure1242	-0.079052290099	0.777963220964387	-1.88838725	1.5496945
burj1242	-0.068399971473365	0.835329220885567	-2.04605125	1.49883199999999
buru1296	-0.07665053710405	0.830322622834014	-1.98479	1.61931849999999
buru1320	-0.04963146616465	0.81481240272716	-1.938456	1.710099
busa1253	0.43337272613405	0.944292583668159	-0.84027765	3.1164825
bush1247	0.00435921843435	0.849912669493872	-1.94708125	1.7876845
buwa1243	-0.07236238274285	0.827005831870776	-2.09818825	1.54131525
bwat1240	-0.0373714293628	0.791431274984247	-1.86220625	1.664324
byan1241	-0.08785121568555	0.825217796708928	-1.97565225	1.5420655
caac1237	-0.057407437817	0.857336435259119	-1.99675725	1.83505925
cahu1264	-0.00927500106005	0.897482625615577	-2.0981385	2.0098325
cakf1236	-0.07114405210911	0.81520312728242	-1.94749075	1.64224475
camp1261	-0.0087016317863	0.820652496147665	-1.890737	1.70583425
cane1242	0.00940564559431	0.903630701870874	-1.8725765	2.13707775
caom1238	0.059909592798625	0.767650467625064	-1.5036565	1.8167335
capa1241	-0.03522585102175	0.870819583587237	-1.90557925	1.712324
carn1240	0.0063159134231	0.886176756991219	-2.017159	2.054798
caro1242	-0.02244911741905	0.790132545586571	-1.8564095	1.7830105
cash1251	-0.01508598933686	0.865696214952674	-2.0898075	1.828375
cavi1250	0.62274676918245	1.17539632622419	-0.6424649	4.1081475
cemu1238	-0.06149143726715	0.794611672712183	-1.8747835	1.72480125
cent1989	-0.0538886700773	0.924675856701037	-2.14281275	2.004828
cent1990	0.021728189695	0.834425336853111	-1.7165	2.00021525
cent1992	-0.0893635941932	0.918749060079006	-2.17411175	1.74007275
cent2004	0.49073128499995	1.00839177192215	-0.85147595	3.35656924999999
cent2050	-0.036047470569305	0.887166206925561	-2.00540125	1.948307
cent2090	-0.031301757688	0.811774666021841	-1.8974465	1.637309
cent2126	-0.0841112192934	0.847885337514635	-2.213318	1.6784725
cent2127	-0.0062886398884	0.827137486848884	-1.7853935	1.831747
cent2131	-0.0077205620895	0.848040672820075	-1.8685825	1.83511974999999
cent2142	-0.00580537121725	0.826096668977495	-1.73333225	1.7671785
cent2150	-0.0002667723195	0.933264154475285	-1.9609695	1.919998
cent2292	-0.0883097221135	0.832330977271211	-2.003372	1.4834185
cent2314	-0.0136994160451	0.828123170478812	-1.77032225	1.7896935
cent2322	-0.01160483476255	0.884156883053683	-1.7659665	1.99263775
chac1251	0.23525051247455	0.859995775150325	-1.34413675	2.50946775
chad1249	-0.03216506683415	0.808314254027708	-1.852269	1.69627
chak1270	-0.1566184233515	0.81453889490929	-2.2796275	1.30947475
chal1275	-0.00056277964485	0.814856677400658	-1.72261075	1.73651625
cham1309	0.197765071574	0.816596325695855	-1.295593	2.27414525
cham1312	-0.011893724956745	0.883060537220909	-2.03800075	1.912877
chan1313	-0.24664332497275	0.860100871108875	-2.5219045	1.22022325
chas1234	0.194849235612	0.842175010109047	-1.318869	2.3009825
chec1245	0.0856925337755	0.788366627309286	-1.4577725	1.99458125
chek1238	-0.05323749324095	0.865631778684527	-2.15704	1.67410375
chen1255	-0.0860909536751	0.82460509320518	-2.136824	1.54672125
chep1245	-0.2177943831577	0.85233558018477	-2.374673	1.2314895
cher1273	-0.01143543832475	0.839863067463982	-1.88990975	1.90545725
chhi1245	-0.0987132003382	0.783173457854529	-1.86503475	1.41371025
chil1280	-0.019479449772	0.870549801808207	-1.98910075	1.84998125
chim1302	-0.03057056483425	0.899618391727009	-1.9746365	1.88295175
chip1241	-0.1276782212541	0.838261308822411	-2.128194	1.50489475
chip1261	0.0302731920079	0.874229718568283	-1.686551	1.88818825
chiq1248	-0.0027296443845	0.962197813936868	-1.989713	2.1380535
choc1276	-0.0352577096691	0.894919432373357	-2.03173325	1.86753875
chon1284	-0.0252796095055	0.848734252654483	-1.91391125	1.784802
chot1239	-0.1883270167081	0.871815506598248	-2.3696395	1.363785
chra1242	-0.041921815955	0.874685143484907	-1.883951	1.87473175
chuj1250	-0.0791716763263	0.913308409816373	-2.194281	1.6734345
chuk1273	-0.1337807071934	0.835635141723668	-2.2186165	1.4317505
chuv1255	-0.05912568755115	0.871696612792837	-2.0206975	1.7002215
chuw1238	-0.0042378426225	0.884826732163538	-1.89195675	1.87935
cici1237	0.10361378993855	0.829845201811377	-1.4475885	2.135489
coat1243	-0.0843251650353	0.853708432566563	-2.12689425	1.66038575
coca1259	-0.0349165553321	0.947599407650317	-2.26945375	1.92266775
colo1256	-0.0300865572335	0.936344966645202	-2.15806175	1.8927165
colu1241	0.16026828431495	0.856970884810098	-1.417471	2.32961525
coma1245	-0.02610100024	0.895866858088337	-2.092594	1.939806
como1259	-0.0755429188391	0.822613907927344	-2.10744875	1.42347
cong1236	-0.0113529429635	0.843444283937949	-2.05759525	1.777197
copa1237	-0.07206021558015	0.86564889955317	-2.127162	1.66333149999999
cori1240	-0.0313936967738	0.817380453762408	-1.8866465	1.7695985
cors1241	-0.02115986858085	0.845651809545267	-1.8252335	1.78288575
cosa1234	0.0203271876525	0.795477032012016	-1.59847025	1.74054325
cree1270	-0.015278801164765	0.762987078554564	-1.77699975	1.55059425
crim1257	-0.050924068025	0.853440633337542	-2.15552375	1.6616065
cros1244	-0.0783472894216	0.878459928795226	-2.160068	1.679845
crow1244	0.07034596437817	0.851428930727264	-1.65785175	2.16377325
cube1242	-0.028564063753	0.858900608735924	-1.88887125	1.82617725
culi1244	-0.0203072762442	0.828334376197134	-1.88683125	1.7718885
czec1258	0.02296469714745	0.884924750973667	-1.8707995	2.03939625
daai1236	-0.120613513017275	0.807455639344576	-2.2474645	1.415279
daas1238	-0.0520892609915	0.84055443857725	-2.102826	1.78302275
dagb1246	0.156602684344	0.817999031436684	-1.3103465	2.08223475
dagi1241	-0.00496620333145	0.86335175018062	-1.8963995	1.953915
daka1243	-0.1159382539593	0.842292763358765	-2.16410175	1.49570825
damp1237	-0.0196710508084305	0.815951538941608	-1.78438525	1.7771475
dana1252	0.230565424602	0.860497283685383	-1.2395485	2.38851775
dani1285	0.01123099244965	0.886493831688333	-1.97359575	2.0557995
dara1250	-0.174377022126	0.853493878277883	-2.24884475	1.38848
darg1241	-0.01927500855491	0.793902779679561	-1.821058	1.62279075
darm1243	-0.0872321297278	0.820102832403096	-1.9322615	1.42780975
daur1238	-0.0065758569085	0.868127797531794	-1.94715525	1.90563425
dawr1236	0.070566993793245	0.791262515417878	-1.57774025	1.86659225
daww1239	-0.02216983874145	0.854223790931312	-1.80347925	1.78079825
daza1242	-0.0490887682024	0.828031549019771	-2.07997275	1.61562675
dege1246	-0.0277420237501	0.844648461347757	-2.00316825	1.825983
dera1248	-0.098207759086	0.832732070159102	-2.044273	1.54906475
desa1247	-0.06204527336625	0.856408793945598	-2.05080325	1.5917175
dhao1237	-0.02487251964535	0.808699198920417	-1.8867145	1.66119475
dhar1247	0.000374808042999999	0.805242469530504	-1.81783925	1.74541575
dhim1246	0.16329671297	0.771877199944592	-1.23480825	2.1586565
dibo1245	-0.05579591358854	0.858680143208038	-2.0684445	1.619629
dido1241	0.285350562385	0.842466130006989	-1.02407725	2.5080375
dier1241	-0.0055142275835	0.909189006228619	-1.9388995	1.9093465
diga1241	-0.1805481195875	0.812555322611109	-2.210924	1.30545375
digo1243	-0.04048429096755	0.863793567247301	-1.91423575	1.76268475
dima1251	-0.2035832759895	0.836828916410024	-2.447652	1.314967
djee1236	-0.01320825778545	0.893754621025994	-1.9199325	1.92371375
djin1251	-0.00876082403435	0.84869395117986	-1.865536	1.681448
djin1253	-0.014679149300545	0.865358212559239	-1.91672975	1.723817
domm1246	-0.0383351695209	0.847966513650812	-1.9882995	1.76543875
dong1285	-0.0605201807351	0.881171474862104	-2.0980145	1.7933745
doro1266	-0.02869147840865	0.861766617923673	-1.90940625	1.71796675
drun1238	-0.05757725914	0.74958081245482	-1.87600625	1.484981
dumb1241	-0.04442977572615	0.874808668045459	-2.006801	1.82267675
dupa1235	-0.043661459354	0.838691865074087	-1.92442325	1.78977874999999
dusn1237	0.0669433685376	0.790687939185629	-1.549233	1.998245
dutc1256	0.00147872415575	0.881922422665076	-2.0967405	1.9548475
dyir1250	-0.0073008436336	0.914384128175812	-1.9264985	1.8838945
dzao1238	0.3508463774398	0.942142239593897	-0.959528	2.9656105
dzon1239	-0.07023743290585	0.829880915598082	-1.92407075	1.61481625
east2328	-0.0694994397885	0.83462775337529	-2.0950195	1.63778975
east2332	0.023372485836	0.901775424825242	-1.9617625	2.08662425
east2342	0.6603931382783	1.14504256068048	-0.645639175	3.79014474999999
east2379	-0.00737931444835	0.810779130859356	-1.8059985	1.74457725
east2443	-0.0879849620121	0.861905472930185	-2.18651	1.57893775
east2516	-0.0159843065685	0.87902243431502	-2.07156925	1.78748175
east2555	-0.000976332846	0.885131559439669	-2.126215	1.82274999999999
east2690	-0.0213576401385	0.786665890054292	-1.75921675	1.6959855
east2773	-0.227286509052605	0.845259459278971	-2.33504225	1.17759025
east2782	0.012855050894	0.858905942329341	-1.87102975	1.94561825
egyp1253	-0.00807330026525	0.836233793891022	-1.79302775	1.7900405
eipo1242	0.007084124459	0.882067618156741	-1.89087825	2.01952875
elem1253	-0.0431782839164	0.827591646365214	-1.9003705	1.73651775
emae1237	-0.08865570169675	0.861514000093777	-2.07032875	1.68211325
emai1241	-0.02097306065265	0.870199112275467	-1.960167	1.97569425
embe1260	-0.0040674301621	0.800260629578764	-1.768111	1.65777825
embe1262	-0.032582884088	0.812952464015161	-1.77693825	1.6274375
enap1235	-0.0112830277845	0.813575112967483	-1.66020075	1.731444
enuu1235	-0.00092105593105	0.820857009968619	-1.9844135	1.86180825
epen1239	-0.0270480700914	0.880740465089605	-1.96782425	1.89596325
ersu1241	0.4952378928867	1.03634765645824	-0.75398405	3.39574275
erzy1239	-0.04056766035205	0.816878060485261	-1.94656225	1.6336465
esee1248	0.1152907088804	0.82980412569568	-1.48683425	2.16869825
esim1238	-0.1433506709181	0.882320862805926	-2.37653075	1.4156905
esto1258	-0.0404548728143	0.83511631403051	-1.892948	1.66047824999999
even1259	-0.0204730379163	0.926505433864949	-2.16092525	1.92470425
ewee1241	-0.03182396159295	0.842595313343518	-1.92724025	1.82399
fare1241	0.167646348432223	0.817586178512548	-1.3436675	2.17530025
faro1244	-0.01790229954285	0.859871913052025	-1.79318225	1.69979875
fiji1243	0.0192185257195	0.901729724270863	-1.8773965	1.99891125
fina1242	-0.09326433970605	0.846715062544591	-1.99876525	1.47829825
finn1318	-0.03266572712815	0.820326586882574	-1.91075525	1.71255674999999
fonn1241	-0.044888110036	0.782871015295433	-1.7780585	1.540942
fore1265	-0.0091612364264365	0.845413214216155	-1.7408545	1.82254425
fuln1247	-0.0067741518421	0.854939767663585	-1.71673575	1.70292824999999
furr1244	-0.04869102350105	0.80584526763491	-1.8170445	1.63701875
furu1242	-0.05789723057	0.848345160093529	-2.0411315	1.7274295
futu1245	-0.0673733939825	0.901327807166358	-2.04900225	1.8962225
fuyu1242	-0.04453346340495	0.816585718647301	-1.8784375	1.65410025
gaan1243	-0.107192271636	0.840856705022494	-2.094433	1.5764955
gade1242	-0.02220490755375	0.753638759509558	-1.6280765	1.5357725
gaga1249	0.00388047845695	0.785941863065368	-1.77474525	1.7593645
gahr1239	-0.05335133384792	0.809696646410977	-1.95492575	1.62899375
gali1258	0.013506690917183	0.840823612175446	-1.80328775	1.87693425
gali1262	-0.026351272667645	0.850223591337728	-2.06172025	1.78724825
galo1242	-0.2229515254	0.914593517196587	-2.680694	1.328734
gami1243	0.001892405905925	0.897484736890949	-1.934335	2.047052
gamo1243	-0.10635720130695	0.833240187718593	-2.21220125	1.40950075
gant1244	-0.0289676710135	0.819370869866208	-1.92515325	1.72988025
gapa1238	-0.0524903898825	0.870134808347669	-1.9460975	1.624592
gata1239	-0.0639333027035	0.786133115997776	-2.010147	1.53552025
gayo1244	-0.0309344822902	0.839403941736804	-1.9553755	1.825384
geba1237	0.3539066438207	0.884236592846262	-1.017904	2.693228
geda1237	-0.049301340777425	0.847207827716165	-2.02307725	1.750381
gela1263	-0.05379878281505	0.805846848068427	-1.77927175	1.603382
ghad1239	0.01320678888705	0.825428745110495	-1.71138125	1.96488025
ghan1242	-0.0388726307472	0.875098195740468	-1.9036855	1.83478475
ghar1239	-0.05400163576815	0.82828542163225	-1.97422175	1.646626
gheg1238	-0.0188147508888	0.863982603710124	-1.895758	1.79845125
ghod1238	0.124052356048335	0.783944021307192	-1.39757225	2.084864
ghom1257	0.013484902905382	0.858837817400822	-1.9627465	1.8864355
gilb1244	0.0160744946257	0.818821614988722	-1.71027475	1.91685475
gily1242	-0.0774372954729	0.848599945689208	-2.07671825	1.66135725
glav1244	-0.05603061529615	0.820750210573426	-2.00686925	1.53741874999999
gofa1235	-0.0170175532495	0.808411273901414	-1.7878385	1.72208225
gogo1265	-0.0026772959299	0.827046141088095	-1.75578475	1.8159355
gola1255	-0.0459517596845	0.873508412905174	-1.93463425	1.8583915
guah1255	-0.023048071543225	0.845950887180588	-1.9372745	1.632129
guan1266	-0.03172582915415	0.821855163786696	-1.9238135	1.723408
guan1269	-0.0323077200975	0.828502185929961	-1.9484475	1.76650625
guat1253	0.0035979187167	0.82104687757511	-1.8055845	1.8938785
gube1234	-0.0106220438505	0.84720252833071	-1.807032	1.77979
gude1246	-0.082852901780315	0.84657212882568	-2.06643825	1.60571575
guer1243	-0.082492774433	0.897074778200882	-2.24635325	1.63941525
guiq1238	0.1116317545947	0.806968329920392	-1.51364075	2.031315
gulf1241	-0.02970130507365	0.844717847257958	-1.898425	1.712618
guma1254	-0.0488218812775	0.840891578058211	-2.0401135	1.65174825
gumu1244	0.32332086366855	0.913638089432278	-1.00022755	2.8730485
gunw1252	-0.00269701873035	0.832549344434391	-1.785075	1.78452124999999
guny1241	-0.0027811988515	0.874875070829735	-1.8991255	1.91756174999999
gura1251	-0.00615085583035	0.836352931544289	-1.82754175	1.79232575
guru1261	-0.2194495407315	0.826567867998358	-2.286005	1.18678125
guru1271	-0.0874202903386	0.783022862711803	-1.97671675	1.52678675
gyel1242	-0.03354605054225	0.831720368740674	-1.8763925	1.62562025
haaa1252	-0.0029242313937	0.893622021986503	-1.929453	1.9139855
hadi1240	0.00299057514195	0.799161473741088	-1.84323325	1.75141025
hadz1240	-0.0748246374583	0.863868881287059	-2.02058875	1.5766455
haka1240	-0.1745360802165	0.84211105818244	-2.3410835	1.36899275
halh1238	-0.01092767322445	0.817803820503306	-1.8075505	1.8845615
hali1244	-0.03599688577945	0.839129061895624	-1.959489	1.69693325
halk1245	0.0174883217464	0.912053803555196	-2.01457225	2.09869975
hame1242	-0.0885580191235	0.821300570922709	-1.98110025	1.55025975
hang1263	-0.00689065900115	0.88926866220402	-1.8501135	1.97042475
hani1248	-0.0065387390335	0.809674110483162	-1.83556825	1.83303925
hano1246	-0.09110089113385	0.863546852287222	-2.28818025	1.65273175
haru1245	-0.02202777834075	0.788518982928231	-1.78721275	1.587073
hass1238	-0.0224270441118	0.848556986632008	-1.93074025	1.64090875
hava1248	-0.0109172097905	0.825887322595073	-1.8804095	1.737466
hawa1245	-0.0230578807199	0.80991334453052	-1.93641025	1.7573255
hebr1245	-0.0412589261915	0.874471774229214	-2.12562875	1.83554825
hehe1240	-0.01027751096575	0.811773127026563	-1.67089575	1.75963675
hela1238	-0.2304643594785	0.886515267046683	-2.62282625	1.18905
here1253	0.002924527459	0.899328938200472	-1.82433325	2.03612
hida1246	-0.0242571805831	0.838109195972745	-2.05544725	1.6722225
hind1269	-0.00489907042815	0.84204676823156	-1.8895795	1.886887
hoaa1235	-0.02564097309375	0.841782351240239	-1.81526075	1.826807
hoav1238	-0.01781307848556	0.839673751213643	-1.8988265	1.751176
holo1240	-0.0187021882086	0.867557815025618	-2.09857225	1.70370325
hone1235	-0.1010273850298	0.83402390761601	-2.04229875	1.55778675
hooo1248	-0.0576924362615	0.804629882172223	-1.935794	1.65292625
hopi1249	-0.0251102315105	0.841888850609425	-1.841276	1.75808825
horp1239	0.00237874778725	0.798029437191191	-1.788579	1.772781
huaa1248	-0.00200931093565	0.868719551158789	-1.9043695	1.930767
hual1241	-0.062457202627	0.827872994082219	-2.01598375	1.57760225
huam1247	-0.0384553756116	0.821571405890531	-1.956874	1.6691895
huar1255	0.0136894020645	0.852439845347738	-1.9465755	1.760068
huba1236	-0.092340982154565	0.840887718232373	-2.1215145	1.585494
hula1244	-0.0074598185792	0.823615714499726	-1.9362135	1.75086675
humb1243	-0.10027640792085	0.832551353328108	-2.1060305	1.428971
hung1274	-0.02773558367845	0.816093460619204	-1.890789	1.75665824999999
hung1275	0.0188961887955	0.856612389176563	-1.81521925	1.96464525
hunz1247	0.2705231720405	0.856991366092301	-1.2016915	2.430466
hupd1244	-0.0503287351365	0.893995202118392	-2.14654275	1.72477625
hyam1245	-0.03035863788095	0.805817163139176	-1.8976645	1.8205525
iaai1238	-0.04735254886485	0.804220953722055	-1.793403	1.565381
iatm1242	-0.01282001396865	0.856887231686874	-1.86229	1.82178475
ibal1244	-0.09859324943955	0.854561805883053	-2.07047375	1.55606075
iban1264	-0.003377284926515	0.843522051591663	-1.7654915	1.87677125
ibat1238	-0.04250686350815	0.811070796927892	-1.90157475	1.56082575
ibib1240	-0.084575942397	0.803791265986252	-2.0059645	1.54664175
idum1241	-0.181679624975	0.833146081043211	-2.2520875	1.4284945
idun1242	-0.0643612338894	0.867928035860883	-2.06609475	1.580155
ikkk1242	-0.0249412289003375	0.802702682691392	-1.921368	1.78039
ilaa1246	-0.01839590286915	0.831649035249697	-1.83760425	1.7094415
iliu1237	-0.0436904991424	0.874378312174662	-2.23769125	1.8290245
ilon1239	-0.09754627594355	0.858740235708306	-2.23533025	1.52687475
imba1240	-0.033569023548	0.906354107508835	-2.11082825	1.91027699999999
indo1316	-0.00199017231115	0.832697292572295	-1.96544425	1.907853
ingr1248	-0.032065931160395	0.825388858065467	-1.80148175	1.77163275
ingu1240	0.17116183834385	0.806504775259554	-1.32096325	2.2282995
iris1253	0.00342511704985	0.899816044052019	-1.8971755	2.17735625
irul1243	-0.03648000725656	0.819912229324183	-2.003376	1.6676885
isco1239	-0.03993906730195	0.846980456426068	-2.094402	1.5991785
isin1239	-0.11558558246835	0.84087651685815	-2.0560615	1.35135725
isir1237	0.129632410752	0.897721678538869	-1.5985975	2.33967575
isna1241	-0.043302537604	0.830397707093989	-1.95163175	1.59349275
isth1240	-0.07011456061365	0.832084928898638	-1.92782125	1.58992425
ital1282	0.0299407066079165	0.876716832743041	-1.77359125	2.01203225
iton1250	0.12066145740495	0.898129234977678	-1.53993425	2.275912
itza1241	-0.009892902950855	0.87040918168498	-1.944485	1.895874
iumi1238	0.08028155109025	0.759257418257102	-1.5174705	1.890971
iwal1237	-0.07741477379055	0.868410499020637	-2.07631	1.861521
iwam1256	-0.00236559697614	0.863507835079431	-1.990684	2.02950325
iyoo1238	-0.04788025973895	0.830443593716674	-1.9844345	1.7276635
jahh1242	-0.05964010249605	0.848166705745937	-1.91417425	1.66960824999999
jalk1242	0.2032640980451	0.834845061759787	-1.25387225	2.3052395
jama1261	0.01071235603255	0.876030286671975	-1.910438	1.963459
jamb1236	-0.009989794828	0.838157126369125	-1.81484025	1.93321475
jams1239	-0.14522703007115	0.841879008969077	-2.3036795	1.38433
japh1234	-0.0634616027185	0.806843643289726	-1.93151825	1.55607225
jaqa1244	-0.0453094715715	0.836408093124389	-1.904091	1.81288
java1254	-0.013362089233175	0.799676438438905	-1.79263175	1.71963075
jede1239	-0.0224315759135	0.86144287175358	-1.89436575	1.92063425
jeha1242	-0.026009744621225	0.865259813127437	-1.97562175	2.0280605
jina1244	-0.05941410887505	0.879898116731069	-2.09819575	1.60401299999999
juan1238	-0.0245554052264	0.847923778911931	-1.97510775	1.83064775
juku1254	-0.1252893783725	0.858466753871121	-2.30698675	1.585205
jurm1239	-0.0020088469177	0.836237393857945	-1.821749	1.87640475
kaba1278	0.2012049995437	0.880357684953096	-1.334059	2.4258
kaba1281	-0.04518132433787	0.85368068498208	-1.9215165	1.7285225
kach1280	-0.0420955433101	0.767420584310653	-1.682615	1.640224
kach1284	-0.1442759859795	0.834492097137522	-2.24928225	1.4271545
kado1242	0.0420757601904	0.849825192410106	-1.8081375	1.89917024999999
kafa1242	0.45796109385265	1.01598241872378	-0.87714715	3.33621824999999
kaga1256	-0.03088950707855	0.839254620864163	-1.98860825	1.7512505
kagu1239	-0.044369290754425	0.865110527535241	-2.0269065	1.7778135
kaik1246	-0.16443144025135	0.887228011599406	-2.227987	1.39931749999999
kaki1249	-0.0309271700601	0.880196823512585	-1.93236325	1.8946835
kala1384	-0.0177797060613	0.860365606134009	-2.060629	1.881752
kala1399	-0.0120383890529	0.87089942680104	-1.9469085	1.85079225
kalm1243	0.0581113873328	0.854517959537486	-1.685247	2.01509475
kamb1297	-0.02824761634685	0.840750822306772	-1.93338225	1.94434125
kamb1299	-0.0558875157002	0.864349936980047	-2.01570075	1.69948475
kamm1249	-0.1216779797735	0.880459729592647	-2.07687175	1.509852
kamu1260	-0.0075296486791	0.853438657187569	-1.949449	1.93609425
kana1286	0.0846939999075	0.794613265975521	-1.4126745	2.00926925
kana1291	-0.017303328309	0.896897661190097	-1.99114825	1.99756125
kani1286	-0.0548159828815	0.892595031289111	-2.06382675	1.82922125
kaqc1270	-0.04575788175905	0.842557719684332	-2.0412475	1.784639
kara1476	-0.00780191115815	0.844164891151944	-1.92908725	1.76908225
kara1486	-0.04539971989075	0.880599617427545	-1.96728025	1.87066425
kara1487	-0.1080461353955	0.809614759017355	-2.0388205	1.484602
kara1500	-0.0094131301532	0.827941086448588	-1.809846	1.86229675
kare1335	-0.01635868521605	0.821588805187451	-1.87691625	1.743086
kare1338	-0.0478677044559	0.813769186049826	-1.96192925	1.6141965
kari1311	-0.0106373770808	0.84086227071651	-1.82200225	1.66333825
karn1252	-0.04168497255145	0.83574061043664	-1.95626	1.6966435
kash1277	-0.0382355663598	0.819948424624135	-1.94375025	1.81704875
katb1237	-0.1065205639358	0.848663563428951	-2.2373855	1.4755565
kats1235	0.000308506511450001	0.833335315519254	-1.96190525	1.81649775
kava1241	0.3018098121774	0.884742008920612	-1.104731	2.58916499999999
kaya1315	0.5613871173705	1.03680720950586	-0.70572065	3.5429875
keap1239	-0.031746668677	0.911912079728552	-2.0223615	1.79567925
keda1252	-0.02935607139765	0.788135073115648	-1.85248975	1.6731565
keig1242	0.0015117642954	0.820397881927331	-1.83273775	1.82374275
kele1255	-0.000486610267999999	0.827438602130505	-1.83008425	1.75118625
kele1258	-0.0397990262534	0.79648900265258	-1.854401	1.67623875
kemb1249	-0.00111584045515	0.855770178331481	-1.96394375	1.97866875
keng1240	-0.0348961696762	0.854996027308339	-2.061443	1.818993
kens1248	-0.0363113964091	0.860092802643331	-2.063402	1.847308
kenu1236	-0.01839119015075	0.841797872170376	-1.8039145	1.82506875
keoo1238	-0.022730084696	0.793744430666168	-1.86469275	1.8435435
kera1255	-0.0543893622618	0.859927300844924	-1.99399725	1.77558325
keri1250	0.017315422153915	0.813556490699934	-1.82223625	1.87061975
kesa1244	-0.05087986681545	0.84860206870526	-1.95182575	1.700089
kett1243	0.27054143243665	0.902883247349859	-1.130679	2.676455
kgal1244	-0.01789272502895	0.809949422496492	-1.9834135	1.6599765
khak1248	0.0064885504715	0.805146254919306	-1.621197	1.79538175
khal1275	-0.09097344392915	0.759757338619644	-1.9346035	1.43129025
kham1282	-0.0302563393306	0.858662652545622	-1.993078	1.77852949999999
khan1274	0.0435434167526	0.844681282927305	-1.81406175	1.989368
khan1278	-0.0456269246447	0.833192283035835	-2.091143	1.781886
khar1287	-0.027605451164195	0.890171200441701	-1.99653275	1.8036975
khas1269	-0.1392888836094	0.821391946497729	-2.1898045	1.409194
khez1235	-0.247246211882	0.878998924129365	-2.5916495	1.229988
khin1240	-0.1019036453026	0.817913746228034	-2.0783585	1.465498
khmu1256	0.04742609749815	0.7725052275969	-1.56294275	1.78192925
khum1248	-0.18394255773705	0.833892203200778	-2.27631925	1.30509275
khva1239	0.2612268877145	0.843465509662498	-1.20512375	2.5075025
kich1262	-0.05026516763122	0.835892293637696	-2.0119585	1.712197
kiku1240	-0.0205604176943	0.858224967861419	-1.9866215	1.94756925
kile1243	-0.0142092088423	0.800466619648412	-1.8037515	1.80718175
kimm1245	0.1860959439775	0.810873056481225	-1.27190875	2.26736325
kina1250	-0.0149025041683	0.857407115898993	-1.86058875	1.87918974999999
kinn1249	-0.0874716854197	0.769421975228338	-1.936249	1.476146
kiow1266	-0.0073210497264	0.892518459356447	-1.9329795	1.941657
kips1239	-0.0174934790837	0.894688277811209	-2.02096525	2.09769575
koda1255	-0.1166543597011	0.785269863480259	-1.99166425	1.3939975
koho1244	-0.0674943694227	0.876944904569258	-2.11199425	1.62615124999999
koit1244	-0.0344635226843	0.824539499888185	-1.785508	1.7384705
koko1269	-0.0448406751663	0.860981983693205	-1.9344045	1.6937455
kola1285	0.01535661267885	0.878058283650121	-1.93964	1.980939
kolb1240	-0.0637986128662	0.884936338967602	-2.116808	1.74771775
kolc1235	-0.03121981494065	0.846812524690573	-1.9981035	1.8439365
kolu1245	-0.06157812503714	0.864708975325614	-2.081901	1.66688225
komb1274	0.0050176115685	0.961287553807193	-2.07837975	2.1556985
komc1235	-0.1477620941449	0.831441207967842	-2.1714705	1.36805875
komi1268	-0.003091859141	0.841831317432145	-1.88452675	1.829362
komi1269	-0.0068176025285	0.888235677286577	-1.93843175	1.832704
komi1270	-0.20159746860535	0.885193731426579	-2.33753775	1.25208075
kona1242	-0.0020849431717	0.918239675010793	-2.03676475	2.0850215
konk1267	-0.013065924158975	0.860862522825763	-1.80257875	1.837485
kony1248	-0.24110358153464	0.863821858411892	-2.501934	1.222239
koon1244	0.00373984079435	0.862909993501104	-1.8314455	1.7600335
koor1239	-0.16380590676	0.803408603796214	-2.1991205	1.242535
kore1280	-0.0344001250496	0.840203930878473	-1.89013575	1.73841625
kore1283	0.0334968921503	0.858007803089671	-1.78538375	1.89008175
kork1243	-0.003836952668	0.843679046029456	-1.8619425	1.78234025
koro1298	-0.08969507555202	0.877180392582573	-2.1656905	1.70909175
korr1238	-0.1350421079897	0.813956880220168	-1.99772125	1.4071515
kosa1249	0.01511924925445	0.889830686375499	-1.84632225	2.0194815
kosr1238	0.0012772018913	0.825632240239412	-1.87909425	1.67446875
kota1263	-0.155436370715	0.836624021820918	-2.29573225	1.3637485
koti1238	-0.0208552664725	0.915919921806215	-2.0942425	1.87613624999999
kova1243	-0.0377372300716	0.834915642493766	-2.0886145	1.72859125
kove1237	-0.050818722527	0.815003761364611	-1.8585275	1.6172395
koyr1240	-0.0951589316632	0.837374143719768	-2.1247025	1.5610525
koyr1242	-0.05979563297635	0.806714936383031	-2.0883095	1.4948015
koys1242	-0.0406208082395	0.804643366503301	-1.86265475	1.597892
kryt1240	-0.10759686698375	0.830839772572426	-2.06835	1.49103025
kuan1248	-0.0533228066989	0.808965777091722	-1.94029325	1.61872825
kuii1252	-0.079597827774	0.80055790795294	-2.0322885	1.54385125
kuik1246	-0.0443201017695	0.859227569104594	-2.09654875	1.651883
kuku1280	-0.00178939933887	0.826169791261917	-1.83359	1.81707675
kulu1253	-0.05835514983815	0.761491070450969	-1.785864	1.58824324999999
kuma1276	-0.04994588521975	0.880603286003745	-2.0297355	1.80278375
kumb1268	-0.00188095846625	0.835163109535158	-1.8570445	1.834312
kumz1235	-0.01220338204715	0.763651097965043	-1.819974	1.6990325
kuna1268	-0.0259005211039555	0.840091453324437	-2.02139925	1.77684825
kuni1267	-0.05525805416045	0.857824760367222	-2.04069675	1.838537
kunj1245	-0.03762815188525	0.873483484229947	-2.14180125	1.7527735
kuot1243	-0.0541832208246	0.840475731051871	-1.960377	1.804292
kusa1251	-0.01300824422405	0.851714515105566	-1.89707125	1.784318
kusu1250	-0.16237416127255	0.868626694453378	-2.19597575	1.54114175
kute1248	-0.12483825141213	0.876179285783388	-2.399184	1.65150625
kuyy1240	0.000854679603500001	0.878695045572945	-1.90696025	1.90859125
kwai1243	-0.05888913705375	0.900787181222351	-2.03785925	1.766005
kwam1249	0.07406239517165	0.838757435573727	-1.63070775	2.12876775
kwam1252	-0.0676492190735	0.876227374339472	-2.15186475	1.58030525
kwar1239	-0.058369594974005	0.897900129785891	-2.0540305	1.8406355
kwaz1243	1.50307789999993e-05	0.893727640623293	-1.97693975	2.0667425
kweg1241	-0.0315547387273	0.822106016888545	-1.8444965	1.67285549999999
kwom1262	-0.0028206570974	0.89469412230883	-1.92480225	1.9172125
kxoe1243	-0.03143210689021	0.833967726410279	-1.90886725	1.72900925
kyer1238	-0.2198004561415	0.878517943669813	-2.30678625	1.2013825
laal1242	-0.062817156511	0.856873567937814	-2.003391	1.8114045
labo1244	-0.1057671544795	0.866303144692862	-2.34470025	1.6503685
labu1248	-0.06265833266385	0.884043518163885	-2.08234375	1.85349725
laiy1246	-0.0259871485385	0.89320669187246	-1.97963725	1.84735899999999
lakk1252	0.0298684234055	0.772504616717183	-1.591308	1.77350975
lala1268	-0.0419126380165	0.815452763300364	-1.92405275	1.69611875
lama1277	-0.02432323638105	0.888745078011863	-2.1443765	1.852142
lamb1272	-0.031215755527	0.829847641980482	-1.942836	1.63499875
lame1260	-0.117182508271333	0.829030721980228	-2.1399055	1.46204325
land1256	0.368390627178	0.928037525750544	-1.03221525	2.8544655
lash1243	0.14348869523055	0.850586477361512	-1.48592	2.2153855
latv1249	-0.0343284012593	0.840561129841387	-1.9159725	1.73726049999999
lauu1247	-0.0482642437249	0.896540763885911	-2.1403805	1.8110185
lave1248	-0.00445869962605	0.876434684702847	-1.999961	2.038074
lavu1241	-0.0594983484853	0.841770146778444	-2.10621525	1.65097875
lazz1240	0.57247140138045	1.10364773136882	-0.722446975	3.544844
lega1250	-0.0045434631835	0.820937739976332	-1.85431075	1.78897375
lele1267	-0.0703373162083	0.830957882647983	-1.9672245	1.693403
lele1270	-0.03610131407	0.806575494920472	-1.93406075	1.70347325
lele1276	-0.05266491874905	0.87439511064885	-2.16961925	1.907095
lemb1266	-0.01398036249165	0.802687702184072	-1.75323875	1.75390875
leme1238	-0.061469467616195	0.891557995011473	-2.13585325	1.778766
lena1238	-0.07157762158589	0.863664889248558	-2.16429925	1.61447575
leng1259	-0.04366088412965	0.816303768484997	-1.95498075	1.61038975
leti1246	-0.0468068005922	0.828624369927387	-1.88772	1.708888
lewo1242	-0.1015576299968	0.846914763367951	-2.02946525	1.520955
lewo1244	-0.0271690370408	0.891723121607966	-2.1930495	1.8613445
lezg1247	-0.09618063952055	0.826400257412526	-2.1089745	1.50104075
libi1244	-0.0478073598325	0.864930065913176	-2.03757	1.72143175
liby1240	0.0141168616194	0.888560013649968	-1.77041575	1.96356025
liji1238	-0.0660743069485	0.792117955902016	-1.79729875	1.58103775
lika1243	-0.01832786953685	0.853329697422849	-1.95792375	1.77734174999999
lill1248	-0.00462966115265	0.843713252193769	-1.72492675	1.822714
ling1265	-0.107911010303775	0.849184377564481	-2.16500525	1.4961195
lipo1242	0.180124499103155	0.812739526923727	-1.3471525	2.18457175
lish1245	-0.02089788118316	0.814730084828752	-1.81238425	1.761056
lisu1250	0.1403038639545	0.778624351267308	-1.35727525	2.050992
lith1251	-0.009971143181	0.887138028217964	-2.01493825	1.91617275
litz1237	-0.10641620855365	0.850371744512636	-2.31112925	1.5084945
livv1243	-0.0507570694758	0.815437268583477	-1.99613875	1.55062525
loba1239	-0.06964323999885	0.849789170697522	-2.20039975	1.64824425
logo1259	-0.0468595853446	0.847061170160749	-1.9907395	1.66616274999999
loka1252	-0.07529660104755	0.865631071774414	-2.103625	1.656392
lolo1259	0.21234005492345	0.840026441586201	-1.360861	2.3043145
lomb1257	0.0087103353035	0.791014915440421	-1.745239	1.569455
long1395	-0.03813471053915	0.821375310564009	-1.97258125	1.63758075
loni1238	-0.0336018993196	0.816246694368678	-1.99031575	1.711351
lote1237	-0.0577712005418	0.817387296146449	-2.1726855	1.66041975
louu1245	-0.03609546603775	0.807222844609564	-1.81683225	1.6917915
lowl1260	-0.0757067803475	0.832145034757104	-2.1451145	1.59527725
lowl1265	0.000432414314900002	0.896742998161177	-1.84737125	1.85363225
lozi1239	-0.02372255825375	0.854448801135032	-2.00997	1.91690025
luan1263	-0.034862539872	0.824706421965298	-1.88326725	1.82625175
luch1239	-0.0342213946535	0.851884292325142	-1.885626	1.814806
ludi1246	-0.02738885996325	0.825053926067582	-1.9578355	1.69514224999999
lugb1240	-0.03177132921025	0.833792914491184	-1.848595	1.71967475
lugu1238	-0.032486952972	0.921358153685621	-2.12285275	1.96922825
lule1254	-0.01406780491465	0.815745734066354	-1.70677225	1.75924625
lumb1249	-0.01351675808825	0.856719487664286	-2.03773125	1.88687875
lumu1239	-0.0025209560318	0.895961839079348	-1.93108975	2.12021375
lund1266	-0.00670200357115	0.850280430883412	-1.937533	1.896054
luok1236	-0.0330736523145	0.867967332187634	-2.082615	1.73937975
lush1249	-0.163875722395	0.842064041916564	-2.35413475	1.31304125
lush1252	0.0202845848701	0.914546725255735	-2.070452	2.13533225
luya1241	-0.03093415152965	0.862417565152069	-1.90539025	1.8581385
maan1238	-0.0174827680315	0.820319657283685	-1.75448575	1.64201175
maba1277	-0.02839771169765	0.843708614244558	-1.944415	1.69727675
mace1250	-0.00445384722675	0.831285557034689	-1.65122575	1.8207145
maco1239	0.001212958338325	0.831611548609979	-1.741218	1.9545615
macu1259	-0.01106371736705	0.836938039972448	-1.87291775	1.8033815
macu1260	-0.04524260824898	0.831313281725975	-1.9781995	1.81688375
mada1285	-0.05586358446775	0.810431629270774	-1.8933245	1.58080125
madi1260	-0.0154452587187	0.827623013234999	-1.81602225	1.97572525
maee1241	-0.1013349286668	0.84395849586303	-2.13617675	1.46245375
mafe1237	-0.1013686455562	0.825023719744858	-2.12275975	1.53809075
maib1239	0.0036718881135	0.864267445009841	-1.90559825	1.80891074999999
mail1248	-0.033335720756315	0.869485605968637	-2.147449	1.79812425
mais1250	-0.0267676150955	0.826706070771098	-1.8443655	1.706171
mait1250	-0.11057486433795	0.844386420741452	-2.12917525	1.565526
maja1242	0.1759493561365	0.873288997232663	-1.36614	2.3238415
maka1304	-0.04270940751525	0.890179580953914	-2.17927325	1.7571505
makc1235	0.40052627564995	0.979668083978641	-0.969549975	2.86037149999999
makh1264	-0.0221540999615	0.860160507550503	-1.951926	1.8181645
makh1266	-0.04182553441705	0.830880386924908	-1.8443415	1.87611425
mako1251	0.0123399105029	0.859253785365979	-1.8929125	1.84873025
mala1463	-0.0793786370575	0.841382467156494	-2.141816	1.61540975
mala1464	-0.088533730720385	0.82418633756893	-1.889228	1.58066275
mala1522	-0.04113565748775	0.922164593327806	-2.344626	1.87767925
male1284	-0.10348677374445	0.877531198224533	-2.28943825	1.4695375
male1289	-0.05305701878525	0.84758110991482	-2.0416375	1.74532475
male1297	-0.0274683304716	0.88313345343991	-1.958996	1.829065
malg1251	-0.0186971663633	0.842977168782874	-1.8380405	1.811976
mali1285	-0.0563303951875	0.851294853189245	-1.9929525	1.72826525
malo1243	-0.1011623126555	0.822980998932151	-2.14264925	1.46642525
malt1254	-0.0097768046748	0.849470869916982	-1.8850405	1.9074165
malu1245	-0.0935808952225	0.838463398990211	-2.118	1.504415
mamb1294	-0.0768268061966	0.838433028008894	-2.04963625	1.80166025
mamb1296	-0.0209678544383	0.8976506751625	-2.12108075	1.82813375
mamm1241	-0.0563954425284	0.836404605720208	-1.9571915	1.6324785
mamv1243	-0.0218840989705	0.885878381972347	-1.91120125	1.8122855
mana1288	-0.17022256882939	0.86439269824178	-2.28199425	1.44498875
mana1295	-0.0417521369044	0.871341725574744	-2.14968275	1.6403085
mana1298	-0.00741470596035	0.883099547691958	-1.95618075	1.84734975
mand1415	0.40955934184705	0.947268235689356	-0.904807275	3.08711675
mand1440	-0.04804249096765	0.821281202275388	-1.90679025	1.665414
mang1378	0.0130547492475	0.799889945243532	-1.6690465	1.7280055
mang1381	-0.0098788312464	0.871477813255083	-1.87908475	2.02164074999999
mang1394	-0.01438562959775	0.892197187292103	-2.081652	1.96333
mang1401	-0.005819296887	0.824943319590598	-1.87953775	1.7034095
mang1403	-0.0599329518988	0.824533962227552	-2.050035	1.60775325
mang1405	-0.028299451147065	0.77997994700397	-1.84360825	1.6539425
manm1238	-0.0078704918135	0.82644571602135	-1.86533575	1.74959575
maor1246	0.0026530837145	0.885798396946669	-1.8899165	1.9833945
mapo1242	-0.06655329297705	0.873979536218359	-1.99910275	1.7731505
mapu1245	-0.02012635574515	0.81220482741199	-1.9419415	1.69098325
maqu1238	-0.00853380795655	0.88212626443044	-1.9302725	1.869266
mara1378	-0.01923243066365	0.890423729547338	-1.9554755	1.78778824999999
mara1379	-0.23968816032305	0.858308073334874	-2.547635	1.222835
mara1382	-0.19354107645645	0.839311952465567	-2.4261985	1.23025375
mara1399	-0.10253524412765	0.847263002118737	-2.18119875	1.49809075
marg1265	-0.0706048446635	0.852513046837567	-2.04859025	1.7439345
mari1426	-0.0667717381041	0.859225213747244	-2.06593675	1.7468995
mari1440	-0.027069750552004	0.834579075876943	-1.805672	1.7834425
mart1255	-0.03740405932275	0.889475625266778	-2.15084325	1.879059
maru1249	0.3010057228228	0.885534578250832	-1.1446245	2.72994175
masa1322	-0.0564177036706	0.86250452358901	-2.18069275	1.69606424999999
masb1238	-0.0023597787847	0.809753662018282	-1.8183375	1.7763125
mask1242	-0.11167997742118	0.83549903446591	-2.075474	1.6059975
mati1250	-0.037501632881	0.829738514718328	-1.9320615	1.71787825
mato1252	-0.032933355665	0.847182203133657	-1.86547125	1.88941925
mats1244	-0.052074320042725	0.847814060527657	-1.979379	1.77730025
matu1259	-0.001929944381	0.840556694688682	-1.815936	1.798245
matu1261	-0.048772001828077	0.874194398489399	-2.231954	1.81317975
maun1240	-0.00177265283475	0.873842534174384	-1.95894175	1.89889225
maxa1247	0.0071616716365	0.810131031085241	-1.8519675	1.777724
maya1285	-0.04733054909985	0.85907475906311	-1.96876275	1.793119
mayo1261	-0.02791694287775	0.874934444444491	-2.08096425	1.815971
mayo1264	-0.0194732835327	0.824551094890661	-1.84555275	1.75908174999999
maza1304	-0.082399482425	0.836317781431445	-2.100821	1.62345025
mbaa1245	-0.0077223318085	0.81041015661693	-1.8136585	1.79669075
mban1263	-0.06273833938355	0.89536114197776	-2.16200625	1.63608099999999
mbar1260	-0.0594395589052	0.839353476486764	-2.1365355	1.6731615
mbay1241	-0.0390254505179	0.875962581761784	-2.086244	1.8551615
mboc1235	-0.10936900241545	0.903071769485171	-2.30036925	1.6182445
mbol1247	0.0068450104955	0.879571502944116	-1.94196725	2.0650705
mbul1263	-0.04199971663755	0.824949807632695	-1.97420175	1.7451105
mbya1239	0.00518447508835	0.849124278726863	-1.85417075	1.8108065
meen1242	0.2040130916775	0.869385509767449	-1.3010265	2.47165474999999
meke1243	-0.050920132433	0.847879217402559	-2.0254865	1.6870095
mele1250	-0.072937128915	0.826704755731226	-1.9378865	1.5866965
melp1238	-0.01229710681295	0.821087380498296	-1.826881	1.74104824999999
mere1242	-0.07629483992275	0.797109636579948	-1.9139425	1.54954625
mezq1235	-0.00318043214605	0.819070255195374	-1.768437	1.794241
miju1243	-0.1763703023975	0.800050210025541	-2.2321215	1.21253725
mila1245	-0.21995308626645	0.863113765363382	-2.4078525	1.244987
mina1268	-0.015585008616	0.836388934676199	-1.8775035	1.82808749999999
mina1276	-0.08627204544925	0.834180824371046	-2.15066875	1.54294125
mini1251	-0.04895618304955	0.810884092538812	-1.9228	1.7240405
mini1256	-0.0081711773555	0.857174293452303	-1.87696125	1.79708625
minn1241	-0.0478502542065	0.789996504980923	-1.87255575	1.5563095
misk1235	-0.0355908294795	0.82637425949842	-1.7954865	1.75472225
mixt1426	-0.085022492801995	0.855743440904592	-2.128351	1.5710125
miya1259	-0.1148391526324	0.851924869766922	-2.11420075	1.52748875
miya1266	-0.064667789062905	0.783991645916793	-1.74191025	1.50903749999999
mlab1235	0.0232853492265	0.825662523037771	-1.71255275	1.862277
moba1244	0.0639966235727	0.818149191934431	-1.56987625	1.89937375
moch1257	-0.075311576382	0.807230685557871	-1.90656875	1.612066
moco1246	-0.0132668049875	0.794394353359644	-1.7316485	1.78301875
mode1248	0.0061505690263	0.85881773645997	-1.75459	1.886519
moha1258	-0.0053744898175	0.869875351005859	-1.8979605	1.96946975
moke1242	-0.06069621906895	0.864277024637533	-2.090252	1.66302475
moki1238	-0.0187783789248	0.844382159575067	-1.82155625	1.7483485
mokl1243	-0.06419764930445	0.805471752410443	-1.91740775	1.656747
mokp1239	-0.07547463285355	0.870732181100235	-2.0382755	1.625488
moks1248	-0.0396683213674	0.831306968448102	-1.8489555	1.85945775
mono1270	-0.05497584691563	0.863405444799452	-2.140271	1.66127525
mono1273	-0.0411473697048	0.855928590816105	-1.897654	1.83464524999999
mono1275	-0.0209729183102	0.837933219596318	-1.82253725	1.86308875
morm1235	0.32752600638645	0.959684238639898	-1.11778325	3.069997
mort1237	0.01265839447	0.865732702655797	-1.75205525	1.9723935
mose1249	0.180216208797	0.920561895040112	-1.586636	2.554618
motl1237	-0.05869266401445	0.858508167471335	-2.05540675	1.72100525
motu1246	-0.03957391819315	0.880546702097503	-1.78768275	1.70178
moun1252	-0.029301196836	0.837613921633867	-1.80169925	1.706382
movi1243	0.32612838341155	0.964993130935576	-1.15936675	2.8243535
mpad1242	-0.01941420436232	0.842460044151162	-1.97201525	1.90104525
mpii1239	0.0755096926187	0.868125808653851	-1.6685975	2.0712525
mpot1240	-0.02496213405015	0.854904220652855	-2.03830425	1.73642175
mpur1239	0.01795561317945	0.868798839070414	-1.76544925	2.00119074999999
mual1241	-0.006686129221	0.816810264229551	-1.787112	1.657728
mudu1239	-0.13286512301995	0.797779229193798	-2.027816	1.440936
mudu1242	-0.0437841193695	0.821755792886085	-1.93125175	1.61107274999999
mull1237	-0.014177806317875	0.804568943466415	-1.91067025	1.72605175
munc1235	-0.07661125823305	0.782952959050778	-1.9710385	1.5543525
mund1325	-0.06743611776905	0.843138514627641	-2.03327125	1.737993
mund1326	-0.0376370926076	0.865636309664803	-2.0597035	2.0115725
mund1328	-0.1414793529282	0.83278501459162	-2.21309875	1.3063525
murl1244	0.0332498707324	0.888172144305029	-1.7897605	2.09294999999999
muso1238	-0.0634318303055	0.879128092809588	-2.06400875	1.81099025
muyu1244	-0.0076841653385	0.816123277052665	-2.01703625	1.75397225
mwag1236	-0.07083221324795	0.789596580724097	-1.78313	1.57325975
mwan1247	-0.002245015464185	0.841269222519389	-1.910606	1.83342875
nade1244	0.0126452726605	0.886070517082303	-1.8518085	1.9158615
naka1262	-0.06240409269665	0.804350357320115	-2.041012	1.641159
nali1244	-0.0541296496645	0.857320773491996	-1.99672625	1.7390445
nama1268	-0.0870883040788	0.848490864257573	-1.97752825	1.5500135
nana1257	-0.02207236034545	0.864245204146475	-1.96089725	1.722231
nand1266	-0.03994337319775	0.882565856851632	-1.9406335	1.81818
nang1262	-0.023317587246	0.826377507771064	-1.9781255	1.76876825
nant1250	-0.0102045735556	0.835337513720447	-1.897021	1.77962575
nara1262	-0.042783307907597	0.852681439995828	-2.05512875	1.741141
naue1237	-0.0452273320905	0.881141053404488	-1.92896525	1.75359349999999
naur1243	-0.0388765907497	0.886174708514143	-1.9919085	1.86483225
nava1243	-0.03693466563315	0.845591884489429	-1.93106825	1.7691295
nawu1242	-0.0035237676205	0.833789312251007	-1.841678	1.78227675
ndam1239	0.000325297756	0.805363626857253	-1.66455075	1.77710799999999
ndog1248	-0.01146148870615	0.817583890419315	-1.8241155	1.71249275
ndun1249	-0.0627985030595	0.831868440312823	-2.1576145	1.656326
neha1247	-0.0348814422961	0.844281250010984	-1.92210225	1.7739735
nend1239	-0.03738158464995	0.842676628228437	-1.9942455	1.8810785
nene1249	0.000423937766449999	0.837713948896045	-1.754221	1.79375925
neng1238	-0.0276737565259	0.840782648236362	-1.9463765	1.82088
nenn1238	-0.02319563611565	0.835866115691861	-1.8900395	1.8841775
nese1235	-0.0957350030263	0.839304992745492	-2.1500025	1.51028275
newa1246	-0.216789743718	0.840134390426337	-2.321465	1.227925
nezp1238	-0.013561242124	0.853651089859672	-1.897959	1.73728424999999
ngaa1240	-0.025753406639	0.837424581120405	-1.7566	1.76510625
ngab1239	-0.0317317438205	0.888611463530822	-2.04956225	1.81880225
ngal1292	-0.0238916646722	0.878501085464501	-1.95701975	1.86056
ngam1268	-0.0386122821594	0.867475011733101	-1.854449	1.857752
ngan1291	0.00530830751645	0.842411898500119	-1.79564125	1.7829415
ngar1235	-0.0209206585643	0.861687419377474	-2.00476	1.9958175
ngar1283	-0.00319354563675	0.879540546857225	-1.94436675	1.89436675
ngar1284	-0.0235540995647	0.913181402012822	-2.10777725	2.0207415
ngas1240	-0.0778906091495	0.780169723700521	-1.88046075	1.59729625
ngba1284	-0.0597694662615	0.840652679691616	-2.01181175	1.6249205
ngba1285	-0.064206565308	0.87242768535858	-2.01965825	1.77386575
ngit1239	-0.0196868326995	0.856368456855527	-1.83158525	1.72918575
ngom1268	-0.05018187584725	0.843083299592356	-2.025724	1.64806999999999
nhan1238	-0.01354052855435	0.831069609018938	-1.8966625	1.7677975
nhen1239	-0.003587405063635	0.856440762526288	-1.7791635	1.69742725
nila1242	-0.0374557502135	0.861708343887895	-1.922634	1.79504375
nina1238	0.00038500471145	0.859474432687473	-1.88255775	1.92450975
niua1240	-0.0252600511326	0.879124308674544	-1.975535	1.94599925
niue1239	-0.00704189998435	0.856830798301913	-1.94318025	2.00448275
niva1238	-0.0042115720995	0.918431197207052	-2.075728	1.825507
njan1240	-0.12242776918145	0.825875203190374	-2.1824445	1.550473
noct1238	-0.233247081039055	0.884804061479206	-2.501791	1.25544
noon1242	-0.02707800819135	0.813376954433154	-1.83667	1.6602335
noon1243	-0.140704718837903	0.844540924313614	-2.156488	1.4476135
nopa1235	-0.0805734642	0.843269188874429	-2.074829	1.71268275
nort2671	0.005832326387	0.82902326439127	-1.755911	1.94172124999999
nort2684	-0.02910781382425	0.853160277775648	-1.8709745	1.89047149999999
nort2690	-0.0126943002468	0.812435030354815	-1.78504025	1.7900845
nort2697	0.1018056575799	0.78690372172531	-1.4219045	1.90360875
nort2702	-0.07630228407415	0.813602410970562	-1.96157875	1.64945725
nort2722	-0.0869629454886	0.782346552627243	-2.0042285	1.490942
nort2723	0.202344211674645	0.897449838196328	-1.41268025	2.30396125
nort2732	-0.0149725103696	0.839301825479471	-1.88079425	1.843424
nort2745	0.2965449037733	0.974302714813258	-1.18309575	2.92312474999999
nort2747	0.215116038076625	0.860600690500461	-1.26850975	2.44630575
nort2774	-0.0752773420567	0.885388708503412	-2.1116865	1.6655315
nort2839	-0.11607637695485	0.852436744963827	-2.1385545	1.51251875
nort2845	0.02109012414455	0.827621025294444	-1.78035175	1.90556749999999
nort2847	-0.0726545494553	0.870176793265996	-2.03366	1.54575775
nort2885	-0.01395623627765	0.87362353766247	-2.0385525	1.86240875
nort2930	0.0023321514681	0.855117229103279	-1.93164425	1.88583475
nort2938	-0.07544238921165	0.843600858641106	-2.05707175	1.616519
nort2942	-0.0186209472856	0.880132097572081	-1.825854	1.86265925
nort2954	-0.015768568592	0.845925775532122	-1.97494475	1.860918
nort2957	-0.03656262584005	0.826773339675018	-1.79646575	1.6331775
nort2961	-0.0834700837417	0.780717418709846	-2.0305015	1.4216995
nort2972	-0.0302541082395	0.848191160555248	-1.9060345	1.68002925
nort3047	-0.06440644970815	0.808552865195359	-2.08452325	1.56062125
nort3139	0.010430159397	0.829644388780605	-1.761814	1.82991875
nots1237	-0.056560949846	0.832020966508166	-1.95675425	1.621515
nucl1235	0.14916867730992	0.859151477707176	-1.43612925	2.35940824999999
nucl1240	-0.1081697500916	0.860755534232787	-1.92357725	1.63312325
nucl1301	-0.031001924674	0.80867917560237	-1.98959275	1.71509625
nucl1302	0.5911306326638	1.10589028847266	-0.660943875	3.6833865
nucl1305	-0.09960701748105	0.846637476279679	-2.23575475	1.614237
nucl1310	-0.11696946485326	0.818595439858191	-2.16492625	1.40018075
nucl1417	-0.0419725738362	0.822021381759939	-1.8880675	1.67461525
nucl1458	-0.039485258725025	0.876810857197509	-2.07307525	1.78825475
nucl1593	-0.00142701521955	0.84412375019483	-1.77243775	2.0225285
nucl1595	0.15061751637195	0.916655831403139	-1.563456	2.35256675
nucl1622	-0.0154237735738	0.873519770246126	-2.0426965	1.79777225
nucl1633	0.00029804845425	0.874740657960728	-1.881289	1.97177674999999
nucl1643	-0.09390361525142	0.823166242876115	-2.04424475	1.64614775
nucl1706	-0.0417893741095	0.859850475167533	-2.01725475	1.79973925
nuer1246	0.0035606262275	0.851217019637417	-1.87932175	1.75145749999999
nukn1238	-0.031448720974765	0.845122552746038	-1.9025675	1.92668125
nupe1254	0.1621098889975	0.842750890064574	-1.32241525	2.3333055
nyah1250	-0.0101746112455	0.869030970159427	-1.86595125	1.935587
nyak1260	-0.02593705036259	0.867612039764045	-1.92655	1.90247025
nyam1285	-0.10062846330375	0.861186325120603	-2.11170225	1.56351
nyan1301	-0.0040568692268	0.904087560599585	-2.10518225	1.84982549999999
nyan1307	-0.02741836640155	0.878471754046826	-2.03522125	1.8236155
nyat1246	-0.038080404819995	0.90768294055836	-2.08269225	1.9967705
nyor1246	-0.03792216768609	0.856279402452247	-1.868815	1.73847199999999
obok1239	0.20586972357365	0.904136419853956	-1.3874475	2.473161
occi1239	-0.0128774664065	0.838525722838969	-1.96970125	1.745632
ocot1244	-0.0842182897914	0.849877501035515	-2.06780925	1.611241
okan1243	0.4957473411077	1.05261771196246	-0.84071775	3.55061875
okin1246	-0.13630418216545	0.840676265588833	-2.130097	1.4264635
oksa1245	0.00052541120115	0.930477860814807	-2.09911875	2.12048399999999
oloo1241	-0.02664956212485	0.795297914824334	-1.84025425	1.62689
olut1240	-0.0701703611485127	0.83737636006675	-1.91097975	1.691998
omie1241	-0.030879595163	0.851653294068343	-1.9025495	1.71942825
onto1237	0.00864593760715	0.82863087143311	-1.90155375	1.876593
oriy1255	-0.0389163614215	0.898882704676773	-1.9524275	1.832389
orma1241	-0.049974310452425	0.882955890275525	-2.09028025	1.88698325
oroc1248	-0.0273304387555	0.852691135941403	-1.89944675	1.622264
oroh1237	-0.0349861389823	0.883335284796313	-2.055365	1.82845175
orok1265	-0.03409255657445	0.846431219084737	-1.98312475	1.69206075
orok1266	-0.0906731964745	0.897115867194703	-2.13948875	1.7710385
orok1267	-0.0113011111241	0.845306516118007	-1.763159	1.86289975
orow1242	-0.045533028423	0.848197579526314	-2.06025025	1.744596
otta1242	-0.11355305157075	0.78622186698455	-2.07813275	1.38748575
paaa1242	-0.05834914890205	0.819910918872883	-1.78488125	1.54956625
paam1238	-0.112955536991025	0.824709328618734	-2.01646725	1.4437325
paas1238	0.576677675904045	1.07483396396575	-0.69037695	3.45687174999998
paco1243	0.0451343417465	0.870054319538946	-1.912433	2.06772624999999
pagi1243	-0.064883584006	0.84726612249086	-2.12089825	1.543978
pagu1249	0.00420307356235	0.829984831469071	-1.7885525	1.77503475
pahn1237	0.1858853904613	0.830537336007234	-1.326455	2.23987324999999
pait1244	-0.18152437740115	0.786086117588694	-2.103959	1.16989975
pala1344	-0.0283682722447	0.86004289914252	-1.96898325	1.781263
pali1279	0.0179751687955	0.867508193833371	-1.9070765	2.05035475
pana1307	-0.0276295461615	0.862104302163261	-2.000462	1.78388425
pang1287	-0.016655267333	0.860641455927216	-1.93254	1.84019049999999
panj1256	-0.0448338717389	0.834017951599375	-1.8642855	1.83001125
pany1241	0.00249821971785	0.987266518632009	-2.0184605	2.20441425
papa1265	-0.05512181325345	0.872679054065841	-2.0968955	1.7674175
para1301	0.023163324223	0.857437856531434	-1.799807	1.93105325
para1302	-0.23633345544545	0.887497398517769	-2.5438075	1.2355175
para1311	-0.012565543791	0.860946329681327	-1.97871425	1.973392
pare1266	-0.0667023712792	0.808392945093912	-2.05350475	1.69043725
pare1272	0.0048312193085	0.815411298220062	-1.81705625	1.8258275
pate1247	-0.0659260597085	0.881420315821309	-2.0575025	1.78256925
patp1243	-0.05402226727005	0.844443610327064	-1.98472875	1.86308975
paul1238	-0.00413587747212	0.844802069268802	-1.9219095	1.85425025
payn1244	-0.037813608078577	0.844209279592784	-1.9517345	1.79300375
pech1241	-0.017572191988	0.861121610094977	-1.7651755	1.72167474999999
peer1241	-0.0902355169887	0.824116768610491	-1.9957815	1.64439975
pela1242	0.0037579059565	0.791833207083901	-1.74634425	1.74773675
pemo1248	-0.0235409406418	0.854802429099493	-1.997515	1.747061
pend1242	-0.0266473779756	0.869962069307475	-1.973143	1.80321925
peng1244	-0.0801248975745	0.799888207982246	-1.9298275	1.5606375
phai1238	0.024407733247	0.828403493213624	-1.7049005	1.907943
phom1236	-0.251817825341142	0.864266918470984	-2.3824035	1.1950025
piap1246	-0.0280277696365	0.88437119660671	-1.824779	1.808127
pila1245	-0.034018853563575	0.865019917748113	-2.047629	1.799616
pile1238	-0.01207711509	0.891579944902004	-1.84158425	1.881571
pina1252	-0.0124471526455	0.801575627429091	-1.8242165	1.716107
ping1243	-0.00699229348605	0.808062404014497	-1.828704	1.61800525
pipi1250	-0.006777349079	0.841117516665114	-1.833015	1.83676075
pite1240	0.00426926244915	0.793421107403407	-1.60586575	1.708704
plai1258	-0.154894542145795	0.81300169450372	-2.22934575	1.425023
pnar1238	-0.15113924303345	0.850580590877518	-2.1902275	1.42941325
pohn1238	-0.02156899727865	0.871361570546915	-2.04293125	1.8345075
poko1263	-0.03306073586235	0.845464674131724	-1.92704325	1.58380325
poli1260	0.0057634336492	0.874294641564784	-1.8638175	1.90138675
popt1235	-0.07964496180565	0.910372722757495	-2.23394225	1.67436475
port1283	0.0059968734615	0.931125131476423	-2.0886685	2.10435425
port1285	-0.11153559509905	0.844964785896178	-2.173745	1.64890425
psik1239	-0.074891666216	0.821063560720017	-2.0443625	1.64839775
puin1248	-0.015334758261	0.862607480298981	-1.85681625	1.7482965
puka1242	-0.002412713309815	0.877105108028612	-1.881188	1.88209
pulu1242	-0.0229603803761	0.827242682704307	-1.85992525	1.69314175
puma1239	-0.1521496115284	0.78220099980071	-2.12819125	1.3009765
pume1238	-0.0155845354581	0.855573568205786	-1.86220825	1.9124735
puoc1238	0.0217653351295	0.812278357354993	-1.71210325	1.95107725
pura1257	-0.009272131731	0.84767068510272	-1.80756075	1.8268695
pure1242	-0.01981132002925	0.866967645290064	-1.96360875	1.9895255
puri1258	-0.0289286016112	0.816087783798995	-1.85542425	1.82515675
qima1242	0.0718083248428	0.860582958864556	-1.69460175	1.94862425
quer1236	-0.01605157430925	0.822397940646109	-1.84278325	1.75492275
quio1240	-0.07457883098405	0.85828918168889	-2.267667	1.69201924999999
rabh1238	-0.14027835817	0.899335310730512	-2.23178525	1.528269
raji1240	-0.1289683741407	0.83012844515444	-2.252442	1.5540455
rama1270	-0.05248299793105	0.898511968834826	-2.06839525	1.7709985
rapa1244	0.0041826001578	0.881478942649085	-2.02650925	1.83127875
rapa1245	0.0211256126862	0.828947222597298	-1.84412875	1.93364149999999
raro1241	-0.004429036318	0.877589451240451	-2.070256	1.89488525
rata1244	0.016440022068	0.824859891016443	-1.84619825	1.924912
remo1247	-0.03159089260185	0.815102940227361	-1.83433525	1.725218
reng1252	-0.01502389069275	0.88262026959225	-1.90145625	2.016837
renn1242	-0.00758773651785	0.871603744603008	-1.96384575	1.788768
reye1240	0.1901703222275	0.853234647828804	-1.29194925	2.383753
romb1245	-0.013425058896	0.829294276561529	-1.94783625	1.8917625
rong1264	-0.06800216313885	0.844138086418121	-1.971578	1.589775
ronn1241	-0.0645314691682	0.797252007145044	-1.90302725	1.60285825
roto1249	-0.04832100321465	0.883061073248964	-2.096451	1.8821885
rotu1241	-0.0135084855235	0.843206278992993	-1.98305325	1.769835
rovi1238	-0.0181914593811	0.853160830976557	-1.89896075	1.777036
ruch1235	0.1454348892959	0.866391174566211	-1.500235	2.301141
ruka1240	0.0160925253082	0.823255845073774	-1.75648475	1.86562675
ruma1248	-0.01283831831135	0.834998834540285	-1.850505	1.88851
rung1258	-0.055451006628	0.875002970911373	-2.2044555	1.61912975
russ1263	-0.033603125151075	0.85862749782428	-2.0147135	1.80148625
russ1264	-0.00552277984875	0.804563986269143	-1.73620675	1.753145
saaa1240	-0.04212077830545	0.875979465991247	-2.030594	1.741521
saaa1241	-0.11074075821525	0.872552376132293	-2.3303895	1.51086375
saar1237	0.0832792500345	0.800539617851933	-1.4366725	2.007176
saga1262	-0.0180326887722	0.876433034664935	-1.87851325	1.80001375
sais1237	0.45576137129625	1.00057668793864	-0.947243625	3.193564
saka1289	-0.071224223551	0.808218591427841	-1.971799	1.58318324999999
saka1291	-0.0262443484585	0.811094009466732	-1.82071025	1.78238525
samb1305	-0.1037570503815	0.870939198838542	-2.11312775	1.521751
samb1311	-0.101612565329165	0.858684287528404	-2.08013925	1.5427905
samo1305	-0.0333975967007	0.929632228406701	-2.104002	2.0010205
sana1295	-0.01690843373105	0.806385376031822	-1.8076575	1.7180905
sanb1242	1.9710348599998e-05	0.950017082267531	-1.8770405	2.02944525
sand1278	-0.06443354921265	0.88445735291671	-2.136417	1.96175075
sang1330	-0.0087579827082	0.841436234701425	-2.01733125	1.95513274999999
sang1331	-0.02630340909355	0.798784623077108	-1.85728475	1.6672165
sanj1284	-0.08805792578885	0.870602963976558	-2.239458	1.746097
sanm1289	-0.021261752123	0.871018743117611	-2.01881575	1.8591975
sanm1295	-0.07852995023318	0.820177548804465	-2.080533	1.570685
sant1436	-0.0862312085375	0.890066116352105	-2.22449675	1.6638645
sant1451	-0.08186130116735	0.832002244300712	-2.173682	1.43975124999999
sanu1240	-0.0096509445395	0.865327860680588	-1.87482025	1.87320174999999
sapo1253	-0.0366772683875	0.892593451978083	-2.1137995	1.81722875
sara1321	-0.0670584660323	0.8977850574127	-2.247186	1.735905
sars1236	0.0153603408652	0.842692026305935	-1.78385475	1.88837325
sasa1249	-0.0392144024116	0.856788531332129	-1.94483875	1.72346475
sata1237	0.009212636673	0.826619416840243	-1.8279915	1.886239
sauk1252	-0.053764072656	0.856972232794153	-2.0370045	1.81105225
saur1249	-0.06594052823455	0.809725490252676	-1.868638	1.69278025
savo1255	-0.06839845258295	0.813330058002804	-2.04158575	1.62116075
saya1246	-0.0822417627429	0.77090210762478	-1.9134535	1.53173399999999
seda1262	-0.00437828287075	0.868703752529831	-1.89569975	1.89129025
seim1238	-0.025592205373	0.816331849575157	-1.840817	1.73624025
seke1241	-0.10976371204785	0.872559787267064	-2.36431975	1.47487875
sela1259	-0.02157386776035	0.900503880405575	-1.9924775	1.7892025
selk1253	-0.032134712257	0.83149278901093	-2.0064175	1.7242405
sema1265	-0.04021878811705	0.816396519691831	-1.9528255	1.5899025
seme1247	-0.0572406695022	0.856893282655404	-2.002078	1.65315975
seri1257	-0.013269094554	0.812632684207561	-1.94001525	1.7746645
seve1240	0.44691384370677	0.990209417504732	-0.879693775	3.08776
shab1252	0.24377050012675	0.904203065972817	-1.30176875	2.61448375
sham1280	-0.03624202934295	0.83961384517284	-1.931129	1.78953949999999
shan1283	-0.02142337024685	0.845380329907733	-1.775667	1.7246875
shaw1249	-0.0822225038762	0.804203212677361	-1.953698	1.5063615
shil1265	-0.00222323158145	0.899498064558797	-1.988564	1.98008374999999
ship1254	-0.035709372277	0.918461016469328	-2.1735335	1.8303435
shix1238	0.0634349074695	0.792852474669831	-1.4705065	1.80848149999999
shol1240	-0.119372540288	0.8797076899782	-2.237577	1.51406224999999
shon1251	0.00108219153755	0.79818651329008	-1.70466325	1.8158995
shos1248	-0.00599855487215	0.834451243974243	-1.83425875	1.86432975
shua1257	-0.0218704088581	0.804027441749518	-1.78683975	1.5493335
siam1242	0.29430369866967	0.891743376597039	-1.0329785	2.71715599999999
sich1238	0.22703140819713	0.838589409298255	-1.25531025	2.45511225
sici1248	0.002743177763	0.864343534489398	-1.957863	1.98404575
siee1239	-0.07633278586685	0.864530891309186	-2.105598	1.7525255
sier1250	-0.07496019871285	0.871039282567047	-2.213409	1.719909
sika1261	-0.010272905185	0.863420450181632	-2.001131	1.83747
sile1255	-0.05257986215685	0.864293119718673	-2.07043025	1.7205695
sina1266	-0.0292048663974	0.893708000215786	-1.89060375	1.8484245
sing1264	-0.2309857636875	0.886436762742947	-2.4998285	1.2091975
sion1247	0.01395109794185	0.850660518378785	-1.890128	2.0588035
sioo1240	-0.03482214542355	0.834042717823563	-1.8295175	1.72416375
siri1274	-0.0548114773375	0.888792743985971	-1.923264	1.68824525
situ1238	-0.05250792567395	0.808382919427938	-1.8301365	1.6066135
siwi1239	0.026303381586	0.820662772160278	-1.74327175	1.8084775
skol1241	0.011770252942155	0.870537889655841	-1.9939605	1.77316225
slov1268	-0.00101825794453	0.865373591886341	-1.92277475	1.875479
sobe1238	0.1059041049238	0.892644106260239	-1.59673075	2.32532
soch1239	-0.0672065986416	0.852740623856498	-2.127803	1.7188195
soga1242	-0.01445311389105	0.861512964502241	-1.8116085	1.85317725
soli1239	-0.00713808619108	0.866227077667711	-1.90471875	1.88256675
sons1242	-0.0059427529466	0.821795296227383	-1.86451775	1.7930615
sooo1254	0.03457472709895	0.931534135099613	-1.64832425	2.05202725
sout1528	-0.03609187412215	0.879207844351667	-1.9808105	1.76579275
sout2649	0.04883570160125	0.822653522007864	-1.675132	1.86962
sout2674	-0.01967826336775	0.832717666219865	-1.955536	1.865609
sout2679	-0.02421848900495	0.811454330456114	-1.92553675	1.7453715
sout2728	-0.05494156918902	0.774327270150971	-1.828533	1.61835725
sout2729	0.1033618098105	0.820053455560341	-1.47672725	1.9566955
sout2730	0.48458745026265	0.989895302028764	-0.81761685	3.14490074999999
sout2797	0.361568008414	0.918486850940659	-0.92943745	2.925934
sout2807	-0.010268496742	0.846468895821394	-1.896166	1.964432
sout2856	-0.07324294749	0.832135352489489	-1.9510595	1.61622925
sout2857	-0.105442706090625	0.873983138088354	-2.35434325	1.681621
sout2859	-0.1109952295992	0.83696030750777	-2.01635725	1.4609815
sout2869	-0.0651343935822	0.878139993840944	-2.150212	1.6049575
sout2954	-0.1028628674465	0.836083264114865	-2.15758625	1.55972975
sout2956	-0.09140021286175	0.83585387765255	-2.0134695	1.584716
sout2959	0.00337735500665	0.853244672842545	-1.97776775	1.8465705
sout2976	-0.0233599786797	0.83982228943619	-1.97406975	1.71904525
sout2994	0.0134460720925	0.89119297159735	-1.98753225	2.12353025
sout2996	-0.0066452977251	0.875165837169312	-1.92010525	1.867225
sout3236	0.30898921115	0.918472494724704	-1.07980075	2.71679
sout3261	-0.0498202799035	0.802754057339856	-1.853897	1.61192025
stan1289	-0.014240381576375	0.903938127849231	-1.9665905	1.99475675
stan1290	-0.000950591991150001	0.815484670819708	-1.8210515	1.75388624999999
stan1293	0.013146474183975	0.830900683341273	-1.8148105	1.8078445
stan1306	-0.065203253603	0.810457989631418	-2.1017855	1.5488835
stan1318	-0.02291377971215	0.948127318412682	-2.02993875	1.944159
sude1239	-0.01789128910255	0.831632809735258	-1.903059	1.7717135
sumi1235	-0.24957125363985	0.901143088645513	-2.681989	1.220312
sund1252	0.01221034102515	0.841550244796904	-1.83273725	2.078199
sunw1242	-0.225498655317385	0.829688877918603	-2.38786225	1.20990975
supy1237	0.0887365146009	0.840580728235317	-1.49278675	2.1432155
surg1248	-0.00983862432615	0.874966561014982	-1.9641915	1.88870225
surs1246	-0.05118889743945	0.813527780214069	-1.77256975	1.69271575
swah1253	-0.0201906990486	0.848659686623396	-1.8249115	1.8712
swed1254	0.0182331078917	0.847547333972957	-1.903914	1.91744
taba1263	0.01105315415	0.841029192658079	-1.75690425	1.84632125
tabo1241	-0.000389260371130001	0.840917746680869	-1.752643	1.7250675
taga1272	-0.05456740856675	0.88383078851627	-2.0670925	1.86911425
tagw1240	0.01230549695035	0.815728112477119	-1.80347275	1.79468625
taha1241	0.0102815494475	0.84518285775135	-1.802502	1.85653675
tahi1242	0.0088715570082	0.908386938808778	-1.92789525	1.98833224999999
taia1239	-0.034296455189845	0.863008674747627	-2.08768025	1.838887
taji1246	-0.03379091818495	0.874947298147745	-1.99324275	1.800582
taku1257	-0.01530649272625	0.818755950255748	-1.938359	1.80762775
tali1259	-0.04621879553685	0.856505539188379	-2.08271175	1.771519
tama1365	-0.135453488585	0.85208537640461	-2.237276	1.46052175
tami1289	-0.06039366599555	0.880264605043424	-2.0954815	1.73251025
tane1237	-0.01762687035665	0.841544566576307	-1.95241225	1.84711525
tang1336	-0.2194736678836	0.874902925770714	-2.449021	1.1382415
tang1347	-0.0887296387451	0.803946224208264	-2.035255	1.61152375
tang1348	-0.01646152097035	0.853991854800767	-1.98390475	1.83250125
tang1377	-0.193736393426145	0.836341720843396	-2.2809925	1.3001625
tani1257	-0.0390152473035	0.829259366174084	-1.9922795	1.84456375
tari1256	-0.0527567143945	0.853510058137747	-1.9787295	1.69440325
tari1263	0.01488651831145	0.908368070454173	-1.88315875	2.109702
tata1255	-0.0524103349138	0.84284164087223	-1.96015325	1.77235275
tata1257	-0.037665466187	0.918595865019815	-1.99100675	1.70312125
tata1258	-0.07888646748355	0.84424209460158	-1.99537275	1.5993065
taul1251	-0.048486299146	0.80818174146908	-1.90232575	1.64335575
taus1251	6.55957425499997e-05	0.838667501974657	-1.78843975	1.828772
taus1253	-0.017053279955255	0.874920390037608	-2.0352915	2.006693
tawa1286	0.01608029268495	0.858087199965477	-1.8718615	1.9805015
taya1257	0.00733721820755	0.848160439738945	-1.8845805	1.92435025
tbol1240	-0.057032463084	0.813542803437814	-1.975865	1.6988785
tean1237	-0.017038575038	0.84049986821712	-1.94522575	1.859917
teda1241	-0.0442404748637	0.858892604860406	-1.97322475	1.77073175
tedi1235	-0.17131796255625	0.783594401619327	-2.161707	1.296878
teke1275	0.003562296808	0.825706418873922	-1.7961385	1.68675225
tekt1235	-0.0764990505251	0.818457616031972	-1.9312375	1.5757065
telu1262	-0.08727594504515	0.869675492251095	-2.18491275	1.64414375
tene1248	-0.131837113074	0.836868292507369	-2.1603015	1.448097
tenn1246	-0.0255446048635	0.8282844183014	-1.84521925	1.88728675
teop1238	-0.03994893100635	0.895748337545669	-2.08004275	1.8197335
tera1251	-0.09461714870488	0.816005333035781	-2.053658	1.468552
teri1250	-0.00740493854895	0.82674304095672	-1.7626925	1.73150425
tern1247	0.0054021936345	0.837740583042546	-1.690559	1.85752075
tete1251	-0.03701843622165	0.796132219101002	-1.86050225	1.63831475
thad1238	-0.18468488511645	0.812573848234506	-2.1931735	1.28006025
thak1245	-0.16301545227105	0.870129074980144	-2.18727075	1.4894445
than1259	-0.1726270346775	0.837600145372075	-2.18876525	1.3552065
thao1240	0.234156970428	0.846810124044193	-1.132122	2.5021065
thul1246	-0.0858245273522	0.75295386048157	-1.8571335	1.4323395
tibe1272	-0.09603371380995	0.866034747349306	-2.0110165	1.52187825
tief1242	0.34767146094595	0.933902453720184	-0.963986	2.8622775
tief1244	0.3556414928745	0.923376501575794	-0.962579475	2.89803425
tien1242	-0.00872374726115	0.804861207519014	-1.72642875	1.708088
tiga1245	-0.0333053242835	0.89060438512358	-1.9559185	1.86073075
tigo1236	-0.129358341714	0.815296336137656	-2.12902275	1.4390645
tika1246	-0.122287788572375	0.82840768509018	-2.0127305	1.49985425
tiko1237	-0.0389044177053	0.821378144291074	-1.91146	1.673275
timn1235	-0.0414035430195	0.855123775028914	-2.09016275	1.78297
tiri1258	-0.0532494654185	0.857396174237209	-2.0884175	1.7482945
toab1237	-0.0507874643298	0.846825845402541	-1.92491	1.67053
toar1246	-0.0481897102199	0.854812702553536	-2.11292025	1.75996
toba1268	-0.010373679706535	0.850532580006737	-1.890964	1.703318
tobe1252	0.00402757305925	0.781268397791108	-1.73856525	1.734196
toho1245	-0.02335945087165	0.895027257483126	-1.9570955	1.9386265
tojo1241	-0.0477757277804	0.915063101417779	-2.20584725	1.90420125
toke1240	0.011712508101	0.850197420337635	-1.81489525	1.86706125
toll1241	-0.031300528644	0.848007198029447	-1.9390315	1.852331
tond1249	-0.1242153686015	0.765745381304726	-1.937843	1.4443925
tong1308	-0.0438086264066	0.891541530775936	-2.07800325	1.936894
tong1318	-0.00778544532815	0.835510324662528	-1.714987	1.7140485
tong1325	-0.030163403504	0.849237986825472	-1.863408	1.7926655
tosk1239	-0.02064751339115	0.853155966904475	-1.98672975	1.64050325
toto1302	0.047857796407	0.748603634372783	-1.5629175	1.79255475
trio1238	-0.0205178214456	0.792005417386431	-1.79798275	1.6608415
trum1247	-0.042116690392	0.823159153333278	-1.804253	1.72732375
tsam1247	-0.1234764982858	0.855159490474747	-2.22746225	1.435228
tsat1238	0.54677131635635	1.07216889717734	-0.676533625	3.46512725
tsha1245	-0.13398514150675	0.895660842273734	-2.2849225	1.4374335
tsis1238	0.2496670382365	0.863443185654096	-1.189984	2.30591374999999
tsix1234	-0.01173315056855	0.856194437698698	-1.8794795	1.86964175
tsog1243	-0.00564398212795	0.869793777083871	-1.79705625	1.85995725
tson1249	-0.0170319839277	0.813458148195893	-1.78658975	1.8877795
tswa1253	-0.03155685836	0.865797225250249	-1.974967	1.7661835
tswa1255	-0.0061450482516	0.861071186234301	-1.9299035	1.97920325
tuca1252	-0.05755905229975	0.855369945199049	-2.032609	1.63301275
tuge1241	-0.0353803775345	0.879630761772805	-1.94764525	1.85808325
tugu1245	-0.053153716405985	0.882031967246607	-2.177705	1.71843325
tuka1248	-0.0034222060125	0.842103993794956	-1.7272	1.86177825
tuki1240	-0.07507535621545	0.752805189906675	-1.772195	1.5865515
tula1252	-0.1077890355819	0.861120256384848	-1.9763235	1.613249
tulu1258	-0.1368893501925	0.805701864243751	-2.09474775	1.410164
tune1261	-0.09597608396065	0.853212492138282	-2.19836425	1.487948
tung1290	-0.0337927681785	0.84935415481223	-2.00038925	1.773477
tunn1238	0.0070217128012	0.836321428187629	-1.899891	1.84416375
turk1303	-0.0388931643063	0.894123352724906	-2.07389125	1.8065295
turk1304	-0.01031835154035	0.86358676978198	-1.90579475	1.89672325
tusc1257	-0.01549682733125	0.872365242446421	-2.02004175	1.9447695
tutu1241	-0.10349123892815	0.833958917972628	-2.14169	1.55559325
tuva1244	0.01398682188085	0.859590685327866	-1.917705	2.00419475
tuwa1243	-0.10595952797	0.822233395244164	-2.0592085	1.495526
tuwu1238	-0.040333914017	0.806274471799768	-1.892602	1.6057505
udih1248	-0.0215210533032	0.826852747339438	-1.901971	1.671725
udii1243	-0.06514804415525	0.798418682328101	-1.95574975	1.56934925
ughe1237	-0.01842945599075	0.848282440509076	-1.8293625	1.8656735
ukra1253	-0.01229664496665	0.841418425898131	-1.87119025	1.752839
ulch1241	-0.06622479616185	0.878550127899211	-2.15291875	1.65475925
ulit1238	-0.0387057422295	0.809142960638669	-1.8761605	1.6976285
ulwa1239	-0.0640323421978	0.84068125981827	-2.203954	1.62976575
umaa1242	-0.04457903682061	0.853515207619729	-2.083286	1.79408825
umbu1257	-0.005806226520345	0.893530700314934	-1.86766775	1.869683
umbu1258	0.00032685869674	0.872746761121755	-1.945316	1.857698
umes1235	-0.01181129976785	0.844116503206347	-1.77612525	1.6659275
unua1237	-0.10630208399855	0.85137818508001	-2.20189075	1.51367774999999
uppe1275	-0.03137380661975	0.841260098510796	-1.892341	1.69677475
urak1238	-0.07466066681125	0.82970977943551	-1.98955525	1.66316625
urar1246	-0.0089370091429	0.888594200432364	-2.04084625	1.9594555
urav1235	-0.07269177967825	0.856539850552294	-2.03616075	1.74647275
urim1252	-0.00989418159548	0.864084741967524	-1.78072325	1.87863599999999
urip1239	-0.10564832664535	0.846365035651661	-2.19780625	1.5099615
utes1238	0.0150247814407	0.81876478130801	-1.7576575	1.73560725
uuuu1243	-0.0074642723662	0.805965820303036	-1.88485575	1.767675
vano1237	-0.01893274266815	0.831826671803534	-1.94408025	1.8171085
veps1250	-0.02184375838055	0.83839129102154	-2.0475895	1.80898974999999
vera1241	-0.06124846074245	0.886760917715037	-2.05080425	1.6929405
viem1243	0.276832506639982	0.884154066144729	-1.149383	2.6207585
viet1252	0.0644861273788	0.870104608113123	-1.85892425	2.093691
vinm1237	-0.1045250001375	0.851041053737218	-2.19990125	1.4810655
voti1245	-0.0230764037785	0.809998367787997	-1.85440925	1.73092075
vunj1238	-0.0369605977063	0.86833639830431	-1.9295385	1.72468075
vure1239	-0.06284263446905	0.881330870569219	-2.0477765	1.68572925
vwan1235	-0.0230269747979	0.832784935779909	-1.9498725	1.7563205
wage1238	-0.017513015608	0.8598652136846	-1.89471	1.78682299999999
waig1244	-0.02747949196245	0.815254699887349	-1.853216	1.77112225
waim1251	-0.0507602862485	0.867889753504898	-2.0883255	1.7030265
waja1257	-0.0198540178745	0.829614044077088	-1.92007125	1.70638175
waka1274	0.01662803783687	0.908424336707587	-1.91009475	1.85445825
wala1266	-0.05710715342	0.889005034715793	-2.00585575	1.8470225
wall1257	-0.02702819358825	0.861778873406391	-2.10363175	1.77360925
wamb1257	-0.1911307951555	0.816206896395625	-2.2995015	1.2449585
wand1267	0.037210897582664	0.804299335686619	-1.6702495	1.92415325
wand1278	-0.04181293149915	0.821984502924732	-1.870707	1.57994799999999
wara1294	-0.0214318758452	0.850848334995253	-1.908722	1.86685175
wara1303	-0.02450812819665	0.860868227570149	-1.81260675	1.73087249999999
ware1253	0.2931370576265	0.868175004849516	-1.10169675	2.547819
wari1268	0.0210602855606	0.846834148078018	-1.7432165	1.85872575
warj1242	-0.12655954895505	0.828308376848122	-2.202813	1.442868
waro1242	0.59842753307675	1.14901906199964	-0.79329125	3.85714775
warr1255	0.0109617689643	0.872388192834842	-1.79446725	1.89725
waru1265	-0.0146947038465	0.8399129762874	-1.78508975	1.85244525
wawa1246	-0.1066780737385	0.836072379639139	-2.02836275	1.50681225
waya1269	-0.0151056924116	0.826949277875019	-1.895932	1.8393605
wayu1241	-0.21434506479655	0.840998551497708	-2.349912	1.169168
wayu1243	-0.014105681563815	0.896434138114683	-2.1119525	1.888411
wels1247	-0.01757112528315	0.88476586740329	-1.95495375	1.7786505
west2354	0.001814737957	0.877703497457054	-1.883363	1.84672
west2369	-0.0032606353736	0.900331297955846	-2.01983025	1.91260475
west2392	-0.071406884612	0.810529138487848	-1.92475925	1.6255295
west2396	0.3815594546225	0.935944205287468	-1.024938	3.01542425
west2397	0.02957175143941	0.91125951902733	-1.71151425	2.06798025
west2415	-0.2249250215645	0.880560051092593	-2.412354	1.19231725
west2418	-0.168844033723	0.87333701430849	-2.215559	1.41480875
west2441	-0.01321499508896	0.859647890508259	-1.7015635	1.9273425
west2466	0.31003794131855	0.89587917454408	-1.043286	2.7261685
west2516	-0.04615033717065	0.783668586683486	-1.74814825	1.60725975
west2519	0.003165744371525	0.868752192435802	-1.84518825	1.900969
west2548	-0.00875598983115	0.810423313735946	-1.74285475	1.89217525
west2557	-0.030325024397	0.803343927085165	-1.8719515	1.685558
west2560	-0.0167615618684	0.861554193215413	-1.95068725	1.77435224999999
west2594	0.0789070467465	0.89498640407317	-1.81979825	2.04285225
west2600	0.0046390462749	0.822753155251029	-1.73009	1.81475675
west2618	-0.0103386190005	0.85964529488955	-1.9003705	1.79578849999999
west2632	-0.00523135461783	0.828684292825358	-1.77949725	1.89692375
west2635	-0.0802815357873	0.891105571828144	-2.13970575	1.648488
west2644	-0.08166031558255	0.839124341376015	-1.938733	1.59095875
west2650	-0.086323710888	0.859291676499673	-2.0352285	1.591109
west2763	-0.00538782428379	0.861446482929306	-1.90500525	1.7436905
whit1269	-0.06831618171895	0.872643038754026	-2.114893	1.59342725
wiru1244	-0.0234754000865	0.850856519112976	-1.98435325	1.768965
woii1237	0.225367257257	0.870983719341098	-1.33752375	2.4734065
wola1242	-0.146456448182	0.826672634705482	-2.2142695	1.30875825
wola1253	0.039289588067	0.8352137535067	-1.8316455	1.9242775
wole1240	-0.01883948879285	0.852714632458177	-1.8926285	1.81516275
wood1236	0.413432830607	0.989484476741898	-0.881346875	3.1537195
wotu1240	-0.03374930037808	0.826977892235658	-1.8356255	1.64873275
wuch1236	0.38924065175685	0.872256107911044	-0.787619075	2.88626475
wudi1238	0.012785621747	0.820678217875488	-1.819688	1.8877295
wusa1235	0.039732741801	0.81679012080535	-1.801291	1.95432375
wutu1241	-0.121651658184	0.81381979781531	-2.094852	1.5459315
wuvu1239	-0.03036842594	0.869611434860375	-1.90940225	1.87483825
xamt1239	0.1479871615643	0.869595449110786	-1.48134675	2.30075099999999
xara1244	-0.052693074982	0.865058391320945	-2.12819125	1.81746275
xhos1239	-0.00654481915025	0.857066417212613	-1.880067	1.881649
xish1235	0.2433831623635	0.827514682297865	-1.21857425	2.343643
yaak1241	-0.00211768742105	0.889110690670146	-2.1322135	1.8843865
yaey1239	-0.1214040130171	0.834914437447427	-2.12522175	1.561436
yagu1244	-0.01115524881655	0.874215049101902	-1.94342475	1.81793275
yaka1272	-0.0718032789072	0.854705188509877	-2.11853075	1.55207975
yaka1277	-0.0172052771945	0.83843029358014	-2.00534525	1.84477175
yaki1237	0.03477969821455	0.834926746970791	-1.71726625	1.85986675
yakk1236	-0.02004640049745	0.801394837144789	-1.93726375	1.70995825
yako1252	-0.06284483561405	0.859005947004618	-2.25242425	1.7098315
yaku1245	-0.0218078867846	0.848489546701834	-2.068348	1.911132
yale1246	0.0006860874678	0.822566688118623	-1.77124975	1.9378875
yami1254	-0.0219937361784	0.814699133013239	-1.78318825	1.6860645
yami1256	-0.021117957794	0.841388121639599	-1.87591475	1.78339125
yane1238	-0.04683252448005	0.811938700557492	-2.1935475	1.56555825
yank1247	-0.00306918342845	0.840322043663045	-1.772362	1.799055
yano1261	0.009286774683	0.833182649826308	-1.84068225	1.925422
yano1262	0.0111645440128	0.859776856994599	-1.828923	1.9190945
yaoo1241	-0.0560112980304	0.88406818522845	-2.1654885	1.75383175
yapu1240	-0.02243546211485	0.845949193126151	-1.90804075	1.771359
yaqu1251	-0.021473963795665	0.850606663121628	-1.98163525	1.7161635
yasa1242	-0.020899757223	0.870760031020059	-1.838087	1.7370745
yatz1235	-0.0874999266501	0.879051380473907	-2.16536925	1.6883
yaum1237	-0.0388676949075	0.864755208612897	-1.969256	1.83536375
yawu1244	0.0057727851605	0.862037386665384	-1.90109625	2.08002625
yele1255	-0.023845033002	0.819807847316574	-1.93579875	1.74279325
yems1235	0.08066825754095	0.827122258144637	-1.6255835	2.05613325
yind1247	-0.0220148754275	0.880333384086891	-2.00275725	1.826406
yoga1237	-0.07713189125665	0.855609563367815	-2.21235775	1.623717
yona1241	-0.03733063172115	0.820327182376726	-1.84510925	1.73949475
yong1280	0.01147419650505	0.877385434213232	-1.94370875	1.9176825
youl1235	-0.01183844816855	0.808447607192186	-1.7972195	1.70152725
youn1235	0.1605913834517	0.837839552882853	-1.39509475	2.19041825
yuca1254	0.002400881953	0.799022201528383	-1.80000225	1.763046
yucu1253	-0.0423858263001	0.848064437775441	-2.0650355	1.70945375
yuec1235	0.59139211492055	1.07119594301984	-0.651252075	3.5398845
yura1255	0.0143341090965	0.81393924729846	-1.8599865	1.87864624999999
zaba1237	-0.0243649229554	0.781383412524538	-1.84242525	1.68401925
zaca1241	-0.042621110873255	0.837580874357292	-1.85311025	1.651372
zaca1242	-0.075465896367	0.838251613934448	-1.99941475	1.6698255
zagh1240	-0.02560231404795	0.925233307384143	-2.0199015	1.99701425
zamb1245	-0.03988296012305	0.844708174272417	-2.01101725	1.64491775
zani1235	-0.089753392797035	0.821217485174719	-2.01335	1.49403775
zarm1239	0.003202775738	0.809754269879458	-1.77672275	1.75400125
zaye1235	0.2586631260239	0.845963903234869	-1.1610605	2.284566
zays1235	-0.1626303256461	0.85470065575637	-2.34044875	1.43333725
zeme1240	-0.21959693427475	0.815514774503581	-2.27992825	1.20181975
zinz1238	-0.00793350952025	0.832176879449573	-1.9431225	1.7948165
zoog1238	-0.08683135697365	0.883186948971392	-2.13182975	1.72724
