Estimate	Est.Error	Q2.5	Q97.5
abar1238	0.4368467948945	1.33571100446849	-2.09410875	3.1996255
abee1242	-0.600678885595	1.41171762890256	-3.59390625	1.98224275
abkh1244	-0.4842348865145	1.29287662523812	-3.37590225	1.85217325
abun1252	0.5877815364025	1.40796908368665	-2.13286125	3.65645375
acha1249	-0.31618859484	1.10897469518897	-2.52534475	1.7941415
acha1250	-0.006597335353	1.35161558188854	-2.77098275	2.7037005
achi1256	0.233464019855	1.37410506385411	-2.410274	3.059786
achi1257	0.0950424701805	1.3351279363228	-2.71415625	2.89485275
achu1248	0.10924775462	1.29743983973226	-2.4584385	2.83665825
acol1236	0.1999038043421	1.38592567071916	-2.50566225	3.16688325
adan1251	0.3174052255665	1.23830090369332	-2.051864	3.02379075
adny1235	0.064112814362	1.29990125461715	-2.59033475	2.67012125
adon1237	0.20914031787	1.26792887085109	-2.16843675	2.8109375
adze1240	-0.01591894501	1.09590859322613	-2.331442	2.29379125
afar1241	-0.970942434489	1.26033362959094	-3.8114515	1.24099875
aghe1239	0.4300131535135	1.31835651398471	-2.01295825	3.1320025
aghu1255	-0.843124469695	1.35848630305591	-3.8921105	1.6458135
agob1244	0.42541055052285	1.22011134606307	-1.88446725	3.05259825
agua1253	0.17602382156	1.33560918714447	-2.4561195	3.04658775
agut1237	0.101833011616	1.36063171178592	-2.5014785	3.00670924999999
aheu1239	0.523011573617	1.27803442754993	-1.87717075	3.199333
aime1238	-0.685334167491	1.21523421854478	-3.36891525	1.4607935
ainu1240	-0.3549355291819	1.36606842205169	-3.167624	2.28520625
ajab1235	0.17111181740435	1.32528002844104	-2.4902835	2.99721025
ajas1235	0.19088004184725	1.31484341219039	-2.49253325	2.989843
ajie1238	0.208839240352	1.27744311768059	-2.227858	2.9077105
ajyi1238	0.667757362575	1.34552772546387	-1.86087925	3.8147845
akha1245	0.54163958323	1.02885785484081	-1.40366275	2.7882255
akoo1248	0.3886148383865	1.35621475419244	-2.17116275	3.12464475
alab1237	-0.806084375097585	1.31553198989667	-3.7227255	1.5340015
alab1254	-1.765014648755	1.47698711380486	-5.11507325	0.6143135
alac1244	0.6762752337515	1.33010121285634	-1.830163	3.5279675
alag1248	0.352073700245	1.33574778545827	-2.2451335	3.3217295
aleu1260	0.0613419549152	1.32354485952019	-2.5972395	2.73973525
alor1247	0.30390102958	1.24539348690776	-2.05228125	3.05636149999999
aluk1238	-0.453748203279	1.30658790618862	-3.167192	1.969066
alya1239	0.2865919640465	1.26335313091124	-2.1293315	3.0186815
amah1246	0.47683683712	1.32919269401495	-1.9899085	3.368979
amam1246	-0.0279703252275	1.1674779928728	-2.52961425	2.32225375
amap1240	-0.4163503536905	1.1512093775967	-2.95432225	1.7437835
amar1274	0.2485441124445	1.3278670872407	-2.189926	3.11932425
amdo1237	0.6381336539275	1.17879260096681	-1.54728925	3.1752685
amii1238	-0.669197271529	1.27200031132568	-3.44618125	1.6736195
amis1246	-1.04827201009325	1.27573061503702	-3.81356025	1.284556
anei1239	-0.308237330405	1.30522589606361	-3.11293375	2.1846515
anfi1235	0.136725576467	1.29592232018817	-2.4001255	2.9653445
anga1288	0.3464587934775	1.0319722318892	-1.70323125	2.53716025
ango1257	0.0317262535079	1.33180095944218	-2.55141425	2.76748149999999
anta1255	0.0640587166925	1.37189758572155	-2.61798425	2.95309924999999
anuf1239	0.167663444825	1.39285191752726	-2.54524025	3.16893475
anut1237	0.05298467646665	1.37562581752018	-2.772125	2.8679975
anuu1241	-0.59741034402	1.14177641209261	-3.03575575	1.38234325
aoua1234	0.822471687945	1.30863663351355	-1.50749575	3.656637
apat1240	-0.39676009263525	1.08081391298742	-2.6802935	1.6595765
apin1244	0.1099171550675	1.34681959738641	-2.498124	2.9128515
apma1240	0.3207282712915	1.26278420435881	-2.15085775	3.01694725
arak1252	0.2956362954765	1.21304928402777	-2.079077	2.91662575
arao1248	0.4774691338475	1.31195436869469	-2.0391095	3.36921325
arap1274	-0.11509715900545	1.39598043985078	-3.1758565	2.7214415
araw1276	0.226927576895	1.2917426500023	-2.35392025	2.885989
arbo1245	-0.5406116490945	1.16219217405253	-2.9366855	1.6026285
arch1244	0.319955948053	1.15492920659843	-1.916868	2.6434005
area1240	0.0450531469156	1.29295377059483	-2.5816425	2.67673825
aree1239	-0.32536695702	1.24619726790659	-2.89773825	2.17931624999999
argo1244	-1.0375031163445	1.34113430739099	-4.0434835	1.34321475
arhu1242	0.1802532371515	1.31644826216855	-2.451876	2.8408265
arig1246	0.195478757308	1.31777736678812	-2.30563	3.0185785
arop1242	-0.65138113356	1.24081945653888	-3.362928	1.483693
arop1243	0.29439690803	1.22299422059724	-2.130892	2.845368
aros1241	0.07147645217	1.33311057007261	-2.62268125	2.90003825
arta1239	0.0343815685687	1.27510838427656	-2.5519395	2.75117725
ashe1272	0.62620855207	1.33006161170455	-1.885807	3.5520805
asoa1238	0.2029116052276	1.36290370915594	-2.49553775	3.1165055
assi1247	-0.8773533083898	1.23439613241644	-3.67464825	1.228671
asut1235	0.171546441866	1.38997719286533	-2.6324615	3.1520305
atam1240	0.18210526298695	1.33791242795406	-2.442903	2.97947875
atay1247	-0.7966132688115	1.16255930994483	-3.18401575	1.31434425
athp1241	-0.1873310479725	1.03953872885475	-2.50838	1.76565925
aton1241	0.4836887309752	1.12234393869339	-1.5805705	2.950863
auuu1241	-0.722552247595	1.21830354122111	-3.49268675	1.5884915
auye1238	-0.5847604784665	1.20874459361261	-3.18115825	1.667234
avok1242	0.2411383761573	1.31132047878915	-2.14444625	3.1303215
awad1244	0.2169351799095	1.12915874153468	-1.99664075	2.58851425
awar1248	0.119124084515	1.05716272224195	-1.999357	2.28175725
awar1249	-0.289528322405	1.13610236184937	-2.66879925	1.92789875
awet1244	-0.6202226735935	1.24040422958769	-3.2221615	1.61190425
awji1241	0.0751224647948	1.38471174938861	-2.7453275	2.897335
axam1237	0.2584147224725	1.2555900465099	-2.1797995	3.03491025
ayac1239	-0.609052629948	1.32711931029319	-3.61015125	1.8197455
ayiw1239	0.116651084717	1.45301272760092	-2.68600275	3.13059875
baba1264	0.4208469720675	1.28014625027586	-2.05431875	3.2118045
baba1266	0.43196931651865	1.29151424902518	-2.04543275	3.2156145
bafa1247	0.3428665577635	1.34698970571446	-2.274844	3.23961499999999
bafi1243	0.331243581078	1.39199107900595	-2.29639025	3.32597925
bafu1246	0.44261783625879	1.30754680649816	-2.061525	3.33499875
baga1272	0.076089371239	1.31354729044281	-2.537174	2.72950825
bagi1246	0.53831690383575	1.26459348378317	-1.864876	3.32469225
bagv1239	0.3314274933675	1.11093722790034	-1.853226	2.63860975
bahn1262	0.5320119972555	1.27776462555518	-1.835012	3.33264875
baik1238	0.141671692567	1.36833532514814	-2.70298025	2.959156
baim1244	-0.706429559598	1.20501912858969	-3.3073	1.467227
baka1272	0.105761448235	1.34760350833087	-2.51473575	2.80738225
baka1274	0.2585803503925	1.34448175990518	-2.28609575	3.2896625
bala1311	0.092665292985	1.42329526048376	-2.6294735	3.13669775
bala1315	0.0613819401573	1.31772666109385	-2.51028075	2.7050535
bala1316	0.1420729831225	1.26550024402639	-2.2324415	2.856911
bali1278	0.046506043005	1.39161183536567	-2.8230075	2.8504615
balo1261	0.113160666187	1.41892201218133	-2.82096225	2.95217375
balu1257	0.17295095646	1.37317311768319	-2.57276575	3.09204175
bamb1270	0.11154120821745	1.29164626257932	-2.44413375	2.75812275
bamu1253	0.38243815857	1.30633896296367	-2.07906825	3.13022
bamw1238	0.1951072763335	1.32498747264935	-2.43946175	3.04437625
band1344	0.1986488444825	1.35907345727014	-2.47027025	3.04056275
bang1354	0.054003984114	1.43983741177588	-2.824438	2.9978555
bang1369	-0.1745945645365	1.1354920540415	-2.5025345	2.10428375
bank1256	0.33952327094	1.32215300531873	-2.2135455	3.12562675
bant1281	-0.3412544756215	1.01832366271735	-2.4859	1.551479
bara1357	-1.3373670785865	1.1608583257876	-3.7835725	0.692388674999999
bara1361	0.218443553066	1.32788762091354	-2.28077175	2.999493
bara1380	-1.02777477016	1.26390961320454	-3.86431675	1.14326225
bare1276	0.146610830095	1.41266148158213	-2.684854	3.19136475
bari1286	0.413979936255	1.29054883166654	-2.0665165	3.12781575
baro1253	0.3713529322695	1.23753485873034	-2.043758	3.022127
bash1264	-0.4204976942	1.2538673466122	-3.12985575	1.95600175
basq1248	-0.4809775010935	1.32356469434185	-3.23971975	2.0566545
bata1285	0.0840095247655	1.34255286236882	-2.6526115	2.99625
bata1289	0.065212614337	1.30464158063317	-2.57078675	2.826749
bats1242	0.3715515450055	1.14860936699766	-1.87343125	2.76408925
baur1253	0.3383627783855	1.3683706781729	-2.402102	3.18306975
bebe1248	0.1823359919765	1.32914302801161	-2.5184325	3.041166
beka1241	0.0305142445762	1.36694155455676	-2.7477855	2.77316575
bela1254	0.0849034777217	1.38593828419213	-2.65479125	2.918366
belh1239	-0.1872855874255	1.0266142141372	-2.39315475	1.763928
beli1257	0.241639001979	1.37120466885714	-2.37284075	3.26968225
bell1243	0.093915483686	1.31405163500439	-2.4842065	2.808836
bemb1257	0.01271694047595	1.37102506284331	-2.65078075	2.97199
beng1282	0.074412862954	1.36843491487128	-2.73960375	3.053559
bent1238	-0.0162911646155	1.32792289221901	-2.70405525	2.659062
bert1248	0.273150340954	1.26889350265161	-2.20407025	2.92112475
bezh1248	0.303881936835	1.13707800456076	-1.86344925	2.686921
bhoj1244	-1.59427333642	1.40596785149309	-4.701641	0.693485625
biaf1240	0.0698953680727	1.38537843390499	-2.649047	2.93704075
bian1252	-0.0302201740485	1.1653942745999	-2.31707975	2.2406725
biao1253	-0.7653208547925	1.36161348542391	-3.8680895	1.622967
biao1254	-0.804582335061	1.28030479273806	-3.674707	1.45512375
biao1256	-0.87149050377	1.37391899990035	-3.91952575	1.47593125
bier1244	0.1743487752465	1.22246903590099	-2.20090675	2.71956775
bign1238	0.300612918095	1.20097938081364	-1.9653	2.814724
biha1246	0.17845939554265	1.36604380888119	-2.58676025	3.0155015
bilb1241	0.0658749113492	1.13162177749471	-2.272905	2.370188
bili1260	0.1793329487745	1.33399105555318	-2.43084325	2.9368975
bimi1240	-0.847175295595	1.18671541646417	-3.4014725	1.33078225
bini1246	0.1317406442865	1.41052783929549	-2.6670435	3.0567675
bira1253	-1.05292330213	1.21819499518207	-3.70501275	0.999003699999998
birr1240	0.1635493163095	1.36380551238719	-2.40634875	2.96970725
bisu1244	0.570169574775	1.11456210254844	-1.55086875	3.00008325
bitt1240	0.3988100096945	1.09083474906727	-1.71637175	2.65126525
biwa1243	-0.6299372647175	1.13655200816638	-3.19105975	1.43759325
blab1237	0.0447393861445	1.23413695029135	-2.37133925	2.57141975
bodo1269	0.11884173580515	1.18884941696164	-2.30431	2.5611215
boka1249	0.1180462954355	1.14023119609295	-2.13931375	2.57348925
bola1250	0.275608592155	1.28785816303861	-2.28126675	2.96239
bolo1262	0.098127723185	1.37369408260914	-2.65952375	2.96776475
boly1239	0.324392547981	1.20675514086551	-1.9569585	2.88464325
bomb1262	0.181158236037	1.361534816144	-2.383327	3.016361
bomk1234	0.0588636595955	1.37840547767425	-2.6365815	2.9568045
bona1250	-0.2168899287275	1.22219321298478	-2.7553805	2.124092
bong1285	0.22852792121825	1.28742660384884	-2.2652735	3.00712725
bong1289	0.0903402456335	1.34356346679189	-2.50298825	3.0470655
bora1263	0.0852671095875	1.35410132352527	-2.7163195	2.9033745
bord1248	-0.7866055973415	1.33920161211024	-3.7677525	1.6157405
boro1277	0.240753438473	1.28111554482125	-2.294987	2.995851
boro1282	0.198489217193	1.34153312385842	-2.494818	3.0309545
boto1242	-0.24674241134	1.29147484449739	-2.791177	2.2305785
boun1243	0.0167353202515	1.27005345993727	-2.4948955	2.59209825
boun1245	-0.949790240305	1.17251379415758	-3.51401875	1.03031575
brah1256	0.8842423045535	1.30567116061751	-1.469305	3.7896545
bret1244	0.07731087139	1.33350744791047	-2.672257	2.75588625
brib1243	0.07535873303815	1.41092131969325	-2.840417	2.9499915
budu1248	-0.52105443711135	1.15403850174594	-2.993741	1.63733825
budu1265	0.279952948063	1.2818152102126	-2.3183645	2.980501
budz1238	0.1535415349385	1.36694471631743	-2.55351575	3.015655
buga1247	-0.18392609009	1.14218196516096	-2.5859205	2.093328
buga1250	0.259746628273	1.20848203864437	-1.95969325	2.68475675
bugh1239	-0.056902105462	1.25065464117119	-2.547942	2.4899615
bugi1244	0.05292663655	1.31766573715655	-2.66881225	2.77772325
bugl1243	0.02514469058	1.33387703428033	-2.7395575	2.86779675
bujh1238	-1.93931674099205	1.34593412106062	-4.81897075	0.171712249999999
bull1247	0.05226215842555	1.33532596097871	-2.657041	2.8735375
bulo1242	-0.012274280935	1.3065883783668	-2.6284045	2.6495245
bumt1240	0.677995740195	1.15093225085188	-1.49968725	3.19425275
bund1253	0.1055340593638	1.37285893381143	-2.68783825	2.98486225
buol1237	0.0914001050765	1.30804874223593	-2.44647075	2.9119715
bura1292	0.613562861171	1.32906238560499	-1.77694725	3.49358
bure1242	0.48666039193	1.38337209609199	-2.0620865	3.50928625
burj1242	-1.23852992924	1.33942735390213	-4.373373	0.907945049999994
burm1264	-0.92353946651835	1.29349731316833	-3.8276575	1.29383225
buru1296	0.202089134192	1.39489506941203	-2.5395185	3.351101
buru1320	0.3378459685875	1.34646813599739	-2.191195	3.1893605
busa1253	0.1654890840985	1.31454637804336	-2.440884	2.9661355
bush1247	0.0156703207305	1.34211287965535	-2.74957375	2.68006075
buwa1243	0.730097128212	1.22043718238787	-1.44263825	3.37103175
bwat1240	0.2215887528213	1.29567385522859	-2.30155925	2.945307
byan1241	0.84811991136	1.2307508412714	-1.27974925	3.60157675
caac1237	0.171882473001	1.27069482133577	-2.27476875	2.84769525
cahu1264	0.071611209509	1.32409297223581	-2.588051	2.8480555
cakf1236	0.4364448833845	1.25705951192482	-1.91604075	3.2533055
camp1261	0.05482093184	1.30999592676377	-2.49612	2.8954775
cane1242	0.0991403831855	1.3912437942615	-2.60281925	3.02395875
caom1238	-0.548548516951	1.24949501469382	-3.306627	1.7401785
capa1241	-0.685465380919	1.24542568903191	-3.3242995	1.66987375
carn1240	0.382580605851	1.25304505533269	-1.948213	3.0344585
caro1242	0.012555362921	1.3942756785574	-2.77295575	2.93629925
cash1251	0.7855344929605	1.30539839561357	-1.559266	3.8174355
cavi1250	0.57002938295005	1.3170283847132	-1.83518375	3.42965525
cemu1238	0.213664907362	1.30922921050571	-2.36047625	2.89841525
cent1989	0.1270172255175	1.29740628387865	-2.440377	2.8447125
cent1990	0.4017200064895	1.25600590658185	-1.92055975	3.0763865
cent1992	0.293671922639	1.26648300324735	-2.102329	2.998056
cent2004	-0.613016277035	1.19780065112684	-3.20809575	1.56546275
cent2050	0.507705982522	1.32901280018572	-2.0213295	3.47117175
cent2090	0.096032227625	1.36010645106154	-2.57913525	2.92122
cent2127	0.1555377581095	1.31572232937478	-2.4217035	2.8649985
cent2131	0.1711079313515	1.33675855985469	-2.421122	3.00004625
cent2150	0.04459906192	1.37644529030832	-2.698784	2.8552885
cent2292	0.26085928773	1.35267111170362	-2.4348675	2.98136524999999
cent2314	-0.846820730296	1.23395405504574	-3.435859	1.39432925
cent2322	-1.09553168749	1.39716336549919	-4.3811445	1.1926805
chac1251	0.539788808825	1.3306015192348	-1.77817075	3.50169725
chad1249	0.136255034971	1.33111930337804	-2.56952125	2.8003075
chak1270	-0.500645217245	1.20504813809975	-3.1303345	1.86736375
chak1271	0.0626877520385	1.30054861928634	-2.5725365	2.78485675
chal1275	0.250730604735	1.26681834815026	-2.22757175	2.871427
cham1309	0.27958138373	1.10331007523641	-1.9170395	2.572642
cham1312	0.089783766424	1.28676111430711	-2.5161285	2.75931975
cham1315	-0.259073821195	1.30180862598351	-2.95990825	2.16402575
chan1313	-0.5009948060142	1.0702402885183	-2.891619	1.50638175
chas1234	-0.73906837817205	1.20839321360976	-3.441408	1.482037
chec1245	-0.502823991628	1.28312410314004	-3.339009	2.0057025
chek1238	-0.0034546974505	1.22292954078479	-2.4657535	2.385913
chen1255	-0.1769857297385	1.3040821833728	-3.0385255	2.37151575
chep1245	-1.823074804675	1.32347285367644	-4.76221825	0.25851945
cher1273	0.3360605787935	1.31561948574643	-2.0883115	3.0590505
chey1247	-0.3809495722375	1.22930311751417	-2.9610055	1.96126325
chhi1245	-0.293379998937	1.02772308944662	-2.51818625	1.61429675
chic1270	-0.8246608544007	1.36575732339985	-3.80788725	1.72042525
chil1280	0.224452988819	1.29559964011542	-2.36407875	2.974668
chim1302	-0.67796467183	1.30379806776437	-3.4808985	1.7405325
chim1312	0.114432725833	1.31450865756405	-2.479378	2.82188175
chip1241	0.0384956282055	1.31685239809028	-2.536604	2.7441785
chip1261	0.193189360775	1.32144642352211	-2.4839285	2.862589
chiq1248	0.142521206418	1.29909299613305	-2.3401045	2.963705
chir1283	-0.022820659401	0.956570557532533	-1.93266575	1.89527925
choc1276	-0.755056497089	1.35157167770919	-3.72111975	1.5724415
chon1284	-0.6960881114202	1.23080560092372	-3.36440175	1.5790235
chot1239	-0.228343069177	1.16537430361902	-2.6451085	1.96994625
chra1242	-1.085445691519	1.32857790319111	-4.08936875	1.15502975
chuj1250	0.276216764965	1.34162093239251	-2.26802425	3.18224075
chuk1273	-0.5053033425206	1.35612370618336	-3.317404	2.0215115
chuv1255	-0.454916152731	1.18449820550326	-2.96200475	1.7287355
chuw1238	0.021869926801	1.38866729383801	-2.80373675	2.86637
cici1237	0.120400916813	1.40647441902444	-2.71594225	2.9906275
coat1243	0.7558612282832	1.36693667977016	-1.71873925	3.785796
coca1259	-0.42319200826	1.30452782001876	-3.23907825	2.0877955
cofa1242	-0.207216968135	1.20450876918624	-2.72182625	2.1720675
cogu1240	0.159918166481	1.33591716360025	-2.54963	2.91885975
colo1256	-0.350741690546	1.30077610378126	-3.14431875	2.2759225
colu1241	0.1488472125335	1.30719953331964	-2.4418205	2.89606775
coma1245	-0.1205905829925	1.35362192799855	-2.922822	2.4825765
como1259	0.1345506862185	1.31329880147076	-2.4174875	2.85257225
cong1236	0.03614073492	1.399153814274	-2.74586875	2.8997155
copa1237	0.809875131513	1.32314475452505	-1.614255	3.68029174999999
cori1240	0.317215135629	1.33238263247539	-2.39014725	3.16729975
cors1241	0.0292686337555	1.38140087903329	-2.80434325	2.820261
cosa1234	0.318908708277	1.07529367566434	-1.741512	2.59807575
cree1270	0.2561105872235	1.25214136423378	-2.2270775	2.96339399999999
crim1257	-0.436492444298	1.244021978082	-3.17045025	1.90192875
cros1244	0.2489696999975	1.36489980354323	-2.570012	3.084799
crow1244	-0.714459649124	1.19149503246295	-3.43505125	1.4418785
cube1242	-0.589118881595	1.23891357333497	-3.1533705	1.58093675
culi1244	0.3281223764225	1.29836256862629	-2.13300675	3.1421195
czec1258	0.0567699778975	1.36525553820727	-2.730799	2.8950625
daai1236	-1.189955497015	1.2472381231224	-3.8081425	0.931766749999999
daas1238	-0.0898947433835	1.21014228670231	-2.5579945	2.274988
dagb1246	0.1741264647815	1.36367761002963	-2.3262475	2.94527775
dagi1241	0.4166686567365	1.357927192847	-2.16317925	3.48399425
daka1243	0.296516670725	1.22182742285713	-2.070116	2.821716
damp1237	0.1080484696005	1.39148776041715	-2.60336725	3.04001325
dana1252	-0.28972370129485	1.13269692905852	-2.55781425	1.90810175
dani1285	0.1328876179535	1.36584675022138	-2.69927325	2.87509425
dara1250	-2.0771484435715	1.40290345668878	-5.21274975	0.0990324049999989
darg1241	0.295599695141	1.17850872752781	-2.026421	2.75434925
darm1243	0.8546204715255	1.22294976966729	-1.3187375	3.504066
dawr1236	-1.159311747004	1.33675163124474	-3.9699795	1.07379625
daww1239	0.1810771504642	1.24826744092034	-2.29439625	2.648576
daza1242	0.07085548173	1.34012872139165	-2.49762725	2.865414
dege1246	0.17977422433585	1.3297539105504	-2.5042385	2.970974
dehu1237	0.05692044931	1.29059017599218	-2.513452	2.76704575
dera1248	0.6003603987575	1.28528833032872	-1.70695175	3.4741015
desa1247	-1.1366866571425	1.20085283397151	-3.74582725	0.986675949999998
dhao1237	0.0739851221655	1.32847633875725	-2.67349	2.81253625
dhar1247	-0.91295381204	1.34423301279884	-3.7814655	1.435424
dhim1246	0.1506672226173	1.13203671235483	-2.0723045	2.5440075
dhuw1249	0.373636257689	1.29810218338666	-2.062729	3.19662675
dibo1245	0.0806248341355	1.36953132461445	-2.830769	3.05198425
dido1241	0.296283656	1.14039616916356	-1.93665475	2.6683725
dier1241	-1.0121130076315	1.34101772347219	-3.813163	1.352051
diga1241	0.1547359524475	1.1707075627173	-2.04853425	2.4749
digo1243	0.0700550096125	1.37576457458473	-2.61283675	2.94771025
dima1251	0.175384224698	1.08481632989777	-1.994275	2.31742775
diri1252	0.056733597039	1.40422599892812	-2.745475	3.09695175
djee1236	0.58850611570495	1.31143900909805	-1.8398415	3.483639
djin1251	0.14743152981	1.34647197021574	-2.45258425	3.017966
djin1253	0.552155519805	1.34637382195894	-1.94069725	3.5555905
dobe1238	0.024300265356	1.40641738645816	-2.93787625	2.9104335
dobu1241	-0.070817232868	1.30012301911397	-2.7638065	2.4927795
domm1246	-1.197874298192	1.21358010201974	-3.923393	0.837591324999999
dong1285	-0.253447961395	1.26624828652891	-2.810897	2.17839575
doro1266	-0.97781947654	1.18504274454344	-3.44831525	1.1420415
drun1238	-0.3630659692545	1.25635840800998	-3.06910375	2.09517775
dual1243	0.3094232436285	1.30398576258326	-2.192903	3.084603
dumb1241	0.14247536193	1.36835638298071	-2.57467775	3.177621
dupa1235	0.2217685667806	1.28971632579931	-2.29855475	3.06007775
duru1236	0.7281093751115	1.25226628886387	-1.54047575	3.459282
dusn1237	0.094901075819	1.36117439619459	-2.64469575	2.9080595
dutc1256	0.116344781889	1.38602264778926	-2.63713475	3.04707599999999
dyir1250	-0.85124116958	1.22022008231976	-3.4734785	1.33864
dyul1238	-2.43141564662822	1.54377507461468	-5.723478	0.107512525
dzao1238	-0.8479219127805	1.35494342782011	-3.79041225	1.585028
dzon1239	0.0755462169975	1.11886087428194	-2.18339675	2.354681
east2328	-0.357224053596	1.17518645302389	-2.82775775	1.88154775
east2332	0.57488213007	1.28217851854304	-1.854834	3.4519215
east2342	0.7285926608565	1.23005432238696	-1.5062675	3.48202975
east2379	0.217319564175	1.36360065349128	-2.3914655	3.23970025
east2443	0.31198939108	1.27901615262334	-2.04052275	3.2444275
east2516	-1.1386039226025	1.17574499880862	-3.68839025	0.858500124999999
east2555	0.06591174505455	1.40257380640229	-2.80846725	3.0099545
east2690	0.15915123012855	1.34907915338218	-2.508302	3.00723274999999
east2773	-1.1469297314	1.04405586369218	-3.3402465	0.641383949999997
east2782	0.073096294368	1.37488472740316	-2.7500835	2.95358725
egaa1242	-1.238936754355	1.44757270140506	-4.49190075	1.18810825
egyp1253	0.0658702506145	1.35743527200333	-2.56776575	2.958604
eipo1242	-0.6706788073715	1.22129123406296	-3.283281	1.567786
elem1253	0.2308210163745	1.30106982344503	-2.35092925	3.038695
elip1238	0.313366633692	1.4016237529435	-2.3595585	3.24496575
elna1235	0.25389778661	1.3596511720693	-2.46208975	3.0536455
emae1237	-0.02185119620615	1.28349813161841	-2.600153	2.63086775
emai1241	0.1545175103945	1.38403376038858	-2.50705925	3.08664025
embe1260	-0.957906183254	1.34189147245833	-4.022507	1.36260725
embe1262	0.129618393407	1.20887793732574	-2.253429	2.722512
enap1235	0.376294916889822	1.27673256323809	-2.12981325	3.0779575
enuu1235	-0.165108562165	1.17740106361097	-2.59703275	2.19583525
epen1239	-0.681262237331	1.33410179938858	-3.58743025	1.74970375
ersu1241	0.7319104411955	1.28307131580063	-1.53428725	3.58599649999999
erzy1239	0.145096111714	1.37083053666605	-2.689938	3.15409075
esee1247	-0.257214025743	1.13085251111348	-2.50207025	1.93792725
esee1248	0.4813210409695	1.29883698117342	-1.88607625	3.38251575
esim1238	0.412351636532	1.35351519744721	-2.08199675	3.27616675
esto1258	0.2593158158597	1.37959512515199	-2.40869375	3.24763075
even1259	-0.2072916726625	1.4220185164752	-3.10640025	2.53492024999999
even1260	1.276044404255	1.39229201694711	-1.071944	4.54799025
ewee1241	0.172540242699	1.38305612982939	-2.6216495	3.20196975
fala1243	-0.04093511473655	1.18491725516601	-2.48237325	2.24928375
fare1241	0.092482162185	1.33132988071311	-2.5525165	2.8763225
faro1244	0.0968881839735	1.40274445595983	-2.74084875	2.96682574999999
fasu1242	-0.71243161304	1.12914227686188	-3.1893815	1.374539
fefe1239	0.4230363279395	1.32893805872978	-2.08935625	3.24925425
fiji1243	0.0326030158535	1.40144568958383	-2.88826525	2.91652425
fina1242	0.25147851122	1.33569641906189	-2.401464	2.97653225
finn1318	0.1970367898245	1.39074179429699	-2.3893575	3.15545475
foii1241	-0.78896183948345	1.12044260787472	-3.13958225	1.215164
fonn1241	0.1672589033135	1.33810841947819	-2.51104025	3.05866575
fore1265	-0.637086324347	1.31453585644944	-3.38239025	1.73134475
fran1266	-0.16012027720755	1.3312400439766	-2.88092175	2.43422525
fuln1247	0.18141931485585	1.2550232177301	-2.25773675	2.79342425
furr1244	0.132367949237	1.35639369632879	-2.549033	2.99250925
furu1242	0.3183297670915	1.40052608535121	-2.355733	3.36924225
futu1245	-0.4779975474135	1.27820118734754	-3.15510025	1.902492
fuyu1242	-0.044970694515	1.18371275251895	-2.46593675	2.35407374999999
gaaa1244	0.090165148209	1.33148513221064	-2.366451	2.787432
gaan1243	0.6443595011688	1.31945780697959	-1.77446775	3.45163775
gada1258	0.2527124797325	1.31193818679367	-2.2685745	3.00529175
gade1242	0.24207627408	1.30402656610881	-2.39249275	2.995584
gaga1249	0.78157700343	1.27934311098108	-1.455194	3.60415875
gahr1239	0.425830080452	1.16762266484419	-1.73501825	2.899811
gali1258	0.07476005615155	1.34947157895895	-2.634579	2.846931
gali1262	0.251928186463	1.28416593039226	-2.15703	2.8878815
gami1243	0.264159167824	1.29555569651117	-2.15653625	2.9708365
gamo1243	-2.000144139164	1.53740385071669	-5.398698	0.342541999999997
gand1255	-0.1688647659975	1.36168063813311	-2.98439075	2.46083125
gant1244	-0.7685454602295	1.16300564900594	-3.23558875	1.2808205
gapa1238	-0.4134633849315	1.26980276280009	-3.13690125	2.08521499999999
garo1247	0.42523918226	1.15349556891839	-1.75446225	2.911807
gata1239	0.472388219278	1.20038548757907	-1.812654	3.099852
gayo1244	0.0674609110765	1.24138361949541	-2.4614445	2.6741055
gbay1288	0.18717231943205	1.3662838825298	-2.52536725	3.09079225
geba1237	0.4857904189595	1.23200220891484	-1.68595375	3.093431
geda1237	0.093356550899	1.15843490789767	-2.21537925	2.4863245
gela1263	-0.1009863520735	1.20917830446197	-2.54373175	2.4020205
ghad1239	0.1196744574535	1.40363450452962	-2.85762825	2.94328575
ghan1242	0.18996923315	1.33845583134454	-2.442098	2.926355
ghar1239	-0.1282955986365	1.24681636843179	-2.73366225	2.38653925
gheg1238	0.1577822308435	1.34369656581042	-2.44733675	2.97831025
ghod1238	0.289813384309	1.1478877232077	-1.8672105	2.73941325
ghom1257	0.075885398276	1.33381112165145	-2.60847825	2.80223575
gilb1244	0.025523228729	1.39373556732347	-2.867606	3.01193325
gily1242	-0.4316206882645	1.34713731824094	-3.25893725	2.0372335
giry1241	0.106810757457	1.35248146806532	-2.5297755	2.96223475
glav1244	0.7044547816	1.19406794094319	-1.49892875	3.28060075
gobu1238	0.27931834503	1.38779483536563	-2.44011925	3.18322925
gogo1265	-0.4181478050855	1.18149618781074	-2.88288125	1.9170885
gola1255	0.037338356806	1.34843544708559	-2.7469005	2.87782
guah1255	-0.55429374347	1.32346757512627	-3.54047475	1.88573275
guan1266	0.983150911861	1.22100937587875	-1.130837	3.72323725
guan1269	-1.03949820264	1.24053315974924	-3.6769265	1.1016525
guat1253	0.1228251315795	1.38483560635582	-2.5394495	3.00043875
gube1234	0.0301488496505	1.39506909023589	-2.7640055	2.881277
gude1246	0.7126831018855	1.23976354379342	-1.53626675	3.42673975
guer1243	0.74529090144625	1.27140793872026	-1.689513	3.4800875
guiq1238	1.2273413422	1.39004090371499	-1.05500125	4.38117325
gulf1241	0.13641969451	1.34226011917378	-2.478761	2.96109275
guma1254	-0.014699178422	1.3063904670952	-2.654249	2.62272125
gumu1244	-0.0068363282615	1.35238212530444	-2.76307325	2.73664
gunw1252	0.52524725189	1.31892044670565	-1.94694875	3.379136
guny1241	0.309273962338695	1.25530732053499	-2.08267575	2.97936375
gura1251	0.3036561409445	1.29988403942836	-2.24670925	3.16873075
guru1261	-0.9082394019675	1.01802473882147	-3.158723	0.86140695
guru1271	0.5471843315225	1.33566963452599	-1.95364425	3.364081
gusi1247	0.185347388087	1.38466604471984	-2.62287775	2.992592
gwen1239	0.1577825721205	1.40647501855158	-2.58686875	3.17929675
gyel1242	0.1543107182675	1.40944188193154	-2.7938135	3.19887125
haaa1252	0.0287928514745	1.36831547373086	-2.7903395	2.84493625
hadi1240	-1.5356105152855	1.34545833180399	-4.488907	0.691723674999999
hadz1240	0.2617871846255	1.26120267699441	-2.138172	2.9502225
haka1240	-0.2688261434315	1.06669991869511	-2.52936325	1.74770425
halh1238	0.0096494429554	1.2783904734632	-2.6983335	2.608229
hali1244	0.3725530823215	1.32000804233231	-2.1515955	3.2233315
halk1245	0.1559408803015	1.33258583643593	-2.62078725	2.897424
hame1242	-0.4705691503755	1.1651626432142	-2.88731725	1.70086875
hang1263	-0.9668031942185	1.20667222957745	-3.597736	1.20239475
hani1248	-0.19929726146873	1.20246921685053	-2.88245975	1.9758145
hano1246	0.3151666999255	1.26049686951131	-2.1177485	3.01612775
haru1245	-0.507030791885	1.0658013155882	-2.7954825	1.517011
hass1238	0.05234627820415	1.31328645250986	-2.6611385	2.828979
hava1248	0.0338728862175	1.36097831984288	-2.76084675	2.79456375
hawa1245	0.051041981792	1.35591940209767	-2.6292015	2.86706424999999
hebr1245	0.170725070895	1.32219696861554	-2.50291725	2.891215
hehe1240	0.0974253443405	1.3282213026521	-2.465305	2.79708925
heil1246	0.091995846966	1.30606941392214	-2.44024475	2.84087875
hela1238	-1.295899932869	1.09502817939252	-3.671846	0.593390574999998
here1253	0.03701170252	1.34404624535683	-2.76048375	2.80511925
hida1246	0.517636198546	1.23134220236079	-1.85822875	3.26649475
high1276	-0.731004352471	1.24912375170593	-3.33467325	1.5814315
hind1269	0.132130338315	1.2530517177727	-2.319483	2.778425
hixk1239	0.1959011114435	1.25121105563533	-2.18557725	2.80821849999999
hoaa1235	0.08916597736275	1.34859046433579	-2.6363255	2.889404
hoav1238	0.1842888818405	1.31134983557161	-2.3048315	2.99955925
holo1240	0.050417335905	1.27413399915348	-2.47720625	2.685123
hone1235	0.5596842824275	1.36668704056432	-1.971981	3.4807935
hooo1248	0.184867844085	1.19284002578259	-2.130527	2.72242125
hopi1249	-0.364706814075	1.32318425557274	-3.19225825	2.13670175
horp1239	1.1839167945105	1.34185460058179	-1.0278215	4.12555275
huaa1248	0.1063418271255	1.36102815025213	-2.64619625	2.87592825
hual1241	0.879920214975	1.29555783623576	-1.32653425	3.79197674999999
huam1247	0.14842331642	1.35286466362621	-2.47904075	2.97740199999999
huar1255	0.16108771949	1.29065055199303	-2.34117925	2.7532005
huas1242	0.3181185800185	1.28230892870735	-2.1710075	3.06320625
huba1236	0.7042874201901	1.26727189476877	-1.59744375	3.48491075
huic1243	0.2267506970585	1.36598029285303	-2.532888	3.13101449999999
hula1244	0.207982531848	1.25102928525431	-2.18516075	2.82650125
huli1244	-0.506501548295	1.1311159883504	-2.922223	1.66000275
humb1243	0.1605737012115	1.31287508058703	-2.377194	2.87576199999999
hung1274	0.229810960607205	1.28659108187096	-2.20330075	2.98321075
hung1275	0.445091558425	1.25218340783753	-1.915667	2.99948175
hunz1247	0.2947457119767	1.13351577193322	-1.875079	2.66020375
hupd1244	-1.2615453684275	1.22136617875924	-3.873972	0.656446474999998
hyam1245	0.30502840702395	1.30929795809851	-2.32768425	3.1085055
iaai1238	0.096725501625	1.31121238101927	-2.452196	2.7665235
iatm1242	-1.0013099173425	1.22444901892232	-3.67329975	1.07754075
ibal1244	0.1066683304184	1.30021597410704	-2.68782825	2.794599
iban1264	0.043172823855	1.35343887098984	-2.742765	2.89393075
iban1267	0.2453817359065	1.31755087769809	-2.32952125	3.06827275
ibat1238	0.1304285701475	1.28885743828588	-2.39066825	2.93511625
ibib1240	0.2672995189785	1.32771575245384	-2.360916	3.06435075
idii1243	0.5357548798545	1.15914722022032	-1.64305675	3.01858425
idum1241	-0.451492870817	1.1686272318911	-2.79732775	1.76757375
idun1242	-0.1170469261581	1.24913153044783	-2.59682625	2.4673665
ikkk1242	0.235020396017	1.35500432945313	-2.4147485	3.06693575
ilaa1246	0.0337538405225	1.38991021946346	-2.67624025	2.76619925
iliu1237	0.2126912842695	1.4090876967831	-2.559593	3.195408
ilon1239	0.0250925759165	1.27782912723562	-2.624439	2.63298425
imba1240	-0.667359962503	1.2394423092913	-3.3255485	1.58053725
indo1316	0.0295934338465	1.31155183824295	-2.67245	2.55525075
ingr1248	0.2757357859205	1.22802141310488	-2.15370075	3.00824
ingu1240	-0.453635302584	1.23023264375316	-3.04523625	1.881085
irar1238	0.190491228284	1.3263209979562	-2.4052185	3.05905174999999
iris1253	0.079062514021	1.32274929056389	-2.58496925	2.72380975
irul1243	-0.17676557214	1.34150719474946	-2.87491025	2.4130895
isco1239	0.38329808884	1.19348814885868	-1.81671175	2.94015275
isin1239	0.034542583893405	1.27711300262416	-2.6354915	2.65992275
isir1237	-0.79753849245535	1.32350465436585	-3.63606225	1.57763
isna1241	0.2167798970885	1.36558268062102	-2.5458525	3.2709835
isth1240	-0.66329561674	1.23970605592573	-3.30724325	1.64929475
isth1241	-0.9021629124431	1.26313288627407	-3.54712425	1.28080175
ital1282	0.0651684908325	1.3477527374338	-2.66673575	2.873553
iton1250	0.5391889029035	1.34643914591226	-1.89929725	3.34163075
itza1241	0.168580315344	1.47888605705308	-2.642019	3.22792025
iumi1238	0.7032312151245	1.09746222909215	-1.29516575	3.0313375
ivat1242	-0.0383918504485	1.3663217843589	-2.84319125	2.65390125
iwal1237	0.122608068747216	1.25858351335795	-2.36738775	2.6435325
iwam1256	-0.44745827797	1.13625126722474	-2.83935225	1.66694475
iyoo1238	0.090710519035	1.06462375008623	-2.146713	2.397628
jahh1242	0.461903941211	1.28515142067613	-1.91387825	3.18339199999999
jalk1242	-2.75257970579	1.72072277467259	-6.5438315	0.044336462499999
jama1261	-1.111468079665	1.36912338645077	-4.53171975	1.1290025
jamb1236	0.0418466314305	1.37004155447798	-2.7072195	2.83128075
jams1239	-0.1216940510428	1.28462525520593	-2.766232	2.49454975
japh1234	0.14817245676	1.153567350133	-2.2038375	2.6520695
jaqa1244	0.42391279408	1.21830555880999	-1.8865305	2.98235225
jara1266	0.535820246003	1.24799200042911	-1.7504825	3.29898875
jaru1254	0.1646410257625	1.28562475428043	-2.406781	2.88499325
java1254	0.0148179814815	1.32248357625627	-2.63887275	2.7138565
jede1239	0.537547719219	1.25241263193548	-1.73090925	3.27555875
jeha1242	0.5608901595265	1.27781939822859	-1.787753	3.28285725
jina1244	0.5292341919795	1.27898426146803	-1.82024575	3.42176975
jita1239	0.1276444276855	1.39572723013113	-2.61452275	3.11144574999999
jjuu1238	0.2864344872215	1.3211793548318	-2.37210225	3.1197445
juku1254	0.4115228581519	1.32591526822386	-2.03319775	3.12419375
jurm1239	0.24576074699	1.34910697201812	-2.47794575	3.23374025
kaba1278	-0.744816705766	1.29968651320119	-3.562928	1.51342975
kaba1281	0.23730857691275	1.26908950258619	-2.23634175	2.89344175
kach1280	-0.67513009035	1.16458682252258	-3.15086525	1.45500375
kach1284	-2.21077102364	1.61125925980529	-5.7073595	0.239592649999999
kado1242	0.896783000067	1.15220114911989	-1.13247425	3.39548325
kafa1242	-0.694473237688	1.28125014503631	-3.3943925	1.758815
kaga1256	0.100224356543	1.38455503835996	-2.56401375	3.099729
kagu1239	0.152989712981945	1.3380537205854	-2.628318	3.0586855
kaik1246	-1.340830806235	1.26850645598594	-4.18702275	0.819882849999999
kaki1249	-1.0427334863	1.25308674117779	-3.8214655	1.08095025
kala1384	0.000408274374999999	1.30342403098283	-2.62592075	2.61034775
kala1388	0.1614152098195	1.33062857324672	-2.47272825	2.84354125
kala1399	0.0939829208285	1.38053157383808	-2.7705385	3.01852924999999
kalm1243	-0.173750681662	1.38742210619177	-3.26771125	2.638758
kamb1297	0.148468355179	1.30630614512999	-2.46141725	2.74780675
kamb1299	0.09339775400375	1.35372642175658	-2.5806795	2.90985
kamm1249	0.4533505082285	1.30710923706059	-2.0577885	3.21432324999999
kamu1260	-0.426206945312	1.15778328557026	-3.00028875	1.71454475
kana1286	-0.7965164265855	1.23935704714149	-3.4587545	1.473225
kana1291	-0.12981488258285	1.31750143140192	-2.8094505	2.49563724999999
kani1286	-0.7939446485622	1.14859331659204	-3.41679425	1.17294525
kaon1241	0.0275991122695	1.30430560418287	-2.61168625	2.75866475
kaqc1270	0.254990632164	1.33015362566851	-2.24579175	3.01820525
kara1476	0.314677785152	1.36162890060234	-2.16315775	3.219267
kara1482	0.1568169007665	1.35568461034862	-2.53805825	3.10635499999999
kara1486	0.2664320298795	1.37854539340182	-2.27480875	3.03268974999999
kara1487	0.15287512598	1.30309269740156	-2.5749865	2.826417
kara1500	0.1141147759565	1.30998350838546	-2.4705035	3.1051245
kare1335	0.1503431953265	1.33526162074699	-2.55443475	3.03599275
kare1338	0.2245730825845	1.35133720046552	-2.53488475	3.03061574999999
kari1311	0.0989786600615	1.31359006925526	-2.58984975	2.8732175
karn1252	0.468394511003	1.19928316683406	-1.7456095	3.115162
kash1277	0.06802475277875	1.25846482473586	-2.51422475	2.6703015
katb1237	0.290856817815	1.2157115905413	-2.06838775	2.915937
kats1235	-0.224346215306	1.18765760438343	-2.76035625	2.02804825
kava1241	-0.6305094517	1.189200158811	-3.1195175	1.59566775
kaya1315	0.636269235535	1.25816713664791	-1.6257095	3.43293975
keap1239	-1.71084525769	1.42557882340627	-4.9038625	0.615267424999999
keda1252	0.260984567793	1.27581142560486	-2.1955335	3.05074275
keig1242	0.304378065129	1.33654613424235	-2.31047225	3.18685899999999
kele1255	0.1102351672895	1.31926635287681	-2.6511235	2.79430575
kele1258	0.1457503870705	1.33191006094238	-2.453288	2.881625
kele1259	0.19455260224	1.3191534990067	-2.4778925	2.9080455
kemb1249	0.051453828761	1.42491071011923	-2.901633	3.0473335
keme1240	0.430334937595	1.33691139144125	-2.107188	3.157496
keng1240	0.1640659241065	1.26994533379124	-2.3820955	2.9636
kens1248	0.4983318819655	1.25698936930825	-1.8186455	3.213197
kenu1236	0.03312550855	1.40904331761785	-2.843315	2.98750275
keoo1238	0.0892606833535	1.34133248848947	-2.58095425	2.8334505
kera1255	0.5625421785035	1.3554738746243	-1.95135475	3.37974849999999
keri1250	0.0603984976775	1.35457679779804	-2.723222	2.8525175
kesa1244	-0.309300770202	1.09174183168129	-2.71727575	1.792117
kett1243	0.2678423087445	1.32813153484289	-2.2689855	3.18966
kgal1244	0.069560543218	1.34768048309135	-2.621035	2.81119675
khak1248	0.68854565147	1.23111761278233	-1.52178325	3.44214775
khal1275	0.3809978555205	1.05252849466896	-1.58169625	2.6113605
kham1282	-0.70084030732215	1.23281626888703	-3.4409055	1.46940125
khan1274	0.1495562853325	1.192243135296	-2.237778	2.67495325
khan1278	0.2491529793225	1.32227978945382	-2.411167	3.08664975
khar1288	0.26071157667	0.976692843952206	-1.62775775	2.3065885
khas1269	0.449239735533	1.13605865943309	-1.68577325	2.80585525
khez1235	0.0885769218325	0.974376789980232	-1.9067345	2.05942125
khin1240	-0.380956394585	1.15142954099628	-2.7818545	1.8507225
khmu1256	0.6772095693525	1.19386096439551	-1.51059075	3.27230225
khum1248	-0.289089655843	1.09135913788281	-2.55906925	1.81085425
khva1239	0.320594493175	1.12384192345179	-1.9067405	2.7722915
kich1262	0.25747420458	1.31851576167513	-2.22796475	3.0401045
kiku1240	0.21160042353	1.3980959304716	-2.48210475	3.060922
kile1243	-0.2110405713265	1.26215820862161	-2.87569925	2.268501
kili1267	0.075602309355	1.34359528765475	-2.67235975	2.8719815
kimm1245	-0.6571615074465	1.15383857231888	-3.1444495	1.42895675
kimm1246	0.456897523804	1.36341107748912	-2.09148925	3.36315125
kina1250	0.04995619547	1.37161505371232	-2.62088425	2.902159
kinn1249	0.08920664357	1.21640890739333	-2.3317475	2.5513615
kiow1266	-0.8148388312545	1.31686447449844	-3.586417	1.48427525
kips1239	0.2297787155596	1.36984682918702	-2.480451	3.095595
koda1255	-0.438973402134	1.34505852391628	-3.3959475	2.11598775
koit1244	-0.494385168899	1.21338441270066	-3.080275	1.84024675
koko1269	0.076292118338	1.25719470868048	-2.38528525	2.58384875
kola1285	0.0074344449425	1.33486368029109	-2.70334525	2.662504
kolb1240	0.3569997741	1.39832648257673	-2.3549085	3.2549255
kolc1235	0.1519858229351	1.38976416455667	-2.48445825	3.03032425
kolu1245	-0.0960513523	1.24817665246238	-2.7035765	2.41881325
komb1274	-0.923731188075	1.29485974710358	-3.8134535	1.3519465
komc1235	0.429407053926	1.29815722769969	-2.034386	3.21148624999999
komi1268	0.2532248584975	1.27534855474096	-2.26567525	2.98198499999999
komi1269	0.240328056679	1.33032703225237	-2.4326905	3.01578925
komi1270	-0.1917947260075	1.02029180281577	-2.29760075	1.85021475
komo1260	0.02153615509255	1.33449179658813	-2.59828625	2.75560049999999
kona1242	-0.7156368253715	1.16429134294584	-3.16765025	1.3653225
konk1267	-1.120956409205	1.41372323192299	-4.06141875	1.4263785
kony1248	-0.405840683008	1.1099563528232	-2.83026225	1.6649665
konz1239	-0.5763002691165	1.33620340732701	-3.46403225	1.865308
koon1244	0.0566416363	1.42181792208392	-2.8566045	2.982535
koor1239	-2.15463513091	1.60156604451503	-5.78161925	0.34745175
kore1280	-0.421848611095	1.31891509332206	-3.21289775	2.0932765
kore1283	-0.0730661301795	1.18760111353202	-2.45843675	2.3586395
kork1243	-0.825686776854	1.35236346812753	-3.96578575	1.51306275
koro1298	0.0145604950375	1.27783143921527	-2.5870215	2.53656224999999
korr1238	-0.3959029183955	1.32079367341226	-3.377088	2.1369695
kosa1249	-0.3932400086815	1.16770101878224	-2.772203	1.86940975
kosr1238	0.0633853799645	1.32766420387224	-2.655948	2.78357775
kota1263	-0.449581508075	1.3236274108716	-3.2965595	1.98705775
koti1238	0.0593174473445	1.43007716853751	-2.61390925	2.8158405
kova1243	0.4726938813925	1.19090048000698	-1.73160575	3.0892425
kove1237	0.3130522965	1.2984941658349	-2.2584395	2.99976175
koyr1240	0.028866643475	1.3089922236041	-2.6278025	2.66513175
koyr1242	0.113714297286	1.37410844739874	-2.603094	3.1735655
koys1242	0.285232108861	1.32966525049448	-2.3112785	3.182634
kryt1240	-0.4577743276415	1.14543985101904	-2.85133275	1.690574
kuan1247	0.03063925193685	1.27045874407212	-2.5763455	2.69407775
kuan1248	0.423539248292	1.25322665198059	-2.03447075	3.16223375
kuik1246	-0.683454821511	1.24801502908285	-3.358687	1.62613175
kuku1280	0.245915891514	1.26897199895077	-2.25649525	2.89537975
kulu1253	0.333734223419	1.04604498567332	-1.72813075	2.50880475
kuma1276	0.143444073212	1.25454007278668	-2.2626105	2.83063575
kumb1268	0.1989665107455	1.29696204993292	-2.299439	2.918237
kumz1235	0.0486927719185	1.34773283368985	-2.67589425	2.93246225
kuna1268	-0.1291740063865	1.33980922619772	-2.8838545	2.52741775
kunb1251	0.57197774517	1.26048936185647	-1.8029185	3.40222625
kuni1267	-0.05898956077505	1.18214572900619	-2.54256025	2.3180855
kunj1245	-0.0436240274375	1.30046729953094	-2.77415775	2.66274475
kuot1243	0.321268378869	1.32394569225346	-2.21355125	3.190543
kusa1251	0.1837899548915	1.30348608589615	-2.24795425	2.987578
kusu1250	-1.2443466530725	1.30249355596265	-4.20976975	0.8708846
kute1248	0.40642766136	1.33375052977186	-2.044007	3.207407
kuyy1240	0.4753326095484	1.3233180025972	-1.9956845	3.29947325
kwai1243	0.0433792240195	1.25962525277389	-2.612084	2.60973025
kwam1249	0.304558695549	1.32095663226138	-2.2472565	3.23050075
kwam1252	-0.6578904204075	1.26559399085511	-3.369474	1.67160825
kwar1239	0.026234479213	1.26322966524982	-2.506598	2.57266725
kwaz1243	0.32368934226	1.27474721803544	-2.146303	2.97161275
kweg1241	-0.555570970712	1.17403250414031	-3.039975	1.7567735
kwin1241	0.14740304427045	1.35149178927841	-2.42869325	3.04565675
kwom1262	-1.034392132242	1.21996265531988	-3.74843425	1.0939345
kxoe1243	0.15263591259	1.35360459739765	-2.54760375	2.92305525
kyer1238	-1.0784940089445	1.07830235059527	-3.36592575	0.750544924999999
laal1242	0.287059664948	1.31469391996648	-2.1951555	3.068372
labo1244	0.2627568886475	1.23288680838716	-2.21855725	2.97935725
labu1248	0.1639201181965	1.14367601923626	-2.05824625	2.49452975
lagw1237	0.4881334143335	1.26448479332876	-1.798533	3.294075
laiy1246	0.056924192643	1.32574532256666	-2.6630805	2.74537325
lakk1252	0.2878829810595	1.14192953030886	-1.899602	2.60998725
lala1268	-0.2997435936155	1.18227370103298	-2.6949485	2.094511
lama1277	0.177770678688	1.2751813739918	-2.2854475	2.88675475
lama1288	0.713670599496	1.18726825020294	-1.440947	3.307704
lamb1272	0.052361107131	1.33229275831839	-2.568196	2.74953525
lamb1273	0.0964183632945	1.4012523397235	-2.59307325	3.16722625
lame1260	0.190058055032	1.21778163848801	-2.170489	2.769321
land1256	0.0901079376	1.39532825504108	-2.641607	2.9955715
lang1320	0.3528645344825	1.38230859551248	-2.26604975	3.35983225
lash1243	-0.719528123334	1.19291526258583	-3.23638175	1.469646
latv1249	0.1630088615025	1.3831249656227	-2.556291	3.12949774999999
lauu1247	0.030324996719	1.2981605765807	-2.456914	2.62471575
lave1248	0.581640568946	1.31409512124159	-1.8123025	3.549521
lavu1241	-0.017371968865	1.24543968755963	-2.56251425	2.42699825
lazz1240	0.27266751421455	1.25248134925778	-2.0807085	2.921141
lega1249	0.037254726492	1.36386811976183	-2.7769175	2.87409975
lega1250	0.03682535191865	1.33264763716971	-2.6709835	2.72797599999999
lele1267	-0.262556650349	1.35501172714372	-3.1205725	2.40241849999999
lele1270	0.1506715392105	1.34390262868622	-2.48528	2.93704174999999
lele1276	0.414613439443	1.25768042939415	-1.93955375	3.0714035
lemb1266	-0.4166317107245	1.09590054136487	-2.740919	1.65749124999999
leme1238	0.1871369923625	1.4071214578006	-2.48350325	3.1880805
lena1238	-0.7956378399805	1.28271458221043	-3.63236875	1.4695175
leng1259	-0.0473047804084	1.2418322226462	-2.46187925	2.446799
lepc1244	0.48627219883	1.1015758344356	-1.66146275	2.848134
leti1246	0.1053845565645	1.3444203732631	-2.6027135	2.943943
lewo1242	0.1113764007611	1.24588770759659	-2.28752	2.68938874999999
lewo1244	0.1690464115905	1.29652216122598	-2.38506475	2.906783
lezg1247	-0.36637379632	1.14587474751336	-2.68547875	1.88307
libi1244	0.1794559160435	1.30268012127872	-2.4468125	2.84478075
liby1240	0.0274908197375	1.30247074084119	-2.58683125	2.7658095
liji1238	0.306073690272	1.2809382845857	-2.291948	3.0626825
lika1243	0.06741776987465	1.30962827113	-2.65507	2.734787
liki1240	0.1622747857115	1.28837379983116	-2.5003875	2.87865425
lill1248	0.1479809384921	1.3347779012212	-2.5247675	2.94988625
limo1248	0.2614837132655	1.32537949702332	-2.2264845	3.08112075
ling1265	0.3028567259922	1.22456393666669	-2.036036	2.93730525
lipo1242	0.1316820667595	1.15027439789568	-2.13273025	2.48878975
lish1245	0.3129397222775	1.2785241196173	-2.11635725	3.00198725
lisu1250	-0.299716283937	1.16159618189929	-2.757188	1.9944285
lith1251	0.1182279132835	1.28751964845076	-2.501762	2.84100975
lito1235	0.22853949538	1.35466762498193	-2.43207925	3.02916175
litz1237	0.313690441065	1.21706156779261	-2.042487	2.89334575
livv1243	0.190929176429	1.31193264318252	-2.4078085	2.99089875
loba1239	0.14329249353	1.36636472592578	-2.4192325	2.95564725
logo1259	0.0525081491187	1.34599247952741	-2.5650375	2.89019524999999
loka1252	0.24792566541	1.3444370412156	-2.532632	3.00497825
lolo1259	0.180331914213065	1.11400737468147	-2.0802875	2.54528225
lomb1257	0.095450897725	1.32259077579669	-2.56782475	2.791225
long1395	-0.004585182773	1.29168832909399	-2.58619475	2.60481575
loni1238	0.152266701373685	1.35294155730421	-2.570076	2.98706475
lonw1238	0.302357684319	1.22242159721193	-2.032652	2.8684515
lote1237	0.2333448695825	1.33965172732991	-2.56150275	2.97420025
louu1245	0.16282002899	1.35064454384425	-2.507743	2.98499025
lowl1260	0.559575610392	1.29861153957655	-1.8565595	3.44218625
lowl1265	0.20326539525	1.29251989858863	-2.250738	2.9807475
lozi1239	0.062823112496	1.37946497232963	-2.91238425	2.92015175
luan1263	0.09442725670234	1.36265045408536	-2.679949	3.02480324999999
luch1239	0.0526255964083	1.3139646924893	-2.5040085	2.8174465
ludi1246	0.198663337738	1.32547247661498	-2.548616	2.984017
lugb1240	-0.032952800348	1.3143295031145	-2.7039215	2.5410505
lugu1238	0.1102537421545	1.37847711884351	-2.62330775	3.25293175
lule1254	0.2161452700405	1.34493605891681	-2.33911425	3.0425305
lumb1249	0.0158039694295	1.42599958306901	-3.0271675	3.019335
lumu1239	0.4212179155445	1.37460731469143	-2.04087375	3.50320625
lund1266	0.024227902834	1.39735608516384	-2.9148745	2.90399825
luok1236	0.1688708240305	1.32605072128493	-2.39817375	2.9186535
luse1252	0.065616605364	1.38710428228936	-2.5373545	2.927228
lush1249	-0.080853566086	1.06637659238616	-2.311694	2.00813925
lush1252	0.1455285672054	1.39078605143997	-2.71230775	3.10680775
luva1239	0.03482386262538	1.33058500413887	-2.58616125	2.91830975
luya1241	0.10471694590745	1.28520557177455	-2.4780565	2.7614495
maan1238	0.04245454356	1.39235935420704	-2.9008925	3.05917925
maba1270	0.165998505315	1.35652875744331	-2.506413	2.84981275
maba1277	0.0979505161145	1.38352443298292	-2.71452375	2.9170745
mace1250	0.1438281296	1.27923424539812	-2.401422	2.75687
maco1239	0.3833167406815	1.3099180076342	-2.081171	3.31748225
macu1259	0.36539565516	1.29420602927896	-2.06493225	3.2124585
macu1260	-0.9009123030625	1.18482829065437	-3.5683325	1.1419625
mada1285	0.371904329518	1.27411781646289	-2.134271	3.14003575
madi1260	0.1902527627094	1.30780771691606	-2.36902975	2.98505425
maee1241	0.3209122566715	1.20395600530255	-1.985809	2.9029205
mafe1237	0.318291524510815	1.2522976241597	-2.18543075	3.0043465
magd1235	0.849350678185	1.33679117615442	-1.5436165	3.80766425
magu1243	0.152740828914	1.35215170383138	-2.50167	2.9123595
maia1253	-0.052964697935	1.09776127494775	-2.37082925	2.12529475
maib1239	0.603765849253	1.33500732716213	-1.87123075	3.441978
mail1248	-0.9075611551485	1.3245491989347	-3.99953125	1.3833665
mais1250	-0.290550881549	1.13266869499903	-2.5359575	1.9825755
mait1250	-0.585472290537	1.20971532959224	-3.09134575	1.889402
maja1242	-0.3762886214345	1.25472618851408	-2.991055	1.9837745
maka1304	0.16059230636	1.35772509813296	-2.53169125	2.97883225
makc1235	-0.21955914814	1.27090570345105	-2.901032	2.249896
makh1264	0.0730089789745	1.35925339998264	-2.6584115	2.90287575
makh1266	0.061697102255	1.31819743643199	-2.571417	2.924335
mako1251	0.03355700372245	1.41669742402209	-2.791855	2.904312
mala1463	-0.287395562737	1.35478634552521	-3.1735375	2.273502
mala1464	-0.3190464037365	1.35121176947338	-3.2618575	2.27531325
mala1479	0.21816718597735	1.30567765385381	-2.2895905	2.83959475
mala1522	0.18472497412581	1.31785371265178	-2.2541045	2.9009925
male1284	-1.72373765676	1.42529638038902	-4.781976	0.588001574999999
male1289	0.460025236865	1.30718259847357	-1.9919505	3.273638
male1297	0.11747481683	1.41121278165137	-2.54678225	3.1804855
malg1251	0.5632095834378	1.30617815049043	-1.835946	3.36207225
mali1285	0.658921048462	1.32707495979945	-1.79916425	3.50548124999999
malo1243	0.317243248752	1.21571284531118	-2.019585	2.87473025
malt1254	0.147998816043	1.31332100245431	-2.4651195	2.9163405
malu1245	0.314278612423	1.2003450464467	-1.99533025	2.8215345
mamb1294	0.57098584425	1.34620815701888	-1.9713885	3.349105
mamb1296	0.020692467514	1.43454633454805	-2.97461575	2.91924075
mamb1306	0.1869019142645	1.40010353442478	-2.443925	3.17357925
mamm1241	0.2723397305765	1.37211046009572	-2.40968475	3.3037205
mamv1243	-0.070150358739	1.35622137290715	-2.6600705	2.62885725
mana1288	-1.68775134533	1.29718288918544	-4.54523	0.387268874999996
mana1295	-0.1620137332	1.15100974215213	-2.47774075	2.19760875
mana1298	-1.094772400405	1.23760437078776	-3.86009225	1.06898575
mand1415	-0.189449861715	1.28834446088009	-2.84228975	2.314215
mand1440	0.3108608781289	1.32433876686036	-2.1995105	3.1803575
mang1378	0.34891761632	1.12007950137213	-1.905712	2.69534825
mang1381	0.28087859937	1.32082191679114	-2.2320495	3.22155125
mang1394	0.1923159607495	1.3560620210117	-2.4144585	3.10196149999999
mang1401	0.018518405555	1.42765914265336	-2.955682	2.87797525
mang1403	0.2345309809655	1.32795524878431	-2.2745895	2.91952675
mang1405	0.097133943088	1.37876381163181	-2.62588175	3.12388425
mani1235	0.4119701859285	1.34422154385654	-2.182412	3.22137325
manm1238	0.6922479715115	1.14039919814503	-1.45743675	3.01223375
maor1246	-0.0188113943755	1.37900337346303	-2.864846	2.84452525
mapo1242	0.0892348187235	1.15174247755511	-2.20890225	2.41625975
mapu1245	0.15384969231475	1.36772971355803	-2.62730125	3.1888355
maqu1238	0.4093714082615	1.32969606938293	-2.18840325	3.26740549999999
mara1378	0.071231196245	1.33515873759737	-2.58575775	2.86591375
mara1379	0.1195905085655	0.951336107705301	-1.7411735	2.111962
mara1382	-0.06436679775245	1.08155786441051	-2.24635675	2.1529265
mara1399	0.3172011752725	1.21068173083074	-2.019684	2.89946925
marg1265	0.6523251890475	1.3226342310889	-1.934739	3.47992275
mari1424	-0.541024150089	1.26640321536358	-3.33439225	1.8151855
mari1426	0.2550881462145	1.31587387504374	-2.310855	3.2471855
mari1428	-0.078533088684	1.11150381834562	-2.385815	2.2104875
mari1440	0.015117998486	1.42650059558527	-2.829387	3.1361665
maro1244	0.1806067658655	1.34809983570895	-2.43332525	3.182843
mars1254	0.0208586250475	1.34888367882491	-2.737097	2.79672225
mart1255	0.390560320454	1.31530099400673	-2.15546875	3.12254925
maru1249	-0.6163854559265	1.21778130263069	-3.399516	1.61442975
masa1322	0.547311924379	1.33156478272876	-1.8375885	3.4118215
masb1238	0.0033426202984	1.2915119649556	-2.571792	2.67760174999999
mask1242	0.2533554095905	1.24519625647378	-2.12064075	2.953063
matb1237	0.136296906355	1.42974653286356	-2.75296475	3.19775125
mati1250	0.200332334445	1.34553365503001	-2.472689	3.1706645
mato1252	0.1752536780975	1.08753099217522	-1.94395325	2.39159125
mats1244	-1.023624739565	1.30970896779962	-3.9321935	1.1940565
matu1259	0.05120908654	1.35521926236777	-2.58602525	2.91356425
matu1261	0.147313757985	1.20372830962259	-2.18418025	2.74754525
maun1240	0.49667484739415	1.27950240119141	-1.90743525	3.16143675
maxa1247	0.103638309035	1.38622943409112	-2.7757555	3.1461805
maya1285	0.37757965729025	1.30135415203354	-2.1444865	3.20223225
mayo1261	0.12255176822	1.3528172636675	-2.58283225	2.99070825
mayo1264	0.15951501574	1.31827060633496	-2.38186	2.95273825
maza1304	0.7078607874275	1.26679389920153	-1.54454425	3.57292525
mbaa1245	0.09810682011	1.31263312637739	-2.5484205	2.773267
mbal1255	0.035979922538	1.32400065004944	-2.6576135	2.80921775
mban1263	0.245516056108	1.34908777600237	-2.331478	3.0318865
mbar1260	0.47795092742085	1.32656700004406	-1.94802575	3.407829
mbay1241	0.3334815884795	1.30137365623091	-2.19413325	3.10843425
mboc1235	0.41475227514	1.3420069174471	-2.05203925	3.23133175
mbol1247	0.08939494521	1.42224732963917	-2.6431745	2.957696
mbul1263	0.48868159228	1.23569702873574	-1.765349	3.19238825
mbya1239	0.045251330885	1.38600176133788	-2.8219185	2.80252225
meen1242	-1.271572334849	1.38920199731302	-4.3292405	1.0528205
mehe1243	-0.890664324546	1.20897564407183	-3.61197875	1.227685
meke1243	-0.3536289178195	1.14387686115174	-2.79788925	1.8319465
mele1250	-0.3246843694235	1.35562257201828	-3.21459175	2.39432025
melp1238	-0.80444307576	1.16170995936968	-3.2719285	1.24235075
mere1242	0.28678802453	1.24133765958569	-2.16115775	2.8808975
meta1238	0.4242565924585	1.31647183384694	-1.999739	3.358829
mezo1235	0.6989194535415	1.27565142912674	-1.60993325	3.47278525
mezq1235	0.525711421685	1.37583485706037	-2.0670005	3.61567225
mich1245	0.130378269422	1.34719694455053	-2.55088	2.9070885
mids1243	0.194846040648	1.27228900797578	-2.26433375	2.96892875
miju1243	0.1245237939905	1.16212707867376	-2.110502	2.50559775
mikm1235	0.052614308557	1.37964540667011	-2.650305	2.86631225
mila1245	-0.398527747059	1.11484250530972	-2.768751	1.7512955
mina1268	0.018710347012	1.37473357229802	-2.6972935	2.83282925
mina1276	0.7266860726675	1.24657820045342	-1.5232505	3.302729
mini1251	0.414897571355	1.24777980707511	-2.06631325	3.038071
mini1256	0.1636768314575	1.36599691983089	-2.6030445	3.05987
minn1241	-0.35475840332385	1.28086861865281	-3.12152075	2.1504295
misk1235	0.3079859763968	1.26402661608049	-2.106719	2.9135145
mixt1426	0.6863920412195	1.34615917247011	-1.784512	3.601888
miya1259	-0.37563818020935	1.35395280004628	-3.21116625	1.99902725
miya1266	0.38655689557179	1.34826505234443	-2.2383445	3.247853
mlab1235	0.8113137733315	1.28032809047976	-1.50163175	3.54712575
moba1244	0.15689915079895	1.26611552198364	-2.40248675	2.8463465
moch1257	0.282695295025	1.3022844325675	-2.30316175	3.016556
moco1246	0.143545860197	1.29107667750151	-2.3131005	2.83643325
mode1248	0.140106536605	1.39742075909221	-2.49762	3.19607475
moha1258	-0.954195168295	1.35539779018657	-4.014651	1.36407375
moke1242	0.1286979401805	1.36347559729768	-2.53833975	3.065329
moki1238	0.057407474553	1.39926139080777	-2.76565125	3.0536935
mokl1243	0.18881007043	1.33285766605265	-2.4177045	3.02547549999999
mokp1239	0.2991337714935	1.35423774601067	-2.31991775	3.21011225
moks1248	0.159805952694	1.36738897401507	-2.520262	3.07862849999999
mong1338	-0.000900112519000003	1.37390332637434	-2.804808	2.87530275
mono1270	0.2871477724375	1.35929742309857	-2.281215	3.13537925
mono1273	0.2736737473955	1.3769580797185	-2.32587225	3.12902675
mono1275	0.100374003718	1.37485913017313	-2.66362375	3.077033
mopa1243	0.1919029377324	1.44496349196016	-2.667254	3.25764374999999
more1259	0.5402166655885	1.41299571109298	-1.9814955	3.74732275
mori1269	0.1657101926896	1.28492096633005	-2.282269	2.891464
morm1235	-0.371627300077	1.30193210975218	-3.0983165	2.089951
moro1287	0.058270755595	1.29756722684761	-2.5441875	2.74590025
mort1237	0.0392856670615	1.38058731433507	-2.7963835	2.80509449999999
mose1249	0.389763312595	1.25345538637278	-1.95091275	3.0466915
motl1237	0.181824513995	1.39087811221148	-2.50967525	3.18032275
motu1246	-0.9811930319505	1.25210688070315	-3.70551725	1.17989275
movi1243	0.494059417116	1.35093021109292	-2.077581	3.49109225
mpad1242	0.373128559295	1.3303446153139	-2.23685275	3.1546575
mpii1239	1.057981236285	1.31568787116307	-1.18334675	3.960575
mpot1240	0.036279518866	1.36611242071979	-2.6549855	2.76964775
mpur1239	0.669356056283	1.36855729904404	-1.97188775	3.70781025
mual1241	0.04657104093125	1.40428936124594	-2.71249025	2.88778649999999
mudu1239	-0.4213914377897	1.28909968446469	-3.11319625	2.04826125
mudu1242	0.296729735395	1.27969214184536	-2.1829145	3.049481
mull1237	-0.3402148994615	1.31460552529864	-3.0507615	2.0953835
munc1235	-1.008504374698	1.29060443891482	-3.97780175	1.18893125
mund1325	0.5851657713498	1.32632406089545	-1.8620565	3.395792
mund1326	0.216875919583	1.30289672944025	-2.2331365	2.9482585
mund1328	0.434795262744	1.3461681203321	-2.1673595	3.2060815
murl1244	-0.091006441314	1.30635218557236	-2.83031825	2.4980855
muru1266	0.289145198546	1.31019224396741	-2.1913795	3.089993
musg1254	0.572103529227	1.27389766828683	-1.72447	3.423377
muso1238	0.193880744551	1.10870763449785	-2.02107625	2.456752
muyu1244	0.0794432670395	1.2503330040898	-2.4668025	2.65234125
mwag1236	0.4236276200085	1.33885108299724	-2.090239	3.3476675
mwan1247	0.04195889637	1.33682983221409	-2.64835575	2.8447425
mwer1248	0.0343504857395	1.38985871886685	-2.77754675	2.92462175
nade1244	0.22463209074	1.30375822072594	-2.3251075	2.95646625
naka1262	0.2529075040215	1.35453797268821	-2.4192865	3.0861265
nali1244	0.294153489742	1.36454859497087	-2.19809675	3.226057
nama1268	0.00575410923945	1.27126062756935	-2.60545125	2.62073974999999
namb1293	0.6860079261105	1.19207694916724	-1.45538825	3.25504825
nana1257	-0.2181215717165	1.37055809380568	-3.15073875	2.45515349999999
nand1266	0.27195770393	1.39025312943316	-2.52991075	3.21286175
nang1262	0.128605266431	1.42527581535363	-2.69401775	3.13988775
nant1250	0.2323581052215	1.33546436162877	-2.32260175	3.21631625
nara1262	0.0550715124531	1.3845864066143	-2.745956	2.94895175
naue1237	0.1539990222755	1.34793596084304	-2.5783045	3.02228125
naur1243	0.045131234481	1.41646974050123	-2.70703825	2.9568125
nava1243	-0.9193945847675	1.40404043801137	-4.26955025	1.43798775
nawu1242	0.190060383493	1.26562091639464	-2.250699	2.91660275
naxi1245	-0.730545498293	1.19637741757094	-3.34412975	1.5108265
ndam1239	0.082973232845	1.43400146311628	-2.72636125	2.79101325
ndob1238	0.1448629648335	1.35791797457131	-2.449675	2.92243975
ndog1248	0.22484952923	1.31614485655252	-2.382032	2.86259975
ndun1249	0.1609819650115	1.32402484849656	-2.32488975	2.9920775
neha1247	0.285619938615	1.32842769198612	-2.3005265	3.03407599999999
nend1239	-0.6300332642795	1.11277449271554	-3.002757	1.43007475
nene1249	-0.6508607668945	1.32910640559593	-3.51935375	1.7161665
neng1238	0.040227557773	1.25073590477765	-2.416776	2.5095435
nenn1238	0.622028497945	1.18228471151383	-1.59446525	3.0954455
nese1235	0.3171967443865	1.1987830294542	-2.01845675	2.8628145
newa1246	-1.5928969808135	1.20098973336301	-4.3526035	0.344363599999999
nezp1238	0.2482607912405	1.31461420397248	-2.22673975	2.94501875
ngaa1240	0.156967062689	1.31469587732146	-2.495219	2.82092625
ngab1239	0.045939476472	1.41071054735843	-2.8363775	2.9280145
ngal1292	0.4170717234435	1.28529816528412	-2.04402175	3.10947525
ngam1268	0.3690013504	1.35559202629038	-2.18423575	3.4712245
ngan1291	0.3822831758035	1.22950440443641	-1.95743125	2.96748675
ngar1235	-0.9942191483945	1.34175008001463	-3.9145245	1.31292975
ngar1283	0.183453910919	1.33828192370905	-2.3803545	3.0069195
ngar1284	0.1281878682335	1.28398578296463	-2.444061	2.78034875
ngas1240	0.488554109928	1.25352456526714	-1.809068	3.17476225
ngba1284	0.1876614564745	1.38935283295534	-2.40923525	3.07722625
ngba1285	0.2324145164455	1.37959577117154	-2.52966425	3.04224975
ngit1239	-1.1057231840035	1.3771652383325	-4.08430225	1.19181025
ngom1268	0.1425818239745	1.34224448080392	-2.5875435	2.94017525
nhan1238	0.249078562429	1.37417900205212	-2.413272	3.11662775
nhen1239	0.14201601529965	1.30151459401334	-2.370208	2.8038035
nila1242	0.195432956578	1.28946207393804	-2.23997975	2.934043
nina1238	0.3782233949545	1.31996693085713	-2.0420275	3.22152725
nisg1240	-0.1030534517255	1.44474355532234	-3.1118285	2.83595775
niua1240	0.010193565471	1.33629806488372	-2.6458265	2.8481545
niue1239	0.0208936514673	1.35611909684812	-2.74732825	2.645623
niva1238	0.2061851263472	1.28089982524876	-2.3090245	2.85230049999999
njan1240	0.35844525949	1.33357666134672	-2.15988975	3.22623925
noct1238	-0.070099406935	1.0938061612636	-2.33009825	2.10306
noma1260	0.343890320827	1.38545022962222	-2.2352755	3.32718725
noon1242	0.0539986968235	1.36412220997966	-2.69691875	2.7319605
noon1243	0.4188586084245	1.31942614437281	-2.10421675	3.32208025
nopa1235	0.754727125985	1.36660593598126	-1.6753695	3.841183
nort2671	0.1728223295745	1.35144835656419	-2.487078	3.048276
nort2684	0.317308035269	1.31001626725539	-2.11462075	3.246687
nort2690	-0.4748990555265	1.27060285291948	-3.11287925	1.90205025
nort2697	0.6860042138019	1.20568885070994	-1.515268	3.34113775
nort2702	0.1716448071985	1.29859456005462	-2.50356025	2.92500425
nort2722	-0.2196481059795	1.16972882341144	-2.5609835	2.13268725
nort2723	-0.1149116961865	1.13228793410358	-2.45096	2.054638
nort2724	-0.566389389565	1.17746670335174	-3.09393075	1.6882865
nort2732	-0.40752611151	1.23785366908292	-3.07197775	1.892284
nort2745	0.54415313976	1.36170504291025	-1.98744475	3.535036
nort2747	0.34704446246	1.20031096739131	-1.9634015	2.8457765
nort2774	0.235188208212	1.35163962977883	-2.4505865	2.97482575
nort2839	0.29962589588	1.23508395137357	-2.03744475	2.8592725
nort2845	0.062372295415	1.36895973165141	-2.76973525	2.8221645
nort2847	-0.87533898582555	1.28379277898455	-3.6551945	1.357737
nort2877	0.2507002321745	1.3640362938857	-2.496927	2.95703475
nort2885	0.1170757863695	1.38581110895864	-2.76147075	2.9470195
nort2930	-1.38360271982	1.40771252869543	-4.6408755	0.9341801
nort2938	-0.91497623973	1.39490534927418	-4.16720525	1.53125375
nort2942	0.253322144376	1.33099930278811	-2.4180235	3.13444225
nort2954	0.126040526926	1.38787911231595	-2.60341725	3.07625275
nort2957	0.64944782282	1.30535896488865	-1.77828125	3.58315975
nort2961	0.063181508463	1.29494353032078	-2.61012575	2.81469375
nort2972	-1.024456205025	1.40575794356008	-4.221715	1.40823225
nort2980	0.759769109253	1.30851148846289	-1.638899	3.66813575
nort3047	0.6927749665745	1.22585915950635	-1.56621475	3.44153824999999
nort3139	0.180302901024	1.32088886763389	-2.3061905	2.950225
nots1237	0.3310184186265	1.31430616954059	-2.1946725	3.1993735
nsen1242	0.0219099259805	1.35830265631033	-2.5830825	2.77639349999999
nucl1235	0.481734568015	1.38896827300039	-2.06480075	3.518985
nucl1240	0.496305293528	1.33135803896304	-1.98535175	3.38935799999999
nucl1301	-0.559026740391	1.24928437191691	-3.23904875	1.662869
nucl1302	0.36781200401	1.25308507252648	-2.027705	2.96551475
nucl1305	-0.32367138241	1.3898690190528	-3.17672275	2.3844705
nucl1310	-1.1874556121149	1.25679307117485	-3.9203415	0.9508005
nucl1417	0.2258015396735	1.31930723855164	-2.47750325	3.10978875
nucl1458	-0.2005187947622	1.10718756430954	-2.4788645	1.91167125
nucl1593	-0.747765525703	1.25684286255973	-3.4832885	1.48516399999999
nucl1595	-1.0118310377098	1.33123137268475	-3.93036925	1.28863425
nucl1622	-0.556626084635	1.25173280251737	-3.36000175	1.80207325
nucl1630	-0.82304560905355	1.16680637005987	-3.33635425	1.22555775
nucl1633	-1.0621120214535	1.43468250730202	-4.36052775	1.298535
nucl1643	-0.287909729356	1.31765456369236	-3.152281	2.26794175
nucl1706	0.18284269489	1.27119790760612	-2.3080605	2.834222
nuer1246	0.149315311766	1.40006604039015	-2.57317975	3.00635975
nukn1238	0.144318629793	1.07217392681941	-2.009761	2.3473435
nupe1254	0.165745299185	1.35415563540322	-2.534372	2.93866124999999
nyah1250	0.331133726842	1.25275858022256	-2.0498605	2.9935885
nyak1260	0.0628991712435	1.34590002995289	-2.6204585	2.812876
nyal1250	-0.7051247236305	1.36424719064219	-3.80844675	1.660506
nyam1285	0.540527588669075	1.39660154739705	-2.05116475	3.63277599999999
nyan1301	0.22555331877	1.27492541900519	-2.27409625	2.99871725
nyan1307	-0.2940270265945	1.25923965560402	-2.92607875	2.229373
nyat1246	0.225504011131	1.33923644406332	-2.454799	3.1134005
nyor1246	-0.474758438365	1.34055859933007	-3.4219	1.9739165
nzak1246	0.3028939391915	1.36467433996751	-2.438584	3.26347025
nzak1247	0.252262994026	1.29323199920114	-2.1945705	3.0067925
obok1239	-0.519479067059	1.18571910163822	-3.0904465	1.650442
occi1239	0.07618950089035	1.32803840836907	-2.5379135	2.88218125
ocot1244	0.79782045382	1.29669496559222	-1.4467445	3.6485495
okan1243	0.136766945955	1.40392204321746	-2.6629755	3.05100574999999
okin1246	-0.340191460213	1.33929902744913	-3.25411175	2.23392975
oksa1245	-0.8853315184835	1.22930495636352	-3.74134575	1.31295225
okuu1243	0.42197281906	1.29077250951523	-2.029377	3.252633
oloo1241	-0.6911751056825	1.22803673644873	-3.4012805	1.54221625
olut1240	-0.560057882864	1.24875238349388	-3.303217	1.7360575
omah1247	0.384612579338	1.27090232524285	-2.11169475	3.136422
onon1246	-0.8134435921155	1.36790130783182	-3.90382475	1.54803425
onto1237	0.066115554721	1.32476679700519	-2.59230075	2.94476275
oriy1255	0.155479370135	1.27859002176257	-2.3628675	2.886632
orma1241	0.159763224116	1.28940145063827	-2.4958365	2.9117715
oroh1237	0.0546625802765	1.34308363369828	-2.7888195	2.906893
orok1265	-0.150204299331	1.25104074176325	-2.78480975	2.3425815
orok1266	0.350981809965	1.36710374235438	-2.34833225	3.25861375
orok1267	-1.2053514919531	1.32214416359813	-4.3008295	1.0112885
orow1242	0.201072396505	1.30353372045336	-2.275421	3.03204549999999
otta1242	0.1149403013905	1.4113098298756	-2.7822565	3.13440399999999
owaa1237	0.07015082826	1.35230174308718	-2.61364525	3.02232875
paaa1242	0.3311847662775	1.31893285905551	-2.2445045	3.09092925
paam1238	0.2228271910503	1.22615194440441	-2.1472445	2.94957325
paas1238	0.029832589868	1.28945358362109	-2.6425295	2.58213
paco1243	0.494325622538	1.30459880149152	-1.83365	3.31967475
pagi1243	0.2030025268335	1.37722035588442	-2.42833525	2.99840425
pagu1249	0.442851671188	1.28069409486141	-1.97218	3.2982125
pahn1237	-0.69113276444075	1.17719094637277	-3.276761	1.41453025
pait1244	-0.003680250188	1.09970326568756	-2.111436	2.19216875
pala1344	0.09214058918635	1.31341876915857	-2.5468725	2.7013895
pamb1243	0.20450744949585	1.34127342281878	-2.3289895	3.0547425
pamp1243	-0.5022328395355	1.32802919417841	-3.3634975	1.98538025
pana1307	-0.054488974805	1.32947501478353	-2.6986475	2.83716775
pang1287	0.047668850575	1.30853602385636	-2.5981585	2.71184324999999
pang1290	-0.051400775562	1.26264984026581	-2.59591375	2.473647
pang1291	0.0899303560625	1.22893174242566	-2.4102955	2.705233
panj1256	0.2205485350785	1.33187773099824	-2.33898975	3.027384
pany1241	-0.933629478602	1.36522714716186	-3.9277675	1.47460225
papa1238	0.5714819028095	1.28201370343446	-1.77819225	3.320955
papa1265	0.4412685360635	1.26815064801521	-1.88214425	3.1473245
papa1268	0.096017711584	1.33300461920145	-2.43845525	2.78825275
para1301	0.3821888558565	1.28673556828407	-1.94822975	3.1055255
para1302	-0.601282302787	1.10111679319139	-2.99555875	1.3962745
para1311	0.050591106326	1.43312205991707	-2.82388125	3.11162375
pare1266	-0.478659369355	1.2166251326988	-3.1484175	1.6410535
pare1272	-0.0964918493305	1.33184911467429	-2.905676	2.68221249999999
pate1247	-0.000917386040000001	1.13941834771302	-2.34393875	2.3355925
patp1243	0.3954390506685	1.24434263976746	-1.97952375	2.993782
paul1238	0.06339973334195	1.40472358223561	-2.70607425	2.9465565
payn1244	-0.576081311251	1.09875593783715	-2.8901125	1.466459
pech1241	0.162423471515	1.3393882325548	-2.51486675	2.84001475
peer1241	0.3656738107985	1.36265892437249	-2.177991	3.39142875
pela1242	-0.325458320159	1.09363868450323	-2.4992885	1.75974275
pemo1248	0.338563787113	1.32491808995479	-2.10305975	3.18797324999999
pend1242	0.1078482807915	1.40669279329339	-2.7449135	3.01504
peng1244	-0.25201932081	1.24838352019677	-2.9691425	2.07699975
phai1238	0.762146761234	1.29609568325043	-1.610229	3.5895325
phom1236	-0.404737241931	1.05786732012495	-2.76126125	1.531752
piap1246	-0.001807619339	1.31824452225276	-2.86432725	2.7131415
pila1245	0.1045764190405	1.43700642669005	-2.8918975	3.085073
pile1238	0.1098157966625	1.44657852144945	-2.659485	3.15442125
pima1248	0.13294569342555	1.33156029123275	-2.62343475	3.0513105
pina1252	-0.429598626235	1.0896705685257	-2.8063705	1.66207549999999
ping1243	0.0409681684735	1.37907410887107	-2.74447225	2.97514575
pipi1250	0.19603023149	1.32811297663981	-2.34009625	3.02984525
pite1240	0.21628720273965	1.23314856093222	-2.17243975	2.864452
plai1258	0.061885536247	1.26927091546466	-2.46808775	2.63941925
pnar1238	0.4208606180102	1.14547696388949	-1.76140275	2.871196
pohn1238	0.038981784765	1.44238325090465	-2.9003015	3.08365725
poko1263	0.2334638014895	1.40956072747003	-2.522809	3.35776825
poli1260	0.0675344275425	1.32749832421711	-2.47940925	2.980999
popt1235	0.2874542386245	1.35714766085311	-2.39228875	3.23445174999999
port1283	0.0611763985495	1.38644527690079	-2.7127075	3.06594175
port1285	0.256505305805	1.24887541605643	-2.18233975	2.958288
psik1239	0.726654069565	1.19585125078785	-1.43695625	3.262691
puin1248	0.3440002080395	1.30137900839706	-2.106664	3.0137965
puka1242	0.03991886438	1.362798374193	-2.60872525	2.91270325
pulu1242	0.029890428025	1.39936933190771	-2.840868	2.928383
puma1239	-0.479199405017	1.02785150200846	-2.78559325	1.4116345
pume1238	0.136408557585	1.29278050088342	-2.33536	2.9982995
puoc1238	0.30198615272	1.25411865545021	-2.05467825	2.9752565
pura1257	-1.238820811305	1.3719574191998	-4.511441	1.1413275
pure1242	0.2463231318165	1.29163321867475	-2.196319	2.97504025
puri1258	-0.300250971027	1.22310328808273	-2.78313475	2.02294725
qanj1241	0.275333072437	1.3779837962429	-2.319319	3.066973
qawa1238	0.08657622073	1.32457938315926	-2.62621075	2.893383
qima1242	-1.157400312776	1.42777952776706	-4.5913845	1.21588325
quer1236	0.4591526190285	1.34874635722401	-2.01827225	3.35163549999999
quio1240	0.63131414794685	1.23447611742175	-1.54845375	3.44684025
rabh1238	0.2160908843	1.13410383105463	-2.0381635	2.52103175
raji1240	-0.63922466976	1.22283114721907	-3.253986	1.61151825
rama1270	0.178113168271	1.38863167337504	-2.6348735	3.09057824999999
rapa1244	0.002853048766	1.38967711609656	-2.92756375	2.774419
rapa1245	0.00602725157655	1.33971203454962	-2.5154585	2.74252325
raro1241	-0.0204653978992	1.33826674215142	-2.751778	2.85503025
rata1244	0.087592068281	1.37278552326249	-2.68000825	3.02137225
raut1239	-0.25575189987955	1.16275190992779	-2.69359825	1.993424
remb1250	0.104849382079	1.35728947912103	-2.61474775	2.9126275
remo1247	-1.30451656360975	1.43839785142041	-4.551331	1.08610725
reng1252	0.6057247651199	1.28766407164075	-1.725686	3.523002
renn1242	0.024014935856135	1.43755373914304	-2.7765	2.86725949999999
reye1240	0.4402116167575	1.34791678603763	-1.99252675	3.38868075
roma1326	0.07845129259	1.31058823580963	-2.65453	2.830872
romb1245	-0.09602026662745	1.32629849392766	-2.7383225	2.52826474999999
rong1264	0.8028461192975	1.22146130828588	-1.38962875	3.346549
ronn1241	0.4346556483205	1.29355245972771	-2.004235	3.278367
roto1249	0.4571554733865	1.2592810394845	-1.8457465	3.21130149999999
rotu1241	0.001031630224	1.38666741525801	-2.8464785	2.921389
rovi1238	0.1874336333405	1.32603561257591	-2.37533475	3.065809
ruch1235	0.3319524535495	1.20111111921429	-1.91010175	2.896284
ruka1240	-0.677868589767	1.25088983624299	-3.3472	1.6626905
ruma1248	-0.656376581083	1.10130598043501	-2.9535615	1.362221
rung1258	0.148039655253775	1.40625940012328	-2.639668	2.98975374999999
russ1263	0.091253092907	1.31623734867843	-2.48332775	2.92718825
russ1264	0.2720318592525	1.22166147413967	-2.03675025	2.74462325
saaa1240	0.0465008605665	1.32129992533864	-2.64904025	2.93761575
saaa1241	0.307822541507	1.25423237745628	-2.07536275	3.02224225
saam1283	0.138823133712	1.35655934307053	-2.6290765	2.8879755
saar1237	-0.70034238677	1.23575623809786	-3.366437	1.65619475
saba1268	0.1647777623545	1.32682024525731	-2.46122725	2.98826874999999
saga1262	0.13492339163	1.46955954962705	-2.918918	3.203874
sais1237	-0.9272843551535	1.22105873227076	-3.61846725	1.20412525
saka1289	0.284793086875	1.27591731721888	-2.217409	2.963373
saka1291	0.0990823560815	1.31329518843877	-2.6446395	2.7719135
samb1305	0.4209163485535	1.36609292849617	-2.19516575	3.41326025
samb1311	0.4141326039	1.36086416228925	-2.21790325	3.38346825
samo1305	0.0690248047185	1.42863750965568	-2.834974	3.01624775
sana1295	0.07987666192	1.30009667606709	-2.44207575	2.845487
sanb1242	-0.1842342457345	1.42039734590489	-3.09658725	2.63585575
sand1278	0.214825431725	1.31999325049187	-2.52064825	3.03014725
sang1321	-0.209415580282	0.996139568729	-2.2896595	1.681884
sang1330	0.087047900515	1.45184079533669	-3.03090475	3.20125425
sang1331	0.029281748619	1.4040438955828	-2.972172	2.8436515
sani1269	0.341304008946	1.13719826665332	-1.77349125	2.76912975
sanj1284	0.7499451891815	1.28943290112841	-1.49309	3.72574725
sanm1289	0.56635959638375	1.26490331063547	-1.6763535	3.5139075
sanm1295	0.8616553699095	1.3290568229713	-1.54432125	3.88094
sanm1301	0.5965509925565	1.26137886880223	-1.699214	3.22130674999999
sant1436	0.79406724243905	1.28370891841957	-1.5671915	3.67101225
sant1451	0.638485403922	1.32372690221982	-1.779324	3.52955175
sanu1240	0.3978230846805	1.32409169274542	-2.244361	3.2910055
sapo1253	0.4074202411305	1.27187199029277	-2.01773575	3.269618
sara1321	0.185768241961	1.33279687695671	-2.41230625	3.008224
sars1236	0.24042042672	1.28304091594855	-2.32977575	2.93500275
sasa1249	0.036973373025	1.36107668762968	-2.71953625	2.75922375
sata1237	-0.0012176931815	1.37012383002325	-2.78104325	2.68642075
sauk1252	0.18115713294	1.07304959446539	-1.97710975	2.35249525
saur1249	-0.239863611525	1.20436786087681	-2.71657	2.12365949999999
savo1255	-0.171258242072	1.23507033166638	-2.67907775	2.2943985
saya1246	0.520962136966	1.33440623177482	-1.90983925	3.3285425
seda1262	0.5569279974045	1.30262056573864	-1.8806915	3.5443895
seim1238	-0.0528458114235	1.37631259628527	-2.8408065	2.67845375
seke1241	0.31972802108865	1.25996716669569	-2.16636525	3.0350965
sela1259	0.0575403410185	1.40592021617567	-2.7989345	3.0537235
selk1253	-0.6890265423465	1.37279499383109	-3.70678575	1.79487075
sema1265	0.458515495901	1.29800755634416	-2.025843	3.3035275
seme1247	0.356652695146	1.27734117386245	-2.13324875	3.05165125
sene1264	0.076629312045	1.28663008492358	-2.50149875	2.85577125
seng1281	0.266724948015	1.26890461461197	-2.36346575	2.89298299999999
seri1257	-1.0042785452285	1.41527136667557	-4.2060765	1.54273525
seve1240	0.05814619784125	1.41326857028093	-2.71512525	3.01650849999999
sgaw1245	0.6926735854485	1.3169817254126	-1.6150815	3.58557625
shab1252	-0.5234451052095	1.27864434748562	-3.3666985	1.83111125
sham1280	0.127102272765	1.41883378733176	-2.66132	3.20231525
shan1283	0.2757928207695	1.29959791237027	-2.24377325	3.219274
shaw1249	0.045934415922	1.37188531535718	-2.7595255	2.97648025
shil1265	0.23311429724	1.41559958254689	-2.59656075	3.18187975
ship1254	0.081633428006	1.1956189812268	-2.33819175	2.6049275
shix1238	-0.657541897775	1.19189733702239	-3.27013025	1.63510075
shon1251	0.03301411605045	1.36425819628167	-2.80371125	2.82802875
shos1248	0.098251369945	1.36150251717817	-2.54881125	2.9551395
shua1257	0.102677611519	1.36767224205431	-2.578218	2.820037
shwe1236	-0.344688372533	1.06331435727512	-2.6336155	1.68897475
siam1242	-2.8447444962715	1.71917659965048	-6.4089635	0.00321035799999915
sich1238	0.4907377576235	1.20490805892928	-1.8286925	3.08517825
sici1248	0.1080336486	1.35345013374333	-2.5993965	2.965256
siee1239	-1.274572001423	1.38739048367683	-4.3967475	1.08889725
sier1250	0.68178188166	1.25025860811829	-1.553529	3.47133325
sika1261	0.0376708769185	1.40229145047073	-2.81618125	3.01041525
siks1238	0.1023803302145	1.31816182733482	-2.42780325	2.7018925
siku1242	0.0607284101	1.40111456177844	-2.705348	3.0344355
sile1255	-0.217262975449	1.08773010747005	-2.51216475	2.12995925
sina1266	-1.424387275985	1.3150559745996	-4.229568	0.7658733
sing1264	-0.0673555743335	1.15102548561903	-2.4885395	2.307952
sion1247	-0.4812423009615	1.16659398984204	-2.92606575	1.71093525
sioo1240	0.2566335049965	1.12107184916742	-1.91995775	2.55203625
siri1273	0.223358713419	1.29363633777174	-2.35020025	2.93867025
siri1274	-1.054537854757	1.19525594253074	-3.641181	0.917364074999999
situ1238	0.8541213185085	1.22015747472643	-1.28352775	3.52509525
siwi1239	0.070428474675	1.34434339034936	-2.70018125	2.77438175
skol1241	0.140701719308	1.33379461943324	-2.4166325	2.8931185
slov1268	0.0860071024475	1.3219306647891	-2.4565165	2.78409875
sobe1238	-0.77740189793	1.32697385246193	-3.58440075	1.660581
soch1239	0.551841208942	1.23349315932298	-1.683423	3.2830295
soga1242	0.049364527354	1.39157708773673	-2.65353925	2.93310575
soli1239	0.0456681831805	1.37951963851655	-2.82516775	2.95983125
sons1242	0.0438841292155	1.35822887778339	-2.65661275	2.88624775
sooo1254	0.6331652775805	1.29410398088625	-1.7148275	3.44937075
sout1528	0.119871929836	1.30787780747005	-2.4563295	2.870005
sout2649	0.261161246808	1.1816518371584	-2.03205475	2.732993
sout2674	0.182158048715	1.24962463474296	-2.22062725	2.80739325
sout2679	0.2507444465093	1.33964853789552	-2.3359025	3.01240225
sout2728	0.8018252585295	1.24018652418386	-1.461398	3.507357
sout2729	-0.48637896486	1.1282141671481	-2.90582175	1.568096
sout2730	-0.46583036231	1.15167310503229	-2.94442225	1.699351
sout2782	0.5668183282	1.31240453807729	-1.748493	3.448065
sout2797	-2.670528405875	1.60097541879199	-5.958818	0.0219558549999992
sout2807	0.0809439411295	1.34013465079081	-2.66546075	2.791266
sout2826	-0.114448092808	1.35119400963048	-2.93395125	2.61001225
sout2856	-0.3641178128081	1.34716652477082	-3.34092925	2.2882615
sout2857	0.249975474682	1.23996398760727	-2.17574175	2.93904375
sout2859	0.2714754881015	1.24617248342209	-2.22477825	2.901721
sout2869	-0.689841940167	1.25928443515221	-3.45127775	1.64068724999999
sout2895	0.0738122817665	1.32647133652233	-2.61162575	2.84192225
sout2912	-0.0547070848815	1.29617501252416	-2.57718875	2.57468675
sout2954	-0.320079238005	1.36077859458702	-3.2690155	2.404122
sout2956	-0.907786355928	1.29839304022075	-3.641524	1.422809
sout2959	0.270425839115	1.27596561606932	-2.05733225	2.96991725
sout2976	0.1890753691535	1.29643907587436	-2.292305	2.885323
sout2994	-0.7226261609105	1.35086336313014	-3.56499825	1.792457
sout2996	-0.9180016018	1.34763685539851	-3.889569	1.5520555
sout3236	0.1986985929725	1.31690297280654	-2.42925725	2.9107605
sout3261	-0.03638400695285	1.12321305306406	-2.358505	2.20261025
stan1289	-0.004509817529	1.41029445657382	-2.92036225	2.9114065
stan1290	0.052335365018	1.32219558625791	-2.66803325	2.79857275
stan1293	0.110192957442	1.27359477083271	-2.4283705	2.72724775
stan1306	0.3388155541505	1.3156453657916	-2.22472125	3.06543775
stan1318	0.144556768945	1.29300715623468	-2.2867225	2.89064425
sude1239	0.18888937526	1.32740317929122	-2.4152625	3.04603475
suku1259	0.043178346648	1.33758943780366	-2.68751875	2.758187
suku1261	0.07047436806405	1.38757323476508	-2.73075175	3.0151985
sumi1235	-0.022384929136	0.994671974514073	-2.03965125	1.905359
sund1252	0.0423373829025	1.36795004969092	-2.74366025	2.927855
sunw1242	-0.961882031491	1.02018586446588	-3.1747105	0.807550199999999
supy1237	-2.25041893629	1.5910968637797	-5.683159	0.314212524999998
surg1248	0.2383144638695	1.33588880858509	-2.290806	2.94775125
surs1246	0.37090634223735	1.33002644952331	-2.2598385	3.10437275
swah1253	0.0720293154705	1.30286118037861	-2.440912	2.73484499999999
swed1254	0.0965017127555	1.35572477821789	-2.55593525	2.844848
taba1263	0.4069213858145	1.32605365089585	-2.11289875	3.38156925
tabo1241	-0.728667127886	1.24311653711025	-3.3506765	1.59290375
taga1272	0.170699527695	1.31125429637541	-2.42247175	2.925932
tagw1240	-0.4713771297235	1.37380379439075	-3.454581	2.0881215
taha1241	0.084225570836	1.28215901697939	-2.43103925	2.639453
tahi1242	0.01369523725	1.33728347030044	-2.56925225	2.7351555
taia1239	-0.406891361481	1.1647018583721	-2.88790725	1.7409215
taji1246	0.101047868196	1.39886396282538	-2.6215845	2.9990965
taku1257	0.1149036561935	1.38888754106249	-2.72752325	2.87649375
tali1259	-0.0580862048955	1.27459315913116	-2.59127775	2.621147
tama1365	-0.042929317122	1.24309847169086	-2.56419	2.39860624999999
tami1289	-0.313117626036	1.382243677736	-3.5015075	2.34937
tami1290	0.315211181796	1.26896047268906	-2.22909575	2.899644
tane1237	0.140503609095	1.3506839216661	-2.537136	3.001635
tang1336	0.0254857473785	0.97799481189557	-1.88555075	2.080134
tang1347	0.296518768152	1.22162511983815	-2.07555475	2.8637095
tang1348	0.251388805527	1.30674548937951	-2.24242575	2.97081074999999
tang1377	-0.4567457210065	1.1035031614452	-2.83207525	1.6458305
tani1257	-0.93722196625	1.25799323826433	-3.68212425	1.28293325
tari1256	-0.6804914549075	1.22951171862111	-3.35426475	1.576415
tari1263	0.0705357288325	1.31451204273924	-2.621811	2.754353
tata1255	-0.401032388745	1.20533189151896	-2.9280215	1.968309
tata1257	0.0913385166715	1.34738693480074	-2.547507	2.89930625
tata1258	0.77841545591435	1.39232931627972	-1.69768675	3.83154575
taul1251	0.421781880139	1.26474384456232	-2.0882675	3.1023
taus1251	0.0503367822665	1.3324249948463	-2.594345	2.875452
taus1253	-0.1402753181765	1.32913343099047	-2.8279835	2.5122665
taya1257	0.10154678532	1.36381211198974	-2.54155375	2.9921605
tbol1240	0.123369441660145	1.35898141024769	-2.55380275	2.98500675
tean1237	0.14272404706475	1.36564313438493	-2.63463875	3.02608775
teda1241	0.00317433593265	1.42647219029138	-2.7501935	2.8650815
tedi1235	0.03783638534685	1.11152065814431	-2.228679	2.20538925
tega1236	0.298702137925	1.35492144991462	-2.29814875	3.089084
teke1275	0.04321726909	1.43956518652949	-2.95557975	2.9954075
tekt1235	0.283681876051	1.29467430725324	-2.35887125	3.03092
temb1272	0.181410899471415	1.37648676050208	-2.57832975	3.014924
temp1235	0.1242621700875	1.37664438567833	-2.41861975	3.02075125
tene1248	-0.7667977554935	1.40168185345474	-3.8778245	1.7521395
tenn1246	0.2507714391385	1.33557504795992	-2.4575405	3.05921175
teop1238	0.4273549455755	1.28463843941399	-2.00211375	3.340846
tera1251	0.4836440886025	1.35414427963772	-2.06187775	3.594164
teri1250	0.07506336571	1.43541845958597	-2.916074	2.97771425
term1237	0.0634509841915	1.32634090954845	-2.58159725	2.91719549999999
tern1247	0.4202150982595	1.3210000031356	-2.078206	3.2664
tete1251	0.562193239818	1.39210504006847	-1.98921275	3.6888325
teun1241	0.071496704736	1.36936467137948	-2.77577075	2.96162575
tezo1238	0.7760179832735	1.29965723297666	-1.61991425	3.6615265
thad1238	-0.067370307869	1.09884383418281	-2.310604	2.1187035
thak1245	-1.61379331515	1.29964745084079	-4.4922315	0.419040099999999
than1259	-0.752197692909	1.1434585599518	-3.24737925	1.39307475
thao1240	-0.7946955753935	1.225026045905	-3.489948	1.40505275
thul1246	0.559815264763	1.10408203444275	-1.414512	2.94548525
tibe1272	0.676129835327	1.27924096510663	-1.62101375	3.47684525
tibe1274	0.325156006177	1.33161894340367	-2.29861125	3.30334425
tief1242	-2.411279914815	1.50524981585651	-5.6340385	0.106802425
tief1244	-2.3276838118277	1.48656845507989	-5.44562875	0.153506475
tien1242	0.038936482688	1.42430902722675	-2.83983875	3.051651
tiga1245	0.237365710835	1.38056420248272	-2.5129065	3.125833
tigo1236	0.422213675165	1.36366076455119	-2.32467925	3.326323
tika1246	0.3168070661	1.29497637194593	-2.2145395	3.073279
tiko1237	0.110232568077	1.34419217784403	-2.495243	2.893915
timn1235	0.0460997550085	1.36749901518355	-2.61841975	2.78150899999999
timu1262	0.0995147229725	1.37458020510074	-2.68941975	2.98676675
tiri1258	0.1749691025125	1.33805700553458	-2.376708	3.06947525
toab1237	0.0143925859065	1.29703560517159	-2.5950205	2.57928625
toar1246	-0.748119164597	1.17147217143546	-3.44919775	1.281462
toba1268	-0.6954733850845	1.29211185030153	-3.52576375	1.68233225
tobe1252	0.3951659479535	1.28827186206936	-2.06080275	3.22284
toho1245	0.0164603896745	1.3508887105919	-2.71763225	2.79598975
tojo1241	0.237807721813	1.32777637966334	-2.45321425	3.04648275
toke1240	0.017312816524	1.37432848116256	-2.82244275	2.92198775
toll1241	0.130947773647	1.36415580989192	-2.58212325	2.93803124999999
tomm1242	-0.1722675179095	1.31048711810246	-2.82892775	2.5103185
tond1249	0.121844441123	1.31985787755614	-2.46644775	2.9451555
tong1308	0.354222964445	1.25758986083689	-2.107794	3.0714105
tong1318	0.0518371345455	1.30598545517617	-2.59874725	2.84013
tong1325	0.03881580028	1.41319070719864	-2.8601135	2.877445
toor1238	-0.6709025765925	1.29630197232275	-3.483602	1.76569625
tosk1239	0.086862117733	1.34012614107874	-2.5761595	2.81980875
tote1238	0.0852463996205	1.32837435051875	-2.5648375	2.887318
toto1302	0.08020457397058	1.18006525082607	-2.2531465	2.445543
trin1274	0.3471066151445	1.25555293242099	-2.09875425	3.0124055
trio1238	-0.902161895485	1.33094525262947	-3.869675	1.492699
trum1247	-0.3831466533285	1.19762196811308	-2.88698425	1.94022475
tsam1247	-0.9591735603425	1.2038446096942	-3.56797325	1.07601249999999
tsat1238	0.1269640371535	1.41162965766847	-2.72542375	3.14182875
tsha1245	0.6449436255205	1.18858132407688	-1.514638	3.18286675
tsis1238	0.150785540424	1.34742702738901	-2.60431325	3.0175185
tsix1234	0.10970675545	1.37495223948131	-2.58199025	2.893802
tsog1243	0.030514867845	1.3469183713888	-2.710067	2.77013325
tson1249	-1.611815140565	1.5929896921666	-5.32302175	0.878017924999999
tswa1253	0.105550861235	1.36114353891159	-2.65191525	2.9838125
tswa1255	-0.977621251946	1.41796886219756	-4.45399025	1.39538475
tuca1252	-1.2009398357565	1.20448877314897	-3.77598175	0.832577625
tuge1241	0.28760923241185	1.37983155236295	-2.408764	3.17962124999999
tugu1245	0.1673824617625	1.38801609912042	-2.59785525	3.14229375
tuka1248	0.078207095125	1.3671855463786	-2.68539275	3.05942275
tuki1240	0.2862242668605	1.39520690212602	-2.28652775	3.2527705
tula1252	0.5542293428665	1.2953311285239	-1.8643955	3.36689825
tulu1258	-0.40878425689114	1.31578970823916	-3.3117395	2.124122
tune1261	0.35984994863	1.33782296520475	-2.145392	3.11928675
tung1290	0.16649756438925	1.34664395585603	-2.40566925	3.0447135
tunn1238	0.1364572281425	1.33457532064669	-2.52417825	2.846282
turk1303	0.74806695783765	1.26787106261915	-1.577885	3.470495
turk1304	-0.53232598141	1.30944150457171	-3.30399625	1.8501045
tusc1257	0.47680311956	1.25437144286318	-1.91643375	3.11144499999999
tutu1241	0.3242664706925	1.23576107161446	-2.1383095	2.97610875
tuva1244	0.0185288508105	1.37700761827677	-2.75575175	2.87999199999999
tuwa1243	0.1750969016595	1.31145671919171	-2.53727825	2.78760075
tuwu1238	0.16915401397535	1.28513907999813	-2.42017575	2.77089425
udih1248	-0.16798756751955	1.37272774256409	-3.047569	2.49997675
udii1243	0.13906542900525	1.15608669099289	-2.1404195	2.51943425
ughe1237	0.1913773316943	1.39466278177678	-2.66339625	3.16548325
ukra1253	0.077902651315	1.37570705662127	-2.59778875	2.98851325
ulch1241	-0.3737202652045	1.31301766945633	-3.32655675	2.1156185
ulit1238	0.059383591477	1.38742250655908	-2.8814655	2.882753
ulwa1239	0.305627095025	1.33050016215856	-2.3419505	3.02694425
umaa1242	0.1507796335435	1.28115936510251	-2.46648775	2.8513135
umbu1257	0.010238957049	1.3013111924181	-2.53093975	2.580872
umbu1258	-0.935770226685	1.15825944665884	-3.4763005	1.06666125
umes1235	0.2087959283155	1.2970337203709	-2.37773175	2.95867025
unua1237	0.296975881545	1.22536017905423	-2.09124725	2.99083875
uppe1275	0.65009917761905	1.28814700471599	-1.73283575	3.54222674999999
urak1238	0.2554720672635	1.3491545457367	-2.42249675	3.084376
urar1246	-0.753427784035	1.35281449366094	-3.85359175	1.662651
urav1235	-1.216541933506	1.39475086370365	-4.325982	1.12378725
urim1252	-0.84857883233565	1.20946173989903	-3.435899	1.26700925
urip1239	0.323956563563	1.20863371928432	-1.9841935	2.8911275
utes1238	0.0013859724927	1.35475488034978	-2.912714	2.8547745
uuuu1243	0.0144572990667	1.16455402674733	-2.3237475	2.34390725
vano1237	0.14251275592105	1.3623497464188	-2.5040975	2.971298
veps1250	0.157376501173	1.32761249670351	-2.42442675	2.92523825
vera1241	0.194867456682	1.40015721374174	-2.470101	3.278112
viem1243	-1.36392872509675	1.28679597073988	-4.03466225	0.762009724999999
viet1252	0.1984779748455	1.3808335916503	-2.436868	3.14083374999999
vinm1237	0.299496425055	1.21794762877354	-2.04418325	2.9578965
voti1245	0.28424662744	1.20161576892556	-2.00493725	2.836977
vunj1238	0.1547576350955	1.38891436321066	-2.54992375	3.126199
vure1239	0.1963735054105	1.39580677166398	-2.468991	3.22394375
vwan1235	0.081781182095	1.37486779674047	-2.79270825	2.9733255
waga1260	0.327246361791	1.25214167376988	-2.0696585	3.047307
wage1238	-0.0025454538349	1.33189166709709	-2.740038	2.71819675
waig1244	0.2332435519835	1.33388169510323	-2.3622755	3.07758025
waim1251	-0.363002804401	1.16776896740879	-2.78394425	2.040056
waim1252	0.182328081212	1.39444112540967	-2.547641	3.2024585
waiw1244	0.3102386881145	1.34402056915475	-2.26941575	3.231582
waja1257	0.18011319155145	1.21595724848874	-2.24054975	2.723943
waja1259	0.561183231403	1.29454302781675	-1.8429305	3.34068375
waka1274	0.239020081021	1.2768598878601	-2.27242625	3.035134
wala1266	0.022349880767	1.25222591107854	-2.53589225	2.53686024999999
wall1257	0.051066513376	1.36270388997286	-2.67720675	2.93018825
wamb1257	-0.63165202642185	1.03729162086718	-2.8833085	1.22671975
wand1267	0.2719493689444	1.29271952551982	-2.273131	2.95114675
wand1278	0.673429959132	1.21209263450178	-1.5678565	3.2946415
waor1240	-0.027641034504	1.28740929948707	-2.682205	2.63442599999999
wara1294	0.571653659939	1.20440653970593	-1.76652825	3.18178675
wara1303	-0.767092441449	1.35361413805869	-3.70652625	1.59201725
ware1253	-0.461946721806	1.34248094013172	-3.28557475	2.151608
ware1255	0.232186307374	1.35974250844682	-2.5069965	3.2806105
wari1268	0.41325605406	1.29749129241939	-1.9589255	3.26739225
warj1242	0.4458225316195	1.15272860531411	-1.718578	2.8833105
waro1242	-0.304869661095	1.30217698230362	-3.0993235	2.27219125
warr1255	-0.089261558969	1.24560366885372	-2.58773625	2.45727825
waru1265	0.315594834121	1.26789049614632	-2.07840475	2.97365425
wawa1246	0.32878987497	1.3167346436619	-2.25494975	2.99410075
waya1269	-0.1883795377355	1.29366857760379	-2.8440355	2.397148
wayu1241	-1.030775366645	1.03563618907736	-3.25312175	0.754923549999998
wayu1243	0.1331403653665	1.40205159883258	-2.68956325	3.01646475
wels1247	0.11635082826145	1.33911459705622	-2.7306775	2.90554325
west2354	0.13226445756635	1.36495976519697	-2.50727375	3.0512285
west2369	0.1512483877125	1.36205816244806	-2.5215135	3.02209075
west2396	0.763393252971	1.25173747679221	-1.45794125	3.593631
west2397	0.582069612103	1.3059469601168	-1.8189115	3.36146725
west2415	-1.59293609561635	1.21440121438814	-4.182556	0.435454624999999
west2418	-1.788642376255	1.35471252330578	-4.8430165	0.269935224999998
west2441	0.217899996815	1.2612622441654	-2.17843975	3.036502
west2466	-2.6845045845185	1.60213881147469	-6.024271	0.00598543574999848
west2516	0.06870642208285	1.29831098509891	-2.50293525	2.74247975
west2519	0.009184220804	1.36912755086312	-2.7879795	2.93057225
west2548	0.0839358479755	1.35631173822454	-2.61906325	2.9729875
west2557	0.119949175825	1.31491122960358	-2.614182	2.8218785
west2560	0.1302256809005	1.33719339970655	-2.36080425	3.01114625
west2594	-0.006286453959	1.17346381597608	-2.431788	2.33795175
west2600	0.4045256907685	1.35805136099928	-2.25081725	3.28904275
west2618	0.0967869477495	1.37772567988484	-2.71796075	2.99711825
west2632	-0.048592683245125	1.38235953661616	-2.888027	2.83302375
west2635	0.2846491788194	1.33772455195169	-2.3270935	3.29876725
west2644	0.785862475481	1.38865482952029	-1.6827545	3.798174
west2650	0.000834859049500001	1.3053286441443	-2.712771	2.7297775
west2763	0.190773919398	1.38807410550231	-2.499249	3.036232
west2778	0.215425107735	1.36181616037237	-2.42181675	3.17236925
whit1269	-0.744134715252	1.26722267805649	-3.5348005	1.51748599999999
wikm1247	0.244471264486	1.27024442081179	-2.30410925	2.92463074999999
wiru1244	-1.330514575635	1.22835226446627	-4.08040075	0.673448074999997
woii1237	0.025778912033	1.34699672543639	-2.704519	2.9345895
wola1242	-2.2468908797965	1.60618511754821	-5.74596675	0.285182975
wola1253	-1.4042411142167	1.36176302707956	-4.50932025	0.853715424999998
wole1240	-0.005531498744	1.37356516555034	-2.798998	2.78442325
wood1236	0.0880217315085	1.34188097699767	-2.652609	3.05549675
wotu1240	0.154288684015	1.32563901032381	-2.37463775	2.98494275
wuch1236	-0.214406384045	1.31028660833863	-2.970228	2.340884
wudi1238	0.09133101343	1.08770186759049	-2.0419805	2.2884865
wuna1249	0.180866638937	1.29079781615339	-2.3561665	2.814569
wusa1235	-0.009355500567	1.10638061642802	-2.30101575	2.204146
wutu1241	-0.1903785140965	1.24072688024217	-2.88144125	2.1868005
wuvu1239	-0.192689012715	1.39742615471913	-3.101596	2.66224475
xamt1239	-0.1155251852945	1.23145010324613	-2.6603025	2.31510925
xara1244	0.184292409697	1.32586401683516	-2.3212555	3.00226725
xava1240	0.0048198243795	1.37895241518718	-2.7853995	2.871804
xhos1239	0.1359519641225	1.38327885964035	-2.63747325	3.01304925
xish1235	-0.405618603719095	1.13234405418375	-2.81644675	1.78973925
xokl1240	0.1140062990415	1.37594014620131	-2.5567785	2.99467449999999
yaak1241	0.244246696805	1.34183483277529	-2.40483125	3.10719925
yaey1239	-0.5135188974985	1.27293997504714	-3.34041625	1.839905
yagu1244	0.069375028536	1.30389310258428	-2.521078	2.7283835
yaka1269	0.0690438393175	1.37139297181815	-2.71701775	2.92159325
yaka1272	0.1337893153005	1.36744635416115	-2.6263535	3.1513875
yaka1277	0.1323803751465	1.37067618796453	-2.54319525	3.0268845
yaki1237	0.2250938302247	1.33522244088118	-2.413467	3.15010025
yakk1236	0.75756486799	1.13075495780822	-1.22764525	3.24800599999999
yako1252	0.2678490967205	1.39200257268354	-2.4509545	3.03055549999999
yaku1245	-0.494723703081	1.22782703258856	-3.09648375	1.81197175
yale1246	-0.598363446055	1.21202767955639	-3.222034	1.6329265
yama1264	0.166883380763	1.33099748505813	-2.45650575	2.97372175
yami1254	-0.465719366615	1.28163933205799	-3.090054	2.06816525
yami1256	0.463595779349	1.30306357987767	-2.00281625	3.28156425
yand1253	0.1435583309305	1.34100799578588	-2.51240075	2.9519405
yane1238	0.759070695559	1.32231468251307	-1.639634	3.6714625
yank1247	0.192057342946	1.32435217894707	-2.44057125	3.0550035
yano1261	0.1952742609235	1.31306852373003	-2.407813	2.9987215
yano1262	0.28742195604	1.33997989320562	-2.2392625	3.1207655
yaoo1241	0.01708796453	1.42776855247551	-2.90448975	2.921865
yape1248	0.068979889245	1.30124006004285	-2.5392995	2.7899345
yapu1240	-0.7840928660745	1.21285234444302	-3.3972255	1.41785775
yaqu1251	-0.1745876306191	1.3698710526945	-3.04820925	2.63214925
yare1248	-0.569328015445	1.12352894869833	-2.89029725	1.55518475
yasa1242	0.1231564907165	1.38153214749614	-2.57227925	3.084702
yatz1235	0.602246782169	1.26712000186425	-1.69178125	3.49416625
yaul1241	-0.585670226645	1.12668888212437	-3.10057425	1.44613175
yaum1237	0.173180441325	1.05189832224726	-1.947018	2.4366795
yawa1260	0.421004447656	1.30898743887504	-1.97796475	3.22984125
yawu1244	0.3256305282675	1.40830701192649	-2.37038425	3.40749025
yele1255	0.2644851345175	1.34704371891767	-2.41027925	3.18211475
yems1235	-1.077673924133	1.27526562757036	-3.86325875	1.140903
yidi1250	-0.6231996131297	1.23235197292376	-3.296723	1.66166175
yind1247	0.26347479543	1.30815747282921	-2.278487	2.91036275
yoga1237	0.146751670535	1.27347364467685	-2.4089125	2.86766475
yona1241	-0.5729207970905	1.30394079747961	-3.38546275	1.889044
yong1270	-0.222240148956	1.12797912595298	-2.6336925	1.96116775
yong1280	-0.178567644623	1.22717284779508	-2.73798625	2.2637775
yora1241	0.36311209495	1.34999167231385	-2.12105375	3.1952245
youl1235	0.6257332324485	1.09391871659292	-1.44936825	2.85733925
youn1235	-0.784789713908	1.34012674969264	-3.800448	1.63226325
yuca1254	0.06991163963	1.3284026164645	-2.64730625	2.85800525
yucu1253	-0.6995734894462	1.27908282927266	-3.50084575	1.63009975
yuec1235	-0.583649976987	1.3800292091399	-3.6221495	1.887908
yukp1241	0.21009110171315	1.31574449872933	-2.37391025	3.08146625
yulu1243	0.1357226250755	1.40832649758153	-2.63984075	3.05128175
yuqu1240	0.3872071814828	1.30856416034987	-2.03348125	3.26870324999999
yura1255	0.4013389993105	1.29199109844639	-1.9643925	3.19825099999999
zaba1237	0.116374836779795	1.2708815910731	-2.3160985	2.889193
zaca1241	0.64625796207	1.29572313893916	-1.75117025	3.48732675
zaca1242	0.74341103452215	1.37998576361392	-1.72330725	3.71398925
zagh1240	0.02641633713	1.37869737550414	-2.80595725	2.79588475
zamb1245	0.134746380853	1.40627886883496	-2.67165225	2.95681799999999
zani1235	0.8578101765924	1.37605040549756	-1.6120895	3.886554
zarm1239	0.11547268419995	1.34869623856139	-2.41744	2.89056375
zaye1235	0.007805495834	1.112208984591	-2.162452	2.37666875
zays1235	-2.00206174862	1.50077950920108	-5.3126015	0.337126124999999
zenz1235	0.83775318591	1.38482181225351	-1.6111425	4.004283
zinz1238	0.063680003645	1.44461809210606	-3.04243025	3.0222825
zoog1238	0.6246063686615	1.26354115698766	-1.55401475	3.454394
zulg1242	0.7158203541153	1.22239234956962	-1.541192	3.600354
