Estimate	Est.Error	Q2.5	Q97.5
abkh1244	0.0581300306552	1.73182277196999	-3.407158	3.56267275
abun1252	0.02545387601825	1.63098018083786	-3.43019625	3.64340675
achi1257	0.031908677514245	1.67034376812526	-3.40920225	3.74900824999999
afar1241	0.03024478130615	1.74816005694319	-3.5993345	3.70752775
agob1244	0.06122062749475	1.7232278269839	-3.444069	3.8880655
aheu1239	-1.4565615184435	2.04788044850672	-6.98821925	1.022607
alab1254	0.10236265913	1.60311939726293	-3.1998755	3.56094775
aleu1260	0.01865762273	1.77266864293255	-3.7589995	3.794418
anuu1241	0.3882504576526	1.53723618026342	-2.48686775	4.04857799999999
aoua1234	0.1430322208084	1.5260616507252	-2.879183	3.60061249999999
apma1240	0.107866612199	1.55060190901102	-3.11171525	3.6732725
arak1252	0.079619042855	1.52759362068099	-3.14039725	3.66531399999999
arao1248	0.0951738339085	1.63894611327292	-3.35114875	3.713344
arap1274	0.01454181435165	1.62714553126579	-3.23124475	3.51661825
area1240	0.0232878058155	1.72475812446086	-3.578259	3.692084
argo1244	0.04629299730775	1.6444971113293	-3.38821	3.51290125
arta1239	0.0554984910575	1.61066041412237	-3.1979125	3.66487749999999
ashe1272	0.01739042940885	1.73621263421885	-3.69042325	3.92483925
aton1241	0.329059577223845	1.65996806287632	-2.85819675	4.1300165
axam1237	0.06130060419215	1.63377704060387	-3.45368425	3.791855
baim1244	0.1792782251225	1.5910295887333	-3.1071025	3.72211599999999
balu1257	0.06228246898025	1.64405894379292	-3.41515875	3.644151
bebe1248	0.1239013492075	1.58861728071185	-3.28591475	3.80298775
beka1241	0.09365984342685	1.69120945524638	-3.3712865	3.8095385
bela1254	0.03693319825855	1.70048507984121	-3.49301325	3.96294225
bell1243	0.046403631668	1.72275183713311	-3.593489	3.77593575
boro1282	-0.03174437898715	1.57295688147018	-3.54728775	3.26023499999999
bret1244	-0.00197500756875	1.85631020409366	-4.0643125	3.81726775
buga1247	-0.21064736577065	1.56463692105395	-3.7318205	3.14539825
bumt1240	0.2023395684395	1.52129437856605	-2.86375625	3.85156024999999
burj1242	-0.00351522469605	1.72927832368677	-3.9585675	3.673568
buru1320	0.03997896424265	1.63355472866523	-3.39855475	3.481115
buwa1243	0.1143208504147	1.64732117231818	-3.22605625	3.8225
cane1242	0.05480845941035	1.60445380506423	-3.290115	3.7463725
cash1251	0.038039475469	1.78244608679072	-3.62754875	4.12904975
cent2050	0.047758744778052	1.6382664035636	-3.453881	3.87181575
cent2140	0.04003257925615	1.71753585758966	-3.44163925	3.81489775
cent2292	0.14012497665385	1.57135193945985	-2.89244275	3.81596224999999
cent2314	0.4021204689835	1.50482520418422	-2.43322475	3.82178775
cent2322	0.0616252087895	1.57585522118315	-3.29148625	3.499345
chak1271	0.09068752389215	1.66312326247924	-3.2616245	3.9214225
chim1302	-0.0032799891711	1.63271490103733	-3.6907075	3.5621085
chip1261	0.0022901573302	1.6481788785836	-3.609362	3.52453
choc1276	0.0338096523282	1.68049293673691	-3.52855	3.6467545
chon1284	0.4201069629909	1.51300047551913	-2.519196	3.90615475
chuj1250	0.02456694411765	1.65799763681773	-3.41731525	3.47443725
chuk1273	0.05679946506325	1.66381064297941	-3.630173	3.90280949999999
coma1245	-0.0327690247635	1.62945380064714	-3.44651725	3.433527
como1259	0.0447779992475	1.63692401765388	-3.2399995	3.87036925
cosa1234	-2.20780523632065	2.31422681811505	-8.03167225	0.3502318
crim1257	0.0208293012425	1.64215560359509	-3.3224005	3.57786625
crow1244	0.04941695737215	1.76336639275436	-3.7760995	3.79945299999999
cube1242	0.025320554669565	1.61055946913903	-3.4511815	3.61643225
czec1258	0.03476790075775	1.63182969461901	-3.51299125	3.76136225
daka1243	0.07747780117845	1.58097671345705	-3.31279675	3.51383824999999
dana1252	-1.3735071968508	1.82078988916737	-6.1388095	0.88437735
dege1246	0.04857113719285	1.66036228996033	-3.63322275	3.751303
dhao1237	0.075430822854	1.52809884001098	-3.07450675	3.51909549999998
dima1251	0.3676296206335	1.72948490613893	-2.96456575	4.26615825
djee1236	0.1258236734325	1.62893918793657	-3.1477285	3.61007499999998
dusn1237	0.08949193877755	1.60186272135816	-3.2223195	3.61818825
east2447	0.00445164228	1.67441656467066	-3.624824	3.62005675
east2516	0.0683829251215	1.62592404840964	-3.366753	3.6488165
eipo1242	0.078519498023	1.74696582415487	-3.641193	3.8334335
emai1241	0.1291127956865	1.59336434455739	-2.8596885	3.6672675
enuu1235	-2.649332937663	2.56811471075235	-8.882297	0.2532707
ersu1241	0.09194380420169	1.63028030850106	-3.23143275	3.8863015
esee1248	0.03058489057335	1.60497748876082	-3.576108	3.37856825
esto1258	0.0791292901847	1.61543063417361	-3.16176475	3.73463049999999
even1259	0.0742843246905	1.65658422856696	-3.17162975	3.84938125
faro1244	0.0762674141631	1.69735857271768	-3.52941325	3.81112775
fiji1243	-0.0221383701105	1.611245564206	-3.53931575	3.24464275
finn1318	0.020462441776	1.7243858042013	-3.60028375	3.855592
fonn1241	-2.11531182591075	2.58387333640973	-8.41277175	0.645260224999999
furr1244	0.070763625852	1.60357549873765	-3.5985425	3.51207524999999
gaga1249	0.0876954060582	1.67125841277838	-3.224934	3.96034199999999
gahr1239	0.18591873711125	1.68010490401127	-3.0939095	3.83002274999999
gali1258	0.06608844527545	1.70341117236982	-3.49299625	3.80925975
gang1266	0.3120969721829	1.58785509834787	-2.7952495	4.0872365
gayo1244	0.0251515348217	1.60723025583479	-3.34201225	3.5308375
geba1237	-1.0637002773692	1.63516969262838	-5.25534775	1.2931765
gela1263	0.0477918741522	1.60018231792733	-3.5061145	3.5455495
gheg1238	0.08416293232	1.7158028866534	-3.539137	3.910772
gily1242	0.0376982993432	1.5562404308514	-3.228885	3.351702
guan1266	0.22082726877645	1.69554209379754	-3.0045365	4.07552149999999
gyel1242	0.0981128204935	1.6425711649191	-3.35316475	3.66336175
haaa1252	0.058889724288	1.6378605198555	-3.2398425	3.42541975
haka1240	0.3104841600984	1.49204113749681	-2.519568	3.89500025
here1253	0.06211060247117	1.60595340381668	-3.35985925	3.966563
hind1269	0.01383869986945	1.61766684950492	-3.28058125	3.6634235
hoaa1235	0.136505174309	1.65111022585833	-3.01463075	3.7128905
hual1241	0.02174211042114	1.69761143931143	-3.48771125	3.92827199999999
huar1255	0.0222773666792	1.62522147156987	-3.61441375	3.73390475
hung1274	0.0267011064386	1.69264468572013	-3.7301585	3.51067249999999
iatm1242	0.0210865645585	1.68701911331606	-3.58267025	3.8931185
iban1264	0.00521766842745	1.69958224893752	-3.8189145	3.59507125
idun1242	0.099237747058	1.63582953833468	-3.28097175	3.86450625
imba1240	0.01254177305605	1.65762056970456	-3.69820125	3.6721545
ingr1248	0.10220032103935	1.51967414309416	-3.16379425	3.5083965
isco1239	0.0441036262735	1.79811798700995	-3.57993	4.32357999999999
ital1282	0.02239360052125	1.55169621913653	-3.33759525	3.482431
itza1241	-0.02364042772405	1.66550637316317	-3.53075125	3.506557
jama1261	0.0018609397546	1.67519725536624	-3.6716095	3.6720215
japh1234	0.2412706585495	1.68387538831475	-3.187878	4.19537225
kach1284	0.12528115145285	1.62867351995843	-2.98329025	3.8621245
kagu1239	0.0962719993845	1.58394876564916	-3.18614125	3.63944049999999
kamm1249	0.11679883342155	1.61281654084982	-3.13730025	3.59169249999999
kank1243	0.10895749053917	1.58330761976611	-3.0665575	3.80040874999999
kara1486	0.07855292809915	1.64011483360072	-3.461153	3.80502499999999
kara1500	0.02794749107355	1.6202470289913	-3.5399955	3.67004525
kare1335	0.0582012124345	1.66790970525822	-3.275236	3.80078175
kaya1315	-1.0602728622578	1.60795051326965	-5.12837975	1.094912
kemb1249	0.12114166557705	1.62621373533311	-3.1350535	3.70954449999999
kenu1236	0.06188352109249	1.67907621889875	-3.4733145	4.09274349999999
khak1248	0.0923648042486	1.67776740927844	-3.4095185	3.75523474999999
khan1277	0.3374133805205	1.56636059745104	-2.74372975	3.81520375
khas1269	0.4063478265937	1.63934892535829	-2.62874675	4.39162875
khez1235	0.32793116685689	1.55395699222948	-2.7655615	3.942762
kinn1249	0.17907548159375	1.64266884167438	-3.2666805	3.87924499999998
koda1255	0.147904427950055	1.58998239012518	-2.9294665	3.80718875
komb1274	0.0517565485866	1.69557101127093	-3.47516875	3.6467785
kona1242	0.0904858186477	1.66920300244092	-3.515881	3.88218274999998
kore1280	0.07180316943998	1.72849091029052	-3.441439	3.98965225
koro1298	0.003035260311	1.66619612749351	-3.65093325	3.661113
kosr1238	0.0484994303255	1.61891058370246	-3.49939225	3.66121974999999
kuku1273	-0.0152162527556	1.84657162777255	-4.16033725	3.920904
kuma1276	0.0355188679674	1.71623967918281	-3.366799	3.61404425
kunb1251	0.12792498052525	1.61162350864775	-3.13608475	3.62386449999999
kwar1239	0.0416776799792	1.6529149387265	-3.4965975	3.60349225
kxoe1243	0.0197943027595	1.58349763110198	-3.34743125	3.74623874999998
lamk1238	0.3025150003296	1.6127354157928	-3.14450075	4.1035405
latv1249	0.0311523942126	1.67267678671092	-3.499905	3.81760799999999
lavu1241	0.0205482827115	1.74279793113203	-3.76218325	3.8948505
lemb1266	0.064150731067205	1.63542341482217	-3.4272115	3.84732625
lena1238	0.04538838599745	1.63995140468151	-3.28666375	3.982316
lewo1244	0.13103487410445	1.68263608461001	-3.272874	3.77224
lezg1247	0.023009405504	1.6827157277356	-3.3994145	3.76057399999999
lill1248	-0.020968492184	1.65131463060998	-3.7160175	3.48256299999999
lith1251	0.028824240252655	1.69668335212055	-3.48816325	3.78611599999999
litz1237	0.07882964964505	1.60691108668027	-3.1996595	3.805745
livv1243	0.068319210893	1.63393766045958	-3.2384145	3.5181335
lolo1259	-0.9495167308945	1.60368178097896	-4.8249875	1.30887125
lomb1257	0.0118830346927195	1.62535405119599	-3.621124	3.64619425
ludi1246	0.07561632196445	1.67714277653821	-3.3425135	3.82900375
lule1254	0.058868274214	1.73070858257455	-3.540281	3.9131435
lush1252	0.018411331573	1.66722223375387	-3.51541075	3.60915675
mace1250	0.07140530752874	1.6646596273177	-3.51126175	3.8222725
macu1260	0.08030979923855	1.61803687931183	-3.26766725	3.78323199999999
maee1241	0.08301433411205	1.61432164185973	-3.12604	3.84163025
maib1239	0.0240823396823	1.65160946919316	-3.5724785	3.667465
mais1250	0.16410425939745	1.69657986458834	-3.372632	3.96154025
mala1464	0.1210877427017	1.54622154668712	-2.873585	3.64397499999999
male1284	0.0979252035698	1.63944101048286	-3.0086535	3.79780999999999
malo1243	0.0715614545423	1.53772142428985	-3.0848985	3.6475415
mamm1241	2.80854124500013e-05	1.77297317244374	-3.84273025	3.72723399999999
mana1288	0.4156472804765	1.60525549507592	-2.24544525	4.2887295
mana1298	0.0406833549023	1.61672461143172	-3.37178725	3.6578195
mand1415	0.29312675405929	1.56619677678182	-2.644178	4.285633
mang1381	0.0203646095928	1.70850689020864	-3.4891055	3.758762
maor1246	-0.0145884425516	1.60717481998386	-3.48702825	3.420757
mapu1245	0.0012401213096	1.6904558715079	-3.70384875	3.66926525
mara1378	0.09437898142675	1.5757102239265	-2.904496	3.623457
mari1440	-0.0293547022385	1.66212061934153	-3.65222025	3.4579815
mart1255	0.0967733610821	1.57176023380852	-3.24248375	3.8060315
mats1244	0.0282002223757	1.67496946414964	-3.3056315	3.82880525
matu1261	0.070335586331	1.74980418091752	-3.668489	3.879402
maun1240	0.107308914699	1.6918781732822	-3.44939075	3.7170825
maxa1247	0.03921522928026	1.68567828237054	-3.5674045	3.848707
mbul1263	0.084799357961	1.72241480186573	-3.46461375	3.87169025
meke1243	0.077986210688	1.70799677860799	-3.55745425	3.92024875
mezo1235	0.0841879872779	1.64276816045541	-3.2400535	3.74293524999999
miju1243	0.170476245523	1.57181618775746	-3.0447755	3.83029375
mila1245	0.267753695329635	1.55875572759301	-2.93949675	3.86488525
mixt1426	0.056203053234	1.66004797559354	-3.38773075	3.96563125
miya1266	0.089908531242	1.66778865356983	-3.71326125	3.885496
mlab1235	-1.143204956465	1.70696498188546	-5.3567855	1.251446
mode1248	0.0782957517425	1.72620369628969	-3.385657	4.09991575
moks1248	0.025879509375	1.58901192664804	-3.2125755	3.52575025
motl1237	0.064958071611	1.64414713407583	-3.401651	3.7648175
movi1243	0.000539363795349996	1.6047731487674	-3.436275	3.52959349999999
mpad1242	0.0648133901009	1.72789538194755	-3.5215965	4.04093225
mpur1239	0.05006708156245	1.56937509809601	-3.55346175	3.63631425
mual1241	0.10792166280075	1.6513350484831	-3.34670725	3.77344799999999
mudu1242	0.0723958732088	1.66640841240303	-3.37847225	4.06190624999999
munc1235	0.0494778877505	1.54985658798301	-2.99982525	3.46396575
mund1325	0.0828146781297	1.6248115015045	-3.08524625	3.67690024999999
murl1244	0.10359563071115	1.61283840098786	-3.327921	3.8543885
muru1274	0.0154122291762	1.62248841903919	-3.266436	3.73722925
nana1257	0.05940821216505	1.6811901183186	-3.21560075	3.7144575
nava1243	0.060426410047993	1.71975651545115	-3.65148	3.71698424999999
nene1249	0.05184113849235	1.61750963561353	-3.19632175	3.52001074999999
nenn1238	0.038497286994	1.66578300293578	-3.49149875	3.59304175
ngal1292	0.0833793228035	1.64571190033906	-3.48733775	3.49635949999999
ngan1291	0.0201220012763	1.57561860787235	-3.40929175	3.38560649999999
niua1240	0.0292998128535	1.52453635799089	-3.17575275	3.448001
njan1240	0.16611179687235	1.57144277695415	-3.07981625	3.85365749999999
noct1238	0.27965720278615	1.62738151659932	-2.73733325	4.21339225
noon1242	0.021805058551	1.73678761713185	-3.76828375	3.89981825
nort2684	0.132603683157	1.67158084885885	-3.14979075	3.86838424999999
nort2690	0.04723530617885	1.63981937158065	-3.37967	3.5386875
nort2697	0.04343728869395	1.65162213201524	-3.318565	3.7042395
nort2722	0.2658403708443	1.63910606946848	-3.09269025	3.90881775
nort2877	0.14985587065594	1.58071582616277	-2.782688	3.8772615
nort2885	0.0987680610753	1.66951111501746	-3.55177125	3.95868275
nort2942	0.02982844605699	1.71205755400778	-3.7067995	3.558815
nucl1240	0.13377451403675	1.68221088761712	-3.3979845	3.9095875
nucl1301	0.047647790242865	1.65738181322716	-3.4448735	3.857257
nucl1302	0.0831421573813	1.66253386071806	-3.4366025	3.81252824999998
nucl1310	0.1947401697284	1.53139102915969	-2.878709	3.89064649999999
nucl1417	0.0736501764145	1.59988041448093	-3.37543925	3.643506
nucl1643	0.08867389220135	1.60269691898097	-3.21456275	3.67338724999999
nyah1250	-0.02500380184255	1.52293074173404	-3.491444	3.138545
okin1246	0.11028844362765	1.70416304559431	-3.46033625	3.83639325
oriy1255	0.03002347012835	1.6187772582935	-3.559399	3.669636
oroc1248	0.04316348265675	1.66252447237824	-3.634597	3.68152125
otta1242	-0.02489573323875	1.521313252548	-3.2367465	3.13727825
paco1243	0.34004111338191	1.46047057490223	-2.438575	3.77186299999999
panj1256	0.03295125194625	1.60511028318508	-3.33500025	3.48352375
papa1265	0.060525223586	1.63293589935531	-3.264137	3.66793475
patp1243	-0.0255144803491	1.7034443956413	-3.71472425	3.79011675
paul1238	0.0277744473022	1.73985032888188	-3.57163875	3.576458
pela1242	-0.0401268290001	1.62547819005041	-3.50132425	3.55516749999998
pend1242	0.03785814800375	1.60443554686191	-3.38587775	3.6318115
phai1238	-1.6074815128385	1.98806180347931	-6.73397525	0.712637349999999
pite1240	0.0189504757246	1.73377814641196	-3.725776	3.91305675
pnar1238	0.39956288457025	1.57959323755999	-2.414442	4.11774075
poli1260	0.00091045798615	1.61474487535545	-3.4087955	3.47442725
popt1235	0.0092149527005	1.63165854176433	-3.459678	3.63770925
port1283	0.0180214221105	1.70850434045186	-3.83037725	3.81180824999999
pure1242	0.0064370604695	1.68134977798279	-3.6759475	3.662401
puri1258	0.0496614371955	1.5330994679025	-3.2082015	3.466383
rabh1238	0.349900324977	1.71493761571782	-3.02064125	4.30805625
rapa1245	-0.010699209078	1.68707186005804	-3.75027425	3.83462975
ruka1240	0.0599391567279	1.63607401714605	-3.343215	3.51236374999999
russ1263	0.07242119494035	1.62024428920941	-3.443361	3.69579725
russ1264	0.082421413590005	1.64318108389104	-3.670935	3.6552905
saar1237	0.0635696545533	1.60936341123337	-3.22745025	3.60692825
sais1237	0.0208842617955	1.65440602802088	-3.51094875	3.58761125
samo1305	0.035073749642761	1.73254760259518	-3.58398175	3.93102724999999
sanm1295	0.0837008970611	1.58543441750406	-3.23362975	3.82174924999999
sauk1252	0.102622603183555	1.59917774765151	-3.30971	3.7084875
seda1262	0.40227726761805	1.56964652752397	-2.48141225	4.2290825
seme1247	0.1825241429655	1.65616190388281	-3.07528375	3.820257
shab1252	0.0874617838335	1.672791565707	-3.3927305	3.87958925
shaw1249	-0.01997285334665	1.69138140963953	-3.933658	3.247713
shil1265	0.0623599671924	1.57440528818696	-3.29351725	3.50700275
shor1247	0.0353093932	1.68955407710089	-3.46463575	3.72162875
shos1248	0.0403970652725	1.58933214490377	-3.42074625	3.55733425
sina1266	0.12841887620635	1.69723850094404	-3.2280215	3.98456575
sing1264	0.26480152086665	1.62750803457005	-2.92858425	3.951752
skol1241	0.04291198384595	1.55936666138221	-3.226665	3.357706
slov1268	-0.00943532282645	1.73080531781446	-3.72782025	3.80741874999999
sout1528	0.0727295498244	1.69346635033739	-3.69013975	3.85100875
sout2674	0.11382835395	1.70967319323524	-3.456016	3.738754
sout2728	0.2494104551867	1.71212897029158	-3.08731625	4.2930615
sout2729	-0.0418855785349	1.57006016289717	-3.374184	3.37374675
sout2856	0.04398030756195	1.61513001989328	-3.57473075	3.6210945
sout2857	0.077355651491	1.66759006483186	-3.455795	3.78694725
sout2956	0.012693213494	1.74394557394141	-3.77783825	3.98756575
sout2959	0.075262223367	1.64665247015294	-3.464114	3.64962175
sout2985	0.029808728345	1.72001804279722	-3.5290245	3.6069255
sout2996	0.03174050318805	1.63670800706143	-3.6837485	3.55544125
stan1289	0.067107204148725	1.71775346951907	-3.57049275	3.69394599999999
stan1290	0.01836554212915	1.70031354019394	-3.79253375	3.95317699999999
stan1293	0.01147026592345	1.61911875688769	-3.4200105	3.39726299999999
stan1306	0.1346122471515	1.63148432661085	-3.3859895	3.7509195
sumi1235	0.33486317787525	1.5753268227997	-2.913217	3.99287549999999
supy1237	0.030293599912	1.67133786385849	-3.6339755	3.648935
swed1254	0.08996200337105	1.65178932802001	-3.36253225	3.7148795
tahi1242	0.09560717290815	1.6294591612868	-3.30882575	3.49787525
taji1246	0.038536010028	1.68602527556326	-3.66681425	3.91265975
tami1289	0.1056307405035	1.63828742225949	-3.2491475	3.55068325
tang1377	0.2446567268745	1.63169961163794	-3.0524935	4.1092735
tata1255	0.04447879389525	1.72473988849448	-3.4418435	3.82973249999999
taus1251	0.01630400712	1.62227372768629	-3.38980825	3.57206375
tehu1242	0.0421746532095	1.59272873862234	-3.19296675	3.58474325
tern1247	-0.038416393703	1.64366182169685	-3.58848675	3.55062675
thak1245	0.38065914530126	1.57418382057164	-2.59239	4.3825355
thao1240	0.0337257970764	1.63419423175463	-3.60548175	3.5605435
tibe1272	0.1967494776233	1.54002292792813	-2.82003625	3.75162224999999
tiri1258	0.03256104777905	1.67987156080056	-3.3648565	3.75148825
toab1237	0.05607774779825	1.66257505474878	-3.369061	3.82824799999999
toba1268	0.015611058434	1.6914297490428	-3.420457	3.5959235
toho1245	-0.01926683934575	1.69917400068236	-3.62356525	3.71583275
tojo1241	0.0342465443165	1.64010372731203	-3.462854	3.70986674999999
toor1238	0.0351256611871	1.67852312346645	-3.44565675	3.7576565
trio1238	0.055312215354555	1.70394113853353	-3.378341	3.7459935
turk1304	0.037689124786	1.71486157785399	-3.36509125	3.82191299999999
tuwa1243	0.09246524756805	1.55030184994308	-2.986923	3.55294675
udih1248	0.0327929854672	1.65929452456419	-3.470487	3.67360849999999
unua1237	0.0796631588493	1.59874682945998	-3.25377	3.82345725
urar1246	0.03944216261415	1.61538683205387	-3.40024275	3.62027374999999
urav1235	0.0645188836968	1.72472212580213	-3.44969675	3.92497024999999
utes1238	0.0168926683725	1.68780642984945	-3.50410575	3.50158749999999
uuuu1243	-2.6681185379945	2.55869983290524	-8.910402	0.205424225
vera1241	0.069365857425525	1.73519429799028	-3.60735875	3.919581
vure1239	0.07139197046945	1.73314019340486	-3.656457	3.928843
waim1251	0.0598313153431	1.70717286501204	-3.6774415	3.76124425
waiw1244	0.06459063760405	1.66971325087194	-3.43345325	3.715296
wamb1257	0.23467405527495	1.59307813356594	-2.81426225	4.0948205
wand1278	0.07112686185845	1.70239975627499	-3.4536555	3.83377599999999
wara1294	0.0448969669432	1.72401986052571	-3.90052	3.80026975
wara1303	0.0049503490041	1.76082698919293	-3.8002135	4.03874375
wawa1246	0.18330260404251	1.52091131901325	-2.98002475	3.6428185
wayu1241	0.229301407685	1.57835445427433	-2.66387075	3.93952275
west2396	-1.71763299824	2.12885339637101	-7.28919475	0.652082924999999
west2418	0.3309287027675	1.57610591431061	-2.62752475	4.33716374999999
west2430	-0.0958364505665	1.60592112867434	-3.549637	3.430698
west2466	0.0251930784024	1.55291214382903	-3.4877505	3.389077
west2519	0.0159448969684	1.61018462297122	-3.30580275	3.49662925
woii1237	0.06444826226285	1.51030787704139	-3.16719625	3.5276125
woli1241	0.06410960933595	1.66940699048906	-3.39928	3.78125349999999
wusa1235	-1.8990178501934	2.27634471487588	-7.722809	0.65074965
wutu1241	0.1188940609621	1.56802486096959	-3.04167175	3.723529
xamt1239	0.0387930660201	1.65927079474142	-3.22184625	3.6526025
xara1244	0.036895787699265	1.66514958435773	-3.4574155	3.801719
yagu1244	0.0906455952382	1.57529349230059	-2.917321	3.61418049999999
yaki1237	0.00684160624205	1.67701938887284	-3.489977	3.7511035
yaku1245	0.090304367622	1.65051269706361	-3.30428425	3.81579575
yami1254	0.06750669994055	1.6320287528302	-3.249546	3.69296425
yami1256	0.03983932390845	1.61372654156043	-3.38519625	3.62152674999999
yatz1235	0.0658728052365	1.62261723279443	-3.2488485	3.69013325
yems1235	0.153462868396	1.64992444410459	-3.12807225	3.730774
yoga1237	0.0657762019513	1.63366158923036	-3.32601325	3.78912425
yoku1256	0.02207408974785	1.75025177865155	-3.76021925	3.870509
youn1235	-1.91898805925965	2.29298963413108	-7.67632775	0.668401024999999
yuca1254	-0.009151965370956	1.62986480049326	-3.60873675	3.35738375
zarm1239	0.0438168414315	1.7567857764271	-3.73453025	3.9713095
zaye1235	-1.63504395155905	2.00147609211914	-6.58085	0.609709699999999
